20.716 20.405 20.094 19.783 19.472 19.161 18.850 18.540 18.229 17.918 17.607 17.296 16.985 16.674 16.363 16.052 15.741 15.430 15.119 14.808 14.496 14.185 13.874 13.563 13.252 12.940 12.629 12.317 12.006 11.694 11.383 11.071 10.759 10.448 10.136  9.824  9.512  9.199  8.887  8.575  8.262  7.949  7.636  7.323  7.010  6.697  6.383  6.070  5.756  5.442  5.127  4.813  4.498  4.183  3.867  3.552  3.236  2.920  2.603  2.286  1.969  1.652  1.334  1.016  0.697  0.378  0.059 -0.233 -0.563 -0.892 -1.223 -1.554 -1.885 -2.217 -2.550 -2.883 
20.711 20.400 20.089 19.778 19.467 19.156 18.845 18.534 18.222 17.911 17.600 17.288 16.977 16.665 16.353 16.042 15.730 15.418 15.106 14.794 14.481 14.169 13.856 13.544 13.231 12.918 12.604 12.291 11.977 11.663 11.349 11.034 10.720 10.405 10.089  9.774  9.458  9.141  8.824  8.507  8.190  7.872  7.553  7.234  6.915  6.595  6.275  5.954  5.633  5.311  4.988  4.666  4.342  4.018  3.694  3.369  3.044  2.718  2.392  2.065  1.738  1.410  1.082  0.753  0.424  0.095 -0.200 -0.528 -0.856 -1.184 -1.513 -1.842 -2.172 -2.503 -2.834 -3.166 
20.689 20.379 20.067 19.756 19.445 19.133 18.822 18.510 18.198 17.886 17.573 17.261 16.948 16.636 16.323 16.009 15.696 15.383 15.069 14.755 14.441 14.126 13.812 13.497 13.182 12.867 12.551 12.235 11.919 11.602 11.285 10.968 10.650 10.332 10.014  9.695  9.375  9.056  8.735  8.414  8.092  7.770  7.447  7.123  6.798  6.473  6.147  5.820  5.492  5.163  4.833  4.502  4.171  3.838  3.504  3.170  2.834  2.498  2.161  1.823  1.484  1.145  0.806  0.466  0.126 -0.131 -0.350 -0.568 -0.783 -0.995 -1.204 -1.410 -1.612 -1.810 -2.003 -2.191 
20.647 20.336 20.024 19.713 19.401 19.089 18.777 18.465 18.152 17.839 17.526 17.213 16.899 16.585 16.271 15.957 15.642 15.328 15.013 14.697 14.382 14.066 13.750 13.434 13.117 12.801 12.484 12.167 11.850 11.532 11.215 10.897 10.579 10.261  9.942  9.624  9.305  8.987  8.668  8.349  8.030  7.711  7.392  7.073  6.754  6.435  6.117  5.798  5.479  5.161  4.842  4.524  4.206  3.888  3.570  3.253  2.936  2.620  2.303  1.987  1.672  1.357  1.042  0.728  0.414  0.101 -0.102 -0.252 -0.397 -0.541 -0.684 -0.826 -0.967 -1.107 -1.247 -1.385 
20.597 20.286 19.975 19.664 19.352 19.040 18.729 18.416 18.104 17.792 17.479 17.167 16.854 16.541 16.228 15.914 15.601 15.288 14.974 14.660 14.347 14.033 13.719 13.405 13.091 12.777 12.463 12.150 11.836 11.522 11.208 10.895 10.581 10.268  9.955  9.642  9.329  9.017  8.705  8.393  8.081  7.770  7.459  7.149  6.840  6.531  6.222  5.915  5.608  5.302  4.997  4.693  4.391  4.089  3.789  3.491  3.193  2.897  2.603  2.310  2.019  1.729  1.440  1.153  0.867  0.581  0.297  0.014 -0.164 -0.292 -0.420 -0.547 -0.674 -0.800 -0.925 -1.049 
20.572 20.262 19.951 19.640 19.329 19.018 18.707 18.396 18.085 17.774 17.463 17.152 16.841 16.530 16.219 15.908 15.597 15.286 14.975 14.665 14.354 14.044 13.734 13.424 13.114 12.804 12.495 12.186 11.877 11.568 11.260 10.952 10.644 10.337 10.030  9.723  9.417  9.112  8.807  8.502  8.199  7.896  7.593  7.291  6.991  6.690  6.391  6.092  5.795  5.498  5.202  4.908  4.614  4.321  4.029  3.738  3.449  3.160  2.872  2.585  2.300  2.015  1.731  1.448  1.166  0.885  0.605  0.325  0.046 -0.128 -0.249 -0.366 -0.482 -0.598 -0.713 -0.828 
20.586 20.275 19.964 19.654 19.343 19.033 18.723 18.413 18.104 17.794 17.485 17.175 16.866 16.558 16.249 15.941 15.633 15.325 15.017 14.710 14.403 14.096 13.789 13.483 13.177 12.872 12.567 12.262 11.958 11.654 11.351 11.048 10.746 10.444 10.143  9.842  9.542  9.242  8.944  8.645  8.348  8.051  7.755  7.460  7.166  6.872  6.579  6.287  5.996  5.706  5.416  5.128  4.840  4.553  4.267  3.982  3.698  3.415  3.132  2.851  2.570  2.290  2.011  1.733  1.455  1.179  0.903  0.627  0.353  0.079 -0.090 -0.205 -0.316 -0.427 -0.537 -0.647 
20.637 20.326 20.016 19.706 19.396 19.086 18.777 18.468 18.160 17.852 17.544 17.236 16.929 16.622 16.316 16.010 15.704 15.399 15.094 14.789 14.485 14.182 13.879 13.576 13.274 12.972 12.671 12.370 12.070 11.770 11.471 11.173 10.875 10.578 10.281  9.985  9.690  9.396  9.102  8.809  8.516  8.225  7.934  7.644  7.355  7.066  6.779  6.492  6.207  5.922  5.639  5.356  5.075  4.795  4.516  4.239  3.963  3.688  3.415  3.143  2.874  2.605  2.339  2.074  1.810  1.548  1.288  1.029  0.771  0.514  0.258  0.003 -0.151 -0.259 -0.366 -0.472 
20.722 20.411 20.101 19.791 19.482 19.173 18.864 18.557 18.249 17.942 17.635 17.329 17.024 16.719 16.414 16.110 15.806 15.503 15.201 14.899 14.597 14.296 13.996 13.696 13.397 13.098 12.800 12.503 12.206 11.910 11.614 11.320 11.026 10.732 10.440 10.148  9.857  9.566  9.277  8.988  8.700  8.414  8.127  7.842  7.558  7.275  6.993  6.711  6.431  6.152  5.874  5.597  5.321  5.046  4.772  4.500  4.229  3.958  3.689  3.422  3.155  2.889  2.625  2.362  2.099  1.838  1.578  1.318  1.060  0.802  0.546  0.290  0.034 -0.123 -0.231 -0.334 
20.835 20.524 20.214 19.905 19.596 19.287 18.980 18.672 18.366 18.060 17.754 17.449 17.145 16.841 16.538 16.236 15.934 15.633 15.332 15.032 14.732 14.434 14.136 13.838 13.542 13.246 12.950 12.656 12.362 12.069 11.776 11.485 11.194 10.904 10.614 10.326 10.038  9.752  9.466  9.181  8.896  8.613  8.331  8.049  7.769  7.490  7.211  6.934  6.657  6.382  6.107  5.834  5.561  5.290  5.019  4.750  4.482  4.214  3.948  3.683  3.419  3.155  2.893  2.632  2.371  2.111  1.853  1.595  1.338  1.081  0.826  0.571  0.317  0.063 -0.092 -0.196 
20.971 20.661 20.351 20.042 19.733 19.425 19.118 18.811 18.505 18.200 17.896 17.592 17.288 16.986 16.684 16.383 16.082 15.783 15.483 15.185 14.888 14.591 14.294 13.999 13.704 13.411 13.117 12.825 12.534 12.243 11.953 11.664 11.376 11.088 10.802 10.516 10.231  9.947  9.664  9.382  9.101  8.820  8.541  8.262  7.985  7.708  7.433  7.158  6.884  6.612  6.340  6.069  5.799  5.531  5.263  4.997  4.732  4.468  4.205  3.944  3.685  3.428  3.174  2.922  2.673  2.427  2.186  1.948  1.716  1.488  1.264  1.046  0.832  0.623  0.416  0.212 
21.128 20.817 20.507 20.198 19.890 19.582 19.276 18.970 18.664 18.360 18.056 17.753 17.451 17.149 16.849 16.549 16.250 15.952 15.654 15.357 15.062 14.767 14.472 14.179 13.887 13.595 13.305 13.015 12.726 12.438 12.151 11.865 11.580 11.296 11.013 10.731 10.450 10.170  9.891  9.613  9.336  9.060  8.786  8.512  8.240  7.968  7.698  7.429  7.160  6.893  6.627  6.363  6.099  5.836  5.574  5.314  5.054  4.795  4.538  4.281  4.025  3.770  3.516  3.263  3.010  2.758  2.507  2.257  2.007  1.757  1.508  1.259  1.011  0.763  0.515  0.267 
21.305 20.994 20.685 20.376 20.068 19.761 19.454 19.149 18.844 18.540 18.237 17.935 17.634 17.334 17.034 16.735 16.438 16.141 15.844 15.549 15.255 14.961 14.668 14.377 14.086 13.796 13.506 13.218 12.931 12.644 12.358 12.074 11.790 11.507 11.224 10.943 10.663 10.383 10.105  9.827  9.550  9.274  8.998  8.724  8.450  8.177  7.905  7.634  7.364  7.094  6.825  6.557  6.289  6.023  5.756  5.491  5.226  4.962  4.698  4.435  4.173  3.911  3.649  3.388  3.127  2.867  2.607  2.348  2.089  1.830  1.571  1.312  1.054  0.796  0.538  0.280 
21.494 21.183 20.873 20.565 20.257 19.950 19.643 19.338 19.034 18.730 18.427 18.125 17.824 17.523 17.224 16.925 16.627 16.330 16.034 15.739 15.444 15.151 14.858 14.566 14.275 13.984 13.694 13.406 13.118 12.830 12.544 12.258 11.973 11.689 11.406 11.123 10.841 10.560 10.280 10.000  9.721  9.443  9.165  8.888  8.612  8.337  8.062  7.787  7.514  7.241  6.968  6.696  6.425  6.154  5.883  5.613  5.344  5.075  4.806  4.538  4.271  4.003  3.736  3.470  3.203  2.937  2.672  2.406  2.141  1.876  1.611  1.346  1.081  0.817  0.552  0.288 
21.679 21.369 21.059 20.750 20.442 20.135 19.829 19.523 19.218 18.914 18.611 18.308 18.007 17.706 17.406 17.107 16.808 16.510 16.214 15.917 15.622 15.327 15.034 14.740 14.448 14.156 13.866 13.575 13.286 12.997 12.709 12.422 12.135 11.849 11.564 11.279 10.996 10.712 10.430 10.148  9.866  9.585  9.305  9.025  8.746  8.468  8.190  7.912  7.635  7.359  7.083  6.808  6.532  6.258  5.984  5.710  5.437  5.164  4.891  4.619  4.347  4.075  3.804  3.533  3.262  2.991  2.721  2.451  2.181  1.911  1.641  1.372  1.102  0.833  0.563  0.294 
21.854 21.544 21.234 20.925 20.617 20.309 20.003 19.697 19.391 19.087 18.783 18.480 18.178 17.876 17.575 17.275 16.976 16.677 16.379 16.082 15.786 15.490 15.195 14.900 14.606 14.313 14.021 13.729 13.438 13.148 12.858 12.569 12.280 11.992 11.705 11.418 11.132 10.846 10.561 10.277  9.993  9.710  9.427  9.144  8.863  8.581  8.300  8.020  7.740  7.460  7.181  6.903  6.624  6.346  6.069  5.792  5.515  5.238  4.962  4.686  4.411  4.135  3.860  3.585  3.311  3.036  2.762  2.488  2.214  1.940  1.666  1.393  1.119  0.846  0.573  0.299 
22.016 21.706 21.396 21.087 20.778 20.470 20.163 19.857 19.551 19.246 18.942 18.638 18.335 18.033 17.731 17.430 17.130 16.830 16.531 16.233 15.935 15.638 15.342 15.046 14.751 14.456 14.162 13.869 13.576 13.284 12.992 12.701 12.411 12.121 11.832 11.543 11.254 10.967 10.679 10.393 10.106  9.821  9.535  9.250  8.966  8.682  8.398  8.115  7.833  7.550  7.268  6.987  6.705  6.424  6.144  5.864  5.584  5.304  5.025  4.745  4.467  4.188  3.909  3.631  3.353  3.075  2.798  2.520  2.243  1.966  1.688  1.411  1.134  0.857  0.580  0.304 
22.164 21.854 21.544 21.235 20.926 20.618 20.311 20.004 19.698 19.392 19.087 18.783 18.479 18.176 17.874 17.572 17.271 16.970 16.670 16.371 16.072 15.773 15.476 15.179 14.882 14.586 14.291 13.996 13.701 13.408 13.114 12.821 12.529 12.237 11.946 11.655 11.365 11.075 10.786 10.497 10.209  9.920  9.633  9.346  9.059  8.772  8.486  8.201  7.916  7.631  7.346  7.062  6.778  6.494  6.211  5.928  5.645  5.363  5.080  4.798  4.516  4.235  3.953  3.672  3.391  3.110  2.830  2.549  2.269  1.988  1.708  1.428  1.148  0.868  0.587  0.307 
22.300 21.989 21.679 21.370 21.061 20.753 20.445 20.138 19.831 19.525 19.220 18.915 18.611 18.307 18.004 17.701 17.399 17.097 16.796 16.496 16.196 15.897 15.598 15.299 15.002 14.704 14.407 14.111 13.815 13.520 13.225 12.931 12.637 12.343 12.050 11.758 11.465 11.174 10.882 10.592 10.301 10.011  9.721  9.432  9.143  8.854  8.566  8.278  7.991  7.703  7.416  7.130  6.843  6.557  6.271  5.986  5.700  5.415  5.130  4.846  4.561  4.277  3.993  3.709  3.425  3.142  2.858  2.575  2.292  2.008  1.725  1.442  1.160  0.877  0.594  0.311 
22.423 22.112 21.802 21.493 21.184 20.875 20.567 20.260 19.953 19.646 19.340 19.035 18.730 18.426 18.122 17.818 17.516 17.213 16.911 16.610 16.309 16.009 15.709 15.409 15.110 14.812 14.514 14.216 13.919 13.622 13.326 13.030 12.734 12.439 12.145 11.850 11.557 11.263 10.970 10.677 10.385 10.093  9.801  9.510  9.219  8.929  8.638  8.348  8.059  7.769  7.480  7.191  6.903  6.614  6.326  6.038  5.751  5.463  5.176  4.889  4.602  4.315  4.029  3.742  3.456  3.170  2.884  2.598  2.313  2.027  1.741  1.456  1.170  0.885  0.600  0.314 
22.535 22.225 21.914 21.605 21.296 20.987 20.679 20.371 20.063 19.757 19.450 19.144 18.839 18.534 18.229 17.925 17.622 17.319 17.016 16.714 16.412 16.111 15.810 15.509 15.209 14.909 14.610 14.311 14.013 13.715 13.417 13.120 12.823 12.527 12.231 11.935 11.639 11.344 11.050 10.755 10.461 10.168  9.874  9.581  9.288  8.996  8.704  8.412  8.120  7.829  7.538  7.247  6.956  6.666  6.376  6.086  5.796  5.507  5.217  4.928  4.639  4.350  4.061  3.773  3.484  3.196  2.908  2.620  2.332  2.044  1.756  1.468  1.180  0.892  0.605  0.317 
22.637 22.327 22.016 21.707 21.397 21.088 20.780 20.472 20.164 19.857 19.550 19.244 18.938 18.632 18.327 18.023 17.718 17.415 17.111 16.808 16.505 16.203 15.901 15.600 15.299 14.998 14.698 14.398 14.098 13.799 13.500 13.202 12.904 12.606 12.309 12.011 11.715 11.418 11.122 10.826 10.531 10.235  9.941  9.646  9.351  9.057  8.763  8.470  8.176  7.883  7.590  7.298  7.005  6.713  6.421  6.129  5.838  5.546  5.255  4.964  4.673  4.382  4.091  3.800  3.510  3.219  2.929  2.639  2.349  2.059  1.769  1.479  1.189  0.899  0.609  0.320 
22.730 22.419 22.109 21.799 21.490 21.181 20.872 20.564 20.256 19.948 19.641 19.334 19.028 18.722 18.416 18.111 17.806 17.502 17.198 16.894 16.590 16.287 15.985 15.683 15.381 15.079 14.778 14.477 14.176 13.876 13.576 13.276 12.977 12.678 12.380 12.081 11.783 11.485 11.188 10.891 10.594 10.297 10.001  9.705  9.409  9.113  8.818  8.522  8.228  7.933  7.638  7.344  7.050  6.756  6.462  6.169  5.875  5.582  5.289  4.996  4.703  4.410  4.118  3.825  3.533  3.241  2.949  2.656  2.365  2.073  1.781  1.489  1.197  0.905  0.614  0.322 
22.815 22.504 22.194 21.884 21.574 21.265 20.956 20.647 20.339 20.031 19.724 19.417 19.110 18.803 18.497 18.191 17.886 17.581 17.276 16.972 16.668 16.364 16.061 15.758 15.455 15.152 14.850 14.549 14.247 13.946 13.645 13.344 13.044 12.744 12.444 12.145 11.845 11.546 11.248 10.949 10.651 10.353 10.055  9.758  9.461  9.164  8.867  8.570  8.274  7.978  7.682  7.386  7.090  6.795  6.499  6.204  5.909  5.614  5.320  5.025  4.731  4.436  4.142  3.848  3.554  3.260  2.966  2.672  2.379  2.085  1.792  1.498  1.204  0.911  0.618  0.324 
22.891 22.581 22.270 21.960 21.650 21.341 21.032 20.723 20.415 20.107 19.799 19.491 19.184 18.877 18.571 18.265 17.959 17.653 17.348 17.043 16.738 16.434 16.130 15.826 15.522 15.219 14.916 14.614 14.311 14.009 13.707 13.406 13.105 12.804 12.503 12.202 11.902 11.602 11.302 11.003 10.703 10.404 10.105  9.807  9.508  9.210  8.912  8.614  8.316  8.019  7.721  7.424  7.127  6.830  6.533  6.237  5.940  5.644  5.348  5.052  4.756  4.460  4.164  3.869  3.573  3.278  2.982  2.687  2.392  2.097  1.801  1.506  1.211  0.916  0.621  0.326 
22.961 22.650 22.340 22.030 21.720 21.410 21.101 20.792 20.484 20.175 19.867 19.559 19.252 18.945 18.638 18.331 18.025 17.719 17.413 17.107 16.802 16.497 16.193 15.888 15.584 15.280 14.976 14.673 14.370 14.067 13.764 13.462 13.160 12.858 12.556 12.255 11.953 11.652 11.352 11.051 10.751 10.450 10.151  9.851  9.551  9.252  8.952  8.653  8.354  8.056  7.757  7.459  7.160  6.862  6.564  6.266  5.969  5.671  5.374  5.076  4.779  4.482  4.185  3.888  3.591  3.294  2.997  2.700  2.403  2.107  1.810  1.514  1.217  0.921  0.624  0.328 
23.025 22.714 22.403 22.093 21.783 21.474 21.164 20.855 20.546 20.238 19.929 19.621 19.313 19.006 18.699 18.392 18.085 17.778 17.472 17.166 16.860 16.555 16.250 15.945 15.640 15.335 15.031 14.727 14.423 14.119 13.816 13.513 13.210 12.907 12.605 12.302 12.000 11.698 11.397 11.095 10.794 10.493 10.192  9.891  9.590  9.290  8.989  8.689  8.389  8.090  7.790  7.490  7.191  6.892  6.592  6.293  5.994  5.696  5.397  5.098  4.800  4.501  4.203  3.905  3.606  3.308  3.010  2.712  2.414  2.116  1.818  1.521  1.223  0.925  0.627  0.329 
23.082 22.772 22.461 22.151 21.841 21.531 21.222 20.912 20.603 20.294 19.986 19.677 19.369 19.062 18.754 18.447 18.139 17.833 17.526 17.219 16.913 16.607 16.301 15.996 15.691 15.386 15.081 14.776 14.471 14.167 13.863 13.559 13.256 12.952 12.649 12.346 12.043 11.740 11.438 11.135 10.833 10.531 10.229  9.927  9.626  9.324  9.023  8.722  8.421  8.120  7.820  7.519  7.218  6.918  6.618  6.318  6.018  5.718  5.418  5.118  4.819  4.519  4.220  3.920  3.621  3.322  3.022  2.723  2.424  2.125  1.826  1.527  1.228  0.929  0.630  0.331 
23.135 22.824 22.514 22.203 21.893 21.583 21.274 20.964 20.655 20.346 20.037 19.729 19.420 19.112 18.804 18.497 18.189 17.882 17.575 17.268 16.961 16.655 16.349 16.043 15.737 15.431 15.126 14.821 14.515 14.211 13.906 13.601 13.297 12.993 12.689 12.385 12.082 11.778 11.475 11.172 10.869 10.566 10.263  9.961  9.658  9.356  9.054  8.752  8.450  8.148  7.847  7.545  7.244  6.942  6.641  6.340  6.039  5.738  5.437  5.137  4.836  4.535  4.235  3.934  3.634  3.334  3.033  2.733  2.433  2.133  1.833  1.532  1.232  0.932  0.632  0.332 
23.183 22.872 22.561 22.251 21.941 21.631 21.321 21.011 20.702 20.393 20.084 19.775 19.467 19.158 18.850 18.542 18.234 17.927 17.619 17.312 17.005 16.698 16.392 16.085 15.779 15.473 15.167 14.861 14.555 14.250 13.945 13.640 13.335 13.030 12.725 12.421 12.117 11.813 11.509 11.205 10.901 10.598 10.294  9.991  9.688  9.385  9.082  8.779  8.476  8.174  7.871  7.569  7.266  6.964  6.662  6.360  6.058  5.757  5.455  5.153  4.852  4.550  4.249  3.947  3.646  3.344  3.043  2.742  2.441  2.140  1.839  1.538  1.236  0.935  0.634  0.333 
23.226 22.915 22.605 22.294 21.984 21.674 21.364 21.054 20.745 20.436 20.126 19.817 19.509 19.200 18.892 18.583 18.275 17.968 17.660 17.352 17.045 16.738 16.431 16.124 15.817 15.511 15.204 14.898 14.592 14.286 13.980 13.675 13.369 13.064 12.759 12.454 12.149 11.844 11.539 11.235 10.931 10.626 10.322 10.018  9.714  9.411  9.107  8.803  8.500  8.197  7.893  7.590  7.287  6.984  6.681  6.379  6.076  5.773  5.471  5.168  4.866  4.563  4.261  3.959  3.657  3.354  3.052  2.750  2.448  2.146  1.844  1.542  1.240  0.938  0.636  0.335 
23.266 22.955 22.644 22.334 22.023 21.713 21.403 21.093 20.784 20.474 20.165 19.856 19.547 19.238 18.930 18.621 18.313 18.005 17.697 17.389 17.081 16.774 16.466 16.159 15.852 15.545 15.238 14.931 14.625 14.319 14.012 13.706 13.400 13.095 12.789 12.483 12.178 11.873 11.567 11.262 10.957 10.653 10.348 10.043  9.739  9.434  9.130  8.826  8.522  8.218  7.914  7.610  7.306  7.002  6.699  6.395  6.092  5.789  5.485  5.182  4.879  4.576  4.273  3.969  3.666  3.364  3.061  2.758  2.455  2.152  1.849  1.546  1.244  0.941  0.638  0.336 
23.301 22.991 22.680 22.369 22.059 21.749 21.439 21.129 20.819 20.510 20.200 19.891 19.582 19.273 18.964 18.655 18.347 18.038 17.730 17.422 17.114 16.806 16.498 16.191 15.883 15.576 15.269 14.962 14.655 14.348 14.042 13.735 13.429 13.122 12.816 12.510 12.204 11.899 11.593 11.287 10.982 10.676 10.371 10.066  9.761  9.456  9.151  8.846  8.541  8.237  7.932  7.628  7.323  7.019  6.715  6.411  6.106  5.802  5.498  5.194  4.891  4.587  4.283  3.979  3.675  3.372  3.068  2.764  2.461  2.157  1.854  1.550  1.247  0.943  0.640  0.336 
23.334 23.023 22.713 22.402 22.092 21.781 21.471 21.161 20.851 20.542 20.232 19.923 19.613 19.304 18.995 18.686 18.378 18.069 17.760 17.452 17.144 16.836 16.528 16.220 15.912 15.605 15.297 14.990 14.682 14.375 14.068 13.761 13.455 13.148 12.841 12.535 12.228 11.922 11.616 11.310 11.004 10.698 10.392 10.087  9.781  9.475  9.170  8.865  8.559  8.254  7.949  7.644  7.339  7.034  6.729  6.424  6.120  5.815  5.510  5.206  4.901  4.597  4.292  3.988  3.684  3.379  3.075  2.771  2.466  2.162  1.858  1.554  1.250  0.946  0.641  0.337 
23.364 23.053 22.742 22.432 22.121 21.811 21.501 21.191 20.881 20.571 20.261 19.952 19.642 19.333 19.024 18.715 18.406 18.097 17.788 17.480 17.171 16.863 16.554 16.246 15.938 15.630 15.323 15.015 14.707 14.400 14.092 13.785 13.478 13.171 12.864 12.557 12.250 11.944 11.637 11.331 11.024 10.718 10.412 10.105  9.799  9.493  9.187  8.881  8.576  8.270  7.964  7.659  7.353  7.048  6.742  6.437  6.132  5.826  5.521  5.216  4.911  4.606  4.301  3.996  3.691  3.386  3.081  2.776  2.471  2.167  1.862  1.557  1.252  0.947  0.643  0.338 
23.391 23.080 22.769 22.459 22.148 21.838 21.528 21.217 20.907 20.597 20.288 19.978 19.668 19.359 19.050 18.740 18.431 18.122 17.813 17.505 17.196 16.887 16.579 16.270 15.962 15.654 15.346 15.038 14.730 14.422 14.114 13.807 13.499 13.192 12.885 12.577 12.270 11.963 11.656 11.349 11.042 10.736 10.429 10.122  9.816  9.509  9.203  8.897  8.591  8.284  7.978  7.672  7.366  7.060  6.754  6.448  6.143  5.837  5.531  5.225  4.920  4.614  4.309  4.003  3.698  3.392  3.087  2.781  2.476  2.171  1.865  1.560  1.255  0.949  0.644  0.339 
23.415 23.104 22.794 22.483 22.173 21.862 21.552 21.242 20.932 20.622 20.312 20.002 19.692 19.383 19.073 18.764 18.454 18.145 17.836 17.527 17.218 16.909 16.601 16.292 15.984 15.675 15.367 15.059 14.751 14.442 14.134 13.827 13.519 13.211 12.903 12.596 12.288 11.981 11.674 11.366 11.059 10.752 10.445 10.138  9.831  9.524  9.217  8.911  8.604  8.297  7.991  7.684  7.378  7.071  6.765  6.459  6.153  5.846  5.540  5.234  4.928  4.622  4.316  4.010  3.704  3.398  3.092  2.786  2.480  2.174  1.868  1.563  1.257  0.951  0.645  0.339 
23.438 23.127 22.816 22.505 22.195 21.884 21.574 21.264 20.954 20.644 20.334 20.024 19.714 19.404 19.095 18.785 18.476 18.166 17.857 17.548 17.239 16.930 16.621 16.312 16.003 15.695 15.386 15.078 14.769 14.461 14.153 13.844 13.536 13.228 12.920 12.613 12.305 11.997 11.689 11.382 11.074 10.767 10.459 10.152  9.845  9.538  9.230  8.923  8.616  8.309  8.002  7.695  7.389  7.082  6.775  6.468  6.162  5.855  5.548  5.242  4.935  4.629  4.322  4.016  3.709  3.403  3.097  2.790  2.484  2.178  1.871  1.565  1.259  0.952  0.646  0.340 
23.458 23.147 22.836 22.526 22.215 21.905 21.594 21.284 20.974 20.663 20.353 20.043 19.734 19.424 19.114 18.804 18.495 18.185 17.876 17.567 17.257 16.948 16.639 16.330 16.021 15.712 15.404 15.095 14.786 14.478 14.169 13.861 13.552 13.244 12.936 12.628 12.320 12.012 11.704 11.396 11.088 10.780 10.473 10.165  9.857  9.550  9.242  8.935  8.627  8.320  8.013  7.706  7.398  7.091  6.784  6.477  6.170  5.863  5.556  5.249  4.942  4.635  4.328  4.021  3.714  3.408  3.101  2.794  2.487  2.181  1.874  1.567  1.260  0.954  0.647  0.340 
23.476 23.166 22.855 22.544 22.233 21.923 21.613 21.302 20.992 20.682 20.371 20.061 19.751 19.442 19.132 18.822 18.512 18.203 17.893 17.584 17.274 16.965 16.656 16.347 16.037 15.728 15.419 15.111 14.802 14.493 14.184 13.876 13.567 13.259 12.950 12.642 12.333 12.025 11.717 11.409 11.101 10.793 10.485 10.177  9.869  9.561  9.253  8.945  8.638  8.330  8.022  7.715  7.407  7.100  6.792  6.485  6.177  5.870  5.563  5.255  4.948  4.641  4.333  4.026  3.719  3.412  3.105  2.798  2.490  2.183  1.876  1.569  1.262  0.955  0.648  0.341 
23.493 23.182 22.872 22.561 22.250 21.940 21.629 21.319 21.008 20.698 20.388 20.078 19.768 19.458 19.148 18.838 18.528 18.218 17.909 17.599 17.290 16.980 16.671 16.361 16.052 15.743 15.434 15.125 14.816 14.507 14.198 13.889 13.580 13.272 12.963 12.654 12.346 12.037 11.729 11.420 11.112 10.804 10.495 10.187  9.879  9.571  9.263  8.955  8.647  8.339  8.031  7.723  7.415  7.107  6.800  6.492  6.184  5.876  5.569  5.261  4.953  4.646  4.338  4.031  3.723  3.416  3.108  2.801  2.493  2.186  1.878  1.571  1.264  0.956  0.649  0.341 
23.508 23.198 22.887 22.576 22.265 21.955 21.644 21.334 21.023 20.713 20.403 20.093 19.783 19.472 19.162 18.852 18.543 18.233 17.923 17.613 17.304 16.994 16.685 16.375 16.066 15.756 15.447 15.138 14.829 14.519 14.210 13.901 13.592 13.283 12.975 12.666 12.357 12.048 11.740 11.431 11.122 10.814 10.505 10.197  9.888  9.580  9.272  8.963  8.655  8.347  8.039  7.731  7.422  7.114  6.806  6.498  6.190  5.882  5.574  5.266  4.958  4.651  4.343  4.035  3.727  3.419  3.111  2.804  2.496  2.188  1.880  1.573  1.265  0.957  0.649  0.342 
23.522 23.211 22.901 22.590 22.279 21.969 21.658 21.348 21.037 20.727 20.416 20.106 19.796 19.486 19.176 18.866 18.556 18.246 17.936 17.626 17.316 17.007 16.697 16.387 16.078 15.768 15.459 15.150 14.840 14.531 14.222 13.912 13.603 13.294 12.985 12.676 12.367 12.058 11.749 11.441 11.132 10.823 10.514 10.206  9.897  9.588  9.280  8.971  8.663  8.354  8.046  7.738  7.429  7.121  6.812  6.504  6.196  5.888  5.579  5.271  4.963  4.655  4.347  4.039  3.731  3.422  3.114  2.806  2.498  2.190  1.882  1.574  1.266  0.958  0.650  0.342 
23.535 23.224 22.913 22.603 22.292 21.981 21.671 21.360 21.050 20.739 20.429 20.119 19.808 19.498 19.188 18.878 18.568 18.258 17.948 17.638 17.328 17.018 16.708 16.399 16.089 15.779 15.470 15.160 14.851 14.541 14.232 13.923 13.613 13.304 12.995 12.686 12.377 12.067 11.758 11.449 11.140 10.831 10.523 10.214  9.905  9.596  9.287  8.978  8.670  8.361  8.052  7.744  7.435  7.127  6.818  6.510  6.201  5.893  5.584  5.276  4.967  4.659  4.350  4.042  3.734  3.425  3.117  2.809  2.500  2.192  1.884  1.575  1.267  0.959  0.651  0.342 
23.546 23.236 22.925 22.614 22.303 21.993 21.682 21.371 21.061 20.750 20.440 20.130 19.819 19.509 19.199 18.889 18.579 18.268 17.958 17.648 17.338 17.029 16.719 16.409 16.099 15.789 15.480 15.170 14.860 14.551 14.241 13.932 13.622 13.313 13.004 12.694 12.385 12.076 11.767 11.457 11.148 10.839 10.530 10.221  9.912  9.603  9.294  8.985  8.676  8.367  8.058  7.749  7.441  7.132  6.823  6.514  6.206  5.897  5.588  5.280  4.971  4.662  4.354  4.045  3.737  3.428  3.119  2.811  2.502  2.194  1.885  1.577  1.268  0.960  0.651  0.343 
23.557 23.246 22.935 22.624 22.314 22.003 21.692 21.382 21.071 20.761 20.450 20.140 19.829 19.519 19.209 18.899 18.588 18.278 17.968 17.658 17.348 17.038 16.728 16.418 16.108 15.798 15.489 15.179 14.869 14.559 14.250 13.940 13.631 13.321 13.012 12.702 12.393 12.083 11.774 11.465 11.155 10.846 10.537 10.228  9.918  9.609  9.300  8.991  8.682  8.373  8.064  7.755  7.446  7.137  6.828  6.519  6.210  5.901  5.592  5.283  4.974  4.666  4.357  4.048  3.739  3.430  3.122  2.813  2.504  2.195  1.887  1.578  1.269  0.960  0.652  0.343 
23.566 23.256 22.945 22.634 22.323 22.012 21.702 21.391 21.081 20.770 20.460 20.149 19.839 19.528 19.218 18.908 18.597 18.287 17.977 17.667 17.357 17.047 16.737 16.427 16.117 15.807 15.497 15.187 14.877 14.567 14.258 13.948 13.638 13.328 13.019 12.709 12.400 12.090 11.781 11.471 11.162 10.852 10.543 10.234  9.924  9.615  9.306  8.996  8.687  8.378  8.069  7.759  7.450  7.141  6.832  6.523  6.214  5.905  5.596  5.287  4.978  4.669  4.359  4.050  3.742  3.433  3.124  2.815  2.506  2.197  1.888  1.579  1.270  0.961  0.652  0.343 
23.575 23.264 22.953 22.643 22.332 22.021 21.710 21.400 21.089 20.779 20.468 20.158 19.847 19.537 19.226 18.916 18.606 18.295 17.985 17.675 17.365 17.054 16.744 16.434 16.124 15.814 15.504 15.194 14.884 14.574 14.265 13.955 13.645 13.335 13.025 12.716 12.406 12.096 11.787 11.477 11.168 10.858 10.548 10.239  9.929  9.620  9.311  9.001  8.692  8.382  8.073  7.764  7.454  7.145  6.836  6.526  6.217  5.908  5.599  5.290  4.980  4.671  4.362  4.053  3.744  3.435  3.125  2.816  2.507  2.198  1.889  1.580  1.271  0.962  0.652  0.343 
23.583 23.272 22.961 22.650 22.340 22.029 21.718 21.408 21.097 20.786 20.476 20.165 19.855 19.544 19.234 18.923 18.613 18.303 17.992 17.682 17.372 17.062 16.751 16.441 16.131 15.821 15.511 15.201 14.891 14.581 14.271 13.961 13.651 13.341 13.031 12.722 12.412 12.102 11.792 11.483 11.173 10.863 10.554 10.244  9.934  9.625  9.315  9.006  8.696  8.387  8.077  7.768  7.458  7.149  6.839  6.530  6.220  5.911  5.602  5.292  4.983  4.674  4.364  4.055  3.746  3.436  3.127  2.818  2.508  2.199  1.890  1.581  1.271  0.962  0.653  0.344 
23.590 23.279 22.968 22.657 22.347 22.036 21.725 21.415 21.104 20.793 20.483 20.172 19.862 19.551 19.241 18.930 18.620 18.309 17.999 17.689 17.378 17.068 16.758 16.448 16.137 15.827 15.517 15.207 14.897 14.587 14.277 13.967 13.657 13.347 13.037 12.727 12.417 12.107 11.797 11.488 11.178 10.868 10.558 10.248  9.939  9.629  9.319  9.010  8.700  8.390  8.081  7.771  7.462  7.152  6.842  6.533  6.223  5.914  5.604  5.295  4.985  4.676  4.366  4.057  3.747  3.438  3.129  2.819  2.510  2.200  1.891  1.581  1.272  0.963  0.653  0.344 
23.596 23.286 22.975 22.664 22.353 22.042 21.732 21.421 21.110 20.800 20.489 20.178 19.868 19.557 19.247 18.936 18.626 18.315 18.005 17.695 17.384 17.074 16.764 16.453 16.143 15.833 15.523 15.213 14.902 14.592 14.282 13.972 13.662 13.352 13.042 12.732 12.422 12.112 11.802 11.492 11.182 10.872 10.562 10.253  9.943  9.633  9.323  9.013  8.704  8.394  8.084  7.774  7.465  7.155  6.845  6.536  6.226  5.916  5.607  5.297  4.987  4.678  4.368  4.059  3.749  3.439  3.130  2.820  2.511  2.201  1.892  1.582  1.273  0.963  0.653  0.344 
23.602 23.292 22.981 22.670 22.359 22.048 21.738 21.427 21.116 20.805 20.495 20.184 19.874 19.563 19.253 18.942 18.631 18.321 18.011 17.700 17.390 17.079 16.769 16.459 16.148 15.838 15.528 15.218 14.907 14.597 14.287 13.977 13.667 13.357 13.046 12.736 12.426 12.116 11.806 11.496 11.186 10.876 10.566 10.256  9.946  9.636  9.327  9.017  8.707  8.397  8.087  7.777  7.467  7.158  6.848  6.538  6.228  5.919  5.609  5.299  4.989  4.680  4.370  4.060  3.751  3.441  3.131  2.821  2.512  2.202  1.892  1.583  1.273  0.963  0.654  0.344 
23.608 23.297 22.986 22.675 22.364 22.054 21.743 21.432 21.121 20.811 20.500 20.189 19.879 19.568 19.258 18.947 18.637 18.326 18.016 17.705 17.395 17.084 16.774 16.463 16.153 15.843 15.532 15.222 14.912 14.602 14.291 13.981 13.671 13.361 13.051 12.740 12.430 12.120 11.810 11.500 11.190 10.880 10.570 10.260  9.950  9.640  9.330  9.020  8.710  8.400  8.090  7.780  7.470  7.160  6.850  6.540  6.231  5.921  5.611  5.301  4.991  4.681  4.371  4.062  3.752  3.442  3.132  2.822  2.513  2.203  1.893  1.583  1.274  0.964  0.654  0.344 
23.613 23.302 22.991 22.680 22.369 22.059 21.748 21.437 21.126 20.816 20.505 20.194 19.884 19.573 19.262 18.952 18.641 18.331 18.020 17.710 17.399 17.089 16.778 16.468 16.157 15.847 15.537 15.226 14.916 14.606 14.295 13.985 13.675 13.364 13.054 12.744 12.434 12.124 11.813 11.503 11.193 10.883 10.573 10.263  9.953  9.643  9.333  9.022  8.712  8.402  8.092  7.782  7.472  7.162  6.852  6.542  6.232  5.923  5.613  5.303  4.993  4.683  4.373  4.063  3.753  3.443  3.133  2.823  2.513  2.204  1.894  1.584  1.274  0.964  0.654  0.344 
23.617 23.306 22.995 22.685 22.374 22.063 21.752 21.441 21.131 20.820 20.509 20.199 19.888 19.577 19.267 18.956 18.645 18.335 18.024 17.714 17.403 17.093 16.782 16.472 16.161 15.851 15.540 15.230 14.920 14.609 14.299 13.989 13.678 13.368 13.058 12.747 12.437 12.127 11.817 11.506 11.196 10.886 10.576 10.266  9.955  9.645  9.335  9.025  8.715  8.405  8.095  7.785  7.475  7.164  6.854  6.544  6.234  5.924  5.614  5.304  4.994  4.684  4.374  4.064  3.754  3.444  3.134  2.824  2.514  2.204  1.894  1.584  1.274  0.964  0.654  0.344 
23.621 23.310 22.999 22.689 22.378 22.067 21.756 21.445 21.135 20.824 20.513 20.202 19.892 19.581 19.270 18.960 18.649 18.339 18.028 17.717 17.407 17.096 16.786 16.475 16.165 15.854 15.544 15.233 14.923 14.613 14.302 13.992 13.681 13.371 13.061 12.750 12.440 12.130 11.819 11.509 11.199 10.889 10.578 10.268  9.958  9.648  9.338  9.027  8.717  8.407  8.097  7.787  7.476  7.166  6.856  6.546  6.236  5.926  5.616  5.306  4.996  4.685  4.375  4.065  3.755  3.445  3.135  2.825  2.515  2.205  1.895  1.585  1.275  0.965  0.655  0.345 
23.625 23.314 23.003 22.692 22.381 22.071 21.760 21.449 21.138 20.828 20.517 20.206 19.895 19.585 19.274 18.963 18.653 18.342 18.031 17.721 17.410 17.100 16.789 16.479 16.168 15.858 15.547 15.237 14.926 14.616 14.305 13.995 13.684 13.374 13.064 12.753 12.443 12.132 11.822 11.512 11.201 10.891 10.581 10.270  9.960  9.650  9.340  9.029  8.719  8.409  8.099  7.788  7.478  7.168  6.858  6.548  6.237  5.927  5.617  5.307  4.997  4.687  4.376  4.066  3.756  3.446  3.136  2.826  2.516  2.205  1.895  1.585  1.275  0.965  0.655  0.345 
23.628 23.317 23.006 22.696 22.385 22.074 21.763 21.452 21.142 20.831 20.520 20.209 19.899 19.588 19.277 18.967 18.656 18.345 18.035 17.724 17.413 17.103 16.792 16.482 16.171 15.860 15.550 15.239 14.929 14.618 14.308 13.997 13.687 13.377 13.066 12.756 12.445 12.135 11.824 11.514 11.204 10.893 10.583 10.273  9.962  9.652  9.342  9.031  8.721  8.411  8.100  7.790  7.480  7.170  6.859  6.549  6.239  5.929  5.618  5.308  4.998  4.688  4.377  4.067  3.757  3.447  3.137  2.826  2.516  2.206  1.896  1.586  1.275  0.965  0.655  0.345 
23.631 23.320 23.009 22.699 22.388 22.077 21.766 21.455 21.145 20.834 20.523 20.212 19.902 19.591 19.280 18.969 18.659 18.348 18.037 17.727 17.416 17.106 16.795 16.484 16.174 15.863 15.553 15.242 14.931 14.621 14.310 14.000 13.689 13.379 13.068 12.758 12.447 12.137 11.827 11.516 11.206 10.895 10.585 10.275  9.964  9.654  9.343  9.033  8.723  8.412  8.102  7.792  7.481  7.171  6.861  6.550  6.240  5.930  5.619  5.309  4.999  4.689  4.378  4.068  3.758  3.447  3.137  2.827  2.517  2.206  1.896  1.586  1.276  0.965  0.655  0.345 
23.634 23.323 23.012 22.701 22.391 22.080 21.769 21.458 21.147 20.836 20.526 20.215 19.904 19.593 19.283 18.972 18.661 18.351 18.040 17.729 17.419 17.108 16.797 16.487 16.176 15.866 15.555 15.244 14.934 14.623 14.313 14.002 13.692 13.381 13.071 12.760 12.450 12.139 11.829 11.518 11.208 10.897 10.587 10.276  9.966  9.655  9.345  9.035  8.724  8.414  8.103  7.793  7.483  7.172  6.862  6.551  6.241  5.931  5.620  5.310  5.000  4.689  4.379  4.069  3.758  3.448  3.138  2.827  2.517  2.207  1.896  1.586  1.276  0.966  0.655  0.345 
23.636 23.326 23.015 22.704 22.393 22.082 21.771 21.461 21.150 20.839 20.528 20.217 19.907 19.596 19.285 18.974 18.664 18.353 18.042 17.732 17.421 17.110 16.800 16.489 16.178 15.868 15.557 15.246 14.936 14.625 14.315 14.004 13.694 13.383 13.072 12.762 12.451 12.141 11.830 11.520 11.209 10.899 10.588 10.278  9.967  9.657  9.346  9.036  8.726  8.415  8.105  7.794  7.484  7.173  6.863  6.553  6.242  5.932  5.621  5.311  5.001  4.690  4.380  4.069  3.759  3.449  3.138  2.828  2.518  2.207  1.897  1.586  1.276  0.966  0.655  0.345 
23.639 23.328 23.017 22.706 22.395 22.084 21.774 21.463 21.152 20.841 20.530 20.220 19.909 19.598 19.287 18.977 18.666 18.355 18.044 17.734 17.423 17.112 16.802 16.491 16.180 15.870 15.559 15.248 14.938 14.627 14.317 14.006 13.695 13.385 13.074 12.764 12.453 12.143 11.832 11.521 11.211 10.900 10.590 10.279  9.969  9.658  9.348  9.037  8.727  8.416  8.106  7.795  7.485  7.174  6.864  6.554  6.243  5.933  5.622  5.312  5.001  4.691  4.380  4.070  3.760  3.449  3.139  2.828  2.518  2.207  1.897  1.587  1.276  0.966  0.655  0.345 
23.641 23.330 23.019 22.708 22.397 22.087 21.776 21.465 21.154 20.843 20.532 20.222 19.911 19.600 19.289 18.979 18.668 18.357 18.046 17.736 17.425 17.114 16.804 16.493 16.182 15.872 15.561 15.250 14.940 14.629 14.318 14.008 13.697 13.386 13.076 12.765 12.455 12.144 11.833 11.523 11.212 10.902 10.591 10.281  9.970  9.660  9.349  9.038  8.728  8.417  8.107  7.796  7.486  7.175  6.865  6.554  6.244  5.933  5.623  5.312  5.002  4.692  4.381  4.071  3.760  3.450  3.139  2.829  2.518  2.208  1.897  1.587  1.276  0.966  0.656  0.345 
23.643 23.332 23.021 22.710 22.399 22.088 21.778 21.467 21.156 20.845 20.534 20.224 19.913 19.602 19.291 18.980 18.670 18.359 18.048 17.737 17.427 17.116 16.805 16.495 16.184 15.873 15.562 15.252 14.941 14.630 14.320 14.009 13.699 13.388 13.077 12.767 12.456 12.145 11.835 11.524 11.214 10.903 10.592 10.282  9.971  9.661  9.350  9.040  8.729  8.418  8.108  7.797  7.487  7.176  6.866  6.555  6.245  5.934  5.624  5.313  5.003  4.692  4.382  4.071  3.761  3.450  3.140  2.829  2.519  2.208  1.898  1.587  1.277  0.966  0.656  0.345 
23.644 23.334 23.023 22.712 22.401 22.090 21.779 21.468 21.158 20.847 20.536 20.225 19.914 19.604 19.293 18.982 18.671 18.361 18.050 17.739 17.428 17.118 16.807 16.496 16.185 15.875 15.564 15.253 14.943 14.632 14.321 14.011 13.700 13.389 13.079 12.768 12.457 12.147 11.836 11.525 11.215 10.904 10.594 10.283  9.972  9.662  9.351  9.041  8.730  8.419  8.109  7.798  7.488  7.177  6.866  6.556  6.245  5.935  5.624  5.314  5.003  4.693  4.382  4.072  3.761  3.450  3.140  2.829  2.519  2.208  1.898  1.587  1.277  0.966  0.656  0.345 
23.646 23.335 23.024 22.713 22.403 22.092 21.781 21.470 21.159 20.848 20.538 20.227 19.916 19.605 19.294 18.984 18.673 18.362 18.051 17.740 17.430 17.119 16.808 16.497 16.187 15.876 15.565 15.255 14.944 14.633 14.322 14.012 13.701 13.390 13.080 12.769 12.458 12.148 11.837 11.526 11.216 10.905 10.595 10.284  9.973  9.663  9.352  9.041  8.731  8.420  8.110  7.799  7.488  7.178  6.867  6.557  6.246  5.935  5.625  5.314  5.004  4.693  4.383  4.072  3.761  3.451  3.140  2.830  2.519  2.209  1.898  1.587  1.277  0.966  0.656  0.345 
23.647 23.337 23.026 22.715 22.404 22.093 21.782 21.471 21.161 20.850 20.539 20.228 19.917 19.606 19.296 18.985 18.674 18.363 18.053 17.742 17.431 17.120 16.809 16.499 16.188 15.877 15.567 15.256 14.945 14.634 14.324 14.013 13.702 13.392 13.081 12.770 12.459 12.149 11.838 11.527 11.217 10.906 10.595 10.285  9.974  9.663  9.353  9.042  8.732  8.421  8.110  7.800  7.489  7.178  6.868  6.557  6.247  5.936  5.625  5.315  5.004  4.694  4.383  4.072  3.762  3.451  3.141  2.830  2.519  2.209  1.898  1.588  1.277  0.966  0.656  0.345 
23.649 23.338 23.027 22.716 22.405 22.094 21.784 21.473 21.162 20.851 20.540 20.229 19.919 19.608 19.297 18.986 18.675 18.365 18.054 17.743 17.432 17.121 16.811 16.500 16.189 15.878 15.568 15.257 14.946 14.635 14.325 14.014 13.703 13.393 13.082 12.771 12.460 12.150 11.839 11.528 11.218 10.907 10.596 10.286  9.975  9.664  9.354  9.043  8.732  8.422  8.111  7.800  7.490  7.179  6.868  6.558  6.247  5.936  5.626  5.315  5.005  4.694  4.383  4.073  3.762  3.451  3.141  2.830  2.520  2.209  1.898  1.588  1.277  0.967  0.656  0.345 
23.650 23.339 23.028 22.717 22.406 22.096 21.785 21.474 21.163 20.852 20.541 20.230 19.920 19.609 19.298 18.987 18.676 18.366 18.055 17.744 17.433 17.122 16.812 16.501 16.190 15.879 15.569 15.258 14.947 14.636 14.326 14.015 13.704 13.393 13.083 12.772 12.461 12.151 11.840 11.529 11.218 10.908 10.597 10.286  9.976  9.665  9.354  9.044  8.733  8.422  8.112  7.801  7.490  7.180  6.869  6.558  6.248  5.937  5.626  5.316  5.005  4.694  4.384  4.073  3.762  3.452  3.141  2.830  2.520  2.209  1.899  1.588  1.277  0.967  0.656  0.345 
23.651 23.340 23.029 22.718 22.407 22.097 21.786 21.475 21.164 20.853 20.542 20.232 19.921 19.610 19.299 18.988 18.677 18.367 18.056 17.745 17.434 17.123 16.813 16.502 16.191 15.880 15.570 15.259 14.948 14.637 14.327 14.016 13.705 13.394 13.084 12.773 12.462 12.151 11.841 11.530 11.219 10.908 10.598 10.287  9.976  9.666  9.355  9.044  8.734  8.423  8.112  7.801  7.491  7.180  6.869  6.559  6.248  5.937  5.627  5.316  5.005  4.695  4.384  4.073  3.763  3.452  3.141  2.831  2.520  2.209  1.899  1.588  1.277  0.967  0.656  0.345 
23.652 23.341 23.030 22.719 22.408 22.098 21.787 21.476 21.165 20.854 20.543 20.232 19.922 19.611 19.300 18.989 18.678 18.368 18.057 17.746 17.435 17.124 16.814 16.503 16.192 15.881 15.570 15.260 14.949 14.638 14.327 14.017 13.706 13.395 13.084 12.774 12.463 12.152 11.841 11.531 11.220 10.909 10.598 10.288  9.977  9.666  9.355  9.045  8.734  8.423  8.113  7.802  7.491  7.181  6.870  6.559  6.248  5.938  5.627  5.316  5.006  4.695  4.384  4.074  3.763  3.452  3.141  2.831  2.520  2.209  1.899  1.588  1.277  0.967  0.656  0.345 
23.653 23.342 23.031 22.720 22.409 22.098 21.788 21.477 21.166 20.855 20.544 20.233 19.923 19.612 19.301 18.990 18.679 18.368 18.058 17.747 17.436 17.125 16.814 16.504 16.193 15.882 15.571 15.260 14.950 14.639 14.328 14.017 13.706 13.396 13.085 12.774 12.463 12.153 11.842 11.531 11.220 10.910 10.599 10.288  9.977  9.667  9.356  9.045  8.735  8.424  8.113  7.802  7.492  7.181  6.870  6.559  6.249  5.938  5.627  5.317  5.006  4.695  4.384  4.074  3.763  3.452  3.142  2.831  2.520  2.210  1.899  1.588  1.277  0.967  0.656  0.345 
23.654 23.343 23.032 22.721 22.410 22.099 21.788 21.478 21.167 20.856 20.545 20.234 19.923 19.612 19.302 18.991 18.680 18.369 18.058 17.747 17.437 17.126 16.815 16.504 16.193 15.883 15.572 15.261 14.950 14.639 14.329 14.018 13.707 13.396 13.086 12.775 12.464 12.153 11.842 11.532 11.221 10.910 10.599 10.289  9.978  9.667  9.356  9.046  8.735  8.424  8.113  7.803  7.492  7.181  6.871  6.560  6.249  5.938  5.628  5.317  5.006  4.695  4.385  4.074  3.763  3.453  3.142  2.831  2.520  2.210  1.899  1.588  1.277  0.967  0.656  0.345 
23.654 23.343 23.033 22.722 22.411 22.100 21.789 21.478 21.167 20.857 20.546 20.235 19.924 19.613 19.302 18.991 18.681 18.370 18.059 17.748 17.437 17.127 16.816 16.505 16.194 15.883 15.572 15.262 14.951 14.640 14.329 14.018 13.708 13.397 13.086 12.775 12.465 12.154 11.843 11.532 11.221 10.911 10.600 10.289  9.978  9.668  9.357  9.046  8.735  8.425  8.114  7.803  7.492  7.182  6.871  6.560  6.249  5.939  5.628  5.317  5.006  4.696  4.385  4.074  3.763  3.453  3.142  2.831  2.520  2.210  1.899  1.588  1.278  0.967  0.656  0.345 
23.655 23.344 23.033 22.722 22.412 22.101 21.790 21.479 21.168 20.857 20.546 20.235 19.925 19.614 19.303 18.992 18.681 18.370 18.060 17.749 17.438 17.127 16.816 16.505 16.195 15.884 15.573 15.262 14.951 14.641 14.330 14.019 13.708 13.397 13.087 12.776 12.465 12.154 11.843 11.533 11.222 10.911 10.600 10.290  9.979  9.668  9.357  9.046  8.736  8.425  8.114  7.803  7.493  7.182  6.871  6.560  6.250  5.939  5.628  5.317  5.007  4.696  4.385  4.074  3.764  3.453  3.142  2.831  2.520  2.210  1.899  1.588  1.277  0.967  0.656  0.345 
23.656 23.345 23.034 22.723 22.412 22.101 21.790 21.479 21.169 20.858 20.547 20.236 19.925 19.614 19.304 18.993 18.682 18.371 18.060 17.749 17.438 17.128 16.817 16.506 16.195 15.884 15.574 15.263 14.952 14.641 14.330 14.019 13.709 13.398 13.087 12.776 12.465 12.155 11.844 11.533 11.222 10.911 10.601 10.290  9.979  9.668  9.358  9.047  8.736  8.425  8.114  7.804  7.493  7.182  6.871  6.561  6.250  5.939  5.628  5.317  5.007  4.696  4.385  4.074  3.764  3.453  3.142  2.831  2.520  2.210  1.899  1.588  1.277  0.967  0.656  0.345 
23.656 23.345 23.034 22.724 22.413 22.102 21.791 21.480 21.169 20.858 20.547 20.237 19.926 19.615 19.304 18.993 18.682 18.371 18.061 17.750 17.439 17.128 16.817 16.506 16.196 15.885 15.574 15.263 14.952 14.642 14.331 14.020 13.709 13.398 13.087 12.777 12.466 12.155 11.844 11.533 11.223 10.912 10.601 10.290  9.979  9.669  9.358  9.047  8.736  8.425  8.115  7.804  7.493  7.182  6.871  6.561  6.250  5.939  5.628  5.317  5.007  4.696  4.385  4.074  3.764  3.453  3.142  2.831  2.520  2.210  1.899  1.588  1.277  0.966  0.656  0.345 
23.657 23.346 23.035 22.724 22.413 22.102 21.791 21.480 21.170 20.859 20.548 20.237 19.926 19.615 19.304 18.994 18.683 18.372 18.061 17.750 17.439 17.129 16.818 16.507 16.196 15.885 15.574 15.264 14.953 14.642 14.331 14.020 13.709 13.399 13.088 12.777 12.466 12.155 11.844 11.534 11.223 10.912 10.601 10.290  9.980  9.669  9.358  9.047  8.736  8.426  8.115  7.804  7.493  7.182  6.872  6.561  6.250  5.939  5.628  5.317  5.007  4.696  4.385  4.074  3.763  3.453  3.142  2.831  2.520  2.209  1.898  1.588  1.277  0.966  0.655  0.344 
23.657 23.346 23.035 22.724 22.414 22.103 21.792 21.481 21.170 20.859 20.548 20.237 19.927 19.616 19.305 18.994 18.683 18.372 18.061 17.751 17.440 17.129 16.818 16.507 16.196 15.886 15.575 15.264 14.953 14.642 14.331 14.020 13.710 13.399 13.088 12.777 12.466 12.155 11.845 11.534 11.223 10.912 10.601 10.290  9.979  9.668  9.358  9.047  8.736  8.425  8.114  7.803  7.492  7.180  6.869  6.558  6.246  5.935  5.623  5.310  4.997  4.684  4.369  4.053  3.735  3.414  3.090  2.762  2.428  2.086  1.734  1.371  0.996  0.608  0.213 -0.228 
23.656 23.345 23.034 22.723 22.412 22.101 21.790 21.479 21.167 20.856 20.545 20.233 19.921 19.610 19.298 18.986 18.673 18.361 18.048 17.735 17.421 17.107 16.793 16.478 16.163 15.847 15.531 15.213 14.895 14.576 14.256 13.935 13.613 13.289 12.964 12.637 12.309 11.978 11.646 11.312 10.975 10.635 10.293  9.949  9.601  9.250  8.895  8.538  8.176  7.811  7.442  7.069  6.692  6.310  5.925  5.535  5.141  4.744  4.342  3.936  3.527  3.114  2.698  2.278  1.856  1.432  1.006  0.578  0.149 -0.236 -0.636 -1.034 -1.431 -1.824 -2.214 -2.600 
23.594 23.283 22.972 22.659 22.346 22.033 21.719 21.404 21.089 20.773 20.457 20.140 19.822 19.503 19.184 18.863 18.542 18.221 17.898 17.574 17.250 16.924 16.597 16.270 15.941 15.611 15.280 14.947 14.613 14.278 13.942 13.604 13.265 12.924 12.582 12.238 11.893 11.546 11.197 10.846 10.494 10.140  9.784  9.427  9.067  8.705  8.342  7.976  7.608  7.239  6.866  6.492  6.115  5.737  5.355  4.971  4.585  4.196  3.805  3.411  3.014  2.615  2.214  1.810  1.404  0.997  0.588  0.177 -0.181 -0.527 -0.874 -1.219 -1.565 -1.910 -2.255 -2.600 
23.421 23.109 22.797 22.484 22.170 21.854 21.538 21.221 20.903 20.584 20.264 19.943 19.621 19.298 18.974 18.649 18.322 17.995 17.667 17.337 17.006 16.675 16.342 16.007 15.672 15.336 14.998 14.659 14.319 13.977 13.634 13.290 12.945 12.598 12.251 11.901 11.551 11.199 10.846 10.491 10.135  9.778  9.420  9.060  8.699  8.337  7.974  7.609  7.243  6.876  6.508  6.139  5.768  5.397  5.025  4.651  4.277  3.902  3.526  3.150  2.773  2.395  2.016  1.637  1.258  0.878  0.497  0.117 -0.207 -0.549 -0.890 -1.232 -1.574 -1.916 -2.258 -2.600 
23.189 22.878 22.566 22.252 21.937 21.622 21.305 20.987 20.668 20.348 20.026 19.704 19.381 19.056 18.731 18.404 18.077 17.748 17.418 17.087 16.755 16.422 16.087 15.752 15.416 15.078 14.739 14.400 14.059 13.717 13.374 13.030 12.685 12.339 11.992 11.644 11.295 10.944 10.593 10.241  9.888  9.534  9.179  8.823  8.466  8.108  7.750  7.390  7.030  6.669  6.307  5.944  5.581  5.217  4.852  4.486  4.120  3.754  3.386  3.019  2.650  2.282  1.912  1.543  1.173  0.802  0.432  0.061 -0.255 -0.590 -0.925 -1.260 -1.595 -1.930 -2.265 -2.600 
22.948 22.636 22.324 22.010 21.696 21.380 21.063 20.746 20.427 20.107 19.786 19.464 19.141 18.816 18.491 18.165 17.838 17.509 17.180 16.849 16.518 16.185 15.851 15.517 15.181 14.844 14.506 14.168 13.828 13.487 13.145 12.802 12.458 12.113 11.767 11.420 11.071 10.722 10.372 10.021  9.669  9.315  8.961  8.606  8.249  7.892  7.534  7.174  6.814  6.453  6.091  5.728  5.363  4.998  4.633  4.266  3.898  3.529  3.160  2.790  2.418  2.046  1.672  1.298  0.922  0.545  0.167 -0.167 -0.474 -0.779 -1.083 -1.387 -1.691 -1.994 -2.297 -2.600 
22.711 22.400 22.088 21.774 21.459 21.144 20.827 20.510 20.191 19.871 19.550 19.228 18.906 18.582 18.257 17.931 17.604 17.276 16.947 16.616 16.285 15.953 15.620 15.286 14.951 14.615 14.278 13.939 13.600 13.260 12.919 12.577 12.234 11.890 11.546 11.200 10.853 10.506 10.158  9.808  9.458  9.107  8.756  8.403  8.050  7.696  7.341  6.986  6.630  6.273  5.916  5.558  5.199  4.840  4.480  4.120  3.759  3.398  3.037  2.675  2.313  1.951  1.588  1.225  0.862  0.498  0.135 -0.163 -0.468 -0.772 -1.077 -1.381 -1.686 -1.991 -2.295 -2.600 
22.482 22.171 21.859 21.545 21.231 20.916 20.599 20.282 19.964 19.644 19.324 19.003 18.681 18.357 18.033 17.708 17.382 17.055 16.727 16.398 16.069 15.738 15.406 15.074 14.740 14.406 14.071 13.735 13.398 13.060 12.721 12.382 12.042 11.701 11.359 11.016 10.673 10.329  9.984  9.639  9.292  8.945  8.598  8.250  7.901  7.552  7.202  6.851  6.500  6.148  5.796  5.444  5.091  4.737  4.383  4.029  3.674  3.319  2.964  2.608  2.252  1.896  1.540  1.183  0.826  0.469  0.112 -0.182 -0.484 -0.786 -1.088 -1.391 -1.693 -1.995 -2.298 -2.600 
22.270 21.958 21.646 21.333 21.019 20.704 20.388 20.071 19.754 19.435 19.116 18.795 18.474 18.152 17.829 17.505 17.180 16.855 16.529 16.201 15.873 15.544 15.215 14.884 14.553 14.221 13.888 13.554 13.220 12.884 12.549 12.212 11.875 11.536 11.198 10.858 10.518 10.177  9.836  9.494  9.152  8.808  8.465  8.120  7.775  7.430  7.084  6.738  6.391  6.044  5.696  5.348  4.999  4.650  4.301  3.951  3.601  3.251  2.900  2.549  2.198  1.847  1.495  1.144  0.792  0.440  0.087 -0.204 -0.503 -0.802 -1.102 -1.401 -1.701 -2.001 -2.300 -2.600 
22.077 21.765 21.453 21.140 20.827 20.512 20.197 19.880 19.563 19.246 18.927 18.608 18.287 17.966 17.645 17.322 16.999 16.675 16.350 16.024 15.698 15.371 15.043 14.714 14.385 14.055 13.724 13.393 13.061 12.728 12.395 12.061 11.726 11.391 11.055 10.718 10.381 10.043  9.705  9.366  9.027  8.687  8.347  8.006  7.664  7.322  6.980  6.637  6.294  5.950  5.606  5.262  4.917  4.572  4.227  3.881  3.535  3.189  2.842  2.495  2.148  1.801  1.453  1.106  0.758  0.410  0.062 -0.226 -0.523 -0.819 -1.116 -1.413 -1.710 -2.006 -2.303 -2.600 
21.903 21.592 21.280 20.967 20.653 20.339 20.024 19.709 19.392 19.075 18.757 18.439 18.120 17.800 17.479 17.158 16.835 16.513 16.189 15.865 15.540 15.215 14.889 14.562 14.234 13.906 13.578 13.248 12.918 12.588 12.257 11.925 11.593 11.260 10.926 10.592 10.258  9.922  9.587  9.251  8.914  8.577  8.239  7.901  7.562  7.223  6.884  6.543  6.203  5.862  5.520  5.178  4.835  4.492  4.148  3.804  3.459  3.113  2.767  2.420  2.073  1.725  1.377  1.028  0.679  0.329 -0.022 -0.305 -0.591 -0.878 -1.164 -1.451 -1.738 -2.026 -2.313 -2.600 
21.746 21.435 21.123 20.810 20.497 20.183 19.869 19.553 19.237 18.921 18.604 18.286 17.967 17.648 17.328 17.007 16.686 16.365 16.042 15.719 15.395 15.071 14.746 14.420 14.094 13.767 13.440 13.111 12.783 12.454 12.124 11.793 11.462 11.130 10.798 10.465 10.132  9.798  9.464  9.129  8.793  8.457  8.120  7.783  7.445  7.107  6.768  6.429  6.089  5.749  5.409  5.067  4.726  4.384  4.041  3.698  3.355  3.011  2.667  2.323  1.978  1.633  1.287  0.942  0.596  0.249 -0.097 -0.375 -0.653 -0.931 -1.209 -1.487 -1.765 -2.043 -2.322 -2.600 
21.600 21.289 20.977 20.665 20.352 20.038 19.724 19.409 19.093 18.777 18.460 18.142 17.824 17.506 17.186 16.866 16.546 16.225 15.903 15.580 15.257 14.934 14.610 14.285 13.960 13.634 13.307 12.980 12.653 12.325 11.996 11.667 11.337 11.006 10.676 10.344 10.012  9.680  9.347  9.014  8.680  8.346  8.011  7.676  7.340  7.004  6.667  6.331  5.993  5.656  5.318  4.979  4.640  4.301  3.962  3.622  3.282  2.942  2.601  2.261  1.920  1.578  1.237  0.895  0.553  0.211 -0.131 -0.405 -0.679 -0.953 -1.228 -1.502 -1.777 -2.051 -2.325 -2.600 
21.464 21.153 20.841 20.528 20.215 19.902 19.588 19.273 18.958 18.642 18.326 18.009 17.691 17.373 17.054 16.735 16.415 16.095 15.774 15.452 15.130 14.808 14.484 14.161 13.837 13.512 13.187 12.861 12.535 12.208 11.881 11.553 11.225 10.896 10.567 10.237  9.907  9.577  9.246  8.914  8.583  8.250  7.918  7.585  7.251  6.918  6.584  6.249  5.915  5.579  5.244  4.908  4.572  4.236  3.900  3.563  3.226  2.888  2.551  2.213  1.875  1.537  1.199  0.861  0.522  0.184 -0.155 -0.427 -0.698 -0.970 -1.241 -1.513 -1.785 -2.057 -2.328 -2.600 
21.338 21.027 20.715 20.403 20.090 19.777 19.463 19.149 18.834 18.518 18.202 17.886 17.569 17.251 16.933 16.615 16.296 15.976 15.656 15.335 15.014 14.693 14.371 14.048 13.725 13.402 13.078 12.753 12.428 12.103 11.777 11.451 11.124 10.797 10.470 10.142  9.813  9.485  9.155  8.826  8.496  8.165  7.835  7.503  7.172  6.840  6.508  6.175  5.842  5.508  5.175  4.841  4.506  4.171  3.836  3.501  3.165  2.829  2.493  2.157  1.820  1.483  1.146  0.809  0.472  0.135 -0.137 -0.411 -0.685 -0.958 -1.232 -1.506 -1.779 -2.053 -2.326 -2.600 
21.223 20.912 20.600 20.288 19.975 19.662 19.349 19.035 18.720 18.405 18.090 17.774 17.457 17.140 16.823 16.505 16.186 15.867 15.548 15.228 14.908 14.587 14.266 13.945 13.623 13.300 12.977 12.654 12.330 12.006 11.681 11.356 11.031 10.705 10.379 10.052  9.725  9.398  9.071  8.743  8.414  8.086  7.757  7.427  7.098  6.768  6.438  6.107  5.777  5.446  5.115  4.783  4.452  4.120  3.788  3.456  3.123  2.791  2.458  2.125  1.793  1.460  1.126  0.793  0.460  0.127 -0.143 -0.416 -0.689 -0.962 -1.235 -1.508 -1.781 -2.054 -2.327 -2.600 
21.118 20.806 20.495 20.183 19.870 19.558 19.244 18.930 18.616 18.302 17.986 17.671 17.355 17.039 16.722 16.404 16.087 15.769 15.450 15.131 14.812 14.492 14.172 13.851 13.530 13.209 12.887 12.565 12.243 11.920 11.597 11.273 10.949 10.625 10.300  9.976  9.650  9.325  8.999  8.673  8.346  8.020  7.693  7.365  7.038  6.710  6.382  6.054  5.725  5.397  5.068  4.739  4.410  4.080  3.751  3.421  3.091  2.761  2.431  2.100  1.770  1.440  1.109  0.778  0.448  0.117 -0.152 -0.424 -0.696 -0.968 -1.240 -1.512 -1.784 -2.056 -2.328 -2.600 
21.023 20.712 20.400 20.088 19.776 19.463 19.150 18.837 18.523 18.208 17.894 17.579 17.263 16.947 16.631 16.315 15.998 15.680 15.363 15.044 14.726 14.407 14.088 13.768 13.448 13.128 12.808 12.487 12.166 11.844 11.522 11.200 10.877 10.555 10.231  9.908  9.584  9.260  8.936  8.612  8.287  7.962  7.637  7.311  6.985  6.659  6.333  6.007  5.680  5.354  5.027  4.699  4.372  4.045  3.717  3.389  3.062  2.734  2.405  2.077  1.749  1.420  1.092  0.763  0.435  0.106 -0.161 -0.432 -0.703 -0.974 -1.245 -1.516 -1.787 -2.058 -2.329 -2.600 
20.938 20.626 20.315 20.003 19.691 19.379 19.066 18.753 18.439 18.125 17.811 17.496 17.181 16.866 16.550 16.234 15.918 15.601 15.284 14.967 14.649 14.331 14.013 13.694 13.375 13.056 12.737 12.417 12.097 11.776 11.455 11.134 10.813 10.492 10.170  9.848  9.525  9.203  8.880  8.557  8.234  7.910  7.586  7.262  6.938  6.614  6.289  5.964  5.639  5.314  4.989  4.664  4.338  4.012  3.686  3.360  3.034  2.708  2.382  2.055  1.729  1.402  1.075  0.748  0.422  0.095 -0.171 -0.441 -0.711 -0.981 -1.251 -1.520 -1.790 -2.060 -2.330 -2.600 
20.861 20.550 20.239 19.927 19.615 19.303 18.990 18.677 18.364 18.051 17.737 17.422 17.108 16.793 16.478 16.162 15.847 15.531 15.214 14.898 14.581 14.263 13.946 13.628 13.310 12.992 12.673 12.354 12.035 11.715 11.396 11.076 10.755 10.435 10.114  9.793  9.472  9.151  8.829  8.507  8.185  7.863  7.541  7.218  6.895  6.572  6.249  5.926  5.602  5.278  4.955  4.631  4.306  3.982  3.658  3.333  3.009  2.684  2.359  2.034  1.709  1.384  1.059  0.734  0.408  0.083 -0.182 -0.450 -0.719 -0.988 -1.256 -1.525 -1.794 -2.063 -2.331 -2.600 
20.793 20.482 20.171 19.859 19.547 19.235 18.923 18.610 18.297 17.984 17.670 17.356 17.042 16.728 16.413 16.098 15.783 15.467 15.151 14.835 14.519 14.202 13.885 13.568 13.251 12.933 12.615 12.297 11.979 11.660 11.342 11.023 10.703 10.384 10.064  9.744  9.424  9.104  8.783  8.462  8.142  7.820  7.499  7.178  6.856  6.534  6.212  5.890  5.568  5.245  4.923  4.600  4.277  3.954  3.631  3.308  2.985  2.661  2.338  2.014  1.691  1.367  1.043  0.719  0.395  0.071 -0.192 -0.460 -0.727 -0.995 -1.262 -1.530 -1.797 -2.065 -2.332 -2.600 
20.732 20.421 20.110 19.798 19.486 19.174 18.862 18.550 18.237 17.924 17.610 17.297 16.983 16.669 16.354 16.040 15.725 15.410 15.095 14.779 14.463 14.147 13.831 13.515 13.198 12.881 12.564 12.246 11.929 11.611 11.293 10.975 10.656 10.338 10.019  9.700  9.380  9.061  8.741  8.422  8.102  7.782  7.461  7.141  6.820  6.500  6.179  5.858  5.536  5.215  4.894  4.572  4.250  3.929  3.607  3.285  2.963  2.640  2.318  1.996  1.673  1.351  1.028  0.705  0.383  0.060 -0.203 -0.469 -0.735 -1.002 -1.268 -1.534 -1.801 -2.067 -2.334 -2.600 
