35.736 35.425 35.114 34.803 34.493 34.182 33.871 33.560 33.249 32.938 32.627 32.316 32.005 31.695 31.384 31.073 30.762 30.451 30.140 29.829 29.518 29.207 28.896 28.585 28.274 27.963 27.652 27.341 27.030 26.719 26.408 26.097 25.786 25.475 25.164 24.852 24.541 24.230 23.918 23.607 23.295 22.984 22.672 22.360 22.048 21.736 21.424 21.112 20.800 20.487 20.174 19.861 19.548 19.235 18.921 18.607 18.293 17.979 17.664 17.349 17.034 16.718 16.402 16.085 15.768 15.450 15.132 14.814 14.495 14.175 13.855 13.534 13.212 12.890 12.566 12.243 
35.734 35.424 35.113 34.802 34.491 34.180 33.869 33.558 33.247 32.936 32.625 32.313 32.002 31.691 31.380 31.069 30.757 30.446 30.135 29.823 29.512 29.200 28.889 28.577 28.265 27.954 27.642 27.330 27.018 26.706 26.394 26.081 25.769 25.456 25.144 24.831 24.518 24.205 23.892 23.578 23.264 22.951 22.637 22.322 22.008 21.693 21.378 21.063 20.748 20.432 20.116 19.799 19.483 19.166 18.848 18.530 18.212 17.893 17.574 17.255 16.935 16.614 16.293 15.972 15.650 15.327 15.004 14.680 14.356 14.030 13.705 13.378 13.051 12.723 12.395 12.065 
35.725 35.414 35.103 34.792 34.481 34.170 33.859 33.548 33.236 32.925 32.613 32.302 31.990 31.678 31.366 31.054 30.742 30.430 30.118 29.806 29.493 29.181 28.868 28.555 28.242 27.929 27.616 27.303 26.989 26.676 26.362 26.048 25.734 25.419 25.105 24.790 24.475 24.159 23.844 23.528 23.212 22.896 22.579 22.263 21.945 21.628 21.310 20.992 20.673 20.355 20.035 19.716 19.396 19.075 18.754 18.433 18.111 17.789 17.466 17.143 16.819 16.495 16.170 15.844 15.518 15.192 14.864 14.536 14.208 13.878 13.548 13.218 12.886 12.554 12.221 11.888 
35.705 35.394 35.083 34.772 34.460 34.149 33.837 33.526 33.214 32.902 32.590 32.278 31.965 31.653 31.340 31.027 30.714 30.401 30.088 29.775 29.461 29.147 28.834 28.519 28.205 27.891 27.576 27.261 26.946 26.631 26.315 25.999 25.683 25.367 25.050 24.733 24.416 24.099 23.781 23.463 23.145 22.826 22.507 22.188 21.868 21.548 21.228 20.907 20.585 20.264 19.942 19.619 19.296 18.973 18.649 18.324 17.999 17.674 17.348 17.021 16.694 16.366 16.038 15.709 15.380 15.050 14.719 14.387 14.055 13.722 13.389 13.055 12.720 12.384 12.048 11.710 
35.671 35.360 35.049 34.738 34.426 34.114 33.803 33.491 33.178 32.866 32.553 32.240 31.927 31.614 31.301 30.987 30.673 30.359 30.045 29.731 29.416 29.101 28.786 28.471 28.155 27.839 27.523 27.206 26.890 26.573 26.256 25.938 25.620 25.302 24.984 24.665 24.346 24.026 23.707 23.386 23.066 22.745 22.424 22.102 21.780 21.457 21.134 20.811 20.487 20.163 19.838 19.513 19.187 18.861 18.534 18.207 17.879 17.551 17.222 16.893 16.563 16.232 15.901 15.569 15.236 14.903 14.569 14.235 13.900 13.564 13.227 12.890 12.552 12.213 11.873 11.533 
35.625 35.314 35.003 34.691 34.379 34.067 33.755 33.443 33.130 32.817 32.504 32.191 31.877 31.563 31.249 30.935 30.620 30.305 29.990 29.674 29.359 29.043 28.726 28.410 28.093 27.776 27.458 27.140 26.822 26.504 26.185 25.866 25.546 25.226 24.906 24.586 24.265 23.943 23.622 23.300 22.977 22.654 22.331 22.007 21.683 21.358 21.033 20.707 20.381 20.054 19.727 19.400 19.072 18.743 18.414 18.084 17.754 17.423 17.091 16.759 16.426 16.093 15.759 15.425 15.089 14.753 14.417 14.080 13.742 13.403 13.064 12.724 12.383 12.041 11.699 11.355 
35.567 35.256 34.944 34.633 34.321 34.009 33.696 33.383 33.070 32.757 32.443 32.129 31.815 31.501 31.186 30.871 30.555 30.240 29.923 29.607 29.290 28.973 28.656 28.338 28.020 27.702 27.383 27.064 26.744 26.424 26.104 25.784 25.463 25.141 24.819 24.497 24.175 23.851 23.528 23.204 22.880 22.555 22.230 21.904 21.578 21.251 20.924 20.596 20.268 19.939 19.610 19.280 18.950 18.619 18.287 17.955 17.623 17.289 16.956 16.621 16.286 15.950 15.614 15.277 14.939 14.601 14.262 13.922 13.582 13.241 12.899 12.556 12.213 11.869 11.524 11.178 
35.497 35.186 34.875 34.563 34.251 33.939 33.626 33.313 33.000 32.686 32.372 32.057 31.743 31.427 31.112 30.796 30.480 30.163 29.847 29.529 29.212 28.894 28.575 28.257 27.937 27.618 27.298 26.978 26.657 26.336 26.014 25.692 25.370 25.047 24.724 24.400 24.076 23.751 23.426 23.101 22.775 22.448 22.121 21.794 21.466 21.137 20.808 20.479 20.149 19.818 19.487 19.155 18.823 18.490 18.156 17.822 17.487 17.152 16.816 16.479 16.142 15.804 15.466 15.127 14.787 14.446 14.105 13.763 13.420 13.077 12.733 12.388 12.042 11.696 11.349 11.001 
35.418 35.107 34.795 34.484 34.171 33.859 33.546 33.233 32.919 32.605 32.290 31.975 31.660 31.344 31.028 30.712 30.395 30.078 29.760 29.442 29.124 28.805 28.486 28.166 27.846 27.526 27.205 26.883 26.561 26.239 25.916 25.593 25.269 24.945 24.621 24.296 23.970 23.644 23.318 22.991 22.663 22.335 22.006 21.677 21.348 21.018 20.687 20.356 20.024 19.691 19.358 19.025 18.691 18.356 18.021 17.685 17.348 17.011 16.673 16.334 15.995 15.655 15.315 14.974 14.632 14.289 13.946 13.602 13.257 12.912 12.566 12.219 11.871 11.522 11.173 10.823 
35.329 35.018 34.707 34.395 34.083 33.770 33.457 33.143 32.829 32.515 32.200 31.885 31.569 31.253 30.936 30.619 30.302 29.984 29.666 29.347 29.028 28.708 28.388 28.068 27.747 27.425 27.103 26.781 26.458 26.135 25.811 25.487 25.162 24.836 24.511 24.184 23.858 23.530 23.202 22.874 22.545 22.216 21.886 21.555 21.224 20.892 20.560 20.227 19.894 19.560 19.225 18.890 18.554 18.218 17.881 17.543 17.205 16.866 16.526 16.186 15.845 15.504 15.161 14.818 14.475 14.130 13.785 13.439 13.093 12.745 12.397 12.049 11.699 11.349 10.998 10.646 
35.233 34.921 34.610 34.298 33.985 33.673 33.359 33.045 32.731 32.416 32.101 31.786 31.469 31.153 30.836 30.518 30.200 29.882 29.563 29.244 28.924 28.604 28.283 27.962 27.640 27.318 26.995 26.672 26.348 26.023 25.699 25.373 25.048 24.721 24.394 24.067 23.739 23.410 23.081 22.752 22.422 22.091 21.760 21.428 21.095 20.762 20.429 20.095 19.760 19.424 19.088 18.752 18.414 18.076 17.738 17.399 17.059 16.718 16.377 16.035 15.693 15.349 15.006 14.661 14.316 13.970 13.623 13.275 12.927 12.578 12.228 11.878 11.527 11.175 10.822 10.468 
35.128 34.817 34.506 34.193 33.881 33.568 33.254 32.940 32.626 32.311 31.995 31.679 31.363 31.046 30.728 30.411 30.092 29.773 29.454 29.134 28.813 28.492 28.171 27.849 27.526 27.203 26.880 26.556 26.231 25.906 25.580 25.254 24.927 24.600 24.272 23.944 23.615 23.285 22.955 22.624 22.293 21.961 21.629 21.296 20.962 20.628 20.293 19.958 19.622 19.285 18.947 18.609 18.271 17.932 17.592 17.251 16.910 16.568 16.225 15.882 15.538 15.193 14.848 14.502 14.155 13.807 13.459 13.110 12.760 12.410 12.059 11.707 11.354 11.000 10.646 10.291 
35.017 34.706 34.394 34.082 33.769 33.456 33.143 32.828 32.514 32.198 31.883 31.566 31.250 30.932 30.614 30.296 29.977 29.658 29.338 29.017 28.696 28.375 28.053 27.730 27.407 27.083 26.759 26.434 26.109 25.783 25.457 25.130 24.802 24.474 24.145 23.816 23.486 23.155 22.824 22.492 22.160 21.827 21.494 21.160 20.825 20.489 20.153 19.817 19.480 19.142 18.803 18.464 18.124 17.784 17.442 17.101 16.758 16.415 16.071 15.726 15.381 15.035 14.688 14.341 13.993 13.644 13.294 12.944 12.593 12.241 11.888 11.535 11.181 10.826 10.470 10.113 
34.900 34.589 34.277 33.965 33.652 33.339 33.025 32.710 32.395 32.080 31.764 31.447 31.130 30.813 30.495 30.176 29.857 29.537 29.216 28.895 28.574 28.252 27.929 27.606 27.282 26.958 26.633 26.308 25.982 25.655 25.328 25.000 24.672 24.343 24.013 23.683 23.352 23.021 22.689 22.356 22.023 21.689 21.355 21.019 20.684 20.347 20.010 19.673 19.334 18.995 18.656 18.315 17.974 17.633 17.291 16.948 16.604 16.259 15.914 15.569 15.222 14.875 14.527 14.178 13.829 13.479 13.128 12.776 12.424 12.071 11.717 11.362 11.007 10.651 10.294  9.936 
34.777 34.466 34.154 33.842 33.529 33.215 32.901 32.587 32.272 31.956 31.640 31.323 31.006 30.688 30.369 30.050 29.731 29.410 29.090 28.768 28.446 28.124 27.801 27.477 27.153 26.828 26.502 26.176 25.849 25.522 25.194 24.866 24.537 24.207 23.877 23.546 23.214 22.882 22.549 22.216 21.882 21.547 21.212 20.876 20.539 20.202 19.864 19.525 19.186 18.846 18.506 18.164 17.822 17.480 17.136 16.792 16.447 16.102 15.756 15.409 15.061 14.713 14.364 14.014 13.664 13.313 12.961 12.608 12.254 11.900 11.545 11.189 10.833 10.476 10.117  9.759 
34.649 34.338 34.026 33.713 33.400 33.087 32.773 32.458 32.143 31.827 31.511 31.194 30.876 30.558 30.239 29.920 29.600 29.279 28.958 28.636 28.314 27.991 27.667 27.343 27.018 26.693 26.367 26.040 25.713 25.385 25.057 24.728 24.398 24.068 23.737 23.405 23.073 22.740 22.406 22.072 21.737 21.402 21.066 20.729 20.392 20.054 19.715 19.375 19.035 18.694 18.353 18.011 17.668 17.324 16.980 16.635 16.289 15.943 15.596 15.248 14.899 14.550 14.200 13.849 13.498 13.145 12.792 12.439 12.084 11.729 11.373 11.016 10.659 10.300  9.941  9.581 
34.516 34.205 33.893 33.581 33.268 32.954 32.640 32.325 32.010 31.694 31.377 31.060 30.742 30.424 30.104 29.785 29.465 29.144 28.822 28.500 28.177 27.854 27.530 27.205 26.880 26.554 26.228 25.901 25.573 25.245 24.916 24.586 24.256 23.925 23.593 23.261 22.928 22.595 22.260 21.925 21.590 21.254 20.917 20.579 20.241 19.902 19.563 19.223 18.882 18.540 18.198 17.855 17.511 17.167 16.821 16.476 16.129 15.782 15.434 15.085 14.736 14.386 14.035 13.683 13.331 12.977 12.623 12.269 11.913 11.557 11.200 10.842 10.484 10.125  9.765  9.404 
34.379 34.068 33.756 33.444 33.131 32.817 32.503 32.188 31.872 31.556 31.239 30.922 30.604 30.285 29.966 29.646 29.325 29.004 28.682 28.360 28.037 27.713 27.389 27.064 26.738 26.412 26.085 25.758 25.429 25.101 24.771 24.441 24.110 23.779 23.446 23.114 22.780 22.446 22.111 21.776 21.440 21.103 20.765 20.427 20.088 19.749 19.409 19.068 18.726 18.384 18.041 17.697 17.352 17.007 16.661 16.315 15.967 15.619 15.271 14.921 14.571 14.220 13.868 13.516 13.162 12.808 12.454 12.098 11.742 11.385 11.027 10.668 10.309  9.949  9.588  9.226 
34.238 33.927 33.615 33.303 32.990 32.676 32.362 32.047 31.731 31.415 31.098 30.780 30.462 30.143 29.824 29.504 29.183 28.861 28.539 28.216 27.893 27.569 27.244 26.919 26.593 26.266 25.939 25.611 25.283 24.953 24.623 24.293 23.961 23.629 23.297 22.964 22.630 22.295 21.960 21.624 21.287 20.949 20.611 20.273 19.933 19.593 19.252 18.911 18.568 18.225 17.882 17.537 17.192 16.846 16.500 16.152 15.804 15.455 15.106 14.756 14.405 14.053 13.701 13.347 12.993 12.639 12.283 11.927 11.570 11.212 10.853 10.494 10.134  9.773  9.411  9.049 
34.094 33.783 33.471 33.159 32.846 32.532 32.217 31.902 31.586 31.270 30.953 30.635 30.317 29.998 29.678 29.358 29.037 28.715 28.393 28.070 27.746 27.422 27.097 26.771 26.445 26.118 25.790 25.462 25.133 24.803 24.473 24.142 23.810 23.478 23.145 22.811 22.476 22.141 21.805 21.469 21.132 20.794 20.455 20.116 19.776 19.435 19.094 18.752 18.409 18.065 17.721 17.376 17.030 16.684 16.336 15.988 15.640 15.290 14.940 14.589 14.238 13.885 13.532 13.178 12.824 12.468 12.112 11.755 11.397 11.039 10.679 10.319  9.959  9.597  9.235  8.871 
33.947 33.636 33.324 33.012 32.698 32.384 32.070 31.755 31.439 31.122 30.805 30.487 30.169 29.850 29.530 29.209 28.888 28.566 28.243 27.920 27.596 27.272 26.946 26.621 26.294 25.967 25.639 25.310 24.981 24.651 24.320 23.988 23.656 23.324 22.990 22.656 22.321 21.985 21.649 21.312 20.975 20.636 20.297 19.957 19.617 19.275 18.934 18.591 18.247 17.903 17.558 17.213 16.867 16.520 16.172 15.823 15.474 15.124 14.773 14.422 14.070 13.717 13.363 13.008 12.653 12.297 11.940 11.583 11.224 10.865 10.505 10.145  9.783  9.421  9.058  8.694 
33.797 33.486 33.174 32.861 32.548 32.234 31.920 31.604 31.288 30.972 30.654 30.336 30.018 29.698 29.378 29.058 28.736 28.414 28.091 27.768 27.444 27.119 26.794 26.467 26.140 25.813 25.485 25.156 24.826 24.496 24.165 23.833 23.500 23.167 22.833 22.499 22.164 21.828 21.491 21.154 20.815 20.477 20.137 19.797 19.456 19.114 18.772 18.429 18.085 17.740 17.395 17.049 16.702 16.354 16.006 15.657 15.307 14.957 14.605 14.253 13.901 13.547 13.193 12.838 12.482 12.125 11.768 11.410 11.051 10.691 10.331  9.969  9.607  9.245  8.881  8.517 
33.645 33.333 33.021 32.709 32.396 32.082 31.767 31.452 31.135 30.819 30.501 30.183 29.864 29.545 29.225 28.904 28.582 28.260 27.937 27.613 27.289 26.964 26.638 26.312 25.985 25.657 25.328 24.999 24.669 24.339 24.007 23.675 23.342 23.009 22.675 22.340 22.004 21.668 21.331 20.993 20.655 20.315 19.975 19.635 19.293 18.951 18.608 18.265 17.921 17.576 17.230 16.883 16.536 16.188 15.839 15.490 15.139 14.788 14.437 14.084 13.731 13.377 13.022 12.666 12.310 11.953 11.595 11.236 10.877 10.517 10.156  9.794  9.432  9.068  8.704  8.339 
33.490 33.178 32.866 32.554 32.241 31.926 31.612 31.296 30.980 30.663 30.346 30.028 29.709 29.389 29.069 28.748 28.426 28.104 27.781 27.457 27.132 26.807 26.481 26.154 25.827 25.499 25.170 24.841 24.511 24.180 23.848 23.516 23.183 22.849 22.514 22.179 21.843 21.507 21.169 20.831 20.492 20.153 19.812 19.471 19.130 18.787 18.444 18.100 17.755 17.410 17.064 16.717 16.369 16.020 15.671 15.321 14.971 14.619 14.267 13.914 13.560 13.206 12.851 12.495 12.138 11.780 11.422 11.063 10.703 10.342  9.981  9.619  9.255  8.892  8.527  8.162 
33.333 33.021 32.709 32.397 32.083 31.769 31.455 31.139 30.823 30.506 30.188 29.870 29.551 29.231 28.911 28.590 28.268 27.945 27.622 27.298 26.973 26.648 26.322 25.995 25.668 25.339 25.010 24.681 24.350 24.019 23.687 23.355 23.021 22.687 22.352 22.017 21.681 21.344 21.006 20.668 20.328 19.989 19.648 19.307 18.965 18.622 18.278 17.934 17.589 17.243 16.896 16.549 16.201 15.852 15.503 15.152 14.801 14.449 14.097 13.743 13.389 13.034 12.679 12.322 11.965 11.607 11.248 10.889 10.528 10.167  9.805  9.443  9.079  8.715  8.350  7.984 
33.174 32.862 32.550 32.238 31.924 31.610 31.296 30.980 30.664 30.347 30.029 29.711 29.392 29.072 28.751 28.430 28.108 27.785 27.462 27.138 26.813 26.487 26.161 25.834 25.506 25.178 24.849 24.519 24.188 23.857 23.525 23.192 22.858 22.524 22.189 21.853 21.517 21.180 20.842 20.503 20.163 19.823 19.482 19.141 18.798 18.455 18.111 17.767 17.421 17.075 16.728 16.380 16.032 15.683 15.333 14.982 14.631 14.279 13.926 13.572 13.217 12.862 12.506 12.149 11.792 11.433 11.074 10.714 10.354  9.992  9.630  9.267  8.903  8.538  8.173  7.807 
33.013 32.702 32.390 32.077 31.764 31.450 31.135 30.819 30.503 30.186 29.868 29.550 29.230 28.911 28.590 28.269 27.946 27.624 27.300 26.976 26.651 26.325 25.999 25.672 25.344 25.015 24.686 24.355 24.025 23.693 23.361 23.028 22.694 22.359 22.024 21.688 21.352 21.014 20.676 20.337 19.997 19.657 19.316 18.974 18.631 18.288 17.943 17.598 17.253 16.906 16.559 16.211 15.862 15.513 15.163 14.812 14.460 14.107 13.754 13.400 13.045 12.690 12.333 11.976 11.618 11.259 10.900 10.540 10.179  9.817  9.454  9.091  8.727  8.362  7.996  7.629 
32.851 32.540 32.228 31.915 31.601 31.287 30.972 30.657 30.340 30.023 29.706 29.387 29.068 28.748 28.427 28.106 27.783 27.460 27.137 26.812 26.487 26.161 25.835 25.508 25.179 24.851 24.521 24.191 23.860 23.528 23.196 22.862 22.528 22.194 21.858 21.522 21.185 20.848 20.509 20.170 19.830 19.489 19.148 18.806 18.463 18.119 17.775 17.429 17.083 16.737 16.389 16.041 15.692 15.342 14.992 14.640 14.288 13.936 13.582 13.228 12.872 12.517 12.160 11.802 11.444 11.085 10.725 10.365 10.003  9.641  9.278  8.915  8.550  8.185  7.819  7.452 
32.687 32.376 32.064 31.751 31.438 31.124 30.809 30.493 30.177 29.859 29.542 29.223 28.904 28.584 28.263 27.941 27.619 27.296 26.972 26.648 26.322 25.996 25.670 25.342 25.014 24.685 24.356 24.025 23.694 23.362 23.029 22.696 22.362 22.027 21.691 21.355 21.018 20.680 20.341 20.002 19.662 19.321 18.979 18.637 18.294 17.950 17.605 17.260 16.913 16.566 16.219 15.870 15.521 15.171 14.820 14.469 14.116 13.763 13.409 13.055 12.699 12.343 11.986 11.628 11.270 10.911 10.551 10.190  9.828  9.466  9.102  8.738  8.374  8.008  7.642  7.275 
32.522 32.211 31.899 31.586 31.273 30.959 30.644 30.328 30.011 29.694 29.376 29.058 28.738 28.418 28.097 27.776 27.453 27.130 26.806 26.482 26.156 25.830 25.504 25.176 24.848 24.519 24.189 23.858 23.527 23.195 22.862 22.529 22.194 21.859 21.523 21.187 20.849 20.511 20.173 19.833 19.493 19.152 18.810 18.467 18.124 17.780 17.435 17.089 16.743 16.395 16.048 15.699 15.349 14.999 14.648 14.296 13.944 13.590 13.236 12.881 12.526 12.169 11.812 11.454 11.095 10.736 10.375 10.014  9.652  9.290  8.926  8.562  8.197  7.831  7.465  7.097 
32.356 32.045 31.733 31.420 31.107 30.792 30.477 30.162 29.845 29.528 29.210 28.891 28.572 28.252 27.931 27.609 27.287 26.963 26.639 26.315 25.989 25.663 25.336 25.009 24.680 24.351 24.021 23.690 23.359 23.027 22.694 22.360 22.026 21.690 21.354 21.018 20.680 20.342 20.003 19.663 19.323 18.982 18.640 18.297 17.953 17.609 17.264 16.918 16.571 16.224 15.876 15.527 15.177 14.827 14.475 14.123 13.771 13.417 13.063 12.708 12.352 11.995 11.638 11.280 10.921 10.561 10.200  9.839  9.477  9.114  8.750  8.386  8.020  7.654  7.287  6.920 
32.189 31.878 31.566 31.253 30.939 30.625 30.310 29.994 29.678 29.361 29.043 28.724 28.404 28.084 27.763 27.441 27.119 26.796 26.472 26.147 25.821 25.495 25.168 24.840 24.512 24.182 23.852 23.522 23.190 22.858 22.525 22.191 21.856 21.521 21.185 20.848 20.510 20.172 19.833 19.493 19.152 18.811 18.469 18.126 17.782 17.437 17.092 16.746 16.399 16.052 15.703 15.354 15.004 14.654 14.302 13.950 13.597 13.243 12.889 12.534 12.178 11.821 11.463 11.105 10.745 10.385 10.025  9.663  9.301  8.938  8.574  8.209  7.844  7.477  7.110  6.742 
32.021 31.710 31.398 31.085 30.771 30.457 30.142 29.826 29.510 29.192 28.874 28.556 28.236 27.916 27.595 27.273 26.950 26.627 26.303 25.978 25.652 25.326 24.999 24.671 24.342 24.013 23.683 23.352 23.020 22.688 22.355 22.021 21.686 21.351 21.014 20.677 20.340 20.001 19.662 19.322 18.981 18.639 18.297 17.954 17.610 17.266 16.920 16.574 16.227 15.879 15.531 15.181 14.831 14.481 14.129 13.777 13.423 13.069 12.715 12.359 12.003 11.646 11.288 10.930 10.570 10.210  9.849  9.487  9.125  8.761  8.397  8.032  7.667  7.300  6.933  6.565 
31.852 31.541 31.229 30.916 30.602 30.288 29.973 29.657 29.341 29.023 28.705 28.386 28.067 27.746 27.425 27.103 26.781 26.457 26.133 25.808 25.483 25.156 24.829 24.501 24.172 23.843 23.513 23.182 22.850 22.517 22.184 21.850 21.515 21.180 20.843 20.506 20.168 19.830 19.490 19.150 18.809 18.468 18.125 17.782 17.438 17.093 16.747 16.401 16.054 15.706 15.357 15.008 14.658 14.307 13.955 13.603 13.249 12.895 12.540 12.185 11.828 11.471 11.113 10.754 10.395 10.034  9.673  9.311  8.949  8.585  8.221  7.856  7.490  7.123  6.756  6.387 
31.682 31.371 31.059 30.746 30.432 30.118 29.803 29.487 29.171 28.853 28.535 28.216 27.897 27.576 27.255 26.933 26.611 26.287 25.963 25.638 25.312 24.986 24.658 24.330 24.002 23.672 23.342 23.011 22.679 22.346 22.013 21.679 21.344 21.008 20.672 20.335 19.997 19.658 19.318 18.978 18.637 18.295 17.953 17.609 17.265 16.920 16.574 16.228 15.881 15.533 15.184 14.834 14.484 14.133 13.781 13.428 13.075 12.721 12.366 12.010 11.653 11.296 10.938 10.579 10.219  9.858  9.497  9.135  8.772  8.409  8.044  7.679  7.313  6.946  6.578  6.210 
31.512 31.200 30.888 30.575 30.262 29.948 29.632 29.317 29.000 28.683 28.365 28.046 27.726 27.406 27.084 26.762 26.440 26.116 25.792 25.467 25.141 24.815 24.487 24.159 23.830 23.501 23.170 22.839 22.507 22.175 21.841 21.507 21.172 20.836 20.500 20.162 19.824 19.485 19.146 18.805 18.464 18.122 17.780 17.436 17.092 16.747 16.401 16.054 15.707 15.359 15.010 14.660 14.310 13.958 13.606 13.254 12.900 12.546 12.191 11.835 11.478 11.120 10.762 10.403 10.043  9.682  9.321  8.959  8.596  8.232  7.867  7.502  7.136  6.769  6.401  6.033 
31.340 31.029 30.717 30.404 30.091 29.776 29.461 29.145 28.829 28.511 28.193 27.874 27.555 27.234 26.913 26.591 26.268 25.945 25.620 25.295 24.969 24.643 24.315 23.987 23.658 23.329 22.998 22.667 22.335 22.002 21.669 21.334 20.999 20.664 20.327 19.990 19.651 19.312 18.973 18.632 18.291 17.949 17.606 17.263 16.918 16.573 16.227 15.880 15.533 15.185 14.836 14.486 14.135 13.784 13.432 13.079 12.725 12.371 12.015 11.659 11.302 10.945 10.586 10.227  9.867  9.506  9.145  8.782  8.419  8.055  7.691  7.325  6.959  6.592  6.224  5.855 
31.169 30.857 30.545 30.233 29.919 29.605 29.290 28.974 28.657 28.340 28.021 27.702 27.383 27.062 26.741 26.419 26.096 25.773 25.448 25.123 24.797 24.471 24.143 23.815 23.486 23.156 22.826 22.494 22.162 21.830 21.496 21.162 20.826 20.490 20.154 19.816 19.478 19.139 18.799 18.459 18.117 17.775 17.432 17.089 16.744 16.399 16.053 15.706 15.359 15.010 14.661 14.311 13.960 13.609 13.257 12.904 12.550 12.195 11.840 11.484 11.127 10.769 10.410 10.051  9.691  9.330  8.968  8.606  8.243  7.879  7.514  7.148  6.782  6.415  6.047  5.678 
30.996 30.685 30.373 30.060 29.747 29.432 29.117 28.801 28.485 28.167 27.849 27.530 27.210 26.890 26.568 26.246 25.924 25.600 25.276 24.950 24.624 24.298 23.970 23.642 23.313 22.983 22.653 22.321 21.989 21.656 21.323 20.988 20.653 20.317 19.980 19.643 19.304 18.965 18.625 18.285 17.943 17.601 17.258 16.914 16.570 16.225 15.878 15.532 15.184 14.835 14.486 14.136 13.785 13.434 13.081 12.728 12.374 12.020 11.664 11.308 10.951 10.593 10.234  9.875  9.515  9.154  8.792  8.429  8.066  7.702  7.337  6.971  6.605  6.237  5.869  5.500 
30.824 30.512 30.200 29.887 29.574 29.260 28.944 28.629 28.312 27.994 27.676 27.357 27.037 26.717 26.396 26.073 25.751 25.427 25.102 24.777 24.451 24.125 23.797 23.469 23.140 22.810 22.479 22.148 21.816 21.483 21.149 20.815 20.479 20.143 19.806 19.469 19.130 18.791 18.451 18.111 17.769 17.427 17.084 16.740 16.395 16.050 15.704 15.357 15.009 14.660 14.311 13.961 13.610 13.258 12.906 12.553 12.199 11.844 11.488 11.132 10.775 10.417 10.058  9.699  9.338  8.977  8.615  8.253  7.889  7.525  7.160  6.794  6.427  6.060  5.692  5.323 
30.650 30.339 30.027 29.714 29.401 29.086 28.771 28.455 28.139 27.821 27.503 27.184 26.864 26.543 26.222 25.900 25.577 25.253 24.929 24.604 24.278 23.951 23.623 23.295 22.966 22.636 22.305 21.974 21.642 21.309 20.975 20.640 20.305 19.969 19.632 19.295 18.956 18.617 18.277 17.936 17.594 17.252 16.909 16.565 16.220 15.875 15.529 15.182 14.834 14.485 14.136 13.786 13.435 13.083 12.730 12.377 12.023 11.668 11.312 10.956 10.599 10.241  9.882  9.522  9.162  8.801  8.439  8.076  7.712  7.348  6.983  6.617  6.250  5.883  5.515  5.145 
30.477 30.166 29.854 29.541 29.227 28.913 28.598 28.282 27.965 27.647 27.329 27.010 26.690 26.370 26.048 25.726 25.403 25.080 24.755 24.430 24.104 23.777 23.449 23.121 22.792 22.462 22.131 21.800 21.468 21.135 20.801 20.466 20.131 19.795 19.458 19.120 18.781 18.442 18.102 17.761 17.420 17.077 16.734 16.390 16.045 15.700 15.353 15.006 14.658 14.310 13.960 13.610 13.259 12.907 12.555 12.201 11.847 11.492 11.136 10.780 10.423 10.064  9.706  9.346  8.985  8.624  8.262  7.899  7.536  7.171  6.806  6.440  6.073  5.706  5.337  4.968 
30.303 29.992 29.680 29.367 29.053 28.739 28.424 28.108 27.791 27.473 27.155 26.836 26.516 26.196 25.874 25.552 25.229 24.905 24.581 24.256 23.930 23.603 23.275 22.947 22.618 22.288 21.957 21.625 21.293 20.960 20.626 20.291 19.956 19.620 19.283 18.945 18.607 18.267 17.927 17.586 17.245 16.902 16.559 16.215 15.870 15.524 15.178 14.831 14.483 14.134 13.785 13.434 13.083 12.731 12.379 12.025 11.671 11.316 10.960 10.604 10.246  9.888  9.529  9.169  8.809  8.447  8.085  7.722  7.359  6.994  6.629  6.263  5.896  5.528  5.160  4.791 
30.129 29.817 29.505 29.192 28.879 28.564 28.249 27.933 27.617 27.299 26.981 26.662 26.342 26.021 25.700 25.378 25.055 24.731 24.406 24.081 23.755 23.428 23.101 22.772 22.443 22.113 21.782 21.451 21.118 20.785 20.451 20.117 19.781 19.445 19.108 18.770 18.431 18.092 17.752 17.411 17.069 16.727 16.383 16.039 15.694 15.349 15.002 14.655 14.307 13.958 13.609 13.258 12.907 12.555 12.203 11.849 11.495 11.140 10.784 10.427 10.070  9.711  9.352  8.993  8.632  8.271  7.908  7.545  7.182  6.817  6.452  6.086  5.719  5.351  4.982  4.613 
29.954 29.643 29.331 29.018 28.704 28.390 28.075 27.759 27.442 27.125 26.806 26.487 26.167 25.847 25.525 25.203 24.880 24.556 24.232 23.906 23.580 23.253 22.926 22.597 22.268 21.938 21.607 21.276 20.943 20.610 20.276 19.941 19.606 19.270 18.933 18.595 18.256 17.917 17.576 17.235 16.894 16.551 16.208 15.864 15.519 15.173 14.827 14.479 14.131 13.782 13.433 13.082 12.731 12.379 12.026 11.673 11.318 10.963 10.607 10.251  9.893  9.535  9.176  8.816  8.455  8.094  7.732  7.369  7.005  6.640  6.275  5.908  5.541  5.174  4.805  4.436 
29.779 29.468 29.156 28.843 28.529 28.215 27.900 27.584 27.267 26.950 26.631 26.312 25.992 25.672 25.350 25.028 24.705 24.381 24.057 23.731 23.405 23.078 22.751 22.422 22.093 21.763 21.432 21.100 20.768 20.435 20.101 19.766 19.431 19.094 18.757 18.419 18.081 17.741 17.401 17.060 16.718 16.375 16.032 15.688 15.343 14.997 14.651 14.303 13.955 13.606 13.257 12.906 12.555 12.203 11.850 11.496 11.142 10.787 10.431 10.074  9.717  9.358  8.999  8.639  8.278  7.917  7.555  7.192  6.828  6.463  6.097  5.731  5.364  4.996  4.628  4.258 
29.604 29.293 28.981 28.668 28.354 28.040 27.725 27.409 27.092 26.775 26.456 26.137 25.817 25.497 25.175 24.853 24.530 24.206 23.881 23.556 23.230 22.903 22.575 22.247 21.917 21.587 21.257 20.925 20.592 20.259 19.925 19.591 19.255 18.919 18.581 18.244 17.905 17.565 17.225 16.884 16.542 16.200 15.856 15.512 15.167 14.821 14.475 14.127 13.779 13.430 13.080 12.730 12.379 12.027 11.674 11.320 10.966 10.610 10.254  9.897  9.540  9.181  8.822  8.462  8.102  7.740  7.378  7.014  6.651  6.286  5.920  5.554  5.187  4.819  4.450  4.081 
29.429 29.118 28.806 28.493 28.179 27.865 27.549 27.234 26.917 26.599 26.281 25.962 25.642 25.321 25.000 24.677 24.354 24.031 23.706 23.381 23.054 22.728 22.400 22.071 21.742 21.412 21.081 20.749 20.417 20.084 19.750 19.415 19.079 18.743 18.406 18.068 17.729 17.389 17.049 16.708 16.366 16.023 15.680 15.336 14.991 14.645 14.298 13.951 13.603 13.254 12.904 12.553 12.202 11.850 11.497 11.143 10.789 10.434 10.078  9.721  9.363  9.005  8.645  8.285  7.925  7.563  7.201  6.837  6.473  6.109  5.743  5.377  5.010  4.642  4.273  3.903 
29.253 28.942 28.630 28.317 28.004 27.689 27.374 27.058 26.741 26.424 26.105 25.786 25.466 25.146 24.824 24.502 24.179 23.855 23.530 23.205 22.879 22.552 22.224 21.896 21.566 21.236 20.905 20.574 20.241 19.908 19.574 19.239 18.903 18.567 18.230 17.892 17.553 17.213 16.873 16.532 16.190 15.847 15.504 15.160 14.815 14.469 14.122 13.775 13.426 13.077 12.728 12.377 12.026 11.673 11.321 10.967 10.612 10.257  9.901  9.544  9.186  8.828  8.468  8.108  7.748  7.386  7.024  6.660  6.296  5.931  5.566  5.199  4.832  4.464  4.096  3.726 
29.078 28.766 28.454 28.142 27.828 27.513 27.198 26.882 26.566 26.248 25.930 25.610 25.291 24.970 24.648 24.326 24.003 23.679 23.355 23.029 22.703 22.376 22.048 21.720 21.390 21.060 20.729 20.398 20.065 19.732 19.398 19.063 18.727 18.391 18.054 17.716 17.377 17.037 16.697 16.356 16.014 15.671 15.328 14.983 14.638 14.292 13.946 13.598 13.250 12.901 12.551 12.200 11.849 11.497 11.144 10.790 10.436 10.080  9.724  9.367  9.009  8.651  8.292  7.931  7.571  7.209  6.846  6.483  6.119  5.754  5.389  5.022  4.655  4.287  3.918  3.549 
28.902 28.591 28.279 27.966 27.652 27.338 27.022 26.706 26.390 26.072 25.754 25.435 25.115 24.794 24.472 24.150 23.827 23.503 23.179 22.853 22.527 22.200 21.872 21.544 21.214 20.884 20.553 20.221 19.889 19.556 19.222 18.887 18.551 18.215 17.877 17.539 17.201 16.861 16.521 16.179 15.837 15.495 15.151 14.807 14.462 14.116 13.769 13.422 13.073 12.724 12.374 12.024 11.672 11.320 10.967 10.613 10.259  9.903  9.547  9.190  8.832  8.474  8.115  7.754  7.393  7.032  6.669  6.306  5.942  5.577  5.211  4.845  4.478  4.110  3.741  3.371 
28.726 28.415 28.103 27.790 27.476 27.162 26.846 26.530 26.214 25.896 25.578 25.259 24.939 24.618 24.296 23.974 23.651 23.327 23.003 22.677 22.351 22.024 21.696 21.367 21.038 20.708 20.377 20.045 19.713 19.379 19.045 18.710 18.375 18.038 17.701 17.363 17.024 16.685 16.344 16.003 15.661 15.318 14.975 14.630 14.285 13.939 13.592 13.245 12.897 12.548 12.198 11.847 11.496 11.143 10.790 10.436 10.082  9.726  9.370  9.013  8.655  8.297  7.938  7.577  7.216  6.855  6.492  6.129  5.765  5.400  5.034  4.668  4.300  3.932  3.563  3.194 
28.550 28.238 27.926 27.614 27.300 26.986 26.670 26.354 26.038 25.720 25.402 25.082 24.762 24.442 24.120 23.798 23.475 23.151 22.826 22.501 22.175 21.848 21.520 21.191 20.862 20.532 20.201 19.869 19.536 19.203 18.869 18.534 18.198 17.862 17.525 17.187 16.848 16.508 16.168 15.826 15.484 15.142 14.798 14.454 14.108 13.763 13.416 13.068 12.720 12.371 12.021 11.670 11.319 10.966 10.613 10.260  9.905  9.549  9.193  8.836  8.478  8.120  7.760  7.400  7.039  6.678  6.315  5.952  5.587  5.223  4.857  4.490  4.123  3.755  3.386  3.016 
28.374 28.062 27.750 27.437 27.124 26.809 26.494 26.178 25.861 25.544 25.225 24.906 24.586 24.265 23.944 23.622 23.299 22.975 22.650 22.325 21.998 21.671 21.343 21.015 20.685 20.355 20.024 19.693 19.360 19.027 18.692 18.358 18.022 17.685 17.348 17.010 16.671 16.331 15.991 15.650 15.308 14.965 14.621 14.277 13.932 13.586 13.239 12.891 12.543 12.194 11.844 11.493 11.142 10.790 10.436 10.083  9.728  9.372  9.016  8.659  8.301  7.943  7.583  7.223  6.862  6.500  6.138  5.774  5.410  5.045  4.679  4.313  3.946  3.577  3.209  2.839 
28.197 27.886 27.574 27.261 26.947 26.633 26.318 26.002 25.685 25.367 25.049 24.730 24.410 24.089 23.768 23.445 23.122 22.798 22.474 22.148 21.822 21.495 21.167 20.838 20.509 20.179 19.848 19.516 19.183 18.850 18.516 18.181 17.845 17.509 17.171 16.833 16.494 16.155 15.814 15.473 15.131 14.788 14.445 14.100 13.755 13.409 13.062 12.715 12.366 12.017 11.667 11.316 10.965 10.613 10.260  9.906  9.551  9.195  8.839  8.482  8.124  7.766  7.406  7.046  6.685  6.323  5.961  5.597  5.233  4.868  4.502  4.136  3.768  3.400  3.031  2.661 
28.021 27.709 27.397 27.085 26.771 26.456 26.141 25.825 25.508 25.191 24.872 24.553 24.233 23.913 23.591 23.269 22.946 22.622 22.297 21.972 21.645 21.318 20.990 20.662 20.332 20.002 19.671 19.339 19.007 18.673 18.339 18.004 17.669 17.332 16.995 16.657 16.318 15.978 15.638 15.296 14.954 14.611 14.268 13.923 13.578 13.232 12.885 12.538 12.189 11.840 11.490 11.139 10.788 10.436 10.082  9.729  9.374  9.018  8.662  8.305  7.947  7.588  7.229  6.869  6.508  6.146  5.783  5.420  5.056  4.691  4.325  3.958  3.591  3.223  2.854  2.484 
27.844 27.533 27.221 26.908 26.594 26.280 25.965 25.649 25.332 25.014 24.696 24.377 24.057 23.736 23.414 23.092 22.769 22.445 22.120 21.795 21.469 21.142 20.814 20.485 20.156 19.825 19.494 19.163 18.830 18.497 18.163 17.828 17.492 17.155 16.818 16.480 16.141 15.801 15.461 15.119 14.777 14.435 14.091 13.746 13.401 13.055 12.708 12.361 12.012 11.663 11.313 10.962 10.611 10.259  9.905  9.552  9.197  8.841  8.485  8.128  7.770  7.411  7.052  6.692  6.330  5.969  5.606  5.243  4.878  4.513  4.148  3.781  3.414  3.045  2.676  2.307 
27.668 27.356 27.044 26.731 26.418 26.103 25.788 25.472 25.155 24.838 24.519 24.200 23.880 23.559 23.238 22.915 22.592 22.268 21.944 21.618 21.292 20.965 20.637 20.308 19.979 19.649 19.318 18.986 18.653 18.320 17.986 17.651 17.315 16.979 16.641 16.303 15.964 15.624 15.284 14.943 14.601 14.258 13.914 13.570 13.224 12.878 12.531 12.184 11.835 11.486 11.136 10.785 10.434 10.082  9.728  9.374  9.020  8.664  8.308  7.951  7.593  7.234  6.875  6.514  6.153  5.791  5.429  5.065  4.701  4.336  3.970  3.604  3.236  2.868  2.499  2.129 
27.491 27.180 26.867 26.555 26.241 25.927 25.611 25.295 24.979 24.661 24.343 24.023 23.703 23.383 23.061 22.739 22.416 22.092 21.767 21.442 21.115 20.788 20.460 20.132 19.802 19.472 19.141 18.809 18.477 18.143 17.809 17.474 17.138 16.802 16.464 16.126 15.787 15.447 15.107 14.766 14.424 14.081 13.737 13.393 13.047 12.701 12.354 12.007 11.658 11.309 10.959 10.608 10.257  9.904  9.551  9.197  8.843  8.487  8.131  7.774  7.416  7.057  6.697  6.337  5.976  5.614  5.251  4.888  4.524  4.159  3.793  3.426  3.059  2.691  2.322  1.952 
27.314 27.003 26.691 26.378 26.064 25.750 25.435 25.119 24.802 24.484 24.166 23.847 23.527 23.206 22.884 22.562 22.239 21.915 21.590 21.265 20.938 20.611 20.283 19.955 19.625 19.295 18.964 18.632 18.300 17.966 17.632 17.297 16.961 16.625 16.287 15.949 15.610 15.271 14.930 14.589 14.247 13.904 13.560 13.216 12.870 12.524 12.177 11.830 11.481 11.132 10.782 10.431 10.080  9.727  9.374  9.020  8.665  8.310  7.953  7.596  7.238  6.880  6.520  6.160  5.799  5.437  5.074  4.711  4.346  3.981  3.615  3.249  2.881  2.513  2.144  1.774 
27.137 26.826 26.514 26.201 25.887 25.573 25.258 24.942 24.625 24.307 23.989 23.670 23.350 23.029 22.707 22.385 22.062 21.738 21.413 21.088 20.762 20.434 20.107 19.778 19.448 19.118 18.787 18.455 18.123 17.789 17.455 17.120 16.784 16.448 16.110 15.772 15.433 15.094 14.753 14.412 14.070 13.727 13.383 13.038 12.693 12.347 12.000 11.653 11.304 10.955 10.605 10.254  9.902  9.550  9.197  8.843  8.488  8.133  7.776  7.419  7.061  6.702  6.343  5.983  5.621  5.260  4.897  4.533  4.169  3.804  3.438  3.071  2.704  2.336  1.967  1.597 
26.960 26.649 26.337 26.024 25.710 25.396 25.081 24.765 24.448 24.130 23.812 23.493 23.173 22.852 22.531 22.208 21.885 21.561 21.236 20.911 20.585 20.257 19.930 19.601 19.271 18.941 18.610 18.278 17.946 17.612 17.278 16.943 16.607 16.271 15.933 15.595 15.256 14.916 14.576 14.235 13.893 13.550 13.206 12.861 12.516 12.170 11.823 11.475 11.127 10.778 10.428 10.077  9.725  9.373  9.020  8.666  8.311  7.955  7.599  7.242  6.884  6.525  6.166  5.805  5.444  5.082  4.719  4.356  3.992  3.627  3.261  2.894  2.527  2.158  1.789  1.419 
26.783 26.472 26.160 25.847 25.534 25.219 24.904 24.588 24.271 23.953 23.635 23.316 22.996 22.675 22.354 22.031 21.708 21.384 21.059 20.734 20.408 20.081 19.753 19.424 19.094 18.764 18.433 18.101 17.769 17.435 17.101 16.766 16.430 16.094 15.756 15.418 15.079 14.739 14.399 14.058 13.715 13.372 13.029 12.684 12.339 11.993 11.646 11.298 10.950 10.601 10.251  9.900  9.548  9.196  8.842  8.488  8.134  7.778  7.422  7.065  6.707  6.348  5.988  5.628  5.267  4.905  4.542  4.179  3.814  3.449  3.083  2.717  2.349  1.981  1.612  1.242 
26.606 26.295 25.983 25.670 25.357 25.042 24.727 24.411 24.094 23.776 23.458 23.139 22.819 22.498 22.177 21.854 21.531 21.207 20.882 20.557 20.231 19.903 19.576 19.247 18.917 18.587 18.256 17.924 17.592 17.258 16.924 16.589 16.253 15.917 15.579 15.241 14.902 14.562 14.222 13.880 13.538 13.195 12.852 12.507 12.162 11.816 11.469 11.121 10.773 10.423 10.073  9.723  9.371  9.018  8.665  8.311  7.956  7.601  7.244  6.887  6.529  6.171  5.811  5.451  5.089  4.728  4.365  4.001  3.637  3.272  2.906  2.539  2.172  1.804  1.434  1.065 
26.429 26.118 25.806 25.493 25.180 24.865 24.550 24.234 23.917 23.599 23.281 22.962 22.642 22.321 22.000 21.677 21.354 21.030 20.705 20.380 20.054 19.726 19.399 19.070 18.740 18.410 18.079 17.747 17.415 17.081 16.747 16.412 16.076 15.739 15.402 15.064 14.725 14.385 14.045 13.703 13.361 13.018 12.674 12.330 11.985 11.639 11.292 10.944 10.595 10.246  9.896  9.545  9.194  8.841  8.488  8.134  7.779  7.424  7.067  6.710  6.352  5.993  5.634  5.273  4.912  4.550  4.187  3.824  3.460  3.094  2.729  2.362  1.994  1.626  1.257  0.887 
26.252 25.941 25.629 25.316 25.002 24.688 24.373 24.057 23.740 23.422 23.104 22.785 22.465 22.144 21.822 21.500 21.177 20.853 20.528 20.203 19.876 19.549 19.221 18.893 18.563 18.233 17.902 17.570 17.237 16.904 16.570 16.235 15.899 15.562 15.225 14.887 14.548 14.208 13.867 13.526 13.184 12.841 12.497 12.153 11.807 11.461 11.114 10.767 10.418 10.069  9.719  9.368  9.016  8.664  8.311  7.957  7.602  7.246  6.890  6.533  6.175  5.816  5.456  5.096  4.735  4.373  4.010  3.647  3.282  2.917  2.551  2.184  1.817  1.449  1.080  0.710 
26.075 25.764 25.452 25.139 24.825 24.511 24.196 23.880 23.563 23.245 22.927 22.608 22.288 21.967 21.645 21.323 21.000 20.676 20.351 20.026 19.699 19.372 19.044 18.716 18.386 18.056 17.725 17.393 17.060 16.727 16.393 16.058 15.722 15.385 15.048 14.710 14.371 14.031 13.690 13.349 13.007 12.664 12.320 11.976 11.630 11.284 10.937 10.589 10.241  9.892  9.542  9.191  8.839  8.487  8.133  7.779  7.425  7.069  6.713  6.355  5.997  5.639  5.279  4.919  4.557  4.195  3.833  3.469  3.105  2.740  2.374  2.007  1.640  1.271  0.902  0.532 
25.898 25.587 25.275 24.962 24.648 24.334 24.019 23.703 23.386 23.068 22.750 22.431 22.111 21.790 21.468 21.146 20.823 20.499 20.174 19.848 19.522 19.195 18.867 18.538 18.209 17.879 17.548 17.216 16.883 16.550 16.215 15.880 15.545 15.208 14.871 14.532 14.193 13.854 13.513 13.172 12.829 12.487 12.143 11.798 11.453 11.107 10.760 10.412 10.064  9.714  9.364  9.013  8.662  8.309  7.956  7.602  7.247  6.892  6.535  6.178  5.820  5.461  5.102  4.741  4.380  4.018  3.655  3.292  2.927  2.562  2.196  1.830  1.462  1.094  0.725  0.355 
25.721 25.410 25.098 24.785 24.471 24.157 23.841 23.525 23.209 22.891 22.573 22.253 21.933 21.613 21.291 20.969 20.645 20.322 19.997 19.671 19.345 19.018 18.690 18.361 18.032 17.701 17.370 17.039 16.706 16.372 16.038 15.703 15.367 15.031 14.693 14.355 14.016 13.676 13.336 12.994 12.652 12.309 11.966 11.621 11.276 10.930 10.583 10.235  9.886  9.537  9.187  8.836  8.485  8.132  7.779  7.425  7.070  6.714  6.358  6.001  5.643  5.284  4.924  4.564  4.203  3.841  3.478  3.114  2.750  2.385  2.019  1.652  1.285  0.916  0.547  0.177 
25.544 25.232 24.920 24.608 24.294 23.979 23.664 23.348 23.031 22.714 22.395 22.076 21.756 21.435 21.114 20.791 20.468 20.144 19.820 19.494 19.168 18.841 18.513 18.184 17.855 17.524 17.193 16.861 16.529 16.195 15.861 15.526 15.190 14.853 14.516 14.178 13.839 13.499 13.159 12.817 12.475 12.132 11.788 11.444 11.098 10.752 10.405 10.058  9.709  9.360  9.010  8.659  8.307  7.955  7.601  7.247  6.893  6.537  6.181  5.823  5.465  5.106  4.747  4.387  4.025  3.663  3.301  2.937  2.573  2.208  1.842  1.475  1.107  0.739  0.370  0.000 
25.367 25.055 24.743 24.431 24.117 23.802 23.487 23.171 22.854 22.537 22.219 21.899 21.580 21.259 20.938 20.615 20.292 19.969 19.644 19.319 18.993 18.666 18.339 18.011 17.682 17.352 17.022 16.691 16.360 16.028 15.695 15.362 15.028 14.693 14.358 14.023 13.687 13.351 13.015 12.678 12.341 12.004 11.667 11.329 10.992 10.655 10.318  9.981  9.645  9.309  8.974  8.639  8.306  7.973  7.642  7.311  6.982  6.655  6.329  6.005  5.684  5.364  5.047  4.733  4.421  4.112  3.807  3.505  3.207  2.913  2.623  2.337  2.056  1.779  1.508  1.242 
25.203 24.891 24.580 24.267 23.954 23.640 23.326 23.011 22.695 22.379 22.062 21.745 21.427 21.109 20.790 20.470 20.150 19.830 19.509 19.188 18.866 18.544 18.222 17.899 17.576 17.253 16.929 16.606 16.282 15.959 15.635 15.311 14.988 14.665 14.341 14.019 13.696 13.374 13.053 12.732 12.411 12.092 11.773 11.455 11.139 10.823 10.508 10.195  9.884  9.573  9.265  8.958  8.653  8.350  8.050  7.751  7.455  7.162  6.871  6.583  6.298  6.016  5.737  5.462  5.190  4.922  4.658  4.398  4.143  3.891  3.644  3.402  3.165  2.933  2.706  2.484 
25.098 24.787 24.475 24.164 23.852 23.540 23.227 22.915 22.602 22.289 21.976 21.662 21.349 21.035 20.721 20.407 20.093 19.779 19.465 19.151 18.838 18.524 18.210 17.897 17.584 17.271 16.958 16.646 16.334 16.023 15.713 15.403 15.093 14.785 14.477 14.170 13.864 13.560 13.256 12.953 12.652 12.352 12.054 11.757 11.462 11.169 10.877 10.587 10.300 10.014  9.731  9.450  9.171  8.896  8.622  8.352  8.085  7.820  7.559  7.301  7.046  6.795  6.548  6.304  6.065  5.829  5.598  5.371  5.148  4.930  4.717  4.508  4.305  4.107  3.914  3.726 
25.086 24.775 24.464 24.154 23.844 23.534 23.224 22.914 22.605 22.295 21.987 21.678 21.370 21.062 20.754 20.447 20.140 19.833 19.527 19.222 18.917 18.613 18.309 18.006 17.704 17.402 17.102 16.802 16.503 16.205 15.909 15.613 15.319 15.025 14.733 14.443 14.154 13.866 13.580 13.296 13.013 12.733 12.454 12.177 11.902 11.630 11.360 11.092 10.827 10.564 10.303 10.046  9.791  9.540  9.291  9.046  8.803  8.565  8.329  8.097  7.869  7.645  7.425  7.208  6.996  6.788  6.584  6.385  6.191  6.001  5.816  5.636  5.461  5.291  5.127  4.968 
25.177 24.867 24.557 24.247 23.939 23.631 23.323 23.017 22.711 22.406 22.101 21.797 21.494 21.192 20.891 20.590 20.290 19.992 19.694 19.397 19.101 18.806 18.512 18.220 17.928 17.638 17.349 17.061 16.775 16.490 16.207 15.925 15.645 15.366 15.089 14.814 14.541 14.270 14.001 13.733 13.468 13.205 12.945 12.687 12.431 12.178 11.927 11.679 11.434 11.192 10.953 10.716 10.483 10.253 10.027  9.804  9.584  9.368  9.156  8.947  8.743  8.542  8.345  8.153  7.965  7.781  7.602  7.428  7.258  7.093  6.933  6.778  6.628  6.483  6.344  6.210 
25.370 25.060 24.751 24.443 24.135 23.829 23.525 23.221 22.918 22.617 22.316 22.017 21.719 21.423 21.127 20.833 20.540 20.248 19.958 19.669 19.382 19.096 18.811 18.529 18.247 17.967 17.689 17.413 17.139 16.866 16.595 16.326 16.059 15.794 15.531 15.270 15.012 14.756 14.502 14.250 14.001 13.755 13.511 13.270 13.031 12.796 12.563 12.333 12.107 11.883 11.663 11.446 11.232 11.022 10.816 10.613 10.413 10.218 10.026  9.839  9.655  9.476  9.301  9.130  8.963  8.802  8.644  8.492  8.344  8.201  8.063  7.931  7.803  7.681  7.564  7.452 
25.659 25.349 25.040 24.733 24.428 24.123 23.821 23.520 23.220 22.922 22.626 22.331 22.038 21.746 21.456 21.168 20.881 20.596 20.313 20.032 19.752 19.474 19.198 18.924 18.652 18.382 18.114 17.848 17.585 17.323 17.064 16.806 16.552 16.299 16.049 15.801 15.556 15.314 15.074 14.837 14.603 14.371 14.142 13.917 13.694 13.475 13.258 13.045 12.835 12.629 12.425 12.226 12.030 11.838 11.649 11.464 11.283 11.106 10.934 10.765 10.600 10.440 10.284 10.133  9.986  9.844  9.706  9.574  9.446  9.323  9.205  9.092  8.985  8.882  8.785  8.694 
26.036 25.726 25.418 25.112 24.808 24.505 24.205 23.906 23.609 23.314 23.022 22.731 22.442 22.155 21.870 21.587 21.306 21.027 20.750 20.476 20.203 19.933 19.665 19.399 19.136 18.874 18.616 18.359 18.105 17.854 17.605 17.358 17.115 16.874 16.635 16.400 16.167 15.937 15.710 15.486 15.265 15.047 14.832 14.620 14.412 14.207 14.005 13.807 13.612 13.421 13.234 13.050 12.870 12.694 12.522 12.353 12.189 12.029 11.873 11.721 11.574 11.431 11.293 11.159 11.030 10.905 10.786 10.671 10.561 10.456 10.356 10.261 10.172 10.088 10.009  9.936 
26.494 26.184 25.876 25.571 25.268 24.967 24.668 24.372 24.078 23.786 23.496 23.209 22.924 22.641 22.361 22.082 21.807 21.534 21.263 20.994 20.728 20.465 20.204 19.946 19.690 19.437 19.186 18.939 18.693 18.451 18.212 17.975 17.741 17.511 17.283 17.058 16.836 16.618 16.402 16.190 15.981 15.775 15.573 15.374 15.179 14.987 14.799 14.614 14.433 14.256 14.083 13.913 13.748 13.586 13.429 13.276 13.127 12.982 12.841 12.705 12.573 12.446 12.324 12.206 12.092 11.984 11.880 11.782 11.688 11.599 11.516 11.438 11.365 11.297 11.235 11.178 
27.024 26.715 26.408 26.103 25.801 25.501 25.204 24.910 24.618 24.329 24.042 23.758 23.477 23.198 22.921 22.648 22.377 22.109 21.843 21.580 21.320 21.063 20.809 20.557 20.308 20.063 19.820 19.580 19.343 19.109 18.878 18.650 18.426 18.204 17.986 17.771 17.560 17.351 17.146 16.945 16.747 16.552 16.362 16.174 15.991 15.811 15.635 15.462 15.294 15.130 14.969 14.813 14.660 14.512 14.368 14.228 14.093 13.962 13.835 13.713 13.595 13.482 13.374 13.271 13.172 13.078 12.989 12.905 12.826 12.752 12.684 12.620 12.562 12.509 12.462 12.420 
27.621 27.312 27.005 26.701 26.400 26.102 25.806 25.514 25.224 24.937 24.653 24.372 24.093 23.818 23.545 23.276 23.009 22.745 22.484 22.226 21.971 21.719 21.470 21.224 20.981 20.741 20.505 20.271 20.040 19.813 19.588 19.367 19.149 18.934 18.723 18.514 18.309 18.107 17.908 17.712 17.519 17.330 17.144 16.961 16.781 16.604 16.430 16.259 16.091 15.927 15.765 15.606 15.449 15.296 15.145 14.997 14.851 14.708 14.567 14.428 14.292 14.157 14.025 13.894 13.765 13.638 13.512 13.387 13.263 13.141 13.019 12.899 12.778 12.659 12.539 12.420 
28.267 27.958 27.651 27.348 27.047 26.749 26.454 26.163 25.874 25.588 25.305 25.025 24.747 24.473 24.202 23.933 23.668 23.405 23.145 22.889 22.635 22.384 22.136 21.891 21.648 21.409 21.172 20.939 20.708 20.480 20.255 20.032 19.813 19.596 19.382 19.170 18.962 18.756 18.552 18.352 18.153 17.958 17.765 17.574 17.386 17.200 17.016 16.835 16.656 16.479 16.305 16.132 15.961 15.793 15.626 15.461 15.298 15.136 14.976 14.818 14.660 14.505 14.350 14.197 14.045 13.894 13.744 13.595 13.446 13.298 13.151 13.004 12.858 12.712 12.566 12.420 
28.916 28.606 28.300 27.996 27.695 27.397 27.102 26.809 26.520 26.233 25.949 25.668 25.389 25.114 24.841 24.571 24.304 24.039 23.778 23.519 23.262 23.009 22.758 22.510 22.264 22.021 21.781 21.543 21.308 21.075 20.845 20.617 20.392 20.169 19.949 19.731 19.515 19.302 19.091 18.882 18.675 18.470 18.268 18.068 17.869 17.673 17.478 17.286 17.095 16.906 16.719 16.533 16.349 16.167 15.986 15.806 15.628 15.451 15.276 15.102 14.928 14.756 14.585 14.415 14.246 14.077 13.909 13.742 13.576 13.410 13.244 13.079 12.914 12.749 12.585 12.420 
29.533 29.223 28.916 28.612 28.310 28.012 27.715 27.422 27.131 26.842 26.557 26.273 25.993 25.715 25.440 25.167 24.897 24.629 24.364 24.101 23.841 23.583 23.328 23.075 22.825 22.577 22.331 22.088 21.847 21.608 21.372 21.137 20.905 20.675 20.448 20.222 19.999 19.777 19.557 19.340 19.124 18.910 18.699 18.488 18.280 18.073 17.868 17.665 17.463 17.263 17.064 16.867 16.671 16.476 16.283 16.091 15.900 15.710 15.521 15.334 15.147 14.961 14.776 14.592 14.408 14.225 14.043 13.861 13.680 13.499 13.319 13.139 12.959 12.779 12.600 12.420 
30.104 29.794 29.487 29.182 28.880 28.580 28.283 27.988 27.695 27.405 27.117 26.832 26.549 26.268 25.990 25.714 25.440 25.169 24.900 24.633 24.369 24.107 23.847 23.589 23.334 23.080 22.829 22.580 22.333 22.088 21.845 21.604 21.365 21.128 20.893 20.660 20.429 20.199 19.972 19.746 19.522 19.299 19.078 18.859 18.641 18.425 18.210 17.997 17.785 17.574 17.365 17.157 16.951 16.745 16.540 16.337 16.135 15.933 15.733 15.533 15.335 15.137 14.940 14.743 14.547 14.352 14.157 13.963 13.769 13.576 13.383 13.190 12.997 12.805 12.612 12.420 
30.627 30.317 30.010 29.704 29.401 29.101 28.802 28.505 28.211 27.919 27.629 27.342 27.056 26.773 26.492 26.213 25.936 25.661 25.388 25.118 24.849 24.583 24.318 24.056 23.795 23.537 23.280 23.026 22.773 22.522 22.273 22.026 21.780 21.537 21.295 21.055 20.816 20.579 20.344 20.110 19.878 19.647 19.418 19.190 18.964 18.739 18.515 18.293 18.072 17.852 17.633 17.415 17.199 16.983 16.769 16.556 16.343 16.131 15.920 15.710 15.501 15.293 15.085 14.877 14.670 14.464 14.258 14.053 13.848 13.643 13.439 13.235 13.031 12.827 12.624 12.420 
31.103 30.793 30.486 30.180 29.876 29.574 29.274 28.977 28.681 28.387 28.095 27.806 27.518 27.232 26.948 26.666 26.386 26.108 25.832 25.558 25.285 25.015 24.746 24.479 24.214 23.951 23.689 23.429 23.171 22.915 22.660 22.407 22.156 21.906 21.658 21.411 21.165 20.922 20.679 20.439 20.199 19.961 19.724 19.489 19.254 19.021 18.790 18.559 18.330 18.101 17.874 17.647 17.422 17.198 16.974 16.752 16.530 16.309 16.089 15.869 15.650 15.432 15.214 14.997 14.781 14.565 14.349 14.134 13.919 13.704 13.490 13.275 13.061 12.848 12.634 12.420 
31.536 31.226 30.918 30.611 30.307 30.004 29.704 29.405 29.107 28.812 28.519 28.227 27.937 27.649 27.363 27.078 26.795 26.514 26.235 25.957 25.681 25.407 25.134 24.863 24.594 24.326 24.060 23.795 23.532 23.271 23.011 22.752 22.496 22.240 21.986 21.733 21.482 21.232 20.983 20.736 20.490 20.245 20.001 19.758 19.517 19.277 19.038 18.799 18.562 18.326 18.091 17.857 17.624 17.391 17.159 16.929 16.698 16.469 16.240 16.012 15.785 15.558 15.331 15.106 14.880 14.655 14.431 14.206 13.982 13.759 13.535 13.312 13.089 12.866 12.643 12.420 
31.928 31.618 31.310 31.003 30.698 30.395 30.093 29.793 29.494 29.198 28.903 28.609 28.317 28.027 27.738 27.451 27.166 26.882 26.600 26.319 26.040 25.762 25.486 25.211 24.938 24.666 24.396 24.127 23.860 23.593 23.329 23.065 22.803 22.543 22.283 22.025 21.768 21.513 21.258 21.005 20.753 20.501 20.252 20.003 19.755 19.508 19.262 19.017 18.773 18.530 18.288 18.046 17.806 17.566 17.327 17.089 16.851 16.614 16.377 16.142 15.906 15.672 15.437 15.203 14.970 14.737 14.504 14.272 14.040 13.808 13.576 13.345 13.113 12.882 12.651 12.420 
32.284 31.974 31.665 31.358 31.053 30.749 30.446 30.145 29.845 29.547 29.251 28.956 28.662 28.370 28.079 27.790 27.502 27.216 26.931 26.647 26.365 26.084 25.805 25.527 25.250 24.974 24.700 24.428 24.156 23.886 23.617 23.349 23.082 22.817 22.553 22.290 22.028 21.767 21.507 21.249 20.991 20.734 20.479 20.224 19.970 19.717 19.465 19.214 18.964 18.715 18.466 18.218 17.971 17.724 17.479 17.233 16.989 16.745 16.502 16.259 16.016 15.775 15.533 15.292 15.051 14.811 14.571 14.331 14.092 13.853 13.614 13.375 13.136 12.897 12.659 12.420 
32.607 32.297 31.988 31.680 31.374 31.070 30.766 30.464 30.164 29.864 29.566 29.270 28.975 28.681 28.388 28.097 27.807 27.518 27.231 26.945 26.660 26.376 26.094 25.813 25.533 25.254 24.976 24.700 24.425 24.151 23.878 23.606 23.335 23.066 22.797 22.530 22.263 21.998 21.733 21.470 21.207 20.945 20.684 20.424 20.165 19.907 19.650 19.393 19.137 18.882 18.627 18.374 18.120 17.868 17.616 17.365 17.114 16.864 16.614 16.365 16.116 15.868 15.620 15.372 15.125 14.878 14.632 14.385 14.139 13.893 13.647 13.402 13.156 12.911 12.665 12.420 
32.899 32.589 32.280 31.972 31.666 31.360 31.056 30.754 30.452 30.152 29.852 29.555 29.258 28.962 28.668 28.375 28.083 27.792 27.503 27.214 26.927 26.641 26.356 26.072 25.789 25.507 25.227 24.947 24.669 24.391 24.115 23.839 23.565 23.291 23.019 22.747 22.476 22.207 21.938 21.670 21.403 21.136 20.871 20.606 20.342 20.079 19.817 19.555 19.294 19.033 18.774 18.515 18.256 17.998 17.741 17.484 17.227 16.972 16.716 16.461 16.207 15.952 15.699 15.445 15.192 14.939 14.686 14.434 14.182 13.930 13.678 13.426 13.175 12.923 12.671 12.420 
33.165 32.854 32.545 32.237 31.930 31.624 31.320 31.016 30.713 30.412 30.112 29.813 29.515 29.218 28.922 28.627 28.333 28.041 27.749 27.459 27.169 26.881 26.593 26.307 26.021 25.737 25.454 25.171 24.889 24.609 24.329 24.050 23.773 23.496 23.219 22.944 22.670 22.396 22.123 21.851 21.580 21.310 21.040 20.771 20.503 20.235 19.968 19.702 19.436 19.171 18.906 18.642 18.379 18.116 17.854 17.592 17.330 17.069 16.809 16.548 16.289 16.029 15.770 15.511 15.252 14.994 14.736 14.478 14.221 13.963 13.706 13.448 13.191 12.934 12.677 12.420 
33.405 33.095 32.785 32.477 32.170 31.863 31.558 31.254 30.951 30.648 30.347 30.047 29.748 29.449 29.152 28.856 28.561 28.266 27.973 27.680 27.389 27.098 26.809 26.520 26.232 25.945 25.659 25.374 25.090 24.806 24.524 24.242 23.961 23.681 23.401 23.123 22.845 22.568 22.292 22.016 21.741 21.467 21.193 20.920 20.648 20.376 20.105 19.835 19.565 19.295 19.026 18.758 18.490 18.223 17.956 17.689 17.423 17.158 16.892 16.627 16.363 16.099 15.835 15.571 15.307 15.044 14.781 14.518 14.256 13.993 13.731 13.468 13.206 12.944 12.682 12.420 
33.623 33.312 33.003 32.694 32.387 32.080 31.774 31.469 31.165 30.862 30.560 30.259 29.959 29.659 29.361 29.063 28.766 28.470 28.175 27.881 27.588 27.295 27.004 26.713 26.423 26.134 25.846 25.558 25.271 24.985 24.700 24.416 24.132 23.849 23.566 23.285 23.004 22.724 22.444 22.165 21.887 21.609 21.332 21.056 20.780 20.504 20.230 19.955 19.681 19.408 19.135 18.863 18.591 18.320 18.049 17.778 17.508 17.238 16.968 16.699 16.430 16.162 15.893 15.625 15.357 15.089 14.822 14.555 14.287 14.020 13.754 13.487 13.220 12.953 12.687 12.420 
33.820 33.510 33.200 32.892 32.584 32.277 31.970 31.665 31.360 31.056 30.753 30.451 30.150 29.850 29.550 29.251 28.953 28.656 28.359 28.063 27.768 27.474 27.181 26.888 26.596 26.305 26.015 25.725 25.436 25.147 24.860 24.573 24.287 24.001 23.716 23.432 23.148 22.865 22.582 22.300 22.019 21.738 21.458 21.178 20.899 20.620 20.342 20.065 19.787 19.511 19.234 18.958 18.683 18.408 18.133 17.858 17.584 17.311 17.037 16.764 16.491 16.219 15.946 15.674 15.402 15.131 14.859 14.588 14.316 14.045 13.774 13.503 13.232 12.962 12.691 12.420 
34.000 33.689 33.379 33.070 32.762 32.455 32.148 31.842 31.537 31.232 30.929 30.626 30.324 30.022 29.721 29.421 29.122 28.823 28.526 28.228 27.932 27.636 27.341 27.047 26.753 26.460 26.168 25.876 25.585 25.295 25.005 24.716 24.427 24.139 23.852 23.565 23.278 22.993 22.708 22.423 22.139 21.855 21.572 21.290 21.007 20.726 20.444 20.164 19.883 19.603 19.324 19.045 18.766 18.487 18.209 17.931 17.654 17.377 17.100 16.823 16.547 16.270 15.994 15.719 15.443 15.168 14.893 14.617 14.342 14.068 13.793 13.518 13.244 12.969 12.695 12.420 
34.162 33.851 33.541 33.232 32.924 32.616 32.309 32.003 31.697 31.392 31.087 30.784 30.481 30.178 29.877 29.576 29.275 28.976 28.677 28.378 28.080 27.783 27.487 27.191 26.895 26.601 26.307 26.013 25.720 25.428 25.136 24.845 24.554 24.264 23.974 23.685 23.397 23.109 22.821 22.534 22.247 21.961 21.676 21.390 21.106 20.821 20.537 20.254 19.970 19.687 19.405 19.123 18.841 18.559 18.278 17.997 17.717 17.436 17.156 16.876 16.597 16.317 16.038 15.759 15.480 15.202 14.923 14.645 14.366 14.088 13.810 13.532 13.254 12.976 12.698 12.420 
34.309 33.998 33.689 33.379 33.071 32.762 32.455 32.148 31.842 31.536 31.231 30.927 30.623 30.320 30.018 29.716 29.414 29.114 28.813 28.514 28.215 27.916 27.618 27.321 27.024 26.728 26.433 26.137 25.843 25.549 25.255 24.962 24.670 24.377 24.086 23.795 23.504 23.214 22.924 22.635 22.346 22.058 21.769 21.482 21.195 20.908 20.621 20.335 20.049 19.764 19.479 19.194 18.909 18.625 18.341 18.057 17.774 17.491 17.208 16.925 16.642 16.360 16.078 15.796 15.514 15.232 14.951 14.669 14.388 14.106 13.825 13.544 13.263 12.982 12.701 12.420 
34.442 34.132 33.822 33.512 33.203 32.895 32.587 32.280 31.974 31.667 31.362 31.057 30.753 30.449 30.145 29.843 29.540 29.239 28.937 28.637 28.337 28.037 27.738 27.439 27.141 26.844 26.547 26.250 25.954 25.658 25.363 25.068 24.774 24.480 24.187 23.894 23.601 23.309 23.018 22.726 22.435 22.145 21.854 21.565 21.275 20.986 20.697 20.409 20.121 19.833 19.545 19.258 18.971 18.684 18.398 18.111 17.825 17.540 17.254 16.969 16.683 16.398 16.114 15.829 15.544 15.260 14.976 14.691 14.407 14.123 13.839 13.555 13.271 12.988 12.704 12.420 
