32.316 32.005 31.694 31.383 31.073 30.762 30.451 30.140 29.829 29.518 29.207 28.896 28.585 28.275 27.964 27.653 27.342 27.031 26.720 26.409 26.098 25.787 25.476 25.165 24.854 24.543 24.232 23.921 23.610 23.299 22.988 22.677 22.366 22.055 21.743 21.432 21.121 20.809 20.498 20.186 19.875 19.563 19.251 18.939 18.627 18.315 18.003 17.690 17.378 17.065 16.752 16.439 16.125 15.812 15.498 15.184 14.869 14.554 14.239 13.923 13.607 13.291 12.974 12.657 12.339 12.021 11.702 11.382 11.062 10.741 10.419 10.097  9.774  9.450  9.126  8.800 
32.314 32.003 31.692 31.381 31.070 30.760 30.448 30.137 29.826 29.515 29.204 28.893 28.582 28.271 27.959 27.648 27.337 27.025 26.714 26.403 26.091 25.779 25.468 25.156 24.844 24.532 24.220 23.908 23.596 23.284 22.972 22.659 22.346 22.034 21.721 21.408 21.095 20.781 20.468 20.154 19.840 19.526 19.211 18.897 18.582 18.267 17.951 17.635 17.319 17.003 16.686 16.369 16.052 15.734 15.415 15.097 14.777 14.458 14.138 13.817 13.496 13.174 12.852 12.529 12.206 11.881 11.557 11.231 10.905 10.578 10.250  9.922  9.593  9.263  8.932  8.600 
32.304 31.993 31.682 31.371 31.060 30.749 30.437 30.126 29.815 29.503 29.191 28.880 28.568 28.256 27.944 27.632 27.320 27.008 26.695 26.383 26.070 25.757 25.444 25.131 24.818 24.505 24.191 23.878 23.564 23.250 22.936 22.621 22.307 21.992 21.677 21.361 21.046 20.730 20.414 20.098 19.781 19.464 19.147 18.829 18.511 18.193 17.874 17.555 17.236 16.916 16.595 16.275 15.954 15.632 15.310 14.987 14.664 14.340 14.016 13.691 13.365 13.039 12.713 12.385 12.057 11.729 11.399 11.069 10.738 10.407 10.074  9.741  9.407  9.072  8.737  8.400 
32.281 31.970 31.659 31.347 31.036 30.725 30.413 30.101 29.789 29.477 29.165 28.853 28.540 28.227 27.915 27.602 27.288 26.975 26.661 26.348 26.034 25.720 25.405 25.091 24.776 24.461 24.146 23.831 23.515 23.199 22.883 22.567 22.250 21.933 21.616 21.298 20.980 20.662 20.343 20.024 19.705 19.385 19.065 18.745 18.424 18.103 17.781 17.459 17.136 16.813 16.490 16.166 15.841 15.516 15.190 14.864 14.538 14.210 13.882 13.554 13.225 12.895 12.564 12.233 11.901 11.569 11.235 10.901 10.566 10.231  9.894  9.557  9.219  8.880  8.541  8.200 
32.243 31.932 31.621 31.309 30.998 30.686 30.374 30.062 29.749 29.437 29.124 28.811 28.498 28.184 27.870 27.556 27.242 26.928 26.613 26.298 25.983 25.668 25.352 25.036 24.720 24.403 24.086 23.769 23.452 23.134 22.816 22.498 22.179 21.860 21.540 21.221 20.901 20.580 20.259 19.938 19.616 19.294 18.971 18.648 18.325 18.001 17.676 17.351 17.026 16.700 16.373 16.046 15.719 15.391 15.062 14.732 14.403 14.072 13.741 13.409 13.076 12.743 12.409 12.075 11.740 11.404 11.067 10.729 10.391 10.052  9.712  9.371  9.030  8.687  8.344  8.000 
32.191 31.880 31.568 31.257 30.945 30.633 30.321 30.008 29.695 29.382 29.069 28.755 28.441 28.127 27.812 27.497 27.182 26.867 26.551 26.235 25.918 25.602 25.285 24.967 24.650 24.332 24.013 23.695 23.376 23.056 22.736 22.416 22.096 21.775 21.453 21.131 20.809 20.487 20.163 19.840 19.516 19.191 18.866 18.541 18.215 17.889 17.562 17.234 16.906 16.577 16.248 15.919 15.588 15.257 14.926 14.594 14.261 13.927 13.593 13.258 12.923 12.587 12.250 11.912 11.574 11.235 10.895 10.554 10.213  9.871  9.528  9.184  8.839  8.494  8.147  7.800 
32.125 31.814 31.503 31.191 30.879 30.567 30.254 29.941 29.628 29.314 29.000 28.686 28.371 28.056 27.741 27.425 27.109 26.793 26.476 26.159 25.841 25.523 25.205 24.887 24.568 24.248 23.929 23.608 23.288 22.967 22.645 22.323 22.001 21.678 21.355 21.032 20.707 20.383 20.058 19.732 19.406 19.080 18.752 18.425 18.097 17.768 17.439 17.109 16.778 16.447 16.116 15.784 15.451 15.117 14.783 14.449 14.113 13.777 13.440 13.103 12.765 12.426 12.086 11.746 11.405 11.063 10.720 10.377 10.033  9.688  9.342  8.995  8.648  8.299  7.950  7.600 
32.047 31.736 31.424 31.113 30.800 30.488 30.175 29.861 29.548 29.234 28.919 28.604 28.289 27.973 27.657 27.341 27.024 26.707 26.389 26.071 25.753 25.434 25.115 24.795 24.475 24.154 23.833 23.511 23.189 22.867 22.544 22.221 21.897 21.573 21.248 20.922 20.596 20.270 19.943 19.616 19.288 18.959 18.630 18.301 17.971 17.640 17.308 16.976 16.644 16.311 15.977 15.643 15.307 14.972 14.635 14.298 13.961 13.622 13.283 12.943 12.603 12.261 11.919 11.576 11.233 10.888 10.543 10.197  9.851  9.503  9.155  8.805  8.455  8.104  7.753  7.400 
31.957 31.646 31.335 31.023 30.711 30.398 30.085 29.771 29.457 29.142 28.827 28.512 28.196 27.880 27.563 27.246 26.929 26.611 26.292 25.973 25.654 25.334 25.014 24.693 24.371 24.050 23.727 23.405 23.082 22.758 22.434 22.109 21.784 21.458 21.131 20.805 20.477 20.149 19.821 19.492 19.162 18.832 18.501 18.169 17.837 17.505 17.172 16.838 16.503 16.168 15.832 15.496 15.159 14.821 14.482 14.143 13.803 13.463 13.122 12.780 12.437 12.093 11.749 11.404 11.058 10.711 10.364 10.016  9.667  9.317  8.966  8.615  8.262  7.909  7.555  7.200 
31.858 31.547 31.235 30.923 30.610 30.297 29.984 29.670 29.356 29.041 28.725 28.410 28.093 27.776 27.459 27.141 26.823 26.505 26.185 25.866 25.545 25.225 24.903 24.582 24.259 23.937 23.613 23.289 22.965 22.640 22.315 21.989 21.662 21.335 21.007 20.679 20.350 20.021 19.691 19.360 19.029 18.697 18.365 18.032 17.698 17.364 17.029 16.693 16.357 16.020 15.682 15.344 15.005 14.666 14.325 13.984 13.642 13.300 12.957 12.613 12.268 11.922 11.576 11.229 10.881 10.532 10.183  9.833  9.481  9.130  8.777  8.423  8.069  7.713  7.357  7.000 
31.749 31.437 31.126 30.814 30.501 30.188 29.874 29.560 29.245 28.930 28.614 28.298 27.981 27.664 27.346 27.028 26.709 26.390 26.070 25.749 25.428 25.107 24.785 24.462 24.139 23.815 23.491 23.166 22.841 22.515 22.188 21.861 21.533 21.205 20.876 20.547 20.217 19.886 19.554 19.222 18.890 18.557 18.223 17.888 17.553 17.217 16.881 16.544 16.206 15.867 15.528 15.188 14.847 14.506 14.164 13.821 13.478 13.133 12.788 12.442 12.096 11.748 11.400 11.051 10.702 10.351 10.000  9.648  9.295  8.941  8.586  8.231  7.874  7.517  7.159  6.800 
31.631 31.320 31.008 30.696 30.383 30.070 29.756 29.441 29.126 28.811 28.495 28.178 27.861 27.543 27.225 26.906 26.587 26.267 25.946 25.625 25.304 24.981 24.659 24.335 24.011 23.687 23.361 23.036 22.709 22.382 22.055 21.727 21.398 21.069 20.739 20.408 20.077 19.745 19.412 19.079 18.745 18.410 18.075 17.739 17.403 17.066 16.728 16.389 16.050 15.710 15.369 15.028 14.686 14.343 13.999 13.655 13.309 12.964 12.617 12.269 11.921 11.572 11.223 10.872 10.521 10.168  9.815  9.461  9.107  8.751  8.395  8.038  7.680  7.321  6.961  6.600 
31.506 31.194 30.883 30.570 30.257 29.944 29.630 29.315 29.000 28.684 28.368 28.051 27.733 27.415 27.097 26.777 26.457 26.137 25.816 25.494 25.172 24.849 24.525 24.201 23.877 23.551 23.225 22.899 22.572 22.244 21.915 21.586 21.256 20.926 20.595 20.263 19.931 19.598 19.264 18.930 18.595 18.259 17.923 17.586 17.248 16.910 16.570 16.230 15.890 15.549 15.206 14.864 14.520 14.176 13.831 13.485 13.138 12.791 12.443 12.094 11.744 11.394 11.043 10.691 10.338  9.984  9.629  9.274  8.918  8.561  8.203  7.844  7.484  7.124  6.762  6.400 
31.373 31.062 30.750 30.438 30.125 29.811 29.497 29.182 28.867 28.551 28.234 27.917 27.599 27.281 26.961 26.642 26.321 26.000 25.679 25.357 25.034 24.710 24.386 24.061 23.736 23.410 23.083 22.756 22.428 22.099 21.770 21.440 21.110 20.778 20.446 20.114 19.780 19.446 19.112 18.776 18.440 18.104 17.766 17.428 17.089 16.749 16.409 16.068 15.726 15.384 15.040 14.696 14.351 14.006 13.660 13.313 12.965 12.616 12.267 11.916 11.565 11.213 10.861 10.507 10.153  9.798  9.442  9.085  8.728  8.369  8.010  7.650  7.289  6.927  6.564  6.200 
31.235 30.924 30.612 30.299 29.986 29.672 29.358 29.043 28.727 28.411 28.094 27.777 27.458 27.140 26.820 26.500 26.179 25.858 25.536 25.213 24.890 24.566 24.241 23.916 23.590 23.263 22.936 22.608 22.279 21.950 21.620 21.289 20.958 20.626 20.293 19.959 19.625 19.290 18.955 18.618 18.281 17.944 17.605 17.266 16.926 16.585 16.244 15.902 15.559 15.215 14.871 14.526 14.180 13.833 13.486 13.137 12.788 12.439 12.088 11.737 11.384 11.031 10.677 10.323  9.967  9.611  9.254  8.895  8.537  8.177  7.816  7.455  7.092  6.729  6.365  6.000 
31.090 30.779 30.467 30.155 29.842 29.528 29.213 28.898 28.582 28.266 27.949 27.631 27.312 26.993 26.673 26.353 26.032 25.710 25.388 25.064 24.741 24.416 24.091 23.765 23.439 23.111 22.783 22.455 22.125 21.795 21.465 21.133 20.801 20.468 20.135 19.801 19.466 19.130 18.794 18.456 18.119 17.780 17.441 17.101 16.760 16.418 16.076 15.733 15.389 15.044 14.699 14.353 14.006 13.658 13.309 12.960 12.610 12.259 11.907 11.555 11.201 10.847 10.492 10.136  9.780  9.422  9.064  8.705  8.345  7.984  7.622  7.259  6.896  6.531  6.166  5.800 
30.941 30.630 30.318 30.005 29.692 29.378 29.063 28.748 28.432 28.115 27.798 27.480 27.161 26.842 26.522 26.201 25.879 25.557 25.234 24.911 24.587 24.262 23.936 23.610 23.283 22.955 22.627 22.297 21.967 21.637 21.306 20.974 20.641 20.307 19.973 19.638 19.302 18.966 18.629 18.291 17.952 17.613 17.273 16.932 16.590 16.248 15.905 15.561 15.216 14.870 14.524 14.177 13.829 13.480 13.131 12.781 12.430 12.078 11.725 11.371 11.017 10.662 10.306  9.949  9.591  9.233  8.873  8.513  8.152  7.790  7.427  7.064  6.699  6.334  5.967  5.600 
30.787 30.475 30.163 29.851 29.537 29.223 28.909 28.593 28.277 27.960 27.643 27.324 27.006 26.686 26.366 26.044 25.723 25.400 25.077 24.753 24.428 24.103 23.777 23.450 23.123 22.795 22.466 22.136 21.806 21.474 21.143 20.810 20.477 20.143 19.808 19.472 19.136 18.799 18.461 18.122 17.783 17.443 17.102 16.760 16.418 16.075 15.731 15.386 15.040 14.694 14.347 13.999 13.650 13.301 12.950 12.599 12.247 11.894 11.541 11.186 10.831 10.475 10.118  9.760  9.402  9.042  8.682  8.321  7.959  7.596  7.232  6.867  6.502  6.135  5.768  5.400 
30.628 30.317 30.005 29.692 29.379 29.065 28.750 28.434 28.118 27.801 27.483 27.165 26.846 26.526 26.205 25.884 25.562 25.239 24.916 24.591 24.266 23.941 23.614 23.287 22.959 22.630 22.301 21.971 21.640 21.308 20.976 20.643 20.309 19.974 19.639 19.303 18.966 18.628 18.290 17.951 17.611 17.270 16.928 16.586 16.243 15.899 15.554 15.209 14.863 14.516 14.168 13.819 13.469 13.119 12.768 12.416 12.063 11.710 11.355 11.000 10.644 10.287  9.929  9.571  9.211  8.851  8.490  8.128  7.765  7.401  7.036  6.671  6.304  5.937  5.569  5.200 
30.466 30.154 29.842 29.530 29.216 28.902 28.587 28.271 27.955 27.638 27.320 27.001 26.682 26.362 26.041 25.720 25.397 25.074 24.750 24.426 24.101 23.775 23.448 23.120 22.792 22.463 22.133 21.803 21.471 21.139 20.806 20.473 20.139 19.803 19.468 19.131 18.793 18.455 18.116 17.776 17.436 17.094 16.752 16.409 16.066 15.721 15.376 15.030 14.683 14.335 13.986 13.637 13.287 12.936 12.584 12.231 11.878 11.524 11.168 10.812 10.456 10.098  9.739  9.380  9.020  8.659  8.297  7.934  7.570  7.206  6.840  6.474  6.107  5.739  5.370  5.000 
30.300 29.988 29.676 29.364 29.050 28.736 28.421 28.105 27.789 27.471 27.153 26.835 26.515 26.195 25.874 25.552 25.229 24.906 24.582 24.257 23.932 23.605 23.278 22.951 22.622 22.293 21.962 21.631 21.300 20.967 20.634 20.300 19.965 19.630 19.293 18.956 18.618 18.279 17.940 17.600 17.259 16.917 16.574 16.231 15.886 15.541 15.195 14.848 14.501 14.153 13.803 13.453 13.103 12.751 12.399 12.045 11.691 11.336 10.980 10.624 10.266  9.908  9.549  9.188  8.828  8.466  8.103  7.740  7.375  7.010  6.644  6.277  5.909  5.540  5.171  4.800 
30.130 29.819 29.507 29.194 28.881 28.567 28.251 27.936 27.619 27.302 26.984 26.665 26.345 26.025 25.703 25.381 25.059 24.735 24.411 24.086 23.760 23.433 23.106 22.778 22.449 22.119 21.789 21.458 21.125 20.793 20.459 20.125 19.789 19.453 19.117 18.779 18.441 18.102 17.762 17.421 17.079 16.737 16.394 16.050 15.705 15.359 15.013 14.666 14.318 13.969 13.619 13.268 12.917 12.565 12.212 11.858 11.503 11.147 10.791 10.434 10.076  9.717  9.357  8.996  8.635  8.272  7.909  7.545  7.180  6.814  6.447  6.079  5.711  5.342  4.971  4.600 
29.958 29.647 29.335 29.022 28.709 28.394 28.079 27.763 27.447 27.129 26.811 26.492 26.172 25.851 25.530 25.208 24.885 24.561 24.237 23.912 23.586 23.259 22.931 22.603 22.273 21.943 21.613 21.281 20.949 20.616 20.282 19.947 19.611 19.275 18.938 18.600 18.261 17.922 17.581 17.240 16.898 16.555 16.212 15.867 15.522 15.176 14.829 14.481 14.133 13.783 13.433 13.082 12.730 12.377 12.024 11.669 11.314 10.958 10.601 10.243  9.884  9.525  9.164  8.803  8.441  8.078  7.714  7.349  6.984  6.617  6.250  5.882  5.513  5.143  4.772  4.400 
29.784 29.473 29.160 28.848 28.534 28.220 27.904 27.588 27.272 26.954 26.636 26.317 25.997 25.676 25.354 25.032 24.709 24.385 24.060 23.735 23.409 23.082 22.754 22.425 22.096 21.765 21.434 21.103 20.770 20.436 20.102 19.767 19.431 19.095 18.757 18.419 18.080 17.740 17.399 17.057 16.715 16.372 16.028 15.683 15.337 14.991 14.643 14.295 13.946 13.596 13.246 12.894 12.542 12.188 11.834 11.479 11.124 10.767 10.410 10.051  9.692  9.332  8.971  8.609  8.247  7.883  7.519  7.154  6.788  6.421  6.053  5.684  5.314  4.944  4.572  4.200 
29.607 29.296 28.983 28.671 28.357 28.042 27.727 27.411 27.094 26.777 26.458 26.139 25.819 25.498 25.176 24.854 24.531 24.207 23.882 23.556 23.230 22.902 22.574 22.246 21.916 21.585 21.254 20.922 20.589 20.255 19.921 19.585 19.249 18.912 18.574 18.236 17.896 17.556 17.215 16.873 16.530 16.187 15.842 15.497 15.151 14.804 14.456 14.108 13.758 13.408 13.057 12.705 12.352 11.999 11.644 11.289 10.933 10.576 10.218  9.859  9.499  9.139  8.777  8.415  8.052  7.688  7.323  6.958  6.591  6.223  5.855  5.486  5.116  4.745  4.373  4.000 
29.428 29.116 28.804 28.491 28.178 27.863 27.548 27.232 26.915 26.597 26.279 25.959 25.639 25.318 24.996 24.674 24.350 24.026 23.701 23.375 23.049 22.721 22.393 22.064 21.734 21.403 21.072 20.740 20.406 20.072 19.738 19.402 19.066 18.728 18.390 18.051 17.712 17.371 17.030 16.687 16.344 16.000 15.656 15.310 14.964 14.616 14.268 13.919 13.570 13.219 12.867 12.515 12.162 11.808 11.453 11.097 10.741 10.383 10.025  9.666  9.306  8.945  8.583  8.220  7.857  7.492  7.127  6.761  6.394  6.026  5.657  5.288  4.917  4.546  4.173  3.800 
29.247 28.935 28.623 28.310 27.997 27.682 27.367 27.050 26.733 26.416 26.097 25.778 25.457 25.136 24.814 24.492 24.168 23.844 23.519 23.193 22.866 22.538 22.210 21.881 21.551 21.220 20.888 20.556 20.222 19.888 19.553 19.217 18.880 18.543 18.205 17.865 17.525 17.185 16.843 16.500 16.157 15.813 15.468 15.122 14.775 14.428 14.079 13.730 13.380 13.029 12.677 12.324 11.971 11.616 11.261 10.905 10.548 10.190  9.832  9.472  9.112  8.750  8.388  8.025  7.661  7.296  6.931  6.564  6.197  5.828  5.459  5.089  4.718  4.346  3.974  3.600 
29.064 28.752 28.440 28.127 27.814 27.499 27.184 26.867 26.550 26.233 25.914 25.594 25.274 24.953 24.631 24.308 23.984 23.660 23.335 23.009 22.682 22.354 22.025 21.696 21.366 21.035 20.703 20.370 20.036 19.702 19.367 19.031 18.694 18.356 18.018 17.678 17.338 16.997 16.655 16.312 15.968 15.624 15.279 14.932 14.585 14.238 13.889 13.539 13.189 12.838 12.485 12.133 11.779 11.424 11.068 10.712 10.355  9.997  9.637  9.278  8.917  8.555  8.193  7.829  7.465  7.100  6.734  6.367  5.999  5.631  5.261  4.891  4.519  4.147  3.774  3.400 
28.879 28.568 28.256 27.943 27.629 27.314 26.999 26.683 26.366 26.048 25.729 25.409 25.089 24.768 24.446 24.123 23.799 23.475 23.149 22.823 22.496 22.168 21.839 21.510 21.179 20.848 20.516 20.183 19.849 19.515 19.179 18.843 18.506 18.168 17.829 17.490 17.149 16.808 16.466 16.123 15.779 15.434 15.089 14.742 14.395 14.047 13.698 13.348 12.997 12.646 12.293 11.940 11.586 11.231 10.875 10.518 10.161  9.802  9.443  9.083  8.722  8.360  7.997  7.633  7.269  6.903  6.537  6.170  5.802  5.433  5.063  4.692  4.320  3.948  3.574  3.200 
28.693 28.382 28.070 27.757 27.443 27.128 26.813 26.497 26.180 25.862 25.543 25.223 24.903 24.581 24.259 23.936 23.612 23.288 22.962 22.636 22.309 21.981 21.652 21.322 20.992 20.660 20.328 19.995 19.661 19.326 18.991 18.654 18.317 17.979 17.640 17.300 16.959 16.618 16.276 15.932 15.588 15.243 14.898 14.551 14.203 13.855 13.506 13.156 12.805 12.453 12.100 11.747 11.392 11.037 10.681 10.324  9.966  9.607  9.248  8.887  8.526  8.164  7.801  7.437  7.072  6.706  6.339  5.972  5.604  5.234  4.864  4.493  4.121  3.748  3.375  3.000 
28.506 28.195 27.883 27.570 27.256 26.941 26.626 26.309 25.992 25.674 25.355 25.036 24.715 24.394 24.071 23.748 23.424 23.100 22.774 22.448 22.120 21.792 21.463 21.134 20.803 20.471 20.139 19.806 19.472 19.137 18.801 18.464 18.127 17.789 17.450 17.110 16.769 16.427 16.084 15.741 15.397 15.052 14.706 14.359 14.011 13.663 13.313 12.963 12.612 12.260 11.907 11.553 11.198 10.843 10.486 10.129  9.771  9.412  9.052  8.692  8.330  7.967  7.604  7.240  6.875  6.509  6.142  5.774  5.405  5.036  4.665  4.294  3.922  3.549  3.175  2.800 
28.318 28.006 27.694 27.381 27.067 26.753 26.437 26.121 25.804 25.486 25.167 24.847 24.526 24.205 23.883 23.559 23.235 22.911 22.585 22.258 21.931 21.603 21.274 20.944 20.613 20.281 19.949 19.616 19.281 18.946 18.610 18.274 17.936 17.598 17.258 16.918 16.577 16.235 15.893 15.549 15.205 14.859 14.513 14.166 13.818 13.469 13.120 12.769 12.418 12.066 11.712 11.359 11.004 10.648 10.291  9.934  9.576  9.216  8.856  8.495  8.134  7.771  7.407  7.043  6.677  6.311  5.944  5.576  5.207  4.837  4.467  4.095  3.723  3.349  2.975  2.600 
28.128 27.817 27.505 27.192 26.878 26.563 26.248 25.931 25.614 25.296 24.977 24.657 24.336 24.015 23.693 23.369 23.045 22.720 22.395 22.068 21.741 21.412 21.083 20.753 20.422 20.090 19.758 19.424 19.090 18.755 18.419 18.082 17.744 17.406 17.066 16.726 16.385 16.043 15.700 15.356 15.012 14.666 14.320 13.972 13.624 13.275 12.926 12.575 12.223 11.871 11.518 11.164 10.809 10.453 10.096  9.738  9.380  9.020  8.660  8.299  7.937  7.574  7.210  6.845  6.480  6.113  5.746  5.378  5.009  4.639  4.268  3.896  3.523  3.150  2.775  2.400 
27.938 27.626 27.314 27.001 26.687 26.373 26.057 25.741 25.423 25.105 24.786 24.466 24.146 23.824 23.502 23.178 22.854 22.529 22.203 21.877 21.549 21.221 20.892 20.561 20.231 19.899 19.566 19.232 18.898 18.563 18.227 17.890 17.552 17.213 16.873 16.533 16.192 15.850 15.507 15.163 14.818 14.472 14.126 13.778 13.430 13.081 12.731 12.380 12.029 11.676 11.322 10.968 10.613 10.257  9.900  9.542  9.183  8.824  8.463  8.102  7.740  7.377  7.013  6.648  6.282  5.915  5.548  5.179  4.810  4.440  4.069  3.697  3.324  2.950  2.576  2.200 
27.746 27.435 27.123 26.810 26.496 26.181 25.866 25.549 25.232 24.914 24.595 24.275 23.954 23.632 23.310 22.987 22.662 22.337 22.011 21.685 21.357 21.029 20.699 20.369 20.038 19.706 19.373 19.040 18.705 18.370 18.034 17.697 17.359 17.020 16.680 16.339 15.998 15.656 15.313 14.969 14.624 14.278 13.931 13.584 13.235 12.886 12.536 12.185 11.833 11.480 11.127 10.772 10.417 10.061  9.704  9.346  8.987  8.627  8.266  7.905  7.542  7.179  6.815  6.450  6.084  5.717  5.349  4.981  4.611  4.241  3.870  3.498  3.124  2.751  2.376  2.000 
27.554 27.243 26.931 26.618 26.304 25.989 25.673 25.357 25.039 24.721 24.402 24.082 23.762 23.440 23.117 22.794 22.470 22.145 21.819 21.492 21.164 20.836 20.506 20.176 19.845 19.513 19.180 18.846 18.512 18.176 17.840 17.503 17.165 16.826 16.486 16.145 15.804 15.461 15.118 14.774 14.429 14.083 13.736 13.389 13.040 12.691 12.340 11.989 11.637 11.284 10.931 10.576 10.221  9.864  9.507  9.149  8.790  8.430  8.069  7.707  7.345  6.981  6.617  6.252  5.886  5.519  5.151  4.782  4.412  4.042  3.670  3.298  2.925  2.551  2.176  1.800 
27.361 27.050 26.738 26.425 26.111 25.796 25.480 25.164 24.846 24.528 24.209 23.889 23.568 23.247 22.924 22.601 22.276 21.951 21.625 21.298 20.971 20.642 20.313 19.982 19.651 19.319 18.986 18.652 18.318 17.982 17.646 17.308 16.970 16.631 16.291 15.951 15.609 15.266 14.923 14.579 14.234 13.888 13.541 13.193 12.844 12.495 12.145 11.793 11.441 11.088 10.734 10.379 10.024  9.667  9.310  8.952  8.592  8.232  7.871  7.510  7.147  6.783  6.419  6.054  5.687  5.320  4.952  4.583  4.213  3.843  3.471  3.099  2.725  2.351  1.976  1.600 
27.168 26.856 26.544 26.231 25.917 25.602 25.287 24.970 24.653 24.335 24.015 23.695 23.375 23.053 22.730 22.407 22.083 21.757 21.431 21.104 20.777 20.448 20.118 19.788 19.457 19.125 18.792 18.458 18.123 17.787 17.451 17.113 16.775 16.436 16.096 15.755 15.414 15.071 14.727 14.383 14.038 13.692 13.345 12.997 12.648 12.299 11.948 11.597 11.245 10.891 10.537 10.183  9.827  9.470  9.113  8.754  8.395  8.035  7.674  7.312  6.949  6.585  6.221  5.855  5.489  5.122  4.753  4.384  4.014  3.644  3.272  2.899  2.526  2.151  1.776  1.400 
26.973 26.662 26.350 26.037 25.723 25.408 25.092 24.776 24.459 24.140 23.821 23.501 23.180 22.859 22.536 22.212 21.888 21.563 21.237 20.910 20.582 20.253 19.924 19.593 19.262 18.930 18.597 18.263 17.928 17.592 17.256 16.918 16.580 16.241 15.901 15.560 15.218 14.875 14.532 14.187 13.842 13.496 13.149 12.801 12.452 12.102 11.751 11.400 11.048 10.694 10.340  9.985  9.629  9.273  8.915  8.557  8.197  7.837  7.476  7.114  6.751  6.387  6.022  5.657  5.290  4.923  4.554  4.185  3.815  3.444  3.073  2.700  2.326  1.952  1.576  1.200 
26.779 26.467 26.155 25.842 25.528 25.213 24.898 24.581 24.264 23.945 23.626 23.306 22.985 22.664 22.341 22.017 21.693 21.368 21.042 20.715 20.387 20.058 19.728 19.398 19.066 18.734 18.401 18.067 17.732 17.396 17.060 16.722 16.384 16.045 15.705 15.364 15.022 14.679 14.335 13.991 13.645 13.299 12.952 12.604 12.255 11.905 11.554 11.203 10.851 10.497 10.143  9.788  9.432  9.075  8.717  8.359  7.999  7.639  7.278  6.915  6.552  6.188  5.824  5.458  5.091  4.724  4.355  3.986  3.616  3.245  2.873  2.500  2.127  1.752  1.376  1.000 
26.583 26.272 25.960 25.647 25.333 25.018 24.702 24.386 24.068 23.750 23.431 23.111 22.790 22.468 22.146 21.822 21.498 21.172 20.846 20.519 20.191 19.862 19.533 19.202 18.871 18.538 18.205 17.871 17.536 17.200 16.864 16.526 16.188 15.848 15.508 15.167 14.825 14.482 14.139 13.794 13.449 13.102 12.755 12.407 12.058 11.708 11.357 11.006 10.653 10.300  9.945  9.590  9.234  8.877  8.519  8.161  7.801  7.441  7.079  6.717  6.354  5.990  5.625  5.259  4.892  4.525  4.156  3.787  3.417  3.046  2.674  2.301  1.927  1.552  1.176  0.800 
26.388 26.076 25.764 25.451 25.137 24.822 24.507 24.190 23.873 23.554 23.235 22.915 22.594 22.272 21.950 21.626 21.302 20.976 20.650 20.323 19.995 19.666 19.337 19.006 18.674 18.342 18.009 17.675 17.340 17.004 16.667 16.330 15.991 15.652 15.311 14.970 14.628 14.285 13.942 13.597 13.251 12.905 12.558 12.210 11.860 11.511 11.160 10.808 10.455 10.102  9.748  9.392  9.036  8.679  8.321  7.962  7.603  7.242  6.881  6.518  6.155  5.791  5.426  5.060  4.693  4.326  3.957  3.588  3.217  2.846  2.474  2.101  1.727  1.352  0.977  0.600 
26.192 25.880 25.568 25.255 24.941 24.626 24.311 23.994 23.677 23.358 23.039 22.719 22.398 22.076 21.753 21.430 21.105 20.780 20.454 20.127 19.799 19.470 19.140 18.809 18.478 18.146 17.812 17.478 17.143 16.807 16.470 16.133 15.794 15.455 15.114 14.773 14.431 14.088 13.744 13.400 13.054 12.708 12.360 12.012 11.663 11.313 10.962 10.610 10.257  9.904  9.550  9.194  8.838  8.481  8.123  7.764  7.404  7.044  6.682  6.320  5.956  5.592  5.227  4.861  4.494  4.127  3.758  3.388  3.018  2.647  2.274  1.901  1.527  1.152  0.777  0.400 
25.995 25.684 25.372 25.059 24.745 24.430 24.114 23.798 23.480 23.162 22.843 22.522 22.201 21.880 21.557 21.233 20.909 20.583 20.257 19.930 19.602 19.273 18.943 18.613 18.281 17.949 17.615 17.281 16.946 16.610 16.273 15.936 15.597 15.257 14.917 14.576 14.234 13.891 13.547 13.202 12.856 12.510 12.163 11.814 11.465 11.115 10.764 10.412 10.059  9.706  9.351  8.996  8.640  8.282  7.924  7.565  7.206  6.845  6.483  6.121  5.757  5.393  5.028  4.662  4.295  3.927  3.559  3.189  2.818  2.447  2.075  1.702  1.328  0.953  0.577  0.200 
25.799 25.487 25.175 24.862 24.548 24.233 23.917 23.601 23.283 22.965 22.646 22.326 22.005 21.683 21.360 21.036 20.712 20.386 20.060 19.733 19.405 19.076 18.746 18.415 18.084 17.751 17.418 17.084 16.749 16.413 16.076 15.738 15.399 15.060 14.720 14.378 14.036 13.693 13.349 13.004 12.659 12.312 11.965 11.616 11.267 10.917 10.566 10.214  9.861  9.507  9.153  8.797  8.441  8.084  7.726  7.367  7.007  6.646  6.284  5.922  5.558  5.194  4.829  4.463  4.096  3.728  3.359  2.989  2.619  2.247  1.875  1.502  1.128  0.753  0.377  0.000 
25.601 25.290 24.978 24.665 24.351 24.036 23.720 23.404 23.086 22.768 22.449 22.128 21.807 21.486 21.163 20.839 20.515 20.189 19.863 19.536 19.208 18.879 18.549 18.218 17.886 17.554 17.221 16.886 16.551 16.215 15.878 15.540 15.202 14.862 14.522 14.180 13.838 13.495 13.151 12.806 12.461 12.114 11.766 11.418 11.069 10.719 10.367 10.016  9.663  9.309  8.954  8.599  8.242  7.885  7.527  7.168  6.808  6.447  6.086  5.723  5.359  4.995  4.630  4.264  3.896  3.529  3.160  2.790  2.419  2.048  1.675  1.302  0.928  0.552  0.176 -0.200 
25.404 25.093 24.781 24.467 24.154 23.839 23.523 23.206 22.889 22.570 22.251 21.931 21.610 21.288 20.965 20.642 20.317 19.992 19.665 19.338 19.010 18.681 18.351 18.020 17.689 17.356 17.023 16.688 16.353 16.017 15.680 15.342 15.003 14.664 14.323 13.981 13.639 13.296 12.951 12.606 12.260 11.913 11.565 11.216 10.866 10.516 10.164  9.811  9.457  9.103  8.747  8.390  8.033  7.674  7.314  6.954  6.592  6.229  5.865  5.501  5.135  4.768  4.400  4.031  3.661  3.290  2.918  2.545  2.170  1.795  1.419  1.042  0.664  0.285 -0.095 -0.400 
25.206 24.894 24.582 24.269 23.955 23.640 23.324 23.008 22.690 22.372 22.052 21.732 21.411 21.089 20.766 20.442 20.117 19.792 19.465 19.138 18.809 18.480 18.150 17.819 17.487 17.154 16.820 16.485 16.150 15.813 15.476 15.137 14.798 14.458 14.116 13.774 13.431 13.087 12.742 12.397 12.050 11.702 11.354 11.004 10.654 10.302  9.950  9.597  9.243  8.888  8.532  8.175  7.817  7.458  7.099  6.738  6.377  6.015  5.652  5.289  4.924  4.559  4.193  3.826  3.459  3.091  2.722  2.353  1.983  1.613  1.242  0.870  0.498  0.125 -0.215 -0.600 
25.005 24.693 24.381 24.068 23.754 23.439 23.123 22.807 22.489 22.170 21.851 21.531 21.209 20.887 20.564 20.240 19.915 19.590 19.263 18.935 18.607 18.278 17.947 17.616 17.284 16.951 16.617 16.282 15.947 15.610 15.273 14.934 14.595 14.255 13.914 13.572 13.229 12.885 12.540 12.194 11.847 11.500 11.151 10.801 10.451 10.099  9.746  9.393  9.038  8.682  8.325  7.968  7.609  7.249  6.887  6.525  6.162  5.797  5.432  5.065  4.697  4.328  3.958  3.587  3.214  2.841  2.466  2.090  1.714  1.336  0.957  0.577  0.196 -0.186 -0.493 -0.800 
24.802 24.491 24.179 23.866 23.552 23.237 22.921 22.604 22.286 21.968 21.648 21.328 21.006 20.684 20.361 20.036 19.711 19.385 19.059 18.731 18.402 18.072 17.742 17.410 17.078 16.744 16.410 16.075 15.739 15.401 15.063 14.724 14.385 14.044 13.702 13.359 13.016 12.671 12.326 11.979 11.632 11.284 10.935 10.585 10.234  9.882  9.529  9.176  8.821  8.466  8.110  7.753  7.395  7.037  6.678  6.317  5.957  5.595  5.233  4.870  4.506  4.142  3.777  3.411  3.045  2.678  2.311  1.943  1.574  1.205  0.836  0.466  0.095 -0.242 -0.621 -1.000 
24.597 24.286 23.974 23.661 23.347 23.032 22.716 22.399 22.081 21.762 21.443 21.122 20.801 20.479 20.155 19.831 19.506 19.180 18.853 18.525 18.197 17.867 17.537 17.205 16.873 16.539 16.205 15.870 15.534 15.197 14.859 14.520 14.180 13.839 13.497 13.154 12.811 12.466 12.120 11.774 11.426 11.077 10.727 10.377 10.025  9.672  9.318  8.963  8.607  8.250  7.892  7.532  7.172  6.810  6.448  6.084  5.719  5.354  4.987  4.619  4.251  3.881  3.511  3.139  2.767  2.394  2.021  1.647  1.273  0.898  0.522  0.147 -0.174 -0.515 -0.857 -1.200 
24.391 24.080 23.768 23.455 23.141 22.825 22.509 22.193 21.875 21.556 21.236 20.916 20.594 20.271 19.948 19.624 19.298 18.972 18.645 18.317 17.988 17.658 17.327 16.995 16.662 16.329 15.994 15.659 15.322 14.985 14.646 14.307 13.967 13.626 13.284 12.941 12.597 12.252 11.907 11.560 11.213 10.865 10.516 10.166  9.815  9.463  9.111  8.757  8.403  8.048  7.693  7.336  6.979  6.621  6.262  5.903  5.543  5.182  4.820  4.458  4.095  3.732  3.368  3.003  2.638  2.272  1.906  1.538  1.169  0.796  0.419  0.034 -0.301 -0.662 -1.030 -1.400 
24.184 23.872 23.560 23.247 22.933 22.618 22.302 21.985 21.667 21.348 21.029 20.708 20.386 20.064 19.741 19.416 19.091 18.765 18.438 18.110 17.781 17.451 17.120 16.788 16.455 16.121 15.787 15.451 15.114 14.777 14.438 14.099 13.758 13.417 13.074 12.731 12.386 12.041 11.694 11.347 10.998 10.649 10.298  9.947  9.595  9.241  8.887  8.531  8.175  7.817  7.459  7.100  6.740  6.379  6.017  5.654  5.290  4.925  4.560  4.194  3.827  3.460  3.092  2.723  2.353  1.984  1.613  1.242  0.871  0.499  0.127 -0.196 -0.546 -0.897 -1.248 -1.600 
23.975 23.663 23.351 23.038 22.724 22.409 22.093 21.776 21.458 21.139 20.819 20.498 20.177 19.854 19.530 19.206 18.880 18.554 18.227 17.899 17.569 17.239 16.908 16.576 16.243 15.910 15.575 15.239 14.903 14.565 14.227 13.888 13.547 13.206 12.864 12.522 12.178 11.833 11.488 11.141 10.794 10.446 10.097  9.747  9.396  9.045  8.692  8.338  7.984  7.629  7.272  6.915  6.556  6.196  5.835  5.472  5.108  4.743  4.375  4.006  3.635  3.262  2.887  2.509  2.129  1.747  1.362  0.975  0.585  0.193 -0.193 -0.515 -0.836 -1.157 -1.478 -1.800 
23.765 23.454 23.142 22.828 22.514 22.199 21.883 21.566 21.248 20.929 20.609 20.289 19.967 19.644 19.321 18.996 18.671 18.344 18.017 17.689 17.359 17.029 16.698 16.366 16.033 15.698 15.363 15.027 14.690 14.352 14.013 13.674 13.333 12.991 12.648 12.304 11.959 11.614 11.267 10.919 10.571 10.221  9.871  9.519  9.167  8.814  8.460  8.104  7.748  7.392  7.034  6.675  6.316  5.956  5.595  5.234  4.871  4.508  4.144  3.780  3.415  3.049  2.683  2.316  1.949  1.581  1.213  0.844  0.475  0.105 -0.220 -0.575 -0.930 -1.287 -1.643 -2.000 
23.554 23.243 22.930 22.617 22.303 21.988 21.672 21.355 21.037 20.718 20.398 20.077 19.755 19.433 19.109 18.785 18.459 18.133 17.805 17.477 17.148 16.818 16.487 16.155 15.822 15.488 15.153 14.818 14.481 14.144 13.805 13.466 13.125 12.784 12.442 12.099 11.754 11.409 11.063 10.716 10.368 10.019  9.668  9.317  8.964  8.611  8.256  7.900  7.543  7.185  6.825  6.464  6.102  5.739  5.374  5.008  4.640  4.272  3.902  3.531  3.159  2.786  2.411  2.036  1.660  1.283  0.906  0.528  0.150 -0.171 -0.508 -0.846 -1.184 -1.522 -1.861 -2.200 
23.343 23.031 22.719 22.406 22.092 21.777 21.460 21.143 20.825 20.506 20.186 19.866 19.544 19.221 18.897 18.573 18.247 17.920 17.593 17.264 16.935 16.604 16.273 15.941 15.607 15.273 14.938 14.601 14.264 13.926 13.587 13.247 12.906 12.564 12.221 11.878 11.533 11.187 10.841 10.493 10.145  9.796  9.446  9.095  8.743  8.390  8.037  7.682  7.327  6.971  6.614  6.257  5.898  5.539  5.180  4.819  4.458  4.097  3.734  3.371  3.008  2.644  2.279  1.914  1.549  1.182  0.816  0.449  0.082 -0.244 -0.602 -0.961 -1.320 -1.680 -2.040 -2.400 
23.130 22.819 22.506 22.193 21.879 21.564 21.248 20.931 20.613 20.294 19.974 19.653 19.332 19.009 18.685 18.361 18.035 17.709 17.381 17.053 16.724 16.393 16.062 15.730 15.397 15.063 14.728 14.392 14.055 13.717 13.378 13.038 12.697 12.355 12.012 11.668 11.323 10.977 10.630 10.281  9.932  9.582  9.231  8.878  8.525  8.170  7.814  7.458  7.100  6.741  6.381  6.020  5.659  5.296  4.932  4.567  4.202  3.835  3.468  3.100  2.731  2.362  1.991  1.621  1.250  0.878  0.506  0.134 -0.187 -0.531 -0.875 -1.219 -1.564 -1.909 -2.254 -2.600 
22.917 22.606 22.294 21.980 21.666 21.351 21.035 20.718 20.400 20.081 19.761 19.440 19.118 18.795 18.471 18.146 17.821 17.494 17.166 16.838 16.508 16.178 15.846 15.514 15.180 14.846 14.511 14.175 13.838 13.500 13.161 12.821 12.480 12.138 11.796 11.452 11.108 10.763 10.416 10.069  9.722  9.373  9.023  8.673  8.322  7.970  7.617  7.264  6.909  6.554  6.199  5.842  5.485  5.127  4.768  4.409  4.048  3.687  3.325  2.961  2.596  2.230  1.861  1.491  1.118  0.742  0.364 -0.017 -0.343 -0.689 -1.037 -1.387 -1.739 -2.092 -2.445 -2.800 
22.704 22.393 22.080 21.767 21.453 21.138 20.822 20.505 20.187 19.868 19.548 19.227 18.905 18.582 18.258 17.934 17.608 17.281 16.954 16.625 16.296 15.965 15.634 15.301 14.968 14.633 14.298 13.962 13.624 13.286 12.946 12.606 12.265 11.922 11.579 11.234 10.889 10.543 10.195  9.847  9.497  9.147  8.796  8.443  8.090  7.736  7.381  7.025  6.668  6.310  5.951  5.591  5.231  4.869  4.507  4.145  3.781  3.417  3.052  2.687  2.321  1.954  1.587  1.220  0.852  0.483  0.114 -0.207 -0.555 -0.903 -1.251 -1.600 -1.950 -2.299 -2.649 -3.000 
22.490 22.178 21.866 21.553 21.238 20.923 20.607 20.290 19.972 19.653 19.333 19.012 18.690 18.367 18.043 17.719 17.393 17.066 16.739 16.410 16.081 15.750 15.419 15.087 14.753 14.419 14.084 13.748 13.411 13.074 12.735 12.395 12.055 11.713 11.371 11.028 10.683 10.338  9.992  9.645  9.297  8.949  8.599  8.248  7.896  7.543  7.188  6.833  6.476  6.118  5.758  5.397  5.035  4.670  4.304  3.936  3.567  3.195  2.822  2.446  2.069  1.691  1.311  0.929  0.546  0.163 -0.171 -0.508 -0.844 -1.180 -1.516 -1.852 -2.189 -2.526 -2.863 -3.200 
22.276 21.965 21.652 21.339 21.025 20.710 20.393 20.076 19.758 19.439 19.119 18.798 18.476 18.153 17.829 17.504 17.179 16.852 16.524 16.195 15.866 15.535 15.203 14.871 14.537 14.202 13.867 13.530 13.193 12.854 12.515 12.174 11.833 11.490 11.147 10.803 10.457 10.111  9.764  9.416  9.067  8.717  8.366  8.015  7.662  7.309  6.954  6.599  6.243  5.887  5.529  5.171  4.812  4.453  4.092  3.731  3.370  3.008  2.645  2.282  1.918  1.554  1.189  0.824  0.458  0.092 -0.229 -0.580 -0.931 -1.283 -1.635 -1.987 -2.339 -2.692 -3.046 -3.400 
22.060 21.749 21.437 21.124 20.809 20.494 20.178 19.861 19.543 19.224 18.904 18.583 18.261 17.938 17.615 17.290 16.964 16.638 16.310 15.982 15.652 15.322 14.990 14.658 14.325 13.991 13.656 13.319 12.982 12.644 12.305 11.965 11.624 11.282 10.939 10.595 10.249  9.903  9.556  9.207  8.858  8.507  8.155  7.802  7.448  7.092  6.736  6.378  6.019  5.659  5.298  4.936  4.572  4.208  3.842  3.476  3.108  2.739  2.370  2.000  1.629  1.258  0.886  0.514  0.141 -0.179 -0.520 -0.860 -1.202 -1.543 -1.885 -2.227 -2.570 -2.913 -3.256 -3.600 
21.846 21.534 21.222 20.909 20.594 20.279 19.963 19.646 19.328 19.009 18.688 18.367 18.045 17.722 17.398 17.073 16.748 16.421 16.093 15.764 15.434 15.104 14.772 14.439 14.106 13.771 13.435 13.099 12.761 12.423 12.084 11.744 11.402 11.060 10.717 10.373 10.029  9.683  9.336  8.989  8.641  8.292  7.942  7.591  7.239  6.887  6.534  6.180  5.825  5.470  5.114  4.757  4.400  4.042  3.684  3.324  2.965  2.604  2.243  1.882  1.520  1.158  0.795  0.432  0.069 -0.253 -0.606 -0.960 -1.313 -1.667 -2.022 -2.376 -2.732 -3.087 -3.443 -3.800 
21.630 21.319 21.007 20.693 20.379 20.064 19.748 19.431 19.113 18.794 18.474 18.153 17.831 17.508 17.184 16.859 16.534 16.207 15.879 15.551 15.221 14.890 14.559 14.226 13.892 13.558 13.222 12.886 12.548 12.209 11.870 11.529 11.187 10.845 10.501 10.156  9.810  9.463  9.115  8.766  8.416  8.065  7.713  7.360  7.006  6.651  6.295  5.938  5.580  5.222  4.862  4.501  4.140  3.778  3.415  3.051  2.687  2.322  1.957  1.591  1.224  0.857  0.490  0.122 -0.197 -0.541 -0.886 -1.230 -1.575 -1.920 -2.266 -2.612 -2.958 -3.305 -3.652 -4.000 
21.414 21.103 20.790 20.477 20.163 19.848 19.531 19.214 18.896 18.577 18.257 17.936 17.614 17.291 16.967 16.642 16.316 15.989 15.662 15.333 15.003 14.673 14.341 14.008 13.675 13.341 13.005 12.669 12.332 11.994 11.655 11.315 10.975 10.633 10.291  9.947  9.603  9.258  8.912  8.566  8.218  7.869  7.520  7.170  6.819  6.467  6.114  5.759  5.404  5.048  4.690  4.331  3.970  3.607  3.243  2.876  2.507  2.135  1.759  1.381  0.998  0.611  0.220 -0.175 -0.496 -0.820 -1.149 -1.480 -1.814 -2.150 -2.488 -2.828 -3.169 -3.512 -3.855 -4.200 
21.199 20.888 20.575 20.262 19.948 19.632 19.316 18.999 18.681 18.362 18.042 17.721 17.399 17.076 16.752 16.427 16.101 15.774 15.446 15.117 14.787 14.456 14.124 13.792 13.458 13.123 12.787 12.450 12.112 11.774 11.434 11.093 10.751 10.409 10.065  9.720  9.374  9.028  8.680  8.332  7.982  7.632  7.281  6.929  6.576  6.222  5.867  5.512  5.155  4.798  4.441  4.082  3.723  3.363  3.003  2.642  2.280  1.918  1.555  1.192  0.829  0.465  0.100 -0.219 -0.565 -0.912 -1.259 -1.607 -1.954 -2.303 -2.651 -3.000 -3.349 -3.699 -4.049 -4.400 
20.982 20.670 20.358 20.045 19.730 19.415 19.099 18.782 18.464 18.145 17.825 17.504 17.182 16.859 16.535 16.211 15.885 15.558 15.231 14.902 14.572 14.242 13.911 13.578 13.245 12.911 12.576 12.240 11.903 11.564 11.225 10.885 10.544 10.202  9.859  9.515  9.170  8.824  8.476  8.128  7.778  7.427  7.075  6.721  6.367  6.011  5.653  5.294  4.934  4.573  4.210  3.846  3.481  3.115  2.747  2.378  2.008  1.638  1.266  0.894  0.521  0.148 -0.172 -0.511 -0.851 -1.190 -1.530 -1.869 -2.210 -2.550 -2.891 -3.232 -3.573 -3.915 -4.257 -4.600 
20.766 20.455 20.142 19.829 19.515 19.199 18.883 18.566 18.248 17.929 17.608 17.287 16.965 16.642 16.318 15.993 15.667 15.340 15.012 14.683 14.353 14.022 13.690 13.357 13.024 12.689 12.353 12.016 11.679 11.340 11.001 10.660 10.319  9.977  9.633  9.289  8.944  8.598  8.252  7.904  7.555  7.206  6.856  6.505  6.154  5.801  5.448  5.094  4.739  4.384  4.028  3.672  3.315  2.957  2.599  2.240  1.880  1.521  1.160  0.799  0.438  0.077 -0.242 -0.591 -0.939 -1.288 -1.638 -1.988 -2.338 -2.688 -3.039 -3.390 -3.742 -4.094 -4.447 -4.800 
20.549 20.238 19.926 19.612 19.298 18.983 18.667 18.350 18.032 17.713 17.393 17.072 16.750 16.427 16.103 15.778 15.453 15.126 14.798 14.469 14.140 13.809 13.477 13.145 12.811 12.476 12.141 11.804 11.466 11.127 10.788 10.447 10.105  9.762  9.418  9.073  8.726  8.379  8.031  7.681  7.331  6.979  6.627  6.273  5.918  5.563  5.206  4.848  4.489  4.130  3.770  3.408  3.046  2.683  2.320  1.956  1.591  1.226  0.860  0.494  0.128 -0.190 -0.532 -0.873 -1.215 -1.558 -1.900 -2.243 -2.586 -2.930 -3.274 -3.618 -3.963 -4.308 -4.654 -5.000 
20.332 20.021 19.708 19.395 19.081 18.766 18.449 18.132 17.814 17.495 17.175 16.853 16.531 16.208 15.884 15.559 15.233 14.907 14.579 14.250 13.920 13.589 13.258 12.925 12.592 12.257 11.922 11.586 11.249 10.911 10.572 10.232  9.891  9.550  9.207  8.864  8.520  8.176  7.830  7.484  7.137  6.789  6.441  6.092  5.742  5.392  5.041  4.689  4.337  3.985  3.632  3.279  2.925  2.571  2.217  1.862  1.508  1.153  0.798  0.443  0.088 -0.185 -0.438 -0.692 -0.944 -1.195 -1.446 -1.694 -1.941 -2.186 -2.429 -2.669 -2.907 -3.141 -3.372 -3.600 
20.119 19.808 19.496 19.183 18.869 18.554 18.238 17.921 17.603 17.285 16.965 16.645 16.324 16.002 15.679 15.355 15.030 14.705 14.378 14.051 13.723 13.394 13.065 12.734 12.403 12.072 11.739 11.406 11.072 10.738 10.403 10.067  9.731  9.395  9.058  8.721  8.384  8.046  7.708  7.371  7.033  6.695  6.357  6.020  5.683  5.346  5.010  4.674  4.339  4.004  3.670  3.336  3.004  2.672  2.340  2.010  1.680  1.350  1.022  0.694  0.366  0.040 -0.178 -0.344 -0.510 -0.675 -0.837 -0.998 -1.157 -1.314 -1.469 -1.621 -1.770 -1.917 -2.060 -2.200 
19.935 19.624 19.312 19.000 18.686 18.372 18.057 17.742 17.426 17.109 16.792 16.474 16.155 15.835 15.516 15.195 14.874 14.552 14.230 13.907 13.584 13.261 12.936 12.612 12.287 11.962 11.637 11.311 10.985 10.659 10.333 10.006  9.680  9.354  9.027  8.701  8.375  8.049  7.724  7.398  7.073  6.749  6.424  6.101  5.778  5.455  5.133  4.812  4.491  4.172  3.853  3.534  3.217  2.900  2.585  2.270  1.958  1.649  1.345  1.049  0.763  0.490  0.227 -0.028 -0.156 -0.234 -0.304 -0.372 -0.437 -0.500 -0.560 -0.616 -0.668 -0.717 -0.761 -0.800 
19.810 19.499 19.188 18.876 18.564 18.251 17.938 17.625 17.311 16.997 16.682 16.368 16.053 15.737 15.422 15.106 14.790 14.474 14.157 13.841 13.524 13.208 12.891 12.574 12.258 11.941 11.625 11.308 10.992 10.676 10.361 10.045  9.731  9.416  9.102  8.789  8.476  8.164  7.853  7.542  7.233  6.924  6.616  6.310  6.004  5.700  5.397  5.096  4.796  4.498  4.202  3.907  3.615  3.324  3.036  2.750  2.467  2.185  1.906  1.629  1.354  1.082  0.811  0.543  0.276  0.011 -0.099 -0.113 -0.124 -0.129 -0.129 -0.125 -0.121 -0.055  0.270  0.600 
19.763 19.452 19.141 18.830 18.519 18.208 17.897 17.586 17.275 16.964 16.653 16.343 16.032 15.721 15.411 15.100 14.790 14.480 14.170 13.860 13.551 13.242 12.933 12.625 12.317 12.009 11.702 11.396 11.090 10.784 10.480 10.176  9.872  9.570  9.268  8.968  8.668  8.369  8.071  7.775  7.479  7.185  6.892  6.601  6.311  6.022  5.735  5.449  5.165  4.882  4.601  4.322  4.045  3.769  3.495  3.223  2.953  2.685  2.419  2.156  1.896  1.639  1.386  1.137  0.892  0.652  0.417  0.185 -0.045 -0.081  0.170  0.482  0.842  1.221  1.608  2.000 
19.799 19.488 19.178 18.868 18.558 18.249 17.941 17.632 17.325 17.017 16.711 16.404 16.099 15.794 15.489 15.186 14.883 14.581 14.280 13.980 13.681 13.383 13.086 12.790 12.496 12.204 11.913 11.624 11.337 11.053 10.770 10.490 10.212  9.937  9.665  9.396  9.131  8.869  8.610  8.356  8.106  7.861  7.620  7.384  7.153  6.927  6.708  6.493  6.285  6.084  5.888  5.700  5.518  5.343  5.175  5.015  4.862  4.716  4.579  4.449  4.326  4.212  4.105  4.006  3.915  3.832  3.756  3.688  3.627  3.574  3.528  3.488  3.456  3.431  3.412  3.400 
19.989 19.678 19.370 19.062 18.756 18.451 18.148 17.846 17.546 17.247 16.950 16.654 16.360 16.068 15.777 15.488 15.201 14.916 14.633 14.352 14.073 13.797 13.522 13.250 12.981 12.714 12.450 12.188 11.930 11.674 11.422 11.172 10.926 10.684 10.445 10.209  9.977  9.749  9.525  9.305  9.089  8.878  8.670  8.467  8.269  8.075  7.886  7.702  7.523  7.349  7.180  7.016  6.858  6.705  6.557  6.415  6.278  6.147  6.021  5.902  5.788  5.680  5.578  5.481  5.391  5.307  5.229  5.156  5.090  5.030  4.976  4.929  4.887  4.852  4.823  4.800 
20.394 20.085 19.777 19.472 19.169 18.868 18.569 18.273 17.979 17.687 17.397 17.110 16.825 16.543 16.263 15.986 15.711 15.439 15.169 14.902 14.638 14.376 14.118 13.862 13.609 13.360 13.113 12.869 12.629 12.392 12.158 11.928 11.701 11.477 11.258 11.041 10.829 10.620 10.416 10.215 10.018  9.826  9.637  9.453  9.273  9.098  8.927  8.760  8.598  8.441  8.289  8.141  7.998  7.860  7.727  7.600  7.477  7.360  7.247  7.140  7.039  6.943  6.852  6.767  6.688  6.614  6.546  6.484  6.427  6.377  6.332  6.293  6.261  6.234  6.214  6.200 
20.955 20.646 20.339 20.035 19.734 19.435 19.140 18.847 18.557 18.270 17.985 17.704 17.425 17.150 16.877 16.607 16.341 16.077 15.816 15.559 15.305 15.053 14.805 14.560 14.319 14.081 13.846 13.614 13.387 13.162 12.941 12.724 12.510 12.300 12.094 11.892 11.694 11.499 11.309 11.122 10.940 10.761 10.587 10.418 10.252 10.091  9.935  9.783  9.635  9.492  9.354  9.221  9.092  8.968  8.849  8.735  8.627  8.523  8.424  8.331  8.243  8.161  8.083  8.012  7.946  7.885  7.830  7.781  7.737  7.700  7.668  7.642  7.623  7.609  7.601  7.600 
21.622 21.312 21.006 20.703 20.403 20.107 19.813 19.523 19.236 18.952 18.672 18.395 18.121 17.850 17.582 17.318 17.058 16.800 16.546 16.296 16.049 15.805 15.565 15.328 15.095 14.866 14.640 14.418 14.199 13.985 13.774 13.567 13.364 13.165 12.969 12.778 12.591 12.408 12.229 12.054 11.883 11.717 11.555 11.398 11.245 11.096 10.952 10.813 10.678 10.548 10.422 10.302 10.186 10.075  9.970  9.869  9.773  9.683  9.598  9.518  9.443  9.373  9.310  9.251  9.198  9.151  9.110  9.074  9.044  9.019  9.001  8.989  8.982  8.982  8.988  9.000 
22.368 22.059 21.753 21.451 21.152 20.857 20.566 20.277 19.993 19.712 19.434 19.160 18.889 18.623 18.359 18.099 17.843 17.591 17.342 17.097 16.855 16.617 16.383 16.153 15.926 15.703 15.484 15.268 15.057 14.849 14.645 14.445 14.249 14.056 13.868 13.683 13.502 13.325 13.152 12.983 12.818 12.656 12.499 12.345 12.195 12.048 11.905 11.766 11.631 11.499 11.371 11.246 11.124 11.006 10.891 10.779 10.670 10.563 10.460 10.359 10.261 10.166 10.073  9.981  9.892  9.805  9.720  9.636  9.553  9.472  9.391  9.312  9.233  9.155  9.078  9.000 
23.167 22.858 22.553 22.251 21.953 21.658 21.367 21.080 20.796 20.516 20.239 19.966 19.697 19.431 19.169 18.910 18.655 18.404 18.156 17.912 17.671 17.434 17.200 16.970 16.744 16.521 16.301 16.086 15.873 15.664 15.458 15.256 15.058 14.862 14.670 14.481 14.296 14.114 13.935 13.759 13.586 13.417 13.250 13.087 12.926 12.768 12.613 12.461 12.312 12.165 12.021 11.879 11.740 11.603 11.469 11.336 11.206 11.077 10.951 10.827 10.704 10.583 10.463 10.345 10.228 10.112  9.998  9.884  9.772  9.660  9.549  9.438  9.328  9.219  9.109  9.000 
23.966 23.656 23.351 23.049 22.750 22.455 22.163 21.875 21.590 21.309 21.031 20.757 20.486 20.218 19.954 19.693 19.436 19.182 18.932 18.684 18.441 18.200 17.963 17.729 17.498 17.270 17.046 16.825 16.607 16.392 16.180 15.971 15.765 15.562 15.362 15.165 14.971 14.779 14.591 14.405 14.221 14.041 13.863 13.687 13.514 13.343 13.175 13.009 12.845 12.683 12.524 12.366 12.211 12.057 11.905 11.755 11.607 11.460 11.315 11.171 11.028 10.887 10.747 10.608 10.471 10.334 10.198 10.063  9.928  9.795  9.661  9.529  9.396  9.264  9.132  9.000 
24.722 24.413 24.107 23.804 23.505 23.209 22.916 22.626 22.339 22.056 21.776 21.499 21.225 20.955 20.688 20.423 20.162 19.904 19.650 19.398 19.149 18.903 18.661 18.421 18.184 17.950 17.719 17.491 17.266 17.043 16.824 16.607 16.392 16.181 15.972 15.765 15.561 15.360 15.161 14.964 14.770 14.578 14.388 14.201 14.015 13.832 13.651 13.471 13.294 13.119 12.945 12.773 12.603 12.434 12.267 12.102 11.938 11.775 11.613 11.453 11.294 11.136 10.979 10.823 10.668 10.514 10.360 10.208 10.055  9.904  9.752  9.601  9.451  9.300  9.150  9.000 
25.422 25.113 24.807 24.503 24.203 23.905 23.611 23.319 23.031 22.745 22.463 22.183 21.906 21.633 21.362 21.093 20.828 20.566 20.306 20.050 19.796 19.544 19.296 19.050 18.807 18.567 18.329 18.094 17.861 17.631 17.403 17.178 16.955 16.735 16.517 16.301 16.088 15.876 15.667 15.461 15.256 15.053 14.852 14.653 14.457 14.262 14.068 13.877 13.687 13.499 13.313 13.128 12.944 12.762 12.582 12.402 12.224 12.048 11.872 11.697 11.524 11.351 11.179 11.008 10.838 10.669 10.500 10.332 10.164  9.997  9.830  9.664  9.498  9.332  9.166  9.000 
26.063 25.753 25.446 25.142 24.841 24.542 24.247 23.953 23.663 23.375 23.090 22.808 22.528 22.251 21.976 21.704 21.435 21.168 20.904 20.643 20.384 20.127 19.873 19.621 19.372 19.126 18.881 18.639 18.399 18.162 17.927 17.694 17.463 17.234 17.008 16.784 16.561 16.341 16.122 15.906 15.691 15.479 15.268 15.059 14.851 14.646 14.441 14.239 14.038 13.838 13.640 13.443 13.248 13.054 12.861 12.669 12.479 12.289 12.101 11.914 11.727 11.541 11.356 11.172 10.989 10.806 10.624 10.442 10.261 10.080  9.899  9.719  9.539  9.359  9.180  9.000 
26.646 26.336 26.029 25.724 25.422 25.122 24.825 24.530 24.238 23.948 23.661 23.375 23.093 22.813 22.535 22.259 21.986 21.716 21.447 21.181 20.917 20.656 20.397 20.140 19.885 19.632 19.382 19.133 18.887 18.643 18.401 18.160 17.922 17.686 17.452 17.219 16.989 16.760 16.533 16.308 16.084 15.863 15.642 15.424 15.207 14.991 14.777 14.565 14.353 14.143 13.935 13.727 13.521 13.316 13.112 12.909 12.707 12.507 12.307 12.108 11.909 11.712 11.515 11.319 11.124 10.929 10.734 10.540 10.347 10.154  9.961  9.769  9.576  9.384  9.192  9.000 
27.175 26.865 26.558 26.253 25.950 25.649 25.350 25.054 24.760 24.468 24.179 23.891 23.606 23.323 23.042 22.763 22.487 22.212 21.940 21.670 21.402 21.135 20.871 20.609 20.349 20.091 19.835 19.581 19.329 19.078 18.830 18.583 18.338 18.095 17.854 17.614 17.376 17.140 16.905 16.672 16.440 16.210 15.981 15.754 15.528 15.304 15.081 14.859 14.638 14.419 14.201 13.984 13.768 13.553 13.339 13.126 12.914 12.703 12.492 12.283 12.074 11.866 11.658 11.452 11.245 11.039 10.834 10.629 10.425 10.221 10.017  9.813  9.610  9.406  9.203  9.000 
27.655 27.346 27.038 26.732 26.428 26.127 25.827 25.529 25.234 24.940 24.648 24.359 24.071 23.786 23.502 23.220 22.940 22.663 22.387 22.113 21.841 21.570 21.302 21.035 20.771 20.508 20.246 19.987 19.729 19.473 19.219 18.966 18.715 18.466 18.218 17.971 17.727 17.483 17.241 17.001 16.762 16.524 16.288 16.053 15.819 15.587 15.355 15.125 14.896 14.668 14.441 14.215 13.991 13.767 13.544 13.322 13.100 12.880 12.660 12.441 12.223 12.005 11.788 11.571 11.355 11.140 10.924 10.710 10.495 10.281 10.067  9.853  9.640  9.427  9.213  9.000 
28.091 27.781 27.473 27.167 26.862 26.560 26.259 25.960 25.663 25.368 25.075 24.783 24.493 24.205 23.919 23.635 23.352 23.071 22.792 22.514 22.239 21.965 21.692 21.421 21.152 20.885 20.619 20.355 20.092 19.831 19.571 19.313 19.057 18.801 18.548 18.295 18.044 17.795 17.546 17.299 17.054 16.809 16.566 16.324 16.083 15.843 15.604 15.366 15.130 14.894 14.659 14.426 14.193 13.961 13.729 13.499 13.269 13.040 12.812 12.585 12.357 12.131 11.905 11.680 11.455 11.230 11.006 10.782 10.559 10.336 10.113  9.890  9.667  9.445  9.222  9.000 
28.486 28.176 27.868 27.561 27.256 26.953 26.651 26.351 26.053 25.756 25.461 25.167 24.876 24.586 24.297 24.010 23.725 23.441 23.159 22.878 22.599 22.322 22.046 21.772 21.499 21.227 20.957 20.688 20.421 20.155 19.891 19.628 19.366 19.106 18.847 18.589 18.332 18.077 17.823 17.570 17.318 17.067 16.818 16.569 16.322 16.075 15.830 15.585 15.341 15.099 14.857 14.616 14.376 14.136 13.898 13.660 13.422 13.186 12.950 12.714 12.480 12.245 12.011 11.778 11.545 11.312 11.080 10.848 10.617 10.385 10.154  9.923  9.692  9.461  9.231  9.000 
28.844 28.534 28.225 27.918 27.613 27.309 27.006 26.705 26.406 26.108 25.811 25.516 25.223 24.930 24.640 24.351 24.063 23.777 23.492 23.209 22.927 22.646 22.367 22.089 21.812 21.537 21.263 20.991 20.719 20.449 20.181 19.913 19.647 19.382 19.118 18.855 18.593 18.333 18.073 17.815 17.558 17.301 17.046 16.792 16.538 16.286 16.034 15.783 15.533 15.284 15.036 14.788 14.542 14.296 14.050 13.805 13.561 13.318 13.075 12.832 12.590 12.349 12.108 11.867 11.627 11.387 11.147 10.908 10.669 10.430 10.191  9.953  9.715  9.476  9.238  9.000 
29.169 28.858 28.550 28.242 27.936 27.631 27.328 27.026 26.726 26.426 26.129 25.832 25.537 25.243 24.951 24.659 24.370 24.081 23.794 23.508 23.223 22.940 22.657 22.377 22.097 21.818 21.541 21.265 20.990 20.716 20.443 20.172 19.901 19.632 19.364 19.096 18.830 18.565 18.300 18.037 17.775 17.513 17.253 16.993 16.734 16.476 16.219 15.963 15.707 15.452 15.198 14.945 14.692 14.440 14.188 13.937 13.687 13.437 13.188 12.939 12.691 12.443 12.195 11.948 11.701 11.454 11.208 10.962 10.716 10.471 10.225  9.980  9.735  9.490  9.245  9.000 
29.463 29.153 28.844 28.536 28.229 27.924 27.620 27.317 27.016 26.715 26.416 26.119 25.822 25.527 25.232 24.939 24.647 24.357 24.067 23.779 23.492 23.206 22.921 22.637 22.355 22.073 21.793 21.513 21.235 20.958 20.681 20.406 20.132 19.859 19.586 19.315 19.044 18.775 18.506 18.239 17.972 17.706 17.440 17.176 16.912 16.649 16.387 16.126 15.865 15.605 15.345 15.087 14.828 14.571 14.314 14.057 13.801 13.546 13.290 13.036 12.782 12.528 12.274 12.021 11.768 11.516 11.263 11.011 10.759 10.508 10.256 10.005  9.753  9.502  9.251  9.000 
29.730 29.419 29.110 28.802 28.495 28.189 27.885 27.581 27.279 26.978 26.677 26.378 26.080 25.783 25.488 25.193 24.899 24.607 24.315 24.025 23.736 23.447 23.160 22.874 22.588 22.304 22.021 21.738 21.457 21.177 20.897 20.619 20.341 20.064 19.788 19.513 19.239 18.966 18.693 18.421 18.150 17.880 17.610 17.342 17.074 16.806 16.539 16.273 16.008 15.743 15.479 15.215 14.952 14.689 14.427 14.166 13.904 13.644 13.383 13.123 12.864 12.605 12.346 12.087 11.829 11.571 11.313 11.056 10.798 10.541 10.284 10.027  9.770  9.513  9.257  9.000 
29.971 29.661 29.352 29.043 28.736 28.430 28.125 27.820 27.517 27.215 26.914 26.614 26.315 26.016 25.719 25.423 25.128 24.834 24.540 24.248 23.957 23.666 23.377 23.088 22.800 22.514 22.228 21.943 21.659 21.375 21.093 20.811 20.530 20.250 19.971 19.693 19.415 19.138 18.862 18.587 18.312 18.038 17.765 17.492 17.220 16.948 16.677 16.407 16.137 15.868 15.600 15.332 15.064 14.797 14.530 14.264 13.998 13.733 13.468 13.203 12.939 12.675 12.411 12.147 11.884 11.621 11.359 11.096 10.834 10.571 10.309 10.047  9.785  9.524  9.262  9.000 
30.191 29.880 29.571 29.262 28.955 28.648 28.342 28.037 27.733 27.430 27.128 26.827 26.527 26.227 25.929 25.631 25.335 25.039 24.744 24.450 24.157 23.864 23.573 23.282 22.992 22.703 22.415 22.128 21.841 21.555 21.270 20.986 20.702 20.419 20.137 19.856 19.575 19.295 19.016 18.737 18.459 18.181 17.904 17.628 17.352 17.077 16.803 16.528 16.255 15.982 15.709 15.437 15.166 14.894 14.624 14.353 14.083 13.813 13.544 13.275 13.006 12.738 12.470 12.202 11.934 11.667 11.400 11.133 10.866 10.599 10.332 10.066  9.799  9.533  9.266  9.000 
30.389 30.079 29.769 29.460 29.153 28.845 28.539 28.234 27.929 27.626 27.323 27.021 26.719 26.419 26.119 25.820 25.522 25.225 24.929 24.633 24.338 24.044 23.751 23.458 23.167 22.875 22.585 22.295 22.007 21.718 21.431 21.144 20.858 20.572 20.288 20.003 19.720 19.437 19.155 18.873 18.592 18.311 18.031 17.751 17.472 17.194 16.916 16.638 16.361 16.085 15.809 15.533 15.258 14.983 14.708 14.434 14.160 13.887 13.613 13.340 13.068 12.795 12.523 12.251 11.980 11.708 11.437 11.166 10.895 10.624 10.353 10.082  9.812  9.541  9.271  9.000 
30.569 30.259 29.949 29.640 29.332 29.025 28.718 28.412 28.107 27.802 27.499 27.196 26.894 26.592 26.292 25.992 25.693 25.394 25.096 24.799 24.503 24.207 23.912 23.618 23.324 23.031 22.739 22.448 22.157 21.866 21.577 21.288 20.999 20.711 20.424 20.137 19.851 19.566 19.281 18.996 18.712 18.429 18.146 17.863 17.581 17.300 17.019 16.738 16.458 16.178 15.899 15.620 15.341 15.063 14.785 14.507 14.230 13.953 13.676 13.400 13.123 12.848 12.572 12.296 12.021 11.746 11.471 11.196 10.921 10.646 10.372 10.097  9.823  9.549  9.274  9.000 
30.733 30.422 30.112 29.803 29.495 29.187 28.880 28.574 28.268 27.963 27.659 27.355 27.052 26.750 26.448 26.147 25.847 25.547 25.248 24.950 24.652 24.355 24.058 23.763 23.467 23.173 22.879 22.585 22.293 22.000 21.709 21.418 21.127 20.837 20.548 20.259 19.970 19.682 19.395 19.108 18.821 18.535 18.250 17.965 17.680 17.396 17.112 16.828 16.545 16.263 15.980 15.698 15.417 15.135 14.854 14.574 14.293 14.013 13.733 13.453 13.174 12.895 12.616 12.337 12.058 11.780 11.501 11.223 10.945 10.667 10.389 10.111  9.833  9.555  9.278  9.000 
