25.816 25.505 25.194 24.883 24.573 24.262 23.951 23.640 23.329 23.018 22.707 22.396 22.085 21.774 21.464 21.153 20.842 20.531 20.220 19.909 19.598 19.287 18.976 18.665 18.354 18.043 17.732 17.421 17.110 16.799 16.488 16.176 15.865 15.554 15.243 14.931 14.620 14.308 13.997 13.685 13.373 13.061 12.749 12.437 12.124 11.812 11.499 11.186 10.873 10.560 10.246  9.933  9.618  9.304  8.989  8.674  8.358  8.042  7.726  7.409  7.092  6.774  6.455  6.136  5.816  5.495  5.174  4.852  4.529  4.205  3.881  3.555  3.229  2.901  2.573  2.243 
25.814 25.503 25.192 24.881 24.570 24.259 23.948 23.637 23.326 23.015 22.703 22.392 22.081 21.770 21.458 21.147 20.835 20.524 20.212 19.901 19.589 19.277 18.965 18.653 18.341 18.029 17.717 17.404 17.092 16.779 16.466 16.153 15.840 15.527 15.214 14.900 14.586 14.272 13.958 13.643 13.328 13.013 12.698 12.382 12.066 11.749 11.433 11.115 10.798 10.480 10.162  9.843  9.523  9.203  8.883  8.562  8.241  7.918  7.596  7.272  6.948  6.623  6.298  5.971  5.644  5.316  4.988  4.658  4.327  3.996  3.664  3.330  2.996  2.660  2.323  1.986 
25.801 25.490 25.179 24.867 24.556 24.245 23.934 23.622 23.310 22.999 22.687 22.375 22.063 21.751 21.439 21.126 20.814 20.501 20.188 19.875 19.562 19.249 18.935 18.622 18.308 17.994 17.679 17.365 17.050 16.735 16.420 16.105 15.789 15.473 15.157 14.840 14.523 14.206 13.889 13.571 13.252 12.934 12.615 12.295 11.975 11.655 11.334 11.012 10.690 10.368 10.045  9.721  9.397  9.073  8.747  8.421  8.094  7.767  7.439  7.110  6.780  6.450  6.119  5.787  5.454  5.120  4.785  4.450  4.113  3.776  3.437  3.098  2.757  2.415  2.072  1.729 
25.771 25.460 25.149 24.837 24.526 24.214 23.902 23.590 23.278 22.965 22.653 22.340 22.027 21.714 21.400 21.087 20.773 20.459 20.145 19.830 19.515 19.200 18.885 18.570 18.254 17.938 17.621 17.305 16.988 16.670 16.353 16.035 15.716 15.397 15.078 14.759 14.439 14.118 13.798 13.476 13.155 12.833 12.510 12.187 11.863 11.539 11.214 10.889 10.563 10.236  9.909  9.581  9.253  8.924  8.594  8.263  7.932  7.600  7.267  6.934  6.599  6.264  5.928  5.591  5.253  4.914  4.574  4.234  3.892  3.550  3.206  2.861  2.515  2.168  1.821  1.471 
25.722 25.411 25.100 24.788 24.476 24.164 23.852 23.539 23.227 22.913 22.600 22.286 21.972 21.658 21.344 21.029 20.714 20.398 20.082 19.766 19.450 19.133 18.816 18.499 18.181 17.863 17.544 17.225 16.906 16.587 16.266 15.946 15.625 15.304 14.982 14.659 14.337 14.013 13.689 13.365 13.040 12.715 12.389 12.062 11.735 11.408 11.079 10.750 10.421 10.090  9.759  9.428  9.095  8.762  8.428  8.094  7.758  7.422  7.085  6.748  6.409  6.069  5.729  5.388  5.045  4.702  4.358  4.013  3.667  3.320  2.971  2.622  2.272  1.920  1.568  1.214 
25.655 25.344 25.032 24.721 24.409 24.096 23.783 23.470 23.157 22.843 22.529 22.214 21.900 21.584 21.269 20.953 20.636 20.320 20.002 19.685 19.367 19.049 18.730 18.411 18.091 17.771 17.451 17.130 16.808 16.486 16.164 15.841 15.518 15.194 14.870 14.545 14.219 13.893 13.567 13.239 12.912 12.583 12.254 11.925 11.594 11.263 10.932 10.600 10.267  9.933  9.599  9.263  8.928  8.591  8.253  7.915  7.576  7.236  6.895  6.554  6.211  5.868  5.524  5.178  4.832  4.485  4.137  3.788  3.438  3.087  2.734  2.381  2.027  1.671  1.315  0.957 
25.570 25.259 24.948 24.636 24.324 24.011 23.698 23.384 23.070 22.756 22.441 22.125 21.810 21.494 21.177 20.860 20.542 20.224 19.906 19.587 19.268 18.948 18.628 18.307 17.986 17.664 17.341 17.019 16.695 16.371 16.047 15.722 15.396 15.070 14.744 14.416 14.088 13.760 13.431 13.101 12.771 12.439 12.108 11.775 11.442 11.108 10.774 10.439 10.103  9.766  9.428  9.090  8.751  8.411  8.070  7.729  7.386  7.043  6.699  6.354  6.008  5.661  5.313  4.965  4.615  4.264  3.913  3.560  3.206  2.851  2.496  2.139  1.781  1.422  1.061  0.700 
25.470 25.159 24.847 24.535 24.223 23.910 23.596 23.282 22.967 22.652 22.337 22.021 21.704 21.387 21.070 20.752 20.433 20.114 19.795 19.475 19.154 18.833 18.511 18.189 17.866 17.542 17.219 16.894 16.569 16.243 15.917 15.590 15.262 14.934 14.605 14.276 13.946 13.615 13.283 12.951 12.618 12.285 11.951 11.616 11.280 10.944 10.606 10.268  9.930  9.590  9.250  8.909  8.567  8.224  7.880  7.536  7.190  6.844  6.497  6.149  5.799  5.449  5.099  4.747  4.394  4.040  3.685  3.329  2.972  2.614  2.255  1.895  1.533  1.171  0.807  0.443 
25.355 25.044 24.732 24.420 24.107 23.794 23.480 23.165 22.850 22.535 22.219 21.902 21.585 21.267 20.949 20.630 20.310 19.990 19.670 19.349 19.027 18.704 18.381 18.058 17.733 17.409 17.083 16.757 16.430 16.103 15.775 15.446 15.117 14.787 14.456 14.124 13.792 13.459 13.126 12.792 12.457 12.121 11.784 11.447 11.109 10.770 10.430 10.090  9.749  9.407  9.064  8.720  8.375  8.030  7.684  7.336  6.988  6.639  6.289  5.938  5.586  5.233  4.880  4.525  4.169  3.812  3.454  3.096  2.736  2.375  2.013  1.649  1.285  0.920  0.553  0.186 
25.227 24.916 24.604 24.291 23.978 23.665 23.351 23.036 22.720 22.404 22.088 21.771 21.453 21.134 20.815 20.495 20.175 19.854 19.532 19.210 18.887 18.564 18.240 17.915 17.589 17.263 16.936 16.609 16.280 15.951 15.622 15.292 14.960 14.629 14.296 13.963 13.629 13.294 12.959 12.623 12.286 11.948 11.609 11.270 10.930 10.589 10.247  9.904  9.561  9.216  8.871  8.525  8.178  7.830  7.481  7.132  6.781  6.429  6.077  5.723  5.369  5.014  4.657  4.300  3.941  3.582  3.221  2.860  2.497  2.134  1.769  1.403  1.036  0.668  0.299 -0.071 
25.086 24.775 24.463 24.151 23.838 23.524 23.209 22.894 22.578 22.262 21.945 21.627 21.309 20.990 20.670 20.349 20.028 19.706 19.384 19.061 18.737 18.412 18.087 17.761 17.434 17.107 16.779 16.450 16.121 15.790 15.459 15.127 14.795 14.462 14.128 13.793 13.457 13.121 12.784 12.446 12.107 11.767 11.427 11.086 10.744 10.401 10.057  9.712  9.367  9.021  8.673  8.325  7.976  7.626  7.275  6.923  6.570  6.216  5.861  5.505  5.147  4.788  4.428  4.066  3.703  3.338  2.972  2.604  2.234  1.863  1.490  1.115  0.739  0.362 -0.017 -0.329 
24.935 24.624 24.312 23.999 23.686 23.372 23.057 22.742 22.426 22.109 21.791 21.473 21.154 20.834 20.514 20.193 19.871 19.548 19.225 18.901 18.576 18.250 17.924 17.597 17.269 16.940 16.611 16.280 15.949 15.618 15.285 14.951 14.617 14.282 13.946 13.609 13.272 12.933 12.594 12.253 11.912 11.570 11.227 10.883 10.538 10.193  9.846  9.498  9.150  8.800  8.449  8.098  7.745  7.392  7.037  6.682  6.326  5.968  5.610  5.251  4.890  4.529  4.167  3.805  3.441  3.077  2.712  2.346  1.979  1.612  1.244  0.876  0.507  0.138 -0.200 -0.586 
24.772 24.461 24.149 23.836 23.523 23.208 22.893 22.578 22.261 21.944 21.626 21.307 20.987 20.667 20.346 20.024 19.701 19.378 19.054 18.729 18.403 18.076 17.749 17.421 17.092 16.762 16.431 16.100 15.768 15.435 15.101 14.766 14.431 14.094 13.757 13.419 13.080 12.740 12.399 12.058 11.715 11.372 11.027 10.682 10.335  9.988  9.639  9.290  8.939  8.587  8.234  7.880  7.525  7.169  6.811  6.452  6.092  5.731  5.368  5.004  4.639  4.272  3.904  3.535  3.164  2.792  2.419  2.045  1.669  1.293  0.915  0.537  0.159 -0.167 -0.504 -0.843 
24.599 24.287 23.975 23.662 23.349 23.034 22.719 22.403 22.086 21.768 21.450 21.131 20.810 20.489 20.168 19.845 19.522 19.197 18.872 18.546 18.220 17.892 17.564 17.234 16.904 16.573 16.241 15.909 15.575 15.241 14.905 14.569 14.232 13.894 13.556 13.216 12.875 12.534 12.191 11.848 11.504 11.159 10.813 10.467 10.119  9.770  9.421  9.071  8.720  8.368  8.015  7.662  7.307  6.952  6.596  6.239  5.881  5.522  5.162  4.802  4.440  4.077  3.713  3.347  2.979  2.610  2.238  1.863  1.484  1.100  0.711  0.314 -0.090 -0.421 -0.759 -1.100 
24.415 24.104 23.792 23.479 23.165 22.850 22.535 22.219 21.901 21.583 21.265 20.945 20.624 20.303 19.981 19.657 19.333 19.009 18.683 18.356 18.029 17.700 17.371 17.041 16.710 16.378 16.045 15.711 15.377 15.041 14.705 14.367 14.029 13.689 13.349 13.008 12.665 12.322 11.978 11.633 11.287 10.939 10.591 10.242  9.892  9.541  9.189  8.836  8.482  8.127  7.771  7.414  7.057  6.698  6.338  5.978  5.616  5.254  4.891  4.527  4.163  3.797  3.431  3.065  2.697  2.329  1.961  1.591  1.221  0.851  0.480  0.109 -0.226 -0.603 -0.980 -1.357 
24.223 23.912 23.599 23.286 22.972 22.658 22.342 22.025 21.708 21.389 21.070 20.750 20.429 20.107 19.785 19.461 19.136 18.811 18.485 18.157 17.829 17.500 17.170 16.840 16.508 16.175 15.842 15.507 15.172 14.835 14.498 14.160 13.821 13.480 13.139 12.797 12.454 12.110 11.764 11.418 11.071 10.722 10.373 10.022  9.671  9.318  8.964  8.609  8.252  7.895  7.536  7.176  6.815  6.453  6.089  5.725  5.359  4.992  4.624  4.255  3.885  3.514  3.142  2.769  2.396  2.021  1.646  1.271  0.894  0.518  0.141 -0.187 -0.543 -0.900 -1.257 -1.614 
24.023 23.712 23.399 23.086 22.772 22.457 22.141 21.824 21.507 21.188 20.868 20.548 20.226 19.904 19.581 19.257 18.932 18.605 18.278 17.951 17.622 17.292 16.961 16.630 16.297 15.963 15.629 15.293 14.957 14.620 14.282 13.942 13.602 13.261 12.919 12.576 12.232 11.887 11.542 11.195 10.847 10.499 10.149  9.799  9.448  9.095  8.742  8.388  8.032  7.676  7.319  6.960  6.600  6.239  5.876  5.512  5.146  4.779  4.409  4.038  3.664  3.288  2.909  2.527  2.143  1.755  1.366  0.973  0.578  0.182 -0.184 -0.523 -0.860 -1.197 -1.534 -1.871 
23.816 23.504 23.192 22.879 22.565 22.250 21.934 21.617 21.299 20.980 20.660 20.339 20.017 19.695 19.371 19.046 18.721 18.394 18.067 17.738 17.409 17.078 16.747 16.414 16.081 15.747 15.411 15.075 14.738 14.399 14.060 13.719 13.378 13.036 12.692 12.348 12.002 11.656 11.308 10.960 10.610 10.260  9.908  9.556  9.203  8.848  8.493  8.136  7.779  7.421  7.062  6.701  6.341  5.979  5.616  5.252  4.888  4.523  4.157  3.791  3.423  3.055  2.687  2.317  1.947  1.577  1.206  0.834  0.462  0.090 -0.246 -0.622 -0.998 -1.374 -1.751 -2.129 
23.602 23.290 22.978 22.665 22.351 22.035 21.719 21.402 21.084 20.765 20.445 20.124 19.802 19.479 19.155 18.830 18.504 18.177 17.849 17.520 17.190 16.859 16.528 16.195 15.861 15.526 15.190 14.853 14.515 14.176 13.836 13.495 13.153 12.810 12.466 12.120 11.774 11.426 11.078 10.728 10.377 10.025  9.672  9.318  8.962  8.606  8.248  7.889  7.529  7.168  6.806  6.442  6.078  5.713  5.346  4.979  4.610  4.241  3.870  3.499  3.127  2.754  2.381  2.007  1.632  1.256  0.880  0.504  0.127 -0.204 -0.567 -0.930 -1.293 -1.657 -2.021 -2.386 
23.382 23.071 22.758 22.445 22.131 21.815 21.499 21.181 20.863 20.544 20.223 19.902 19.580 19.256 18.932 18.607 18.280 17.953 17.625 17.295 16.965 16.634 16.301 15.968 15.633 15.298 14.962 14.624 14.286 13.947 13.606 13.265 12.923 12.579 12.235 11.889 11.543 11.196 10.847 10.497 10.147  9.795  9.442  9.088  8.733  8.376  8.019  7.660  7.299  6.937  6.574  6.209  5.843  5.475  5.105  4.734  4.361  3.986  3.610  3.232  2.852  2.471  2.088  1.704  1.319  0.933  0.546  0.158 -0.177 -0.528 -0.880 -1.231 -1.584 -1.936 -2.289 -2.643 
23.157 22.846 22.534 22.220 21.906 21.590 21.274 20.956 20.638 20.318 19.998 19.676 19.353 19.030 18.705 18.379 18.053 17.725 17.396 17.066 16.735 16.403 16.070 15.736 15.401 15.065 14.728 14.389 14.050 13.710 13.368 13.026 12.683 12.338 11.992 11.646 11.298 10.949 10.600 10.249  9.897  9.545  9.191  8.836  8.480  8.124  7.766  7.408  7.048  6.688  6.326  5.964  5.601  5.237  4.873  4.507  4.141  3.774  3.407  3.039  2.671  2.302  1.933  1.563  1.194  0.825  0.455  0.087 -0.144 -0.289 -0.432 -0.572 -0.708 -0.841 -0.970 -1.094 
22.928 22.617 22.304 21.991 21.677 21.361 21.045 20.727 20.409 20.090 19.769 19.448 19.125 18.802 18.478 18.152 17.826 17.499 17.171 16.842 16.512 16.181 15.849 15.517 15.184 14.849 14.514 14.179 13.842 13.505 13.167 12.828 12.489 12.149 11.809 11.468 11.127 10.785 10.443 10.101  9.759  9.416  9.074  8.731  8.389  8.047  7.705  7.363  7.022  6.681  6.341  6.002  5.663  5.325  4.989  4.653  4.318  3.984  3.652  3.321  2.991  2.662  2.334  2.008  1.683  1.359  1.036  0.715  0.394  0.075 -0.098 -0.182 -0.261 -0.339 -0.415 -0.491 
22.722 22.411 22.098 21.786 21.472 21.157 20.842 20.526 20.209 19.892 19.573 19.254 18.935 18.614 18.293 17.971 17.649 17.326 17.002 16.678 16.353 16.027 15.702 15.375 15.049 14.721 14.394 14.066 13.738 13.410 13.081 12.752 12.423 12.095 11.766 11.437 11.108 10.780 10.451 10.123  9.795  9.468  9.141  8.815  8.489  8.164  7.839  7.516  7.193  6.871  6.550  6.230  5.911  5.593  5.277  4.961  4.647  4.334  4.022  3.712  3.403  3.096  2.790  2.486  2.185  1.888  1.595  1.307  1.026  0.753  0.486  0.225 -0.032 -0.151 -0.217 -0.279 
22.578 22.267 21.955 21.643 21.330 21.017 20.704 20.390 20.076 19.761 19.446 19.130 18.814 18.498 18.181 17.864 17.546 17.229 16.911 16.592 16.274 15.955 15.637 15.318 14.999 14.680 14.361 14.041 13.722 13.403 13.085 12.766 12.447 12.129 11.811 11.494 11.177 10.860 10.544 10.228  9.913  9.598  9.285  8.972  8.659  8.348  8.037  7.728  7.419  7.112  6.805  6.500  6.195  5.892  5.591  5.291  4.992  4.694  4.399  4.105  3.813  3.523  3.235  2.949  2.666  2.386  2.109  1.834  1.562  1.293  1.028  0.764  0.503  0.245 -0.012 -0.131 
22.506 22.195 21.884 21.573 21.261 20.950 20.638 20.326 20.014 19.702 19.390 19.077 18.765 18.452 18.140 17.827 17.515 17.202 16.889 16.577 16.264 15.952 15.640 15.328 15.016 14.704 14.393 14.082 13.771 13.461 13.151 12.841 12.533 12.224 11.916 11.609 11.302 10.997 10.692 10.388 10.084  9.782  9.481  9.180  8.881  8.583  8.287  7.991  7.697  7.404  7.113  6.823  6.534  6.248  5.962  5.678  5.396  5.115  4.836  4.559  4.283  4.008  3.735  3.464  3.194  2.925  2.657  2.391  2.126  1.861  1.598  1.335  1.074  0.812  0.551  0.291 
22.503 22.192 21.881 21.571 21.260 20.950 20.640 20.330 20.020 19.710 19.401 19.092 18.783 18.474 18.165 17.856 17.548 17.240 16.933 16.625 16.318 16.012 15.705 15.399 15.094 14.788 14.484 14.179 13.876 13.572 13.270 12.967 12.666 12.364 12.064 11.764 11.465 11.166 10.868 10.571 10.274  9.978  9.683  9.388  9.094  8.801  8.509  8.218  7.927  7.637  7.347  7.059  6.771  6.484  6.197  5.912  5.627  5.342  5.059  4.776  4.493  4.212  3.930  3.650  3.369  3.090  2.810  2.531  2.253  1.975  1.697  1.419  1.142  0.865  0.588  0.311 
22.554 22.244 21.933 21.623 21.313 21.004 20.695 20.386 20.077 19.769 19.461 19.153 18.846 18.539 18.233 17.927 17.621 17.315 17.010 16.705 16.401 16.097 15.794 15.490 15.188 14.885 14.583 14.282 13.981 13.680 13.380 13.080 12.781 12.482 12.184 11.886 11.589 11.292 10.995 10.699 10.404 10.109  9.814  9.520  9.227  8.934  8.641  8.349  8.058  7.766  7.476  7.185  6.896  6.606  6.317  6.029  5.740  5.453  5.165  4.878  4.591  4.305  4.019  3.733  3.447  3.162  2.877  2.592  2.308  2.023  1.739  1.455  1.171  0.887  0.603  0.319 
22.631 22.321 22.010 21.700 21.391 21.082 20.773 20.464 20.156 19.848 19.541 19.234 18.927 18.621 18.315 18.010 17.705 17.400 17.096 16.792 16.488 16.185 15.882 15.580 15.278 14.976 14.675 14.374 14.074 13.773 13.474 13.174 12.876 12.577 12.279 11.981 11.684 11.387 11.090 10.794 10.498 10.202  9.907  9.613  9.318  9.024  8.730  8.437  8.144  7.851  7.559  7.267  6.975  6.683  6.392  6.101  5.811  5.520  5.230  4.940  4.650  4.361  4.072  3.783  3.494  3.205  2.916  2.628  2.340  2.052  1.764  1.476  1.188  0.900  0.612  0.324 
22.715 22.404 22.094 21.784 21.475 21.165 20.857 20.548 20.240 19.932 19.625 19.318 19.011 18.705 18.399 18.094 17.789 17.484 17.180 16.876 16.572 16.269 15.966 15.663 15.361 15.059 14.758 14.457 14.156 13.855 13.555 13.256 12.956 12.657 12.358 12.060 11.762 11.464 11.167 10.869 10.573 10.276  9.980  9.684  9.388  9.093  8.798  8.503  8.209  7.914  7.620  7.327  7.033  6.740  6.447  6.154  5.861  5.569  5.276  4.984  4.692  4.401  4.109  3.817  3.526  3.235  2.944  2.653  2.362  2.071  1.780  1.490  1.199  0.909  0.618  0.328 
22.797 22.487 22.176 21.866 21.557 21.247 20.938 20.630 20.322 20.014 19.706 19.399 19.092 18.786 18.480 18.174 17.869 17.563 17.259 16.954 16.650 16.347 16.043 15.740 15.437 15.135 14.833 14.531 14.230 13.929 13.628 13.327 13.027 12.727 12.428 12.128 11.829 11.531 11.232 10.934 10.636 10.338 10.041  9.744  9.447  9.150  8.854  8.558  8.262  7.966  7.670  7.375  7.080  6.785  6.490  6.196  5.901  5.607  5.313  5.019  4.725  4.432  4.138  3.845  3.551  3.258  2.965  2.672  2.379  2.086  1.794  1.501  1.208  0.915  0.623  0.330 
22.874 22.564 22.253 21.943 21.633 21.324 21.015 20.706 20.398 20.090 19.782 19.475 19.168 18.861 18.554 18.248 17.942 17.637 17.332 17.027 16.722 16.418 16.114 15.810 15.507 15.204 14.901 14.599 14.297 13.995 13.693 13.392 13.091 12.790 12.489 12.189 11.889 11.589 11.290 10.991 10.692 10.393 10.094  9.796  9.498  9.200  8.902  8.605  8.307  8.010  7.713  7.417  7.120  6.824  6.528  6.231  5.936  5.640  5.344  5.049  4.753  4.458  4.163  3.868  3.573  3.278  2.983  2.688  2.394  2.099  1.805  1.510  1.216  0.921  0.627  0.332 
22.946 22.635 22.324 22.014 21.704 21.395 21.086 20.777 20.468 20.160 19.852 19.544 19.237 18.930 18.623 18.316 18.010 17.704 17.399 17.093 16.788 16.483 16.179 15.874 15.571 15.267 14.963 14.660 14.357 14.055 13.752 13.450 13.148 12.846 12.545 12.244 11.943 11.642 11.342 11.041 10.741 10.442 10.142  9.842  9.543  9.244  8.945  8.647  8.348  8.050  7.752  7.454  7.156  6.858  6.560  6.263  5.966  5.669  5.371  5.075  4.778  4.481  4.184  3.888  3.591  3.295  2.999  2.702  2.406  2.110  1.814  1.518  1.222  0.926  0.630  0.334 
23.011 22.700 22.390 22.079 21.769 21.460 21.150 20.841 20.533 20.224 19.916 19.608 19.300 18.993 18.686 18.379 18.072 17.766 17.460 17.154 16.848 16.543 16.238 15.933 15.628 15.324 15.020 14.716 14.412 14.109 13.806 13.503 13.200 12.898 12.595 12.293 11.992 11.690 11.388 11.087 10.786 10.485 10.185  9.884  9.584  9.284  8.984  8.684  8.384  8.085  7.786  7.486  7.187  6.889  6.590  6.291  5.993  5.694  5.396  5.098  4.800  4.502  4.204  3.906  3.608  3.310  3.013  2.715  2.418  2.120  1.823  1.525  1.228  0.930  0.633  0.336 
23.070 22.760 22.449 22.139 21.829 21.519 21.210 20.900 20.591 20.283 19.974 19.666 19.358 19.050 18.743 18.435 18.128 17.822 17.515 17.209 16.903 16.597 16.291 15.986 15.681 15.376 15.071 14.767 14.462 14.158 13.854 13.551 13.247 12.944 12.641 12.338 12.036 11.733 11.431 11.129 10.827 10.525 10.224  9.922  9.621  9.320  9.019  8.718  8.417  8.117  7.816  7.516  7.216  6.916  6.616  6.316  6.017  5.717  5.418  5.118  4.819  4.520  4.221  3.922  3.623  3.324  3.025  2.726  2.428  2.129  1.830  1.532  1.233  0.934  0.636  0.337 
23.124 22.814 22.503 22.193 21.883 21.573 21.263 20.954 20.645 20.336 20.027 19.719 19.410 19.102 18.795 18.487 18.180 17.872 17.566 17.259 16.952 16.646 16.340 16.034 15.728 15.423 15.118 14.813 14.508 14.203 13.899 13.594 13.290 12.986 12.683 12.379 12.076 11.772 11.469 11.166 10.864 10.561 10.259  9.956  9.654  9.352  9.050  8.749  8.447  8.146  7.844  7.543  7.242  6.941  6.640  6.339  6.039  5.738  5.438  5.137  4.837  4.537  4.237  3.936  3.636  3.336  3.036  2.737  2.437  2.137  1.837  1.537  1.238  0.938  0.638  0.339 
23.174 22.863 22.552 22.242 21.932 21.622 21.312 21.003 20.693 20.384 20.075 19.767 19.458 19.150 18.842 18.534 18.226 17.919 17.612 17.304 16.998 16.691 16.384 16.078 15.772 15.466 15.160 14.855 14.549 14.244 13.939 13.634 13.329 13.025 12.720 12.416 12.112 11.808 11.504 11.201 10.897 10.594 10.291  9.988  9.685  9.382  9.079  8.777  8.474  8.172  7.870  7.568  7.266  6.964  6.662  6.360  6.059  5.757  5.456  5.154  4.853  4.552  4.251  3.950  3.649  3.348  3.047  2.746  2.445  2.144  1.843  1.543  1.242  0.941  0.640  0.340 
23.219 22.908 22.597 22.287 21.977 21.667 21.357 21.047 20.738 20.428 20.119 19.810 19.502 19.193 18.885 18.577 18.269 17.961 17.653 17.346 17.039 16.732 16.425 16.118 15.811 15.505 15.199 14.893 14.587 14.281 13.975 13.670 13.365 13.060 12.755 12.450 12.145 11.840 11.536 11.232 10.928 10.624 10.320 10.016  9.712  9.409  9.105  8.802  8.499  8.196  7.893  7.590  7.287  6.984  6.682  6.379  6.077  5.774  5.472  5.170  4.868  4.566  4.264  3.962  3.660  3.358  3.056  2.754  2.452  2.151  1.849  1.547  1.246  0.944  0.642  0.341 
23.259 22.949 22.638 22.327 22.017 21.707 21.397 21.087 20.778 20.468 20.159 19.850 19.541 19.232 18.924 18.615 18.307 17.999 17.691 17.384 17.076 16.769 16.461 16.154 15.847 15.540 15.234 14.927 14.621 14.315 14.009 13.703 13.397 13.091 12.786 12.480 12.175 11.870 11.565 11.260 10.955 10.651 10.346 10.042  9.737  9.433  9.129  8.825  8.521  8.217  7.914  7.610  7.307  7.003  6.700  6.397  6.093  5.790  5.487  5.184  4.881  4.578  4.275  3.973  3.670  3.367  3.064  2.762  2.459  2.157  1.854  1.552  1.249  0.947  0.644  0.342 
23.296 22.986 22.675 22.364 22.054 21.744 21.434 21.124 20.814 20.505 20.195 19.886 19.577 19.268 18.959 18.651 18.342 18.034 17.726 17.418 17.110 16.802 16.495 16.187 15.880 15.573 15.266 14.959 14.652 14.345 14.039 13.732 13.426 13.120 12.814 12.508 12.202 11.897 11.591 11.286 10.980 10.675 10.370 10.065  9.760  9.455  9.151  8.846  8.542  8.237  7.933  7.629  7.324  7.020  6.716  6.412  6.108  5.804  5.501  5.197  4.893  4.590  4.286  3.983  3.679  3.376  3.072  2.769  2.465  2.162  1.859  1.556  1.252  0.949  0.646  0.343 
23.330 23.019 22.709 22.398 22.088 21.777 21.467 21.157 20.848 20.538 20.228 19.919 19.610 19.301 18.992 18.683 18.374 18.066 17.757 17.449 17.141 16.833 16.525 16.217 15.909 15.602 15.295 14.987 14.680 14.373 14.066 13.759 13.453 13.146 12.840 12.533 12.227 11.921 11.615 11.309 11.003 10.698 10.392 10.086  9.781  9.476  9.170  8.865  8.560  8.255  7.950  7.645  7.340  7.036  6.731  6.426  6.122  5.817  5.513  5.209  4.904  4.600  4.296  3.992  3.687  3.383  3.079  2.775  2.471  2.167  1.863  1.559  1.255  0.951  0.647  0.343 
23.361 23.050 22.739 22.429 22.118 21.808 21.498 21.188 20.878 20.568 20.258 19.949 19.639 19.330 19.021 18.712 18.403 18.094 17.786 17.477 17.169 16.861 16.552 16.244 15.936 15.629 15.321 15.013 14.706 14.398 14.091 13.784 13.477 13.170 12.863 12.556 12.250 11.943 11.637 11.330 11.024 10.718 10.412 10.106  9.800  9.494  9.188  8.883  8.577  8.271  7.966  7.660  7.355  7.050  6.745  6.439  6.134  5.829  5.524  5.219  4.914  4.609  4.305  4.000  3.695  3.390  3.086  2.781  2.476  2.172  1.867  1.562  1.258  0.953  0.649  0.344 
23.389 23.078 22.767 22.456 22.146 21.836 21.525 21.215 20.905 20.595 20.286 19.976 19.667 19.357 19.048 18.739 18.430 18.121 17.812 17.503 17.194 16.886 16.577 16.269 15.961 15.653 15.345 15.037 14.729 14.421 14.114 13.806 13.499 13.192 12.884 12.577 12.270 11.963 11.656 11.350 11.043 10.736 10.430 10.123  9.817  9.511  9.204  8.898  8.592  8.286  7.980  7.674  7.368  7.063  6.757  6.451  6.145  5.840  5.534  5.229  4.923  4.618  4.313  4.007  3.702  3.397  3.091  2.786  2.481  2.176  1.870  1.565  1.260  0.955  0.650  0.345 
23.414 23.103 22.792 22.482 22.171 21.861 21.551 21.240 20.930 20.620 20.310 20.001 19.691 19.382 19.072 18.763 18.453 18.144 17.835 17.526 17.218 16.909 16.600 16.292 15.983 15.675 15.367 15.058 14.750 14.442 14.134 13.827 13.519 13.211 12.904 12.596 12.289 11.982 11.674 11.367 11.060 10.753 10.446 10.139  9.833  9.526  9.219  8.913  8.606  8.300  7.993  7.687  7.380  7.074  6.768  6.462  6.156  5.850  5.544  5.238  4.932  4.626  4.320  4.014  3.708  3.402  3.097  2.791  2.485  2.179  1.874  1.568  1.262  0.957  0.651  0.345 
23.437 23.126 22.815 22.505 22.194 21.884 21.573 21.263 20.953 20.643 20.333 20.023 19.713 19.404 19.094 18.785 18.475 18.166 17.857 17.548 17.239 16.930 16.621 16.312 16.003 15.695 15.386 15.078 14.770 14.461 14.153 13.845 13.537 13.229 12.921 12.614 12.306 11.998 11.691 11.383 11.076 10.768 10.461 10.154  9.847  9.540  9.233  8.926  8.619  8.312  8.005  7.698  7.391  7.085  6.778  6.472  6.165  5.858  5.552  5.246  4.939  4.633  4.326  4.020  3.714  3.408  3.101  2.795  2.489  2.183  1.877  1.570  1.264  0.958  0.652  0.346 
23.458 23.147 22.836 22.526 22.215 21.905 21.594 21.284 20.974 20.664 20.353 20.044 19.734 19.424 19.114 18.805 18.495 18.186 17.876 17.567 17.258 16.949 16.640 16.331 16.022 15.713 15.404 15.096 14.787 14.479 14.170 13.862 13.554 13.245 12.937 12.629 12.321 12.013 11.706 11.398 11.090 10.782 10.475 10.167  9.860  9.552  9.245  8.937  8.630  8.323  8.016  7.709  7.401  7.094  6.787  6.480  6.173  5.867  5.560  5.253  4.946  4.639  4.332  4.026  3.719  3.412  3.106  2.799  2.492  2.186  1.879  1.573  1.266  0.959  0.653  0.346 
23.477 23.166 22.855 22.545 22.234 21.923 21.613 21.303 20.992 20.682 20.372 20.062 19.752 19.442 19.132 18.823 18.513 18.203 17.894 17.585 17.275 16.966 16.657 16.348 16.039 15.730 15.421 15.112 14.803 14.494 14.186 13.877 13.569 13.260 12.952 12.644 12.335 12.027 11.719 11.411 11.103 10.795 10.487 10.179  9.871  9.564  9.256  8.948  8.641  8.333  8.025  7.718  7.411  7.103  6.796  6.488  6.181  5.874  5.567  5.259  4.952  4.645  4.338  4.031  3.724  3.417  3.110  2.803  2.496  2.189  1.882  1.575  1.268  0.961  0.654  0.347 
23.494 23.183 22.873 22.562 22.251 21.941 21.630 21.320 21.009 20.699 20.389 20.079 19.769 19.459 19.149 18.839 18.529 18.220 17.910 17.601 17.291 16.982 16.672 16.363 16.054 15.745 15.436 15.127 14.818 14.509 14.200 13.891 13.582 13.274 12.965 12.657 12.348 12.040 11.731 11.423 11.115 10.806 10.498 10.190  9.882  9.574  9.266  8.958  8.650  8.342  8.034  7.727  7.419  7.111  6.803  6.496  6.188  5.880  5.573  5.265  4.958  4.650  4.343  4.035  3.728  3.421  3.113  2.806  2.498  2.191  1.884  1.576  1.269  0.962  0.654  0.347 
23.510 23.199 22.888 22.578 22.267 21.956 21.646 21.335 21.025 20.715 20.404 20.094 19.784 19.474 19.164 18.854 18.544 18.235 17.925 17.615 17.305 16.996 16.686 16.377 16.068 15.758 15.449 15.140 14.831 14.522 14.213 13.904 13.595 13.286 12.977 12.668 12.360 12.051 11.742 11.434 11.125 10.817 10.508 10.200  9.892  9.583  9.275  8.967  8.659  8.351  8.042  7.734  7.426  7.118  6.810  6.502  6.194  5.887  5.579  5.271  4.963  4.655  4.347  4.040  3.732  3.424  3.116  2.809  2.501  2.193  1.886  1.578  1.270  0.963  0.655  0.348 
23.524 23.213 22.903 22.592 22.281 21.971 21.660 21.350 21.039 20.729 20.418 20.108 19.798 19.488 19.178 18.868 18.558 18.248 17.938 17.628 17.319 17.009 16.699 16.390 16.080 15.771 15.461 15.152 14.843 14.534 14.224 13.915 13.606 13.297 12.988 12.679 12.370 12.061 11.752 11.444 11.135 10.826 10.518 10.209  9.900  9.592  9.283  8.975  8.667  8.358  8.050  7.741  7.433  7.125  6.817  6.508  6.200  5.892  5.584  5.276  4.968  4.660  4.352  4.043  3.735  3.427  3.119  2.811  2.503  2.195  1.888  1.580  1.272  0.964  0.656  0.348 
23.537 23.226 22.916 22.605 22.294 21.983 21.673 21.362 21.052 20.742 20.431 20.121 19.811 19.500 19.190 18.880 18.570 18.260 17.950 17.640 17.330 17.021 16.711 16.401 16.092 15.782 15.473 15.163 14.854 14.544 14.235 13.926 13.616 13.307 12.998 12.689 12.380 12.071 11.762 11.453 11.144 10.835 10.526 10.217  9.908  9.600  9.291  8.982  8.674  8.365  8.056  7.748  7.439  7.131  6.822  6.514  6.205  5.897  5.589  5.280  4.972  4.664  4.355  4.047  3.739  3.430  3.122  2.814  2.506  2.197  1.889  1.581  1.273  0.965  0.656  0.348 
23.549 23.238 22.927 22.617 22.306 21.995 21.685 21.374 21.064 20.753 20.443 20.132 19.822 19.512 19.202 18.891 18.581 18.271 17.961 17.651 17.341 17.031 16.722 16.412 16.102 15.792 15.483 15.173 14.864 14.554 14.245 13.935 13.626 13.316 13.007 12.698 12.388 12.079 11.770 11.461 11.152 10.843 10.534 10.225  9.916  9.607  9.298  8.989  8.680  8.371  8.063  7.754  7.445  7.136  6.828  6.519  6.210  5.902  5.593  5.284  4.976  4.667  4.359  4.050  3.742  3.433  3.125  2.816  2.508  2.199  1.891  1.582  1.274  0.965  0.657  0.348 
23.560 23.249 22.938 22.627 22.317 22.006 21.695 21.385 21.074 20.764 20.453 20.143 19.832 19.522 19.212 18.902 18.591 18.281 17.971 17.661 17.351 17.041 16.731 16.421 16.112 15.802 15.492 15.182 14.873 14.563 14.253 13.944 13.634 13.325 13.015 12.706 12.396 12.087 11.778 11.468 11.159 10.850 10.541 10.231  9.922  9.613  9.304  8.995  8.686  8.377  8.068  7.759  7.450  7.141  6.832  6.523  6.215  5.906  5.597  5.288  4.979  4.670  4.362  4.053  3.744  3.436  3.127  2.818  2.509  2.201  1.892  1.583  1.275  0.966  0.657  0.349 
23.570 23.259 22.948 22.637 22.326 22.016 21.705 21.394 21.084 20.773 20.463 20.152 19.842 19.532 19.221 18.911 18.601 18.290 17.980 17.670 17.360 17.050 16.740 16.430 16.120 15.810 15.500 15.191 14.881 14.571 14.261 13.952 13.642 13.332 13.023 12.713 12.404 12.094 11.785 11.475 11.166 10.856 10.547 10.238  9.928  9.619  9.310  9.001  8.691  8.382  8.073  7.764  7.455  7.146  6.837  6.528  6.218  5.909  5.600  5.291  4.982  4.673  4.365  4.056  3.747  3.438  3.129  2.820  2.511  2.202  1.893  1.584  1.275  0.967  0.658  0.349 
23.578 23.268 22.957 22.646 22.335 22.024 21.714 21.403 21.093 20.782 20.471 20.161 19.851 19.540 19.230 18.919 18.609 18.299 17.989 17.678 17.368 17.058 16.748 16.438 16.128 15.818 15.508 15.198 14.888 14.578 14.268 13.959 13.649 13.339 13.029 12.720 12.410 12.100 11.791 11.481 11.172 10.862 10.553 10.243  9.934  9.624  9.315  9.006  8.696  8.387  8.078  7.768  7.459  7.150  6.841  6.531  6.222  5.913  5.604  5.295  4.985  4.676  4.367  4.058  3.749  3.440  3.131  2.822  2.513  2.203  1.894  1.585  1.276  0.967  0.658  0.349 
23.586 23.276 22.965 22.654 22.343 22.032 21.722 21.411 21.101 20.790 20.479 20.169 19.858 19.548 19.237 18.927 18.617 18.306 17.996 17.686 17.376 17.065 16.755 16.445 16.135 15.825 15.515 15.205 14.895 14.585 14.275 13.965 13.655 13.345 13.036 12.726 12.416 12.106 11.797 11.487 11.177 10.868 10.558 10.248  9.939  9.629  9.320  9.010  8.701  8.391  8.082  7.772  7.463  7.153  6.844  6.535  6.225  5.916  5.607  5.297  4.988  4.679  4.369  4.060  3.751  3.442  3.132  2.823  2.514  2.205  1.895  1.586  1.277  0.968  0.658  0.349 
23.594 23.283 22.972 22.661 22.351 22.040 21.729 21.418 21.108 20.797 20.487 20.176 19.865 19.555 19.245 18.934 18.624 18.313 18.003 17.693 17.382 17.072 16.762 16.452 16.141 15.831 15.521 15.211 14.901 14.591 14.281 13.971 13.661 13.351 13.041 12.731 12.421 12.112 11.802 11.492 11.182 10.872 10.563 10.253  9.943  9.634  9.324  9.014  8.705  8.395  8.085  7.776  7.466  7.157  6.847  6.538  6.228  5.919  5.609  5.300  4.990  4.681  4.372  4.062  3.753  3.443  3.134  2.824  2.515  2.206  1.896  1.587  1.278  0.968  0.659  0.349 
23.600 23.290 22.979 22.668 22.357 22.046 21.736 21.425 21.114 20.804 20.493 20.183 19.872 19.561 19.251 18.940 18.630 18.320 18.009 17.699 17.388 17.078 16.768 16.458 16.147 15.837 15.527 15.217 14.907 14.597 14.286 13.976 13.666 13.356 13.046 12.736 12.426 12.116 11.806 11.497 11.187 10.877 10.567 10.257  9.947  9.638  9.328  9.018  8.708  8.399  8.089  7.779  7.470  7.160  6.850  6.541  6.231  5.921  5.612  5.302  4.993  4.683  4.373  4.064  3.754  3.445  3.135  2.826  2.516  2.207  1.897  1.588  1.278  0.969  0.659  0.350 
23.607 23.296 22.985 22.674 22.363 22.052 21.742 21.431 21.120 20.810 20.499 20.188 19.878 19.567 19.257 18.946 18.636 18.325 18.015 17.704 17.394 17.084 16.773 16.463 16.153 15.842 15.532 15.222 14.912 14.602 14.291 13.981 13.671 13.361 13.051 12.741 12.431 12.121 11.811 11.501 11.191 10.881 10.571 10.261  9.951  9.641  9.331  9.022  8.712  8.402  8.092  7.782  7.472  7.163  6.853  6.543  6.233  5.924  5.614  5.304  4.995  4.685  4.375  4.065  3.756  3.446  3.136  2.827  2.517  2.208  1.898  1.588  1.279  0.969  0.659  0.350 
23.612 23.301 22.990 22.680 22.369 22.058 21.747 21.436 21.126 20.815 20.504 20.194 19.883 19.573 19.262 18.951 18.641 18.330 18.020 17.710 17.399 17.089 16.778 16.468 16.158 15.847 15.537 15.227 14.916 14.606 14.296 13.986 13.675 13.365 13.055 12.745 12.435 12.125 11.815 11.505 11.195 10.885 10.575 10.265  9.955  9.645  9.335  9.025  8.715  8.405  8.095  7.785  7.475  7.165  6.855  6.545  6.236  5.926  5.616  5.306  4.996  4.687  4.377  4.067  3.757  3.447  3.138  2.828  2.518  2.208  1.899  1.589  1.279  0.969  0.660  0.350 
23.617 23.306 22.995 22.685 22.374 22.063 21.752 21.441 21.131 20.820 20.509 20.199 19.888 19.577 19.267 18.956 18.646 18.335 18.025 17.714 17.404 17.093 16.783 16.472 16.162 15.852 15.541 15.231 14.921 14.610 14.300 13.990 13.679 13.369 13.059 12.749 12.439 12.128 11.818 11.508 11.198 10.888 10.578 10.268  9.958  9.648  9.337  9.027  8.717  8.407  8.097  7.787  7.477  7.167  6.858  6.548  6.238  5.928  5.618  5.308  4.998  4.688  4.378  4.068  3.758  3.449  3.139  2.829  2.519  2.209  1.899  1.589  1.280  0.970  0.660  0.350 
23.622 23.311 23.000 22.689 22.378 22.067 21.757 21.446 21.135 20.824 20.514 20.203 19.892 19.582 19.271 18.961 18.650 18.339 18.029 17.718 17.408 17.097 16.787 16.476 16.166 15.856 15.545 15.235 14.924 14.614 14.304 13.993 13.683 13.373 13.062 12.752 12.442 12.132 11.821 11.511 11.201 10.891 10.581 10.271  9.960  9.650  9.340  9.030  8.720  8.410  8.100  7.790  7.480  7.170  6.860  6.550  6.239  5.929  5.619  5.309  4.999  4.689  4.379  4.070  3.760  3.450  3.140  2.830  2.520  2.210  1.900  1.590  1.280  0.970  0.660  0.350 
23.626 23.315 23.004 22.693 22.382 22.072 21.761 21.450 21.139 20.829 20.518 20.207 19.896 19.586 19.275 18.965 18.654 18.343 18.033 17.722 17.412 17.101 16.791 16.480 16.170 15.859 15.549 15.238 14.928 14.617 14.307 13.997 13.686 13.376 13.066 12.755 12.445 12.135 11.824 11.514 11.204 10.894 10.583 10.273  9.963  9.653  9.343  9.032  8.722  8.412  8.102  7.792  7.482  7.171  6.861  6.551  6.241  5.931  5.621  5.311  5.001  4.691  4.381  4.071  3.761  3.451  3.140  2.830  2.520  2.210  1.900  1.590  1.280  0.970  0.660  0.350 
23.630 23.319 23.008 22.697 22.386 22.075 21.765 21.454 21.143 20.832 20.522 20.211 19.900 19.589 19.279 18.968 18.657 18.347 18.036 17.726 17.415 17.105 16.794 16.483 16.173 15.862 15.552 15.241 14.931 14.621 14.310 14.000 13.689 13.379 13.068 12.758 12.448 12.137 11.827 11.517 11.206 10.896 10.586 10.276  9.965  9.655  9.345  9.035  8.724  8.414  8.104  7.794  7.483  7.173  6.863  6.553  6.243  5.933  5.622  5.312  5.002  4.692  4.382  4.072  3.761  3.451  3.141  2.831  2.521  2.211  1.901  1.591  1.281  0.970  0.660  0.350 
23.633 23.322 23.011 22.700 22.390 22.079 21.768 21.457 21.146 20.836 20.525 20.214 19.903 19.593 19.282 18.971 18.661 18.350 18.039 17.729 17.418 17.108 16.797 16.486 16.176 15.865 15.555 15.244 14.934 14.623 14.313 14.002 13.692 13.382 13.071 12.761 12.450 12.140 11.829 11.519 11.209 10.898 10.588 10.278  9.967  9.657  9.347  9.036  8.726  8.416  8.106  7.795  7.485  7.175  6.865  6.554  6.244  5.934  5.624  5.313  5.003  4.693  4.383  4.073  3.762  3.452  3.142  2.832  2.522  2.211  1.901  1.591  1.281  0.971  0.661  0.350 
23.636 23.325 23.014 22.703 22.393 22.082 21.771 21.460 21.149 20.839 20.528 20.217 19.906 19.596 19.285 18.974 18.664 18.353 18.042 17.732 17.421 17.110 16.800 16.489 16.179 15.868 15.558 15.247 14.936 14.626 14.315 14.005 13.694 13.384 13.073 12.763 12.453 12.142 11.832 11.521 11.211 10.900 10.590 10.280  9.969  9.659  9.349  9.038  8.728  8.418  8.107  7.797  7.487  7.176  6.866  6.556  6.245  5.935  5.625  5.314  5.004  4.694  4.384  4.073  3.763  3.453  3.143  2.832  2.522  2.212  1.902  1.591  1.281  0.971  0.661  0.350 
23.639 23.328 23.017 22.706 22.395 22.085 21.774 21.463 21.152 20.841 20.531 20.220 19.909 19.598 19.288 18.977 18.666 18.356 18.045 17.734 17.424 17.113 16.802 16.492 16.181 15.871 15.560 15.249 14.939 14.628 14.318 14.007 13.697 13.386 13.076 12.765 12.455 12.144 11.834 11.523 11.213 10.902 10.592 10.281  9.971  9.661  9.350  9.040  8.729  8.419  8.109  7.798  7.488  7.178  6.867  6.557  6.246  5.936  5.626  5.315  5.005  4.695  4.384  4.074  3.764  3.453  3.143  2.833  2.523  2.212  1.902  1.592  1.281  0.971  0.661  0.350 
23.641 23.331 23.020 22.709 22.398 22.087 21.776 21.466 21.155 20.844 20.533 20.222 19.912 19.601 19.290 18.979 18.669 18.358 18.047 17.737 17.426 17.115 16.805 16.494 16.183 15.873 15.562 15.252 14.941 14.630 14.320 14.009 13.699 13.388 13.078 12.767 12.457 12.146 11.836 11.525 11.215 10.904 10.594 10.283  9.973  9.662  9.352  9.041  8.731  8.420  8.110  7.800  7.489  7.179  6.868  6.558  6.247  5.937  5.627  5.316  5.006  4.696  4.385  4.075  3.764  3.454  3.144  2.833  2.523  2.213  1.902  1.592  1.282  0.971  0.661  0.351 
23.644 23.333 23.022 22.711 22.400 22.090 21.779 21.468 21.157 20.846 20.535 20.225 19.914 19.603 19.292 18.982 18.671 18.360 18.050 17.739 17.428 17.117 16.807 16.496 16.185 15.875 15.564 15.254 14.943 14.632 14.322 14.011 13.701 13.390 13.079 12.769 12.458 12.148 11.837 11.527 11.216 10.906 10.595 10.285  9.974  9.664  9.353  9.043  8.732  8.422  8.111  7.801  7.490  7.180  6.869  6.559  6.248  5.938  5.628  5.317  5.007  4.696  4.386  4.075  3.765  3.455  3.144  2.834  2.523  2.213  1.903  1.592  1.282  0.971  0.661  0.351 
23.646 23.335 23.024 22.713 22.402 22.092 21.781 21.470 21.159 20.848 20.538 20.227 19.916 19.605 19.294 18.984 18.673 18.362 18.052 17.741 17.430 17.119 16.809 16.498 16.187 15.877 15.566 15.255 14.945 14.634 14.323 14.013 13.702 13.392 13.081 12.770 12.460 12.149 11.839 11.528 11.218 10.907 10.596 10.286  9.975  9.665  9.354  9.044  8.733  8.423  8.112  7.802  7.491  7.181  6.870  6.560  6.249  5.939  5.628  5.318  5.007  4.697  4.386  4.076  3.766  3.455  3.145  2.834  2.524  2.213  1.903  1.592  1.282  0.971  0.661  0.351 
23.648 23.337 23.026 22.715 22.404 22.094 21.783 21.472 21.161 20.850 20.539 20.229 19.918 19.607 19.296 18.986 18.675 18.364 18.053 17.743 17.432 17.121 16.810 16.500 16.189 15.878 15.568 15.257 14.946 14.636 14.325 14.014 13.704 13.393 13.082 12.772 12.461 12.151 11.840 11.529 11.219 10.908 10.598 10.287  9.977  9.666  9.355  9.045  8.734  8.424  8.113  7.803  7.492  7.182  6.871  6.561  6.250  5.940  5.629  5.318  5.008  4.697  4.387  4.076  3.766  3.455  3.145  2.835  2.524  2.214  1.903  1.593  1.282  0.972  0.661  0.351 
23.650 23.339 23.028 22.717 22.406 22.095 21.784 21.474 21.163 20.852 20.541 20.230 19.920 19.609 19.298 18.987 18.676 18.366 18.055 17.744 17.433 17.123 16.812 16.501 16.191 15.880 15.569 15.258 14.948 14.637 14.326 14.016 13.705 13.394 13.084 12.773 12.463 12.152 11.841 11.531 11.220 10.909 10.599 10.288  9.978  9.667  9.356  9.046  8.735  8.425  8.114  7.804  7.493  7.182  6.872  6.561  6.251  5.940  5.630  5.319  5.009  4.698  4.387  4.077  3.766  3.456  3.145  2.835  2.524  2.214  1.903  1.593  1.282  0.972  0.661  0.351 
23.651 23.340 23.029 22.719 22.408 22.097 21.786 21.475 21.164 20.854 20.543 20.232 19.921 19.610 19.300 18.989 18.678 18.367 18.056 17.746 17.435 17.124 16.813 16.503 16.192 15.881 15.571 15.260 14.949 14.638 14.328 14.017 13.706 13.396 13.085 12.774 12.464 12.153 11.842 11.532 11.221 10.910 10.600 10.289  9.979  9.668  9.357  9.047  8.736  8.425  8.115  7.804  7.494  7.183  6.873  6.562  6.251  5.941  5.630  5.320  5.009  4.698  4.388  4.077  3.767  3.456  3.146  2.835  2.525  2.214  1.903  1.593  1.282  0.972  0.661  0.351 
23.653 23.342 23.031 22.720 22.409 22.098 21.787 21.477 21.166 20.855 20.544 20.233 19.923 19.612 19.301 18.990 18.679 18.369 18.058 17.747 17.436 17.125 16.815 16.504 16.193 15.883 15.572 15.261 14.950 14.640 14.329 14.018 13.707 13.397 13.086 12.775 12.465 12.154 11.843 11.533 11.222 10.911 10.601 10.290  9.979  9.669  9.358  9.048  8.737  8.426  8.116  7.805  7.494  7.184  6.873  6.563  6.252  5.941  5.631  5.320  5.009  4.699  4.388  4.078  3.767  3.457  3.146  2.835  2.525  2.214  1.904  1.593  1.282  0.972  0.661  0.351 
23.654 23.343 23.032 22.721 22.410 22.100 21.789 21.478 21.167 20.856 20.545 20.235 19.924 19.613 19.302 18.991 18.681 18.370 18.059 17.748 17.437 17.127 16.816 16.505 16.194 15.884 15.573 15.262 14.951 14.641 14.330 14.019 13.709 13.398 13.087 12.776 12.466 12.155 11.844 11.534 11.223 10.912 10.602 10.291  9.980  9.670  9.359  9.048  8.738  8.427  8.116  7.806  7.495  7.184  6.874  6.563  6.252  5.942  5.631  5.321  5.010  4.699  4.389  4.078  3.767  3.457  3.146  2.836  2.525  2.214  1.904  1.593  1.282  0.972  0.661  0.351 
23.655 23.344 23.033 22.723 22.412 22.101 21.790 21.479 21.168 20.857 20.547 20.236 19.925 19.614 19.303 18.993 18.682 18.371 18.060 17.749 17.439 17.128 16.817 16.506 16.195 15.885 15.574 15.263 14.952 14.642 14.331 14.020 13.709 13.399 13.088 12.777 12.467 12.156 11.845 11.534 11.224 10.913 10.602 10.292  9.981  9.670  9.360  9.049  8.738  8.428  8.117  7.806  7.496  7.185  6.874  6.564  6.253  5.942  5.632  5.321  5.010  4.700  4.389  4.078  3.768  3.457  3.146  2.836  2.525  2.214  1.904  1.593  1.283  0.972  0.661  0.351 
23.656 23.345 23.034 22.724 22.413 22.102 21.791 21.480 21.169 20.858 20.548 20.237 19.926 19.615 19.304 18.994 18.683 18.372 18.061 17.750 17.440 17.129 16.818 16.507 16.196 15.886 15.575 15.264 14.953 14.643 14.332 14.021 13.710 13.400 13.089 12.778 12.467 12.157 11.846 11.535 11.224 10.914 10.603 10.292  9.982  9.671  9.360  9.050  8.739  8.428  8.117  7.807  7.496  7.185  6.875  6.564  6.253  5.943  5.632  5.321  5.011  4.700  4.389  4.079  3.768  3.457  3.147  2.836  2.525  2.215  1.904  1.593  1.283  0.972  0.661  0.351 
23.657 23.346 23.035 22.725 22.414 22.103 21.792 21.481 21.170 20.859 20.549 20.238 19.927 19.616 19.305 18.994 18.684 18.373 18.062 17.751 17.440 17.130 16.819 16.508 16.197 15.886 15.576 15.265 14.954 14.643 14.333 14.022 13.711 13.400 13.090 12.779 12.468 12.157 11.847 11.536 11.225 10.914 10.604 10.293  9.982  9.672  9.361  9.050  8.739  8.429  8.118  7.807  7.496  7.186  6.875  6.564  6.253  5.941  5.629  5.316  5.002  4.684  4.363  4.035  3.699  3.350  2.986  2.603  2.199  1.773  1.325  0.858  0.374 -0.564 -1.733 -2.900 
23.656 23.345 23.034 22.723 22.411 22.100 21.789 21.478 21.166 20.855 20.543 20.231 19.919 19.607 19.294 18.982 18.669 18.356 18.043 17.729 17.415 17.100 16.785 16.470 16.154 15.837 15.520 15.202 14.883 14.564 14.243 13.922 13.600 13.276 12.951 12.625 12.298 11.969 11.639 11.307 10.974 10.639 10.302  9.963  9.622  9.280  8.935  8.588  8.239  7.888  7.535  7.179  6.821  6.461  6.099  5.735  5.368  5.000  4.629  4.257  3.882  3.506  3.129  2.749  2.369  1.987  1.604  1.220  0.836  0.451  0.066 -0.214 -0.441 -0.665 -0.885 -1.100 
23.597 23.285 22.974 22.662 22.349 22.036 21.723 21.409 21.095 20.780 20.464 20.148 19.832 19.515 19.197 18.879 18.560 18.240 17.920 17.600 17.278 16.956 16.633 16.310 15.985 15.660 15.335 15.008 14.681 14.352 14.023 13.694 13.363 13.031 12.699 12.366 12.032 11.698 11.362 11.026 10.690 10.352 10.014  9.676  9.337  8.998  8.658  8.318  7.978  7.638  7.297  6.958  6.618  6.279  5.940  5.602  5.265  4.929  4.594  4.260  3.928  3.598  3.272  2.949  2.634  2.327  2.034  1.759  1.509  1.288  1.102  0.954  0.844  0.771  0.726  0.700 
23.476 23.165 22.853 22.541 22.228 21.915 21.601 21.287 20.972 20.657 20.342 20.026 19.709 19.392 19.075 18.758 18.440 18.121 17.803 17.484 17.165 16.846 16.527 16.208 15.889 15.569 15.250 14.932 14.613 14.295 13.977 13.660 13.344 13.028 12.713 12.399 12.087 11.775 11.465 11.156 10.849 10.544 10.241  9.940  9.641  9.344  9.051  8.760  8.472  8.187  7.905  7.627  7.353  7.082  6.816  6.554  6.296  6.044  5.796  5.553  5.315  5.082  4.856  4.635  4.420  4.211  4.009  3.813  3.623  3.441  3.265  3.097  2.936  2.783  2.638  2.500 
23.415 23.104 22.794 22.483 22.172 21.861 21.551 21.240 20.930 20.620 20.309 19.999 19.690 19.380 19.071 18.762 18.453 18.145 17.837 17.530 17.223 16.917 16.612 16.307 16.003 15.700 15.397 15.096 14.796 14.496 14.198 13.901 13.605 13.311 13.018 12.726 12.436 12.147 11.860 11.575 11.292 11.010 10.730 10.452 10.176  9.901  9.629  9.359  9.091  8.824  8.560  8.298  8.038  7.780  7.524  7.270  7.017  6.767  6.519  6.272  6.027  5.784  5.542  5.302  5.063  4.826  4.590  4.355  4.121  3.887  3.655  3.423  3.192  2.961  2.730  2.500 
23.486 23.175 22.865 22.556 22.247 21.938 21.630 21.323 21.016 20.710 20.405 20.100 19.796 19.492 19.189 18.887 18.585 18.285 17.984 17.685 17.387 17.089 16.792 16.496 16.201 15.907 15.613 15.321 15.029 14.739 14.450 14.161 13.874 13.588 13.302 13.018 12.735 12.454 12.173 11.893 11.615 11.338 11.062 10.787 10.513 10.241  9.969  9.699  9.430  9.162  8.895  8.630  8.365  8.102  7.839  7.578  7.317  7.058  6.799  6.541  6.284  6.028  5.773  5.518  5.264  5.011  4.758  4.506  4.254  4.003  3.752  3.501  3.251  3.000  2.750  2.500 
23.635 23.325 23.015 22.706 22.398 22.090 21.784 21.478 21.173 20.868 20.565 20.262 19.960 19.658 19.358 19.058 18.759 18.461 18.164 17.867 17.571 17.276 16.982 16.689 16.397 16.105 15.815 15.525 15.236 14.948 14.661 14.374 14.089 13.804 13.520 13.237 12.955 12.674 12.394 12.114 11.836 11.558 11.281 11.005 10.730 10.455 10.181  9.908  9.636  9.365  9.094  8.824  8.555  8.287  8.019  7.752  7.485  7.219  6.953  6.689  6.424  6.160  5.897  5.634  5.371  5.109  4.847  4.586  4.324  4.063  3.802  3.542  3.281  3.021  2.760  2.500 
23.811 23.500 23.191 22.882 22.574 22.266 21.960 21.654 21.349 21.045 20.742 20.439 20.137 19.836 19.536 19.237 18.938 18.641 18.344 18.047 17.752 17.457 17.163 16.870 16.578 16.287 15.996 15.706 15.417 15.128 14.840 14.553 14.267 13.982 13.697 13.413 13.130 12.847 12.565 12.284 12.003 11.724 11.444 11.166 10.888 10.611 10.334 10.058  9.782  9.508  9.233  8.959  8.686  8.413  8.141  7.869  7.598  7.327  7.056  6.786  6.517  6.247  5.978  5.709  5.441  5.173  4.905  4.637  4.369  4.102  3.835  3.568  3.301  3.034  2.767  2.500 
23.986 23.676 23.366 23.057 22.749 22.442 22.135 21.829 21.524 21.219 20.916 20.613 20.311 20.009 19.709 19.409 19.110 18.812 18.514 18.217 17.921 17.625 17.331 17.037 16.743 16.451 16.159 15.868 15.577 15.287 14.998 14.710 14.422 14.135 13.848 13.562 13.277 12.992 12.708 12.425 12.142 11.859 11.578 11.296 11.016 10.736 10.456 10.177  9.898  9.620  9.342  9.065  8.788  8.512  8.236  7.960  7.685  7.410  7.135  6.861  6.587  6.313  6.039  5.766  5.493  5.220  4.948  4.675  4.403  4.131  3.859  3.587  3.315  3.043  2.772  2.500 
24.152 23.842 23.532 23.223 22.915 22.607 22.300 21.994 21.688 21.383 21.079 20.776 20.473 20.171 19.870 19.569 19.269 18.970 18.671 18.373 18.076 17.780 17.484 17.188 16.894 16.600 16.306 16.014 15.722 15.430 15.139 14.849 14.559 14.270 13.981 13.693 13.406 13.119 12.833 12.547 12.262 11.977 11.692 11.409 11.125 10.842 10.560 10.278  9.996  9.715  9.434  9.154  8.874  8.594  8.314  8.035  7.757  7.478  7.200  6.922  6.645  6.367  6.090  5.813  5.536  5.260  4.983  4.707  4.431  4.155  3.879  3.603  3.327  3.051  2.776  2.500 
24.306 23.995 23.686 23.376 23.068 22.760 22.452 22.146 21.840 21.535 21.230 20.926 20.622 20.320 20.018 19.716 19.415 19.115 18.815 18.516 18.218 17.920 17.623 17.326 17.030 16.735 16.440 16.146 15.852 15.559 15.266 14.974 14.682 14.391 14.101 13.811 13.521 13.232 12.944 12.656 12.368 12.081 11.794 11.508 11.222 10.936 10.651 10.366 10.082  9.798  9.514  9.231  8.948  8.666  8.383  8.101  7.819  7.538  7.257  6.975  6.695  6.414  6.134  5.853  5.573  5.293  5.014  4.734  4.455  4.175  3.896  3.617  3.337  3.058  2.779  2.500 
24.446 24.136 23.826 23.516 23.208 22.899 22.592 22.285 21.978 21.673 21.367 21.063 20.759 20.455 20.152 19.850 19.548 19.247 18.946 18.646 18.347 18.048 17.749 17.451 17.154 16.857 16.561 16.265 15.970 15.675 15.381 15.087 14.794 14.501 14.208 13.916 13.625 13.334 13.043 12.753 12.463 12.174 11.885 11.596 11.308 11.020 10.733 10.446 10.159  9.872  9.586  9.300  9.015  8.729  8.444  8.160  7.875  7.591  7.307  7.023  6.739  6.456  6.172  5.889  5.606  5.323  5.041  4.758  4.476  4.193  3.911  3.629  3.346  3.064  2.782  2.500 
24.574 24.263 23.953 23.644 23.335 23.026 22.719 22.411 22.104 21.798 21.492 21.187 20.882 20.578 20.275 19.971 19.669 19.367 19.065 18.764 18.464 18.164 17.864 17.565 17.266 16.968 16.670 16.373 16.077 15.780 15.484 15.189 14.894 14.600 14.306 14.012 13.719 13.426 13.133 12.841 12.549 12.258 11.967 11.676 11.386 11.096 10.806 10.517 10.228  9.939  9.651  9.362  9.074  8.787  8.499  8.212  7.925  7.638  7.352  7.065  6.779  6.493  6.207  5.921  5.636  5.350  5.065  4.780  4.495  4.209  3.924  3.639  3.355  3.070  2.785  2.500 
24.690 24.379 24.069 23.760 23.450 23.142 22.834 22.526 22.219 21.912 21.606 21.300 20.995 20.690 20.386 20.082 19.778 19.476 19.173 18.871 18.570 18.269 17.968 17.668 17.368 17.069 16.770 16.471 16.173 15.876 15.578 15.282 14.985 14.689 14.394 14.098 13.803 13.509 13.215 12.921 12.627 12.334 12.041 11.749 11.456 11.164 10.873 10.581 10.290  9.999  9.709  9.418  9.128  8.839  8.549  8.259  7.970  7.681  7.392  7.104  6.815  6.527  6.239  5.950  5.662  5.375  5.087  4.799  4.512  4.224  3.937  3.649  3.362  3.075  2.787  2.500 
24.795 24.485 24.174 23.865 23.555 23.246 22.938 22.630 22.322 22.015 21.709 21.402 21.097 20.791 20.486 20.182 19.878 19.574 19.271 18.968 18.666 18.364 18.062 17.761 17.460 17.160 16.860 16.560 16.261 15.962 15.664 15.366 15.068 14.770 14.473 14.177 13.880 13.584 13.288 12.993 12.698 12.403 12.108 11.814 11.520 11.226 10.933 10.640 10.347 10.054  9.762  9.469  9.177  8.885  8.594  8.302  8.011  7.720  7.429  7.138  6.848  6.557  6.267  5.977  5.687  5.397  5.107  4.817  4.527  4.237  3.948  3.658  3.369  3.079  2.789  2.500 
24.891 24.580 24.270 23.960 23.650 23.341 23.033 22.724 22.417 22.109 21.802 21.495 21.189 20.883 20.578 20.273 19.968 19.664 19.360 19.056 18.753 18.450 18.148 17.846 17.544 17.243 16.942 16.641 16.341 16.041 15.741 15.442 15.143 14.844 14.546 14.247 13.950 13.652 13.355 13.058 12.762 12.465 12.169 11.873 11.578 11.282 10.987 10.693 10.398 10.103  9.809  9.515  9.221  8.928  8.634  8.341  8.048  7.755  7.462  7.170  6.877  6.585  6.293  6.000  5.708  5.416  5.125  4.833  4.541  4.249  3.958  3.666  3.375  3.083  2.791  2.500 
24.977 24.666 24.356 24.046 23.737 23.427 23.118 22.810 22.502 22.194 21.887 21.580 21.273 20.967 20.661 20.355 20.050 19.745 19.440 19.136 18.832 18.528 18.225 17.922 17.620 17.318 17.016 16.714 16.413 16.112 15.811 15.511 15.210 14.911 14.611 14.312 14.013 13.714 13.416 13.117 12.819 12.522 12.224 11.927 11.630 11.333 11.037 10.740 10.444 10.148  9.853  9.557  9.262  8.966  8.671  8.376  8.082  7.787  7.493  7.198  6.904  6.610  6.316  6.022  5.728  5.434  5.141  4.847  4.554  4.260  3.967  3.673  3.380  3.087  2.793  2.500 
25.056 24.745 24.434 24.124 23.815 23.505 23.196 22.888 22.579 22.271 21.963 21.656 21.349 21.042 20.736 20.430 20.124 19.818 19.513 19.208 18.904 18.599 18.295 17.992 17.688 17.385 17.083 16.780 16.478 16.176 15.874 15.573 15.272 14.971 14.670 14.370 14.070 13.770 13.470 13.171 12.872 12.573 12.274 11.976 11.678 11.379 11.082 10.784 10.486 10.189  9.892  9.595  9.298  9.001  8.705  8.408  8.112  7.816  7.520  7.224  6.928  6.633  6.337  6.041  5.746  5.451  5.155  4.860  4.565  4.270  3.975  3.680  3.385  3.090  2.795  2.500 
25.127 24.816 24.506 24.195 23.886 23.576 23.267 22.958 22.649 22.341 22.033 21.725 21.418 21.111 20.804 20.497 20.191 19.885 19.579 19.274 18.969 18.664 18.359 18.055 17.751 17.447 17.143 16.840 16.537 16.234 15.932 15.630 15.328 15.026 14.724 14.423 14.122 13.821 13.520 13.220 12.920 12.619 12.320 12.020 11.720 11.421 11.122 10.823 10.524 10.226  9.927  9.629  9.331  9.033  8.735  8.437  8.140  7.842  7.545  7.247  6.950  6.653  6.356  6.059  5.762  5.465  5.169  4.872  4.575  4.279  3.982  3.686  3.389  3.093  2.796  2.500 
25.191 24.880 24.570 24.260 23.950 23.640 23.331 23.022 22.713 22.404 22.096 21.788 21.480 21.173 20.865 20.558 20.252 19.945 19.639 19.333 19.028 18.722 18.417 18.112 17.807 17.503 17.199 16.895 16.591 16.287 15.984 15.681 15.378 15.075 14.773 14.471 14.169 13.867 13.565 13.264 12.963 12.662 12.361 12.060 11.759 11.459 11.159 10.859 10.559 10.259  9.960  9.660  9.361  9.062  8.762  8.463  8.165  7.866  7.567  7.269  6.970  6.672  6.373  6.075  5.777  5.479  5.181  4.883  4.585  4.287  3.989  3.691  3.393  3.096  2.798  2.500 
25.250 24.939 24.628 24.318 24.008 23.698 23.389 23.079 22.770 22.462 22.153 21.845 21.537 21.229 20.921 20.614 20.307 20.000 19.693 19.387 19.081 18.775 18.469 18.164 17.858 17.553 17.249 16.944 16.640 16.335 16.031 15.728 15.424 15.120 14.817 14.514 14.211 13.909 13.606 13.304 13.002 12.700 12.398 12.096 11.795 11.493 11.192 10.891 10.590 10.289  9.989  9.688  9.388  9.087  8.787  8.487  8.187  7.887  7.588  7.288  6.988  6.689  6.389  6.090  5.790  5.491  5.192  4.893  4.593  4.294  3.995  3.696  3.397  3.098  2.799  2.500 
25.303 24.992 24.681 24.371 24.061 23.751 23.441 23.132 22.823 22.514 22.205 21.896 21.588 21.280 20.972 20.664 20.357 20.050 19.743 19.436 19.129 18.823 18.517 18.211 17.905 17.599 17.294 16.989 16.684 16.379 16.074 15.770 15.465 15.161 14.857 14.554 14.250 13.947 13.643 13.340 13.037 12.734 12.432 12.129 11.827 11.525 11.222 10.920 10.619 10.317 10.015  9.714  9.412  9.111  8.810  8.509  8.208  7.907  7.606  7.305  7.005  6.704  6.403  6.103  5.802  5.502  5.202  4.901  4.601  4.301  4.001  3.701  3.400  3.100  2.800  2.500 
25.351 25.040 24.729 24.419 24.109 23.799 23.489 23.179 22.870 22.561 22.252 21.943 21.635 21.326 21.018 20.710 20.402 20.095 19.787 19.480 19.173 18.866 18.560 18.253 17.947 17.641 17.335 17.029 16.724 16.418 16.113 15.808 15.503 15.198 14.894 14.589 14.285 13.981 13.677 13.373 13.069 12.766 12.462 12.159 11.856 11.553 11.250 10.947 10.644 10.342 10.039  9.737  9.435  9.132  8.830  8.528  8.226  7.924  7.623  7.321  7.019  6.718  6.416  6.115  5.813  5.512  5.211  4.909  4.608  4.307  4.006  3.705  3.403  3.102  2.801  2.500 
25.394 25.083 24.773 24.462 24.152 23.842 23.532 23.222 22.913 22.604 22.294 21.986 21.677 21.368 21.060 20.751 20.443 20.136 19.828 19.520 19.213 18.906 18.599 18.292 17.985 17.679 17.372 17.066 16.760 16.454 16.148 15.843 15.537 15.232 14.927 14.622 14.317 14.012 13.707 13.403 13.098 12.794 12.490 12.186 11.882 11.578 11.275 10.971 10.668 10.364 10.061  9.758  9.455  9.152  8.849  8.546  8.243  7.940  7.638  7.335  7.033  6.730  6.428  6.126  5.823  5.521  5.219  4.917  4.615  4.312  4.010  3.708  3.406  3.104  2.802  2.500 
