32.216 31.905 31.594 31.283 30.973 30.662 30.351 30.040 29.729 29.418 29.107 28.796 28.485 28.175 27.864 27.553 27.242 26.931 26.620 26.309 25.998 25.687 25.376 25.065 24.754 24.443 24.132 23.821 23.510 23.199 22.888 22.577 22.266 21.955 21.643 21.332 21.021 20.709 20.398 20.086 19.775 19.463 19.151 18.839 18.527 18.215 17.903 17.590 17.278 16.965 16.652 16.339 16.025 15.711 15.397 15.083 14.769 14.454 14.138 13.823 13.507 13.190 12.873 12.556 12.238 11.919 11.600 11.280 10.960 10.639 10.317  9.995  9.672  9.348  9.023  8.697 
32.214 31.903 31.592 31.281 30.970 30.659 30.348 30.037 29.726 29.415 29.104 28.793 28.482 28.171 27.859 27.548 27.237 26.925 26.614 26.302 25.991 25.679 25.368 25.056 24.744 24.432 24.120 23.808 23.496 23.184 22.871 22.559 22.246 21.933 21.620 21.307 20.994 20.681 20.367 20.053 19.739 19.425 19.111 18.796 18.481 18.166 17.850 17.534 17.218 16.902 16.585 16.268 15.950 15.632 15.314 14.995 14.676 14.356 14.036 13.715 13.394 13.072 12.749 12.426 12.102 11.778 11.453 11.127 10.801 10.474 10.146  9.817  9.488  9.158  8.826  8.494 
32.204 31.893 31.582 31.271 30.960 30.649 30.337 30.026 29.714 29.403 29.091 28.780 28.468 28.156 27.844 27.532 27.220 26.907 26.595 26.282 25.970 25.657 25.344 25.031 24.718 24.404 24.091 23.777 23.463 23.149 22.835 22.520 22.206 21.891 21.576 21.260 20.945 20.629 20.313 19.996 19.679 19.362 19.045 18.727 18.409 18.091 17.772 17.453 17.133 16.813 16.493 16.172 15.851 15.529 15.207 14.884 14.560 14.236 13.912 13.587 13.261 12.935 12.608 12.280 11.952 11.623 11.294 10.963 10.632 10.300  9.967  9.634  9.300  8.964  8.628  8.291 
32.180 31.869 31.558 31.247 30.936 30.624 30.312 30.001 29.689 29.377 29.064 28.752 28.439 28.127 27.814 27.501 27.188 26.874 26.561 26.247 25.933 25.619 25.304 24.990 24.675 24.360 24.045 23.729 23.414 23.098 22.781 22.465 22.148 21.831 21.514 21.196 20.878 20.560 20.241 19.922 19.603 19.283 18.963 18.642 18.321 18.000 17.678 17.355 17.033 16.709 16.386 16.062 15.737 15.411 15.086 14.759 14.432 14.105 13.777 13.448 13.118 12.788 12.457 12.126 11.794 11.461 11.127 10.793 10.458 10.122  9.785  9.447  9.109  8.770  8.430  8.089 
32.142 31.831 31.520 31.208 30.897 30.585 30.273 29.961 29.648 29.336 29.023 28.710 28.396 28.083 27.769 27.455 27.141 26.826 26.512 26.197 25.881 25.566 25.250 24.934 24.618 24.301 23.984 23.667 23.350 23.032 22.714 22.395 22.076 21.757 21.438 21.118 20.797 20.477 20.156 19.834 19.512 19.190 18.867 18.544 18.220 17.896 17.571 17.246 16.921 16.594 16.268 15.940 15.613 15.284 14.955 14.626 14.295 13.965 13.633 13.301 12.968 12.635 12.300 11.966 11.630 11.294 10.956 10.618 10.280  9.940  9.600  9.259  8.917  8.574  8.230  7.886 
32.089 31.778 31.467 31.155 30.843 30.531 30.219 29.906 29.593 29.280 28.967 28.653 28.339 28.024 27.710 27.395 27.080 26.764 26.448 26.132 25.816 25.499 25.182 24.865 24.547 24.229 23.910 23.591 23.272 22.953 22.633 22.312 21.992 21.671 21.349 21.027 20.705 20.382 20.059 19.735 19.411 19.086 18.761 18.435 18.109 17.782 17.455 17.127 16.799 16.470 16.141 15.811 15.480 15.149 14.817 14.485 14.151 13.818 13.483 13.148 12.812 12.476 12.139 11.801 11.462 11.122 10.782 10.441 10.099  9.757  9.413  9.069  8.724  8.378  8.031  7.683 
32.022 31.711 31.400 31.088 30.776 30.464 30.151 29.838 29.525 29.211 28.897 28.583 28.268 27.953 27.637 27.322 27.006 26.689 26.372 26.055 25.738 25.420 25.101 24.783 24.464 24.144 23.824 23.504 23.183 22.862 22.540 22.218 21.896 21.573 21.250 20.926 20.602 20.277 19.951 19.626 19.299 18.973 18.645 18.317 17.989 17.660 17.330 17.000 16.670 16.338 16.006 15.674 15.341 15.007 14.673 14.338 14.002 13.665 13.328 12.990 12.652 12.313 11.973 11.632 11.290 10.948 10.605 10.261  9.916  9.571  9.225  8.877  8.529  8.180  7.831  7.480 
31.943 31.632 31.320 31.009 30.696 30.384 30.071 29.758 29.444 29.130 28.815 28.500 28.185 27.869 27.553 27.237 26.920 26.602 26.285 25.966 25.648 25.329 25.009 24.689 24.369 24.048 23.727 23.406 23.083 22.761 22.438 22.114 21.790 21.466 21.141 20.815 20.489 20.162 19.835 19.508 19.179 18.851 18.521 18.191 17.861 17.530 17.198 16.866 16.533 16.200 15.866 15.531 15.195 14.859 14.523 14.185 13.847 13.508 13.169 12.828 12.487 12.146 11.803 11.460 11.116 10.771 10.425 10.079  9.732  9.384  9.035  8.685  8.334  7.983  7.630  7.277 
31.852 31.541 31.230 30.918 30.605 30.293 29.979 29.666 29.351 29.037 28.722 28.406 28.091 27.774 27.458 27.140 26.823 26.505 26.186 25.867 25.547 25.227 24.907 24.586 24.265 23.943 23.620 23.297 22.974 22.650 22.326 22.001 21.675 21.349 21.023 20.696 20.368 20.040 19.711 19.382 19.052 18.721 18.390 18.058 17.726 17.393 17.060 16.725 16.391 16.055 15.719 15.382 15.045 14.706 14.368 14.028 13.688 13.347 13.005 12.662 12.319 11.975 11.630 11.285 10.939 10.592 10.244  9.895  9.545  9.195  8.844  8.491  8.139  7.785  7.430  7.074 
31.751 31.440 31.128 30.816 30.504 30.191 29.877 29.563 29.249 28.934 28.619 28.303 27.986 27.669 27.352 27.034 26.716 26.397 26.078 25.758 25.437 25.117 24.795 24.473 24.151 23.828 23.504 23.180 22.856 22.531 22.205 21.879 21.552 21.225 20.897 20.568 20.239 19.910 19.579 19.248 18.917 18.585 18.252 17.919 17.585 17.250 16.915 16.579 16.242 15.905 15.567 15.228 14.889 14.549 14.208 13.866 13.524 13.181 12.838 12.493 12.148 11.802 11.455 11.107 10.759 10.410 10.060  9.709  9.357  9.005  8.651  8.297  7.942  7.586  7.229  6.871 
31.640 31.329 31.018 30.705 30.393 30.080 29.766 29.452 29.137 28.822 28.506 28.190 27.873 27.555 27.237 26.919 26.600 26.281 25.960 25.640 25.319 24.997 24.675 24.352 24.029 23.705 23.380 23.055 22.730 22.404 22.077 21.749 21.421 21.093 20.764 20.434 20.104 19.773 19.441 19.109 18.776 18.442 18.108 17.773 17.438 17.101 16.765 16.427 16.089 15.750 15.410 15.070 14.729 14.387 14.044 13.701 13.357 13.012 12.667 12.321 11.973 11.626 11.277 10.927 10.577 10.226  9.874  9.521  9.168  8.813  8.458  8.102  7.745  7.387  7.028  6.669 
31.521 31.210 30.898 30.586 30.273 29.960 29.646 29.331 29.016 28.701 28.385 28.068 27.751 27.433 27.115 26.796 26.476 26.156 25.835 25.514 25.192 24.870 24.547 24.223 23.899 23.574 23.249 22.923 22.597 22.269 21.942 21.613 21.284 20.954 20.624 20.293 19.962 19.629 19.297 18.963 18.629 18.294 17.958 17.622 17.285 16.948 16.609 16.270 15.931 15.590 15.249 14.907 14.565 14.221 13.877 13.532 13.187 12.840 12.493 12.145 11.796 11.447 11.097 10.745 10.393 10.041  9.687  9.333  8.977  8.621  8.264  7.906  7.547  7.188  6.827  6.466 
31.394 31.083 30.771 30.459 30.146 29.832 29.518 29.204 28.888 28.572 28.256 27.939 27.621 27.303 26.984 26.665 26.345 26.024 25.703 25.381 25.059 24.736 24.412 24.088 23.763 23.437 23.111 22.784 22.457 22.129 21.800 21.471 21.141 20.810 20.479 20.147 19.814 19.481 19.147 18.812 18.477 18.141 17.804 17.466 17.128 16.789 16.450 16.109 15.768 15.427 15.084 14.741 14.397 14.052 13.707 13.360 13.013 12.665 12.317 11.967 11.617 11.266 10.914 10.561 10.208  9.854  9.498  9.142  8.785  8.428  8.069  7.710  7.349  6.988  6.626  6.263 
31.260 30.949 30.637 30.324 30.011 29.698 29.384 29.069 28.753 28.437 28.120 27.803 27.485 27.166 26.847 26.527 26.207 25.886 25.564 25.242 24.919 24.595 24.271 23.946 23.620 23.294 22.967 22.639 22.311 21.982 21.653 21.322 20.992 20.660 20.328 19.995 19.661 19.327 18.992 18.656 18.320 17.983 17.645 17.306 16.967 16.627 16.286 15.945 15.602 15.259 14.916 14.571 14.226 13.880 13.533 13.185 12.837 12.488 12.138 11.787 11.435 11.083 10.730 10.376 10.021  9.665  9.308  8.951  8.593  8.233  7.873  7.513  7.151  6.788  6.424  6.060 
31.119 30.808 30.496 30.184 29.871 29.557 29.242 28.927 28.612 28.295 27.978 27.661 27.342 27.023 26.704 26.384 26.063 25.741 25.419 25.096 24.773 24.448 24.123 23.798 23.472 23.145 22.817 22.489 22.160 21.830 21.500 21.169 20.837 20.505 20.172 19.838 19.504 19.168 18.833 18.496 18.159 17.820 17.482 17.142 16.802 16.461 16.119 15.776 15.433 15.089 14.744 14.398 14.052 13.705 13.357 13.008 12.658 12.308 11.957 11.605 11.252 10.898 10.544 10.188  9.832  9.475  9.117  8.758  8.399  8.038  7.677  7.315  6.952  6.588  6.223  5.857 
30.973 30.662 30.350 30.037 29.724 29.410 29.096 28.780 28.464 28.148 27.831 27.513 27.194 26.875 26.555 26.234 25.913 25.591 25.269 24.945 24.621 24.297 23.971 23.645 23.318 22.991 22.663 22.334 22.004 21.674 21.343 21.011 20.679 20.346 20.012 19.677 19.342 19.006 18.669 18.332 17.993 17.654 17.315 16.974 16.633 16.291 15.948 15.605 15.260 14.915 14.569 14.223 13.875 13.527 13.178 12.828 12.477 12.126 11.773 11.420 11.066 10.712 10.356  9.999  9.642  9.284  8.925  8.565  8.204  7.843  7.480  7.117  6.752  6.387  6.021  5.654 
30.821 30.510 30.198 29.885 29.572 29.258 28.943 28.628 28.312 27.995 27.678 27.360 27.041 26.721 26.401 26.080 25.759 25.436 25.113 24.790 24.465 24.140 23.814 23.488 23.160 22.832 22.504 22.174 21.844 21.513 21.182 20.849 20.516 20.182 19.848 19.512 19.176 18.840 18.502 18.164 17.825 17.485 17.144 16.803 16.461 16.118 15.774 15.430 15.085 14.739 14.392 14.044 13.696 13.347 12.997 12.646 12.294 11.942 11.588 11.234 10.879 10.523 10.167  9.809  9.451  9.092  8.732  8.371  8.009  7.646  7.283  6.918  6.553  6.187  5.819  5.451 
30.665 30.353 30.041 29.729 29.415 29.101 28.787 28.471 28.155 27.838 27.520 27.202 26.883 26.563 26.243 25.921 25.600 25.277 24.954 24.629 24.305 23.979 23.653 23.326 22.998 22.670 22.340 22.010 21.680 21.348 21.016 20.683 20.350 20.015 19.680 19.344 19.007 18.670 18.332 17.993 17.653 17.312 16.971 16.629 16.286 15.942 15.598 15.253 14.907 14.560 14.212 13.864 13.515 13.164 12.814 12.462 12.109 11.756 11.402 11.047 10.691 10.334  9.976  9.618  9.259  8.898  8.537  8.176  7.813  7.449  7.085  6.719  6.353  5.986  5.618  5.249 
30.504 30.193 29.881 29.568 29.254 28.940 28.625 28.310 27.993 27.676 27.359 27.040 26.721 26.401 26.080 25.759 25.436 25.113 24.790 24.465 24.140 23.814 23.488 23.160 22.832 22.503 22.173 21.843 21.512 21.180 20.847 20.514 20.180 19.845 19.509 19.172 18.835 18.497 18.158 17.819 17.478 17.137 16.795 16.452 16.109 15.764 15.419 15.073 14.726 14.379 14.030 13.681 13.331 12.980 12.629 12.276 11.923 11.569 11.213 10.858 10.501 10.143  9.785  9.426  9.065  8.704  8.342  7.980  7.616  7.252  6.886  6.520  6.153  5.785  5.416  5.046 
30.339 30.028 29.716 29.403 29.090 28.775 28.460 28.145 27.828 27.511 27.193 26.874 26.555 26.235 25.914 25.592 25.270 24.946 24.622 24.298 23.972 23.646 23.319 22.991 22.663 22.333 22.003 21.672 21.341 21.008 20.675 20.341 20.007 19.671 19.335 18.998 18.660 18.321 17.982 17.642 17.301 16.959 16.616 16.273 15.929 15.584 15.238 14.891 14.544 14.196 13.847 13.497 13.146 12.794 12.442 12.089 11.735 11.380 11.024 10.667 10.310  9.951  9.592  9.232  8.871  8.509  8.147  7.783  7.419  7.053  6.687  6.320  5.952  5.583  5.214  4.843 
30.171 29.860 29.548 29.235 28.921 28.607 28.292 27.976 27.659 27.342 27.024 26.705 26.385 26.065 25.744 25.422 25.099 24.776 24.452 24.127 23.801 23.474 23.147 22.819 22.490 22.160 21.830 21.499 21.167 20.834 20.500 20.166 19.831 19.495 19.158 18.821 18.482 18.143 17.803 17.463 17.121 16.779 16.436 16.092 15.747 15.401 15.055 14.708 14.360 14.011 13.661 13.310 12.959 12.607 12.254 11.900 11.545 11.190 10.833 10.476 10.118  9.759  9.399  9.038  8.676  8.314  7.950  7.586  7.221  6.855  6.488  6.120  5.752  5.382  5.011  4.640 
29.999 29.688 29.376 29.063 28.750 28.435 28.120 27.804 27.487 27.170 26.852 26.533 26.213 25.892 25.571 25.249 24.926 24.602 24.278 23.953 23.627 23.300 22.972 22.644 22.315 21.985 21.654 21.322 20.990 20.657 20.323 19.988 19.653 19.316 18.979 18.641 18.302 17.963 17.622 17.281 16.939 16.596 16.253 15.908 15.563 15.217 14.870 14.522 14.174 13.824 13.474 13.123 12.771 12.418 12.064 11.710 11.354 10.998 10.641 10.283  9.924  9.565  9.204  8.843  8.481  8.117  7.753  7.388  7.023  6.656  6.288  5.920  5.551  5.180  4.809  4.437 
29.825 29.514 29.201 28.889 28.575 28.261 27.945 27.629 27.313 26.995 26.677 26.358 26.038 25.717 25.395 25.073 24.750 24.426 24.101 23.776 23.450 23.123 22.795 22.466 22.137 21.806 21.475 21.143 20.811 20.477 20.143 19.808 19.472 19.135 18.798 18.459 18.120 17.780 17.439 17.098 16.755 16.412 16.068 15.723 15.377 15.031 14.683 14.335 13.986 13.636 13.285 12.934 12.581 12.228 11.874 11.518 11.163 10.806 10.448 10.090  9.730  9.370  9.009  8.647  8.284  7.920  7.556  7.190  6.824  6.457  6.089  5.719  5.350  4.979  4.607  4.234 
29.648 29.336 29.024 28.711 28.398 28.083 27.768 27.452 27.135 26.817 26.499 26.180 25.860 25.539 25.217 24.895 24.571 24.247 23.922 23.597 23.270 22.943 22.615 22.286 21.956 21.626 21.294 20.962 20.629 20.296 19.961 19.626 19.289 18.952 18.614 18.276 17.936 17.596 17.255 16.913 16.570 16.226 15.882 15.536 15.190 14.843 14.495 14.146 13.797 13.446 13.095 12.743 12.390 12.036 11.682 11.326 10.970 10.612 10.254  9.895  9.535  9.175  8.813  8.451  8.087  7.723  7.358  6.992  6.625  6.257  5.888  5.519  5.148  4.777  4.405  4.031 
29.468 29.157 28.845 28.532 28.218 27.904 27.588 27.272 26.955 26.637 26.319 26.000 25.679 25.358 25.037 24.714 24.391 24.066 23.741 23.415 23.089 22.761 22.433 22.104 21.774 21.443 21.112 20.779 20.446 20.112 19.777 19.441 19.105 18.767 18.429 18.090 17.750 17.410 17.068 16.726 16.382 16.038 15.694 15.348 15.001 14.654 14.306 13.956 13.606 13.256 12.904 12.551 12.198 11.844 11.489 11.133 10.776 10.418 10.060  9.700  9.340  8.979  8.616  8.254  7.890  7.525  7.159  6.793  6.425  6.057  5.688  5.318  4.947  4.575  4.202  3.829 
29.286 28.975 28.663 28.350 28.036 27.722 27.406 27.090 26.773 26.455 26.137 25.817 25.497 25.176 24.854 24.531 24.208 23.883 23.558 23.232 22.905 22.578 22.249 21.920 21.590 21.259 20.927 20.594 20.261 19.926 19.591 19.255 18.918 18.581 18.242 17.903 17.563 17.222 16.880 16.537 16.194 15.849 15.504 15.158 14.811 14.463 14.115 13.765 13.415 13.064 12.712 12.359 12.005 11.650 11.295 10.938 10.581 10.223  9.864  9.504  9.143  8.782  8.419  8.056  7.692  7.326  6.960  6.593  6.226  5.857  5.487  5.117  4.745  4.373  4.000  3.626 
29.103 28.791 28.479 28.166 27.853 27.538 27.223 26.906 26.589 26.271 25.953 25.633 25.313 24.992 24.669 24.347 24.023 23.698 23.373 23.047 22.720 22.392 22.063 21.734 21.403 21.072 20.740 20.407 20.074 19.739 19.404 19.068 18.731 18.393 18.054 17.714 17.374 17.033 16.691 16.348 16.004 15.659 15.314 14.967 14.620 14.272 13.923 13.573 13.222 12.871 12.518 12.165 11.811 11.456 11.100 10.743 10.386 10.027  9.668  9.308  8.947  8.585  8.222  7.858  7.493  7.128  6.761  6.394  6.026  5.656  5.286  4.916  4.544  4.171  3.797  3.423 
28.917 28.606 28.294 27.981 27.667 27.352 27.037 26.721 26.404 26.086 25.767 25.447 25.127 24.805 24.483 24.160 23.836 23.512 23.186 22.860 22.533 22.205 21.876 21.546 21.216 20.885 20.552 20.219 19.885 19.551 19.215 18.879 18.541 18.203 17.864 17.524 17.184 16.842 16.500 16.157 15.813 15.468 15.122 14.775 14.428 14.079 13.730 13.380 13.029 12.677 12.324 11.971 11.616 11.261 10.905 10.548 10.190  9.831  9.471  9.111  8.749  8.387  8.023  7.659  7.294  6.928  6.562  6.194  5.825  5.456  5.085  4.714  4.342  3.969  3.595  3.220 
28.730 28.419 28.107 27.794 27.480 27.165 26.850 26.533 26.216 25.898 25.579 25.260 24.939 24.618 24.295 23.972 23.649 23.324 22.998 22.672 22.344 22.016 21.687 21.357 21.027 20.695 20.363 20.030 19.696 19.361 19.025 18.688 18.351 18.013 17.673 17.333 16.992 16.651 16.308 15.965 15.620 15.275 14.929 14.582 14.234 13.886 13.536 13.186 12.834 12.482 12.129 11.775 11.421 11.065 10.709 10.351  9.993  9.634  9.274  8.913  8.551  8.188  7.825  7.460  7.095  6.729  6.362  5.994  5.625  5.255  4.884  4.513  4.140  3.767  3.392  3.017 
28.542 28.230 27.918 27.605 27.291 26.977 26.661 26.345 26.027 25.709 25.390 25.071 24.750 24.429 24.106 23.783 23.459 23.134 22.809 22.482 22.155 21.826 21.497 21.167 20.836 20.505 20.172 19.839 19.505 19.170 18.834 18.497 18.159 17.821 17.481 17.141 16.800 16.458 16.115 15.771 15.427 15.081 14.735 14.388 14.040 13.691 13.341 12.991 12.639 12.287 11.934 11.579 11.224 10.869 10.512 10.154  9.796  9.436  9.076  8.715  8.353  7.990  7.626  7.261  6.895  6.529  6.161  5.793  5.424  5.054  4.683  4.311  3.938  3.564  3.190  2.814 
28.352 28.040 27.728 27.415 27.101 26.787 26.471 26.155 25.837 25.519 25.200 24.880 24.560 24.238 23.916 23.593 23.269 22.944 22.618 22.291 21.964 21.635 21.306 20.976 20.645 20.313 19.980 19.647 19.313 18.977 18.641 18.304 17.966 17.628 17.288 16.948 16.607 16.264 15.921 15.577 15.233 14.887 14.541 14.193 13.845 13.496 13.146 12.795 12.443 12.091 11.737 11.383 11.028 10.671 10.314  9.957  9.598  9.238  8.878  8.516  8.154  7.791  7.426  7.061  6.696  6.329  5.961  5.592  5.223  4.853  4.481  4.109  3.736  3.362  2.987  2.611 
28.161 27.849 27.537 27.224 26.910 26.595 26.280 25.963 25.646 25.328 25.009 24.689 24.368 24.047 23.724 23.401 23.077 22.752 22.426 22.099 21.771 21.443 21.114 20.783 20.452 20.120 19.788 19.454 19.120 18.784 18.448 18.111 17.773 17.434 17.094 16.754 16.412 16.070 15.727 15.383 15.038 14.692 14.345 13.998 13.649 13.300 12.950 12.599 12.247 11.894 11.540 11.186 10.830 10.474 10.117  9.758  9.399  9.040  8.679  8.317  7.955  7.591  7.227  6.861  6.495  6.128  5.760  5.392  5.022  4.651  4.280  3.907  3.534  3.160  2.785  2.409 
27.968 27.657 27.345 27.032 26.718 26.403 26.088 25.771 25.454 25.136 24.816 24.497 24.176 23.854 23.532 23.208 22.884 22.559 22.233 21.906 21.578 21.250 20.920 20.590 20.259 19.927 19.594 19.260 18.926 18.590 18.254 17.916 17.578 17.239 16.899 16.559 16.217 15.875 15.531 15.187 14.842 14.496 14.149 13.801 13.453 13.103 12.753 12.402 12.050 11.697 11.343 10.988 10.632 10.276  9.918  9.560  9.201  8.841  8.480  8.118  7.755  7.391  7.027  6.661  6.295  5.928  5.560  5.190  4.821  4.450  4.078  3.705  3.332  2.957  2.582  2.206 
27.775 27.464 27.152 26.839 26.525 26.210 25.894 25.578 25.260 24.942 24.623 24.303 23.982 23.660 23.338 23.014 22.690 22.365 22.039 21.712 21.384 21.056 20.726 20.396 20.064 19.732 19.399 19.065 18.731 18.395 18.059 17.721 17.383 17.044 16.704 16.363 16.021 15.679 15.335 14.991 14.646 14.299 13.952 13.605 13.256 12.906 12.556 12.204 11.852 11.499 11.145 10.790 10.434 10.077  9.719  9.361  9.002  8.641  8.280  7.918  7.555  7.191  6.826  6.461  6.094  5.727  5.358  4.989  4.619  4.248  3.876  3.503  3.130  2.755  2.379  2.003 
27.581 27.270 26.957 26.644 26.331 26.016 25.700 25.384 25.066 24.748 24.429 24.109 23.788 23.466 23.143 22.820 22.496 22.170 21.844 21.517 21.189 20.861 20.531 20.201 19.869 19.537 19.204 18.870 18.535 18.199 17.863 17.525 17.187 16.848 16.508 16.167 15.825 15.482 15.138 14.794 14.449 14.102 13.755 13.407 13.058 12.708 12.358 12.006 11.654 11.300 10.946 10.591 10.235  9.878  9.520  9.162  8.802  8.442  8.080  7.718  7.355  6.991  6.626  6.260  5.893  5.526  5.157  4.788  4.418  4.046  3.674  3.301  2.927  2.552  2.177  1.800 
27.386 27.075 26.763 26.449 26.136 25.821 25.505 25.189 24.871 24.553 24.234 23.914 23.593 23.271 22.948 22.625 22.300 21.975 21.649 21.322 20.994 20.665 20.335 20.005 19.673 19.341 19.008 18.674 18.339 18.003 17.666 17.329 16.990 16.651 16.311 15.970 15.628 15.285 14.941 14.597 14.251 13.905 13.557 13.209 12.860 12.510 12.159 11.808 11.455 11.102 10.747 10.392 10.036  9.679  9.321  8.962  8.602  8.242  7.880  7.518  7.154  6.790  6.425  6.059  5.692  5.325  4.956  4.586  4.216  3.844  3.472  3.099  2.725  2.350  1.974  1.597 
27.190 26.879 26.567 26.254 25.940 25.625 25.309 24.993 24.675 24.357 24.038 23.718 23.397 23.075 22.752 22.429 22.104 21.779 21.453 21.125 20.797 20.469 20.139 19.808 19.477 19.144 18.811 18.477 18.142 17.806 17.469 17.132 16.793 16.454 16.113 15.772 15.430 15.087 14.743 14.399 14.053 13.706 13.359 13.011 12.662 12.312 11.961 11.609 11.256 10.902 10.548 10.193  9.836  9.479  9.121  8.762  8.402  8.041  7.680  7.317  6.954  6.590  6.224  5.858  5.491  5.123  4.754  4.385  4.014  3.642  3.270  2.897  2.522  2.147  1.771  1.394 
26.994 26.683 26.371 26.057 25.743 25.429 25.113 24.796 24.479 24.161 23.841 23.521 23.200 22.878 22.556 22.232 21.907 21.582 21.256 20.929 20.601 20.272 19.942 19.611 19.280 18.947 18.614 18.280 17.945 17.609 17.272 16.934 16.595 16.256 15.915 15.574 15.232 14.889 14.545 14.200 13.854 13.508 13.160 12.812 12.463 12.113 11.761 11.410 11.057 10.703 10.348  9.993  9.636  9.279  8.921  8.562  8.202  7.841  7.479  7.117  6.753  6.389  6.023  5.657  5.290  4.922  4.553  4.183  3.812  3.440  3.068  2.694  2.320  1.945  1.569  1.191 
26.797 26.486 26.174 25.860 25.547 25.232 24.916 24.599 24.282 23.963 23.644 23.324 23.003 22.681 22.358 22.035 21.710 21.385 21.058 20.731 20.403 20.074 19.744 19.414 19.082 18.749 18.416 18.082 17.747 17.411 17.074 16.736 16.397 16.058 15.717 15.376 15.033 14.690 14.346 14.001 13.656 13.309 12.961 12.613 12.263 11.913 11.562 11.210 10.857 10.503 10.148  9.793  9.436  9.079  8.721  8.361  8.001  7.640  7.278  6.916  6.552  6.187  5.822  5.456  5.088  4.720  4.351  3.981  3.610  3.238  2.866  2.492  2.118  1.742  1.366  0.989 
26.600 26.288 25.976 25.663 25.349 25.034 24.718 24.402 24.084 23.766 23.447 23.126 22.805 22.483 22.161 21.837 21.512 21.187 20.861 20.533 20.205 19.876 19.546 19.215 18.884 18.551 18.218 17.883 17.548 17.212 16.875 16.537 16.198 15.859 15.518 15.177 14.834 14.491 14.147 13.802 13.456 13.109 12.762 12.413 12.064 11.713 11.362 11.010 10.657 10.303  9.948  9.593  9.236  8.878  8.520  8.161  7.801  7.439  7.077  6.715  6.351  5.986  5.621  5.254  4.887  4.518  4.149  3.779  3.408  3.036  2.663  2.290  1.915  1.539  1.163  0.786 
26.402 26.090 25.778 25.465 25.151 24.836 24.520 24.204 23.886 23.568 23.248 22.928 22.607 22.285 21.962 21.639 21.314 20.989 20.662 20.335 20.007 19.678 19.348 19.017 18.685 18.353 18.019 17.685 17.349 17.013 16.676 16.338 15.999 15.660 15.319 14.978 14.635 14.292 13.948 13.603 13.257 12.910 12.562 12.213 11.864 11.513 11.162 10.810 10.457 10.103  9.748  9.392  9.035  8.678  8.319  7.960  7.600  7.238  6.876  6.513  6.149  5.785  5.419  5.052  4.685  4.316  3.947  3.577  3.206  2.834  2.461  2.087  1.712  1.337  0.960  0.583 
26.203 25.892 25.580 25.266 24.952 24.638 24.322 24.005 23.688 23.369 23.050 22.730 22.409 22.087 21.764 21.440 21.115 20.790 20.463 20.136 19.808 19.479 19.149 18.818 18.486 18.154 17.820 17.486 17.150 16.814 16.477 16.139 15.800 15.460 15.120 14.778 14.436 14.092 13.748 13.403 13.057 12.710 12.362 12.013 11.664 11.313 10.962 10.609 10.256  9.902  9.547  9.191  8.835  8.477  8.118  7.759  7.398  7.037  6.675  6.312  5.948  5.583  5.217  4.851  4.483  4.115  3.745  3.375  3.004  2.632  2.259  1.885  1.510  1.134  0.758  0.380 
26.004 25.693 25.381 25.068 24.754 24.439 24.123 23.806 23.489 23.170 22.851 22.531 22.210 21.888 21.565 21.241 20.916 20.591 20.264 19.937 19.609 19.280 18.950 18.619 18.287 17.954 17.621 17.286 16.951 16.614 16.277 15.939 15.600 15.260 14.920 14.578 14.236 13.892 13.548 13.203 12.857 12.510 12.162 11.813 11.463 11.113 10.761 10.409 10.056  9.701  9.346  8.990  8.634  8.276  7.917  7.558  7.197  6.836  6.474  6.110  5.746  5.381  5.015  4.649  4.281  3.913  3.543  3.173  2.801  2.429  2.056  1.682  1.307  0.931  0.555  0.177 
25.805 25.494 25.181 24.868 24.554 24.239 23.924 23.607 23.289 22.971 22.652 22.331 22.010 21.688 21.365 21.042 20.717 20.391 20.065 19.737 19.409 19.080 18.750 18.419 18.087 17.754 17.421 17.086 16.751 16.415 16.077 15.739 15.400 15.060 14.720 14.378 14.035 13.692 13.348 13.002 12.656 12.309 11.961 11.612 11.263 10.912 10.560 10.208  9.855  9.500  9.145  8.789  8.432  8.075  7.716  7.356  6.996  6.634  6.272  5.909  5.545  5.180  4.814  4.447  4.079  3.710  3.341  2.970  2.599  2.227  1.854  1.480  1.105  0.729  0.352 -0.026 
25.605 25.294 24.982 24.669 24.355 24.040 23.724 23.407 23.090 22.771 22.452 22.132 21.811 21.489 21.166 20.842 20.517 20.191 19.865 19.538 19.209 18.880 18.550 18.219 17.887 17.554 17.221 16.886 16.551 16.214 15.877 15.539 15.200 14.860 14.519 14.177 13.835 13.491 13.147 12.802 12.455 12.108 11.760 11.411 11.062 10.711 10.359 10.007  9.654  9.299  8.944  8.588  8.231  7.873  7.514  7.155  6.794  6.433  6.070  5.707  5.343  4.978  4.611  4.245  3.877  3.508  3.138  2.768  2.396  2.024  1.650  1.276  0.901  0.525  0.148 -0.229 
25.406 25.094 24.782 24.469 24.155 23.840 23.524 23.207 22.890 22.571 22.252 21.932 21.611 21.288 20.966 20.642 20.317 19.991 19.665 19.337 19.009 18.680 18.350 18.018 17.687 17.354 17.020 16.685 16.350 16.013 15.676 15.337 14.998 14.658 14.317 13.975 13.632 13.288 12.943 12.598 12.251 11.903 11.555 11.205 10.855 10.503 10.151  9.797  9.443  9.087  8.731  8.373  8.015  7.655  7.295  6.934  6.571  6.208  5.843  5.478  5.111  4.743  4.375  4.005  3.635  3.263  2.890  2.517  2.142  1.766  1.390  1.012  0.634  0.255 -0.126 -0.431 
25.204 24.893 24.581 24.268 23.954 23.639 23.323 23.006 22.688 22.370 22.050 21.730 21.409 21.086 20.763 20.439 20.114 19.788 19.461 19.134 18.805 18.476 18.145 17.814 17.481 17.148 16.814 16.479 16.143 15.806 15.468 15.129 14.790 14.449 14.107 13.765 13.421 13.077 12.732 12.386 12.038 11.690 11.341 10.991 10.640 10.289  9.936  9.582  9.228  8.873  8.516  8.159  7.801  7.442  7.083  6.722  6.361  5.999  5.636  5.272  4.907  4.542  4.176  3.810  3.442  3.074  2.706  2.336  1.966  1.596  1.225  0.853  0.481  0.108 -0.238 -0.634 
25.001 24.689 24.377 24.064 23.750 23.435 23.119 22.802 22.484 22.166 21.846 21.526 21.204 20.882 20.559 20.235 19.910 19.584 19.257 18.929 18.600 18.271 17.940 17.609 17.276 16.943 16.609 16.274 15.938 15.601 15.263 14.924 14.584 14.243 13.902 13.559 13.215 12.871 12.525 12.179 11.831 11.483 11.133 10.783 10.431 10.079  9.725  9.371  9.015  8.658  8.301  7.942  7.582  7.221  6.859  6.496  6.132  5.766  5.400  5.032  4.663  4.293  3.922  3.550  3.177  2.803  2.427  2.051  1.674  1.296  0.917  0.537  0.158 -0.166 -0.501 -0.837 
24.795 24.484 24.172 23.858 23.544 23.229 22.913 22.596 22.278 21.960 21.640 21.319 20.998 20.675 20.352 20.028 19.702 19.376 19.049 18.721 18.392 18.062 17.731 17.399 17.067 16.733 16.398 16.063 15.726 15.389 15.051 14.711 14.371 14.030 13.688 13.345 13.001 12.656 12.310 11.964 11.616 11.268 10.918 10.568 10.217  9.865  9.512  9.158  8.804  8.449  8.092  7.735  7.378  7.019  6.660  6.300  5.939  5.577  5.215  4.852  4.488  4.124  3.759  3.393  3.027  2.660  2.292  1.924  1.556  1.186  0.817  0.446  0.075 -0.265 -0.652 -1.040 
24.588 24.276 23.964 23.651 23.337 23.022 22.706 22.389 22.071 21.752 21.432 21.112 20.790 20.468 20.144 19.820 19.495 19.168 18.841 18.513 18.184 17.854 17.523 17.192 16.859 16.525 16.190 15.855 15.518 15.181 14.842 14.503 14.162 13.821 13.478 13.135 12.790 12.445 12.098 11.751 11.403 11.053 10.703 10.351  9.999  9.645  9.291  8.935  8.578  8.221  7.862  7.502  7.142  6.780  6.418  6.054  5.690  5.324  4.958  4.591  4.224  3.855  3.486  3.116  2.745  2.374  2.002  1.630  1.257  0.884  0.510  0.136 -0.188 -0.539 -0.891 -1.243 
24.378 24.067 23.755 23.441 23.127 22.812 22.496 22.179 21.861 21.542 21.222 20.902 20.580 20.257 19.934 19.609 19.284 18.957 18.630 18.302 17.972 17.642 17.311 16.979 16.646 16.312 15.977 15.642 15.305 14.967 14.629 14.289 13.949 13.608 13.265 12.922 12.578 12.233 11.888 11.541 11.193 10.845 10.496 10.146  9.795  9.443  9.090  8.736  8.382  8.027  7.670  7.313  6.955  6.595  6.235  5.874  5.511  5.147  4.781  4.414  4.045  3.674  3.302  2.927  2.549  2.169  1.787  1.402  1.014  0.624  0.231 -0.164 -0.482 -0.802 -1.124 -1.446 
24.168 23.857 23.545 23.231 22.917 22.602 22.286 21.969 21.651 21.332 21.012 20.691 20.370 20.047 19.723 19.399 19.073 18.747 18.419 18.091 17.762 17.431 17.100 16.768 16.435 16.101 15.765 15.429 15.092 14.754 14.415 14.075 13.734 13.392 13.049 12.705 12.360 12.015 11.668 11.320 10.971 10.621 10.270  9.919  9.566  9.212  8.858  8.502  8.146  7.788  7.430  7.071  6.711  6.350  5.989  5.626  5.263  4.899  4.535  4.169  3.803  3.437  3.069  2.701  2.333  1.964  1.595  1.225  0.854  0.483  0.112 -0.214 -0.572 -0.931 -1.289 -1.649 
23.956 23.645 23.332 23.019 22.705 22.390 22.074 21.757 21.439 21.120 20.800 20.479 20.157 19.834 19.511 19.186 18.861 18.534 18.207 17.878 17.549 17.219 16.887 16.555 16.222 15.888 15.553 15.217 14.881 14.543 14.204 13.865 13.524 13.183 12.840 12.497 12.153 11.808 11.461 11.114 10.766 10.417 10.067  9.715  9.363  9.009  8.655  8.299  7.942  7.584  7.225  6.864  6.502  6.139  5.774  5.408  5.041  4.672  4.302  3.930  3.557  3.183  2.808  2.431  2.054  1.675  1.296  0.916  0.535  0.154 -0.168 -0.504 -0.840 -1.177 -1.514 -1.851 
23.744 23.432 23.120 22.807 22.493 22.177 21.861 21.544 21.226 20.907 20.587 20.266 19.944 19.622 19.298 18.973 18.647 18.321 17.993 17.664 17.335 17.004 16.673 16.340 16.007 15.672 15.337 15.001 14.663 14.325 13.986 13.645 13.304 12.962 12.619 12.275 11.930 11.584 11.237 10.889 10.541 10.191  9.841  9.489  9.137  8.784  8.430  8.075  7.719  7.362  7.005  6.647  6.288  5.928  5.568  5.206  4.845  4.482  4.119  3.755  3.391  3.025  2.660  2.294  1.927  1.560  1.192  0.824  0.455  0.087 -0.241 -0.603 -0.965 -1.328 -1.691 -2.054 
23.530 23.218 22.906 22.593 22.279 21.963 21.647 21.330 21.012 20.693 20.373 20.052 19.731 19.408 19.084 18.759 18.434 18.107 17.780 17.451 17.122 16.791 16.460 16.128 15.795 15.460 15.125 14.789 14.452 14.114 13.775 13.434 13.093 12.751 12.408 12.064 11.719 11.373 11.025 10.677 10.328  9.977  9.626  9.273  8.919  8.565  8.209  7.852  7.494  7.135  6.774  6.413  6.051  5.687  5.323  4.958  4.591  4.224  3.856  3.487  3.117  2.747  2.375  2.004  1.631  1.258  0.885  0.511  0.137 -0.185 -0.529 -0.874 -1.219 -1.565 -1.911 -2.257 
23.316 23.004 22.692 22.379 22.064 21.749 21.433 21.116 20.798 20.479 20.158 19.837 19.515 19.193 18.869 18.544 18.218 17.891 17.563 17.235 16.905 16.574 16.243 15.910 15.577 15.242 14.907 14.570 14.233 13.895 13.555 13.215 12.874 12.532 12.189 11.845 11.501 11.155 10.808 10.461 10.113  9.764  9.414  9.063  8.711  8.358  8.005  7.651  7.296  6.940  6.584  6.227  5.869  5.510  5.151  4.791  4.430  4.069  3.706  3.343  2.978  2.613  2.245  1.876  1.505  1.131  0.754  0.374 -0.009 -0.337 -0.686 -1.038 -1.391 -1.746 -2.103 -2.460 
23.101 22.789 22.477 22.164 21.849 21.534 21.218 20.901 20.583 20.264 19.944 19.623 19.301 18.978 18.654 18.329 18.004 17.677 17.349 17.020 16.691 16.360 16.028 15.696 15.362 15.028 14.692 14.355 14.018 13.679 13.340 12.999 12.657 12.315 11.971 11.627 11.281 10.934 10.586 10.238  9.888  9.537  9.186  8.833  8.479  8.125  7.769  7.412  7.055  6.696  6.337  5.977  5.616  5.254  4.891  4.528  4.163  3.798  3.433  3.066  2.699  2.332  1.964  1.595  1.226  0.856  0.486  0.116 -0.207 -0.556 -0.907 -1.257 -1.608 -1.959 -2.311 -2.663 
22.884 22.573 22.261 21.947 21.633 21.318 21.002 20.684 20.366 20.047 19.727 19.406 19.084 18.761 18.437 18.112 17.786 17.460 17.132 16.803 16.473 16.143 15.811 15.479 15.145 14.811 14.476 14.139 13.802 13.464 13.125 12.785 12.444 12.102 11.760 11.416 11.072 10.726 10.380 10.032  9.684  9.335  8.984  8.633  8.281  7.927  7.573  7.217  6.860  6.502  6.142  5.781  5.418  5.054  4.688  4.320  3.951  3.580  3.206  2.832  2.455  2.076  1.696  1.315  0.932  0.547  0.163 -0.171 -0.508 -0.844 -1.181 -1.517 -1.854 -2.191 -2.528 -2.866 
22.669 22.357 22.045 21.732 21.417 21.102 20.786 20.469 20.151 19.831 19.511 19.190 18.868 18.545 18.221 17.896 17.570 17.243 16.915 16.586 16.256 15.926 15.594 15.261 14.927 14.592 14.256 13.920 13.582 13.243 12.903 12.563 12.221 11.878 11.535 11.190 10.844 10.498 10.150  9.802  9.452  9.102  8.751  8.399  8.046  7.692  7.337  6.981  6.625  6.268  5.910  5.551  5.191  4.831  4.470  4.108  3.746  3.383  3.020  2.656  2.291  1.926  1.560  1.194  0.827  0.460  0.093 -0.231 -0.584 -0.938 -1.292 -1.646 -2.001 -2.357 -2.712 -3.069 
22.451 22.140 21.827 21.514 21.200 20.885 20.568 20.251 19.933 19.614 19.294 18.973 18.651 18.328 18.004 17.679 17.354 17.027 16.699 16.370 16.041 15.710 15.379 15.046 14.713 14.378 14.043 13.706 13.369 13.031 12.691 12.351 12.009 11.667 11.324 10.979 10.634 10.287  9.939  9.590  9.241  8.890  8.537  8.184  7.830  7.474  7.117  6.759  6.400  6.040  5.678  5.316  4.952  4.587  4.221  3.854  3.486  3.117  2.748  2.377  2.006  1.634  1.261  0.888  0.514  0.140 -0.180 -0.523 -0.865 -1.208 -1.551 -1.894 -2.238 -2.582 -2.926 -3.271 
22.234 21.923 21.610 21.297 20.983 20.668 20.351 20.034 19.716 19.397 19.076 18.755 18.433 18.110 17.786 17.461 17.135 16.808 16.480 16.151 15.821 15.490 15.158 14.825 14.491 14.157 13.821 13.484 13.146 12.808 12.468 12.128 11.786 11.444 11.100 10.756 10.411 10.065  9.718  9.370  9.021  8.672  8.321  7.970  7.618  7.265  6.911  6.557  6.202  5.846  5.489  5.132  4.774  4.415  4.056  3.696  3.335  2.974  2.612  2.250  1.888  1.524  1.161  0.796  0.432  0.067 -0.257 -0.613 -0.969 -1.326 -1.683 -2.040 -2.398 -2.756 -3.115 -3.474 
22.017 21.705 21.393 21.080 20.765 20.450 20.134 19.817 19.499 19.179 18.859 18.538 18.216 17.893 17.569 17.244 16.918 16.592 16.264 15.935 15.605 15.274 14.942 14.609 14.276 13.941 13.605 13.268 12.930 12.591 12.251 11.910 11.568 11.225 10.881 10.536 10.190  9.843  9.494  9.145  8.795  8.443  8.091  7.738  7.383  7.028  6.672  6.314  5.956  5.597  5.237  4.876  4.514  4.151  3.788  3.424  3.059  2.694  2.328  1.961  1.594  1.226  0.858  0.489  0.120 -0.200 -0.546 -0.893 -1.240 -1.587 -1.934 -2.282 -2.630 -2.979 -3.328 -3.677 
21.798 21.487 21.174 20.861 20.547 20.231 19.915 19.598 19.280 18.960 18.640 18.319 17.997 17.674 17.350 17.025 16.699 16.372 16.044 15.715 15.385 15.054 14.723 14.390 14.056 13.722 13.386 13.050 12.712 12.374 12.035 11.695 11.353 11.012 10.669 10.325  9.980  9.635  9.288  8.941  8.593  8.244  7.894  7.543  7.191  6.838  6.484  6.128  5.772  5.414  5.055  4.694  4.332  3.967  3.601  3.232  2.861  2.487  2.111  1.732  1.349  0.964  0.576  0.185 -0.188 -0.522 -0.854 -1.187 -1.521 -1.855 -2.190 -2.526 -2.863 -3.201 -3.540 -3.880 
21.580 21.269 20.957 20.643 20.329 20.014 19.698 19.380 19.062 18.743 18.423 18.102 17.779 17.456 17.132 16.807 16.481 16.154 15.826 15.497 15.167 14.835 14.503 14.170 13.836 13.501 13.165 12.828 12.490 12.151 11.811 11.470 11.128 10.785 10.441 10.096  9.750  9.403  9.055  8.706  8.356  8.005  7.654  7.301  6.948  6.594  6.239  5.883  5.526  5.169  4.810  4.451  4.092  3.731  3.370  3.009  2.647  2.284  1.920  1.557  1.192  0.828  0.462  0.097 -0.224 -0.573 -0.922 -1.272 -1.622 -1.972 -2.323 -2.674 -3.025 -3.377 -3.730 -4.083 
21.361 21.050 20.737 20.424 20.110 19.794 19.478 19.161 18.843 18.524 18.204 17.882 17.560 17.237 16.913 16.589 16.263 15.936 15.608 15.279 14.949 14.619 14.287 13.955 13.621 13.286 12.951 12.614 12.277 11.938 11.599 11.258 10.917 10.574 10.231  9.886  9.540  9.193  8.845  8.496  8.146  7.794  7.442  7.088  6.732  6.376  6.018  5.659  5.299  4.938  4.575  4.211  3.846  3.480  3.113  2.744  2.375  2.005  1.634  1.262  0.890  0.517  0.144 -0.177 -0.517 -0.858 -1.200 -1.541 -1.883 -2.225 -2.567 -2.910 -3.253 -3.597 -3.941 -4.286 
21.143 20.831 20.519 20.205 19.891 19.576 19.259 18.942 18.624 18.305 17.984 17.663 17.341 17.018 16.693 16.368 16.042 15.715 15.387 15.058 14.728 14.396 14.064 13.731 13.397 13.062 12.726 12.389 12.051 11.713 11.373 11.032 10.690 10.348 10.004  9.660  9.315  8.968  8.621  8.273  7.924  7.575  7.224  6.873  6.521  6.168  5.814  5.460  5.105  4.749  4.393  4.036  3.678  3.320  2.961  2.601  2.241  1.881  1.520  1.158  0.796  0.434  0.071 -0.249 -0.601 -0.952 -1.304 -1.656 -2.009 -2.362 -2.715 -3.069 -3.423 -3.778 -4.133 -4.489 
20.923 20.612 20.300 19.986 19.672 19.357 19.041 18.724 18.405 18.086 17.766 17.445 17.123 16.800 16.476 16.151 15.825 15.498 15.170 14.841 14.511 14.180 13.848 13.515 13.181 12.846 12.510 12.173 11.835 11.496 11.155 10.814 10.472 10.129  9.784  9.439  9.092  8.744  8.396  8.046  7.695  7.344  6.991  6.637  6.282  5.926  5.569  5.212  4.853  4.493  4.133  3.772  3.410  3.047  2.683  2.319  1.954  1.589  1.223  0.857  0.490  0.123 -0.196 -0.539 -0.884 -1.228 -1.573 -1.918 -2.263 -2.609 -2.955 -3.301 -3.648 -3.995 -4.343 -4.691 
20.704 20.392 20.080 19.766 19.452 19.137 18.820 18.503 18.185 17.866 17.545 17.224 16.902 16.579 16.255 15.930 15.604 15.277 14.949 14.620 14.290 13.959 13.627 13.294 12.960 12.626 12.290 11.954 11.616 11.278 10.939 10.598 10.257  9.915  9.573  9.229  8.885  8.539  8.193  7.846  7.499  7.150  6.801  6.451  6.100  5.748  5.396  5.043  4.690  4.336  3.981  3.626  3.270  2.914  2.557  2.200  1.843  1.486  1.128  0.770  0.412  0.055 -0.196 -0.394 -0.589 -0.782 -0.972 -1.159 -1.343 -1.523 -1.699 -1.871 -2.037 -2.198 -2.353 -2.503 
20.488 20.177 19.864 19.551 19.237 18.922 18.606 18.289 17.972 17.653 17.333 17.013 16.691 16.369 16.046 15.722 15.397 15.072 14.745 14.418 14.090 13.761 13.431 13.101 12.770 12.439 12.106 11.773 11.440 11.106 10.771 10.436 10.101  9.765  9.429  9.093  8.756  8.419  8.082  7.745  7.409  7.072  6.735  6.398  6.062  5.726  5.390  5.054  4.719  4.385  4.051  3.717  3.384  3.052  2.720  2.389  2.059  1.729  1.400  1.072  0.745  0.418  0.093 -0.101 -0.221 -0.335 -0.447 -0.558 -0.667 -0.776 -0.882 -0.988 -1.092 -1.195 -1.296 -1.396 
20.305 19.994 19.682 19.370 19.056 18.742 18.428 18.113 17.797 17.480 17.163 16.846 16.527 16.208 15.889 15.569 15.249 14.928 14.606 14.284 13.962 13.640 13.317 12.993 12.670 12.346 12.022 11.698 11.374 11.049 10.725 10.401 10.077  9.753  9.429  9.105  8.782  8.459  8.137  7.815  7.493  7.172  6.852  6.533  6.214  5.897  5.580  5.264  4.949  4.635  4.323  4.011  3.701  3.391  3.083  2.776  2.470  2.166  1.862  1.560  1.258  0.958  0.659  0.360  0.063 -0.106 -0.200 -0.289 -0.376 -0.463 -0.549 -0.634 -0.718 -0.800 -0.882 -0.963 
20.192 19.881 19.570 19.258 18.946 18.634 18.321 18.008 17.695 17.381 17.067 16.753 16.439 16.124 15.809 15.494 15.179 14.863 14.548 14.232 13.916 13.600 13.284 12.968 12.652 12.336 12.020 11.704 11.388 11.072 10.756 10.440 10.124  9.808  9.493  9.177  8.861  8.545  8.229  7.914  7.598  7.281  6.965  6.648  6.331  6.013  5.695  5.376  5.057  4.736  4.415  4.092  3.769  3.444  3.118  2.790  2.462  2.132  1.801  1.469  1.135  0.801  0.466  0.130 -0.183 -0.526 -0.868 -1.210 -1.551 -1.890 -2.228 -2.564 -2.898 -3.228 -3.556 -3.880 
20.138 19.827 19.516 19.204 18.893 18.581 18.269 17.957 17.644 17.331 17.019 16.705 16.392 16.079 15.765 15.451 15.137 14.822 14.507 14.193 13.877 13.562 13.246 12.931 12.614 12.298 11.981 11.664 11.347 11.030 10.712 10.394 10.076  9.757  9.439  9.119  8.800  8.480  8.160  7.840  7.519  7.198  6.877  6.555  6.234  5.911  5.589  5.266  4.943  4.620  4.296  3.972  3.648  3.324  3.000  2.675  2.350  2.025  1.700  1.375  1.050  0.725  0.400  0.075 -0.168 -0.386 -0.602 -0.817 -1.030 -1.241 -1.451 -1.659 -1.864 -2.066 -2.265 -2.460 
20.088 19.777 19.466 19.154 18.842 18.531 18.218 17.906 17.593 17.280 16.967 16.654 16.341 16.027 15.713 15.399 15.084 14.770 14.455 14.140 13.824 13.509 13.193 12.878 12.562 12.245 11.929 11.613 11.296 10.980 10.663 10.346 10.029  9.712  9.396  9.079  8.762  8.446  8.129  7.813  7.497  7.181  6.865  6.550  6.235  5.921  5.607  5.293  4.980  4.668  4.356  4.044  3.734  3.423  3.114  2.805  2.497  2.190  1.883  1.577  1.272  0.967  0.663  0.360  0.058 -0.124 -0.234 -0.334 -0.433 -0.529 -0.623 -0.714 -0.801 -0.885 -0.964 -1.040 
20.044 19.733 19.422 19.111 18.800 18.488 18.177 17.865 17.553 17.241 16.929 16.617 16.305 15.993 15.680 15.368 15.056 14.743 14.431 14.118 13.806 13.493 13.181 12.869 12.557 12.245 11.933 11.621 11.310 10.999 10.688 10.377 10.067  9.757  9.447  9.138  8.830  8.522  8.214  7.908  7.602  7.297  6.992  6.689  6.386  6.085  5.784  5.485  5.186  4.889  4.594  4.299  4.006  3.715  3.425  3.136  2.849  2.563  2.279  1.997  1.716  1.436  1.158  0.882  0.606  0.333  0.060 -0.076 -0.113 -0.123 -0.130 -0.131 -0.125 -0.114  0.019  0.380 
20.039 19.728 19.417 19.107 18.796 18.486 18.175 17.865 17.555 17.245 16.935 16.626 16.316 16.007 15.698 15.389 15.081 14.772 14.464 14.156 13.849 13.542 13.235 12.929 12.623 12.318 12.013 11.708 11.404 11.101 10.799 10.497 10.195  9.895  9.595  9.296  8.998  8.701  8.405  8.110  7.816  7.523  7.231  6.941  6.652  6.364  6.077  5.792  5.509  5.227  4.946  4.668  4.391  4.116  3.843  3.572  3.303  3.037  2.772  2.510  2.251  1.996  1.747  1.506  1.279  1.072  0.896  0.761  0.680  0.660  0.709  0.825  1.004  1.236  1.507  1.800 
20.096 19.785 19.475 19.165 18.856 18.547 18.239 17.931 17.624 17.318 17.012 16.707 16.402 16.098 15.795 15.493 15.191 14.891 14.591 14.293 13.995 13.699 13.404 13.111 12.819 12.528 12.239 11.952 11.667 11.384 11.103 10.825 10.549 10.275 10.004  9.737  9.472  9.211  8.953  8.698  8.448  8.201  7.959  7.721  7.487  7.259  7.035  6.816  6.602  6.394  6.192  5.995  5.804  5.619  5.440  5.267  5.101  4.942  4.788  4.642  4.502  4.369  4.243  4.124  4.011  3.906  3.807  3.715  3.630  3.551  3.480  3.415  3.356  3.304  3.259  3.220 
20.298 19.988 19.679 19.371 19.065 18.760 18.457 18.155 17.855 17.556 17.258 16.963 16.668 16.376 16.085 15.795 15.508 15.222 14.938 14.657 14.377 14.099 13.824 13.551 13.280 13.011 12.745 12.482 12.221 11.963 11.708 11.456 11.207 10.961 10.718 10.478 10.242 10.009  9.780  9.555  9.334  9.116  8.902  8.693  8.487  8.286  8.089  7.897  7.709  7.526  7.348  7.174  7.006  6.842  6.683  6.530  6.382  6.239  6.101  5.969  5.842  5.721  5.605  5.495  5.391  5.293  5.200  5.114  5.033  4.959  4.890  4.828  4.771  4.721  4.678  4.640 
20.689 20.379 20.071 19.766 19.462 19.161 18.862 18.564 18.270 17.977 17.686 17.398 17.112 16.828 16.546 16.267 15.991 15.716 15.445 15.175 14.909 14.645 14.383 14.124 13.868 13.615 13.365 13.118 12.874 12.632 12.394 12.160 11.928 11.700 11.475 11.253 11.036 10.821 10.611 10.404 10.201 10.002  9.806  9.615  9.428  9.245  9.067  8.892  8.723  8.557  8.396  8.240  8.088  7.942  7.800  7.663  7.531  7.404  7.282  7.165  7.054  6.947  6.847  6.751  6.662  6.578  6.499  6.427  6.360  6.299  6.244  6.195  6.152  6.115  6.084  6.060 
21.220 20.910 20.603 20.299 19.997 19.698 19.402 19.108 18.817 18.529 18.243 17.960 17.680 17.402 17.128 16.856 16.587 16.320 16.057 15.797 15.540 15.285 15.034 14.786 14.541 14.299 14.060 13.825 13.593 13.364 13.138 12.916 12.698 12.483 12.272 12.064 11.861 11.660 11.464 11.272 11.084 10.899 10.719 10.543 10.371 10.203 10.040  9.881  9.726  9.576  9.431  9.290  9.154  9.023  8.896  8.775  8.658  8.547  8.440  8.339  8.243  8.152  8.067  7.987  7.913  7.844  7.781  7.724  7.673  7.627  7.587  7.553  7.526  7.504  7.489  7.480 
21.853 21.543 21.237 20.934 20.634 20.336 20.042 19.751 19.463 19.178 18.896 18.617 18.341 18.069 17.799 17.533 17.270 17.010 16.754 16.500 16.250 16.004 15.761 15.521 15.284 15.051 14.822 14.596 14.374 14.155 13.940 13.729 13.521 13.317 13.117 12.921 12.729 12.541 12.357 12.177 12.001 11.829 11.662 11.499 11.340 11.186 11.036 10.890 10.749 10.613 10.482 10.355 10.233 10.116 10.004  9.897  9.795  9.698  9.606  9.519  9.438  9.362  9.292  9.227  9.167  9.114  9.066  9.023  8.987  8.956  8.932  8.913  8.900  8.894  8.894  8.900 
22.567 22.258 21.952 21.650 21.351 21.055 20.762 20.473 20.188 19.905 19.627 19.351 19.079 18.810 18.545 18.284 18.025 17.771 17.519 17.272 17.028 16.787 16.550 16.317 16.087 15.861 15.638 15.420 15.205 14.993 14.785 14.582 14.381 14.185 13.992 13.803 13.618 13.437 13.259 13.086 12.916 12.749 12.587 12.428 12.273 12.121 11.974 11.829 11.689 11.551 11.417 11.287 11.160 11.036 10.915 10.798 10.683 10.571 10.462 10.356 10.252 10.150 10.051  9.954  9.859  9.766  9.674  9.584  9.496  9.408  9.322  9.236  9.152  9.068  8.984  8.900 
23.338 23.029 22.723 22.421 22.122 21.827 21.536 21.247 20.963 20.681 20.404 20.129 19.859 19.591 19.328 19.067 18.810 18.557 18.307 18.061 17.818 17.578 17.342 17.110 16.880 16.655 16.432 16.213 15.998 15.785 15.577 15.371 15.169 14.970 14.774 14.582 14.392 14.206 14.023 13.843 13.666 13.492 13.322 13.154 12.988 12.826 12.667 12.510 12.356 12.204 12.055 11.909 11.764 11.622 11.483 11.345 11.210 11.076 10.944 10.815 10.686 10.560 10.435 10.311 10.189 10.068  9.948  9.829  9.711  9.594  9.477  9.361  9.245  9.130  9.015  8.900 
24.110 23.801 23.495 23.193 22.894 22.598 22.306 22.017 21.732 21.449 21.171 20.895 20.623 20.354 20.088 19.826 19.567 19.312 19.059 18.810 18.564 18.321 18.082 17.845 17.612 17.382 17.155 16.931 16.710 16.492 16.277 16.065 15.856 15.650 15.447 15.246 15.049 14.854 14.661 14.472 14.285 14.100 13.918 13.739 13.562 13.387 13.214 13.044 12.876 12.710 12.546 12.384 12.224 12.065 11.909 11.754 11.601 11.450 11.299 11.151 11.004 10.858 10.713 10.569 10.426 10.284 10.144 10.003  9.864  9.725  9.587  9.449  9.311  9.174  9.037  8.900 
24.844 24.535 24.229 23.926 23.626 23.329 23.036 22.745 22.458 22.174 21.893 21.615 21.340 21.069 20.800 20.534 20.272 20.012 19.756 19.502 19.252 19.004 18.759 18.517 18.278 18.042 17.809 17.578 17.351 17.125 16.903 16.683 16.466 16.251 16.039 15.830 15.623 15.418 15.216 15.016 14.818 14.623 14.429 14.238 14.049 13.862 13.677 13.494 13.313 13.133 12.956 12.780 12.605 12.433 12.261 12.092 11.923 11.756 11.591 11.426 11.263 11.100 10.939 10.778 10.619 10.460 10.302 10.144  9.988  9.831  9.675  9.520  9.365  9.210  9.055  8.900 
25.523 25.214 24.907 24.604 24.303 24.005 23.710 23.418 23.129 22.843 22.559 22.279 22.001 21.726 21.454 21.185 20.918 20.654 20.393 20.135 19.879 19.626 19.376 19.128 18.883 18.641 18.401 18.163 17.928 17.696 17.466 17.238 17.013 16.790 16.569 16.350 16.134 15.920 15.708 15.498 15.290 15.084 14.880 14.678 14.478 14.280 14.083 13.888 13.695 13.503 13.313 13.125 12.937 12.752 12.567 12.384 12.202 12.021 11.842 11.663 11.486 11.309 11.133 10.958 10.784 10.611 10.438 10.265 10.094  9.922  9.751  9.581  9.410  9.240  9.070  8.900 
26.145 25.835 25.528 25.224 24.923 24.624 24.327 24.034 23.743 23.454 23.168 22.885 22.604 22.326 22.051 21.778 21.507 21.239 20.974 20.711 20.450 20.192 19.936 19.683 19.432 19.183 18.937 18.693 18.451 18.212 17.974 17.739 17.506 17.275 17.046 16.819 16.594 16.371 16.150 15.931 15.713 15.498 15.284 15.072 14.861 14.653 14.445 14.240 14.035 13.833 13.631 13.431 13.232 13.035 12.839 12.644 12.450 12.257 12.065 11.873 11.683 11.494 11.305 11.118 10.930 10.744 10.558 10.372 10.187 10.003  9.818  9.634  9.451  9.267  9.083  8.900 
26.711 26.401 26.094 25.789 25.487 25.187 24.889 24.594 24.301 24.010 23.722 23.436 23.153 22.872 22.593 22.317 22.042 21.770 21.501 21.233 20.968 20.705 20.445 20.186 19.929 19.675 19.423 19.173 18.925 18.678 18.434 18.192 17.952 17.713 17.477 17.242 17.009 16.778 16.549 16.321 16.095 15.871 15.648 15.426 15.207 14.988 14.771 14.556 14.342 14.129 13.917 13.707 13.498 13.290 13.082 12.876 12.671 12.467 12.264 12.062 11.860 11.660 11.460 11.260 11.061 10.863 10.665 10.468 10.271 10.075  9.878  9.682  9.487  9.291  9.095  8.900 
27.225 26.915 26.607 26.302 25.999 25.698 25.399 25.102 24.808 24.515 24.225 23.937 23.651 23.367 23.085 22.806 22.528 22.253 21.979 21.708 21.438 21.171 20.906 20.642 20.381 20.121 19.863 19.607 19.353 19.101 18.851 18.602 18.356 18.110 17.867 17.625 17.385 17.147 16.910 16.674 16.440 16.208 15.977 15.747 15.519 15.292 15.066 14.842 14.618 14.396 14.176 13.956 13.737 13.519 13.302 13.087 12.872 12.658 12.444 12.232 12.020 11.809 11.599 11.389 11.179 10.971 10.762 10.554 10.347 10.139  9.932  9.726  9.519  9.313  9.106  8.900 
27.691 27.381 27.073 26.767 26.463 26.162 25.862 25.564 25.267 24.973 24.681 24.391 24.103 23.816 23.532 23.249 22.969 22.690 22.413 22.138 21.865 21.593 21.323 21.056 20.790 20.525 20.262 20.002 19.742 19.485 19.229 18.974 18.721 18.470 18.220 17.972 17.725 17.480 17.236 16.994 16.753 16.513 16.274 16.037 15.801 15.566 15.333 15.100 14.869 14.639 14.409 14.181 13.954 13.727 13.502 13.277 13.053 12.830 12.607 12.386 12.165 11.944 11.724 11.505 11.286 11.068 10.850 10.632 10.415 10.198  9.981  9.765  9.548  9.332  9.116  8.900 
28.114 27.804 27.496 27.190 26.885 26.582 26.281 25.982 25.684 25.389 25.095 24.803 24.512 24.224 23.937 23.652 23.368 23.086 22.806 22.528 22.251 21.976 21.702 21.431 21.160 20.892 20.624 20.359 20.095 19.832 19.571 19.311 19.053 18.796 18.541 18.287 18.034 17.783 17.532 17.284 17.036 16.789 16.544 16.300 16.057 15.815 15.574 15.334 15.096 14.858 14.621 14.385 14.150 13.915 13.682 13.449 13.217 12.986 12.755 12.525 12.296 12.067 11.838 11.610 11.383 11.156 10.929 10.703 10.477 10.251 10.026  9.800  9.575  9.350  9.125  8.900 
28.498 28.187 27.879 27.572 27.267 26.963 26.662 26.361 26.063 25.765 25.470 25.176 24.884 24.593 24.304 24.016 23.730 23.446 23.163 22.881 22.601 22.323 22.046 21.770 21.496 21.224 20.952 20.683 20.414 20.147 19.881 19.617 19.354 19.092 18.831 18.572 18.314 18.057 17.801 17.546 17.293 17.040 16.789 16.538 16.289 16.041 15.793 15.547 15.301 15.057 14.813 14.570 14.327 14.086 13.845 13.605 13.366 13.127 12.889 12.651 12.414 12.178 11.941 11.706 11.471 11.236 11.001 10.767 10.533 10.299 10.066  9.832  9.599  9.366  9.133  8.900 
28.845 28.535 28.226 27.919 27.613 27.309 27.006 26.705 26.405 26.107 25.810 25.515 25.220 24.928 24.637 24.347 24.059 23.772 23.486 23.202 22.919 22.637 22.357 22.078 21.801 21.525 21.250 20.976 20.704 20.432 20.162 19.894 19.626 19.360 19.094 18.830 18.567 18.305 18.044 17.784 17.525 17.267 17.010 16.754 16.499 16.245 15.992 15.739 15.488 15.237 14.987 14.737 14.488 14.241 13.993 13.747 13.500 13.255 13.010 12.765 12.522 12.278 12.035 11.792 11.550 11.308 11.066 10.825 10.584 10.343 10.102  9.861  9.621  9.381  9.140  8.900 
29.160 28.850 28.541 28.234 27.927 27.623 27.319 27.017 26.716 26.416 26.118 25.821 25.526 25.231 24.938 24.647 24.356 24.067 23.779 23.492 23.207 22.923 22.640 22.358 22.077 21.798 21.519 21.242 20.966 20.691 20.417 20.145 19.873 19.602 19.333 19.064 18.797 18.530 18.265 18.000 17.736 17.473 17.211 16.950 16.690 16.430 16.172 15.914 15.656 15.400 15.144 14.889 14.635 14.381 14.127 13.875 13.623 13.371 13.120 12.869 12.619 12.369 12.120 11.871 11.622 11.373 11.125 10.877 10.630 10.382 10.135  9.888  9.641  9.394  9.147  8.900 
29.446 29.136 28.827 28.519 28.212 27.907 27.603 27.300 26.998 26.697 26.398 26.099 25.802 25.507 25.212 24.918 24.626 24.335 24.045 23.756 23.468 23.181 22.895 22.611 22.327 22.045 21.764 21.483 21.204 20.926 20.649 20.372 20.097 19.823 19.549 19.277 19.005 18.734 18.464 18.195 17.927 17.660 17.393 17.128 16.863 16.598 16.335 16.072 15.809 15.548 15.287 15.027 14.767 14.508 14.249 13.991 13.733 13.476 13.219 12.963 12.707 12.452 12.197 11.942 11.687 11.433 11.179 10.925 10.671 10.418 10.165  9.912  9.659  9.406  9.153  8.900 
29.705 29.395 29.085 28.777 28.470 28.164 27.859 27.556 27.253 26.951 26.651 26.352 26.053 25.756 25.460 25.165 24.871 24.577 24.285 23.994 23.704 23.415 23.127 22.840 22.554 22.269 21.985 21.702 21.420 21.139 20.858 20.579 20.300 20.022 19.745 19.469 19.194 18.919 18.646 18.373 18.101 17.829 17.558 17.288 17.019 16.750 16.482 16.215 15.948 15.682 15.416 15.151 14.887 14.623 14.359 14.096 13.834 13.571 13.310 13.048 12.787 12.527 12.266 12.006 11.746 11.487 11.227 10.968 10.709 10.451 10.192  9.933  9.675  9.417  9.158  8.900 
29.940 29.629 29.320 29.012 28.704 28.398 28.092 27.788 27.485 27.182 26.881 26.580 26.281 25.982 25.685 25.388 25.092 24.797 24.504 24.211 23.919 23.628 23.338 23.048 22.760 22.473 22.186 21.900 21.615 21.331 21.048 20.766 20.484 20.203 19.923 19.644 19.365 19.087 18.810 18.533 18.258 17.983 17.708 17.434 17.161 16.888 16.616 16.345 16.074 15.804 15.534 15.264 14.996 14.727 14.459 14.192 13.925 13.658 13.391 13.125 12.860 12.594 12.329 12.064 11.800 11.536 11.271 11.007 10.744 10.480 10.216  9.953  9.690  9.426  9.163  8.900 
30.153 29.842 29.533 29.224 28.916 28.609 28.304 27.998 27.694 27.391 27.089 26.787 26.487 26.187 25.888 25.590 25.293 24.997 24.702 24.407 24.113 23.820 23.528 23.237 22.947 22.657 22.368 22.080 21.793 21.506 21.220 20.935 20.651 20.367 20.084 19.802 19.520 19.239 18.959 18.679 18.400 18.122 17.844 17.566 17.290 17.014 16.738 16.463 16.188 15.914 15.640 15.367 15.094 14.822 14.550 14.278 14.007 13.736 13.466 13.195 12.926 12.656 12.387 12.117 11.848 11.580 11.311 11.043 10.775 10.507 10.239  9.971  9.703  9.435  9.168  8.900 
30.345 30.035 29.725 29.416 29.108 28.801 28.495 28.189 27.885 27.581 27.278 26.975 26.674 26.373 26.073 25.774 25.475 25.178 24.881 24.585 24.290 23.995 23.701 23.408 23.116 22.824 22.533 22.243 21.953 21.664 21.376 21.089 20.802 20.516 20.230 19.945 19.661 19.377 19.094 18.811 18.529 18.248 17.967 17.686 17.406 17.127 16.848 16.569 16.291 16.014 15.737 15.460 15.184 14.908 14.632 14.357 14.082 13.807 13.533 13.259 12.985 12.712 12.438 12.165 11.893 11.620 11.347 11.075 10.803 10.531 10.259  9.987  9.715  9.443  9.172  8.900 
30.520 30.210 29.900 29.591 29.283 28.975 28.668 28.362 28.057 27.752 27.449 27.145 26.843 26.541 26.240 25.940 25.641 25.342 25.044 24.746 24.449 24.153 23.858 23.563 23.269 22.975 22.683 22.391 22.099 21.808 21.518 21.228 20.939 20.650 20.362 20.075 19.788 19.502 19.216 18.931 18.646 18.362 18.078 17.795 17.512 17.230 16.948 16.666 16.385 16.104 15.824 15.544 15.265 14.985 14.706 14.428 14.150 13.872 13.594 13.316 13.039 12.762 12.485 12.209 11.932 11.656 11.380 11.104 10.828 10.553 10.277 10.002  9.726  9.451  9.175  8.900 
30.679 30.368 30.058 29.749 29.441 29.133 28.826 28.519 28.213 27.908 27.604 27.300 26.997 26.694 26.392 26.091 25.790 25.490 25.191 24.892 24.594 24.297 24.000 23.704 23.408 23.113 22.818 22.524 22.231 21.938 21.646 21.354 21.063 20.773 20.482 20.193 19.904 19.615 19.327 19.039 18.752 18.466 18.179 17.893 17.608 17.323 17.038 16.754 16.470 16.187 15.903 15.621 15.338 15.056 14.774 14.492 14.211 13.930 13.649 13.369 13.088 12.808 12.528 12.248 11.969 11.689 11.410 11.131 10.852 10.573 10.294 10.015  9.736  9.457  9.179  8.900 
