31.216 30.905 30.594 30.283 29.973 29.662 29.351 29.040 28.729 28.418 28.107 27.796 27.485 27.174 26.864 26.553 26.242 25.931 25.620 25.309 24.998 24.687 24.376 24.065 23.754 23.443 23.132 22.821 22.510 22.199 21.888 21.577 21.265 20.954 20.643 20.332 20.020 19.709 19.397 19.085 18.774 18.462 18.150 17.838 17.526 17.213 16.901 16.588 16.275 15.962 15.649 15.335 15.021 14.707 14.393 14.078 13.763 13.447 13.131 12.815 12.498 12.181 11.863 11.545 11.226 10.906 10.586 10.265  9.943  9.620  9.297  8.973  8.648  8.322  7.995  7.667 
31.214 30.903 30.592 30.281 29.970 29.659 29.348 29.037 28.726 28.415 28.104 27.793 27.481 27.170 26.859 26.547 26.236 25.925 25.613 25.301 24.990 24.678 24.366 24.054 23.742 23.430 23.118 22.806 22.494 22.181 21.869 21.556 21.243 20.930 20.617 20.303 19.990 19.676 19.362 19.048 18.733 18.418 18.103 17.788 17.473 17.157 16.840 16.524 16.207 15.890 15.572 15.254 14.935 14.616 14.297 13.977 13.656 13.335 13.014 12.691 12.368 12.045 11.721 11.396 11.070 10.744 10.417 10.089  9.760  9.431  9.100  8.769  8.437  8.104  7.769  7.434 
31.202 30.891 30.580 30.269 29.958 29.647 29.335 29.024 28.712 28.401 28.089 27.777 27.465 27.153 26.841 26.529 26.216 25.904 25.591 25.278 24.965 24.652 24.339 24.026 23.712 23.398 23.084 22.770 22.456 22.141 21.827 21.512 21.197 20.881 20.565 20.249 19.933 19.616 19.299 18.982 18.665 18.347 18.028 17.710 17.390 17.071 16.751 16.431 16.110 15.788 15.466 15.144 14.821 14.498 14.174 13.849 13.524 13.198 12.872 12.544 12.217 11.888 11.559 11.229 10.898 10.566 10.234  9.900  9.566  9.231  8.895  8.559  8.221  7.882  7.542  7.201 
31.175 30.864 30.553 30.242 29.930 29.619 29.307 28.995 28.683 28.370 28.058 27.745 27.433 27.120 26.806 26.493 26.180 25.866 25.552 25.238 24.923 24.609 24.294 23.979 23.663 23.348 23.032 22.716 22.399 22.083 21.765 21.448 21.130 20.812 20.494 20.175 19.856 19.537 19.217 18.897 18.576 18.255 17.934 17.612 17.289 16.966 16.643 16.319 15.994 15.669 15.343 15.017 14.690 14.363 14.035 13.706 13.377 13.047 12.716 12.385 12.052 11.720 11.386 11.051 10.716 10.380 10.043  9.705  9.366  9.027  8.686  8.344  8.002  7.659  7.314  6.969 
31.131 30.820 30.509 30.197 29.885 29.573 29.261 28.949 28.636 28.323 28.010 27.697 27.383 27.069 26.755 26.440 26.126 25.811 25.495 25.180 24.864 24.548 24.231 23.915 23.597 23.280 22.962 22.644 22.326 22.007 21.687 21.368 21.048 20.727 20.407 20.085 19.764 19.442 19.119 18.796 18.472 18.148 17.824 17.499 17.173 16.847 16.520 16.193 15.865 15.537 15.208 14.878 14.548 14.217 13.885 13.553 13.220 12.886 12.551 12.216 11.880 11.543 11.206 10.867 10.528 10.188  9.847  9.505  9.162  8.818  8.474  8.128  7.781  7.434  7.085  6.736 
31.070 30.759 30.448 30.136 29.824 29.512 29.199 28.886 28.573 28.260 27.946 27.632 27.317 27.002 26.687 26.372 26.056 25.740 25.423 25.106 24.789 24.471 24.153 23.835 23.516 23.197 22.877 22.557 22.237 21.916 21.595 21.273 20.951 20.628 20.305 19.981 19.657 19.333 19.008 18.682 18.356 18.029 17.702 17.374 17.046 16.717 16.387 16.057 15.726 15.394 15.062 14.729 14.396 14.062 13.727 13.391 13.055 12.717 12.379 12.041 11.701 11.361 11.020 10.678 10.335  9.991  9.647  9.301  8.955  8.607  8.259  7.910  7.560  7.208  6.856  6.503 
30.994 30.683 30.371 30.059 29.747 29.434 29.122 28.808 28.494 28.180 27.866 27.551 27.236 26.920 26.604 26.288 25.971 25.653 25.336 25.018 24.699 24.380 24.061 23.741 23.420 23.100 22.778 22.457 22.135 21.812 21.489 21.165 20.841 20.516 20.191 19.865 19.539 19.212 18.885 18.557 18.228 17.899 17.569 17.239 16.908 16.576 16.244 15.911 15.577 15.243 14.908 14.572 14.236 13.899 13.561 13.222 12.883 12.543 12.202 11.860 11.517 11.174 10.829 10.484 10.138  9.791  9.443  9.095  8.745  8.394  8.043  7.690  7.337  6.982  6.627  6.270 
30.903 30.592 30.280 29.968 29.656 29.343 29.029 28.716 28.402 28.087 27.772 27.456 27.140 26.824 26.507 26.190 25.872 25.554 25.235 24.916 24.596 24.276 23.955 23.634 23.312 22.990 22.667 22.344 22.020 21.696 21.371 21.045 20.719 20.393 20.066 19.738 19.410 19.081 18.751 18.421 18.090 17.759 17.427 17.094 16.761 16.427 16.092 15.757 15.421 15.084 14.746 14.408 14.069 13.729 13.389 13.047 12.705 12.362 12.018 11.674 11.328 10.982 10.635 10.287  9.938  9.588  9.237  8.886  8.533  8.179  7.825  7.469  7.113  6.755  6.397  6.037 
30.799 30.487 30.176 29.864 29.551 29.238 28.924 28.610 28.296 27.981 27.665 27.349 27.032 26.715 26.397 26.079 25.761 25.441 25.122 24.801 24.481 24.159 23.837 23.515 23.192 22.869 22.544 22.220 21.894 21.569 21.242 20.915 20.588 20.259 19.930 19.601 19.271 18.940 18.609 18.277 17.944 17.610 17.276 16.942 16.606 16.270 15.933 15.595 15.257 14.918 14.578 14.237 13.896 13.554 13.211 12.867 12.522 12.177 11.830 11.483 11.135 10.786 10.437 10.086  9.734  9.382  9.028  8.674  8.319  7.963  7.605  7.247  6.888  6.528  6.167  5.804 
30.682 30.371 30.060 29.747 29.434 29.121 28.807 28.493 28.178 27.862 27.546 27.230 26.912 26.595 26.276 25.957 25.638 25.318 24.997 24.676 24.354 24.032 23.709 23.386 23.062 22.737 22.411 22.085 21.759 21.432 21.104 20.775 20.446 20.116 19.786 19.455 19.123 18.791 18.457 18.124 17.789 17.454 17.118 16.781 16.444 16.106 15.767 15.427 15.087 14.745 14.403 14.061 13.717 13.373 13.027 12.681 12.335 11.987 11.638 11.289 10.938 10.587 10.235  9.882  9.528  9.173  8.818  8.461  8.103  7.744  7.385  7.024  6.662  6.300  5.936  5.571 
30.555 30.244 29.932 29.620 29.307 28.994 28.679 28.365 28.049 27.733 27.417 27.100 26.782 26.464 26.145 25.825 25.505 25.184 24.863 24.541 24.218 23.895 23.571 23.247 22.921 22.596 22.269 21.942 21.614 21.286 20.957 20.627 20.296 19.965 19.633 19.301 18.967 18.633 18.299 17.963 17.627 17.290 16.953 16.614 16.275 15.935 15.594 15.253 14.911 14.567 14.224 13.879 13.533 13.187 12.840 12.492 12.143 11.793 11.442 11.091 10.738 10.385 10.031  9.676  9.320  8.962  8.605  8.246  7.886  7.525  7.163  6.800  6.436  6.071  5.705  5.339 
30.418 30.107 29.795 29.483 29.170 28.856 28.542 28.227 27.911 27.595 27.278 26.960 26.642 26.323 26.004 25.684 25.363 25.041 24.719 24.396 24.073 23.749 23.424 23.099 22.773 22.446 22.118 21.790 21.461 21.132 20.801 20.470 20.139 19.806 19.473 19.139 18.804 18.469 18.133 17.796 17.458 17.120 16.781 16.441 16.100 15.759 15.416 15.073 14.729 14.384 14.039 13.692 13.345 12.997 12.648 12.298 11.947 11.595 11.243 10.889 10.535 10.180  9.824  9.467  9.109  8.750  8.390  8.029  7.667  7.304  6.940  6.575  6.209  5.843  5.475  5.106 
30.272 29.961 29.649 29.337 29.024 28.710 28.395 28.080 27.764 27.447 27.130 26.812 26.493 26.174 25.854 25.533 25.212 24.890 24.567 24.244 23.920 23.595 23.269 22.943 22.616 22.288 21.960 21.631 21.301 20.970 20.639 20.307 19.974 19.640 19.306 18.971 18.635 18.298 17.961 17.623 17.284 16.944 16.603 16.262 15.920 15.577 15.233 14.888 14.543 14.196 13.849 13.501 13.152 12.803 12.452 12.100 11.748 11.395 11.040 10.685 10.329  9.972  9.614  9.255  8.896  8.535  8.173  7.810  7.447  7.082  6.716  6.350  5.982  5.613  5.244  4.873 
30.118 29.807 29.495 29.183 28.869 28.555 28.240 27.925 27.609 27.292 26.974 26.656 26.337 26.017 25.697 25.376 25.054 24.731 24.408 24.084 23.759 23.433 23.107 22.780 22.452 22.124 21.794 21.464 21.134 20.802 20.470 20.137 19.803 19.468 19.133 18.797 18.460 18.122 17.783 17.444 17.104 16.763 16.421 16.078 15.735 15.390 15.045 14.699 14.352 14.004 13.656 13.306 12.956 12.605 12.253 11.900 11.546 11.191 10.835 10.478 10.121  9.762  9.403  9.042  8.681  8.318  7.955  7.591  7.225  6.859  6.492  6.123  5.754  5.384  5.012  4.640 
29.957 29.646 29.334 29.021 28.708 28.393 28.079 27.763 27.446 27.129 26.811 26.493 26.173 25.853 25.532 25.211 24.888 24.565 24.241 23.917 23.591 23.265 22.938 22.610 22.282 21.953 21.623 21.292 20.960 20.628 20.295 19.961 19.626 19.290 18.954 18.617 18.279 17.940 17.600 17.260 16.919 16.576 16.233 15.890 15.545 15.199 14.853 14.506 14.158 13.809 13.459 13.108 12.756 12.404 12.050 11.696 11.340 10.984 10.627 10.269  9.910  9.550  9.189  8.827  8.464  8.100  7.736  7.370  7.003  6.635  6.266  5.897  5.526  5.154  4.781  4.407 
29.789 29.478 29.166 28.853 28.539 28.225 27.910 27.594 27.277 26.960 26.642 26.323 26.003 25.683 25.361 25.039 24.717 24.393 24.069 23.743 23.418 23.091 22.763 22.435 22.106 21.776 21.445 21.114 20.781 20.448 20.114 19.779 19.444 19.107 18.770 18.432 18.093 17.753 17.413 17.071 16.729 16.386 16.042 15.697 15.351 15.005 14.657 14.309 13.959 13.609 13.258 12.906 12.553 12.200 11.845 11.489 11.133 10.775 10.417 10.057  9.697  9.336  8.973  8.610  8.246  7.881  7.515  7.148  6.780  6.410  6.040  5.669  5.297  4.924  4.550  4.174 
29.615 29.304 28.992 28.679 28.365 28.051 27.735 27.419 27.102 26.785 26.466 26.147 25.827 25.506 25.185 24.862 24.539 24.215 23.890 23.565 23.238 22.911 22.583 22.254 21.924 21.594 21.263 20.930 20.597 20.264 19.929 19.593 19.257 18.920 18.582 18.243 17.903 17.563 17.221 16.879 16.536 16.191 15.846 15.501 15.154 14.806 14.458 14.108 13.758 13.407 13.055 12.702 12.348 11.993 11.637 11.280 10.923 10.564 10.204  9.844  9.482  9.120  8.756  8.392  8.027  7.660  7.293  6.925  6.555  6.185  5.814  5.441  5.068  4.693  4.318  3.941 
29.435 29.124 28.812 28.499 28.185 27.871 27.555 27.239 26.922 26.604 26.286 25.966 25.646 25.325 25.003 24.680 24.357 24.032 23.707 23.381 23.054 22.726 22.398 22.068 21.738 21.407 21.075 20.742 20.409 20.074 19.739 19.403 19.066 18.728 18.389 18.050 17.709 17.368 17.025 16.682 16.338 15.993 15.648 15.301 14.953 14.605 14.255 13.905 13.554 13.202 12.848 12.494 12.140 11.784 11.427 11.069 10.710 10.351  9.990  9.628  9.266  8.902  8.538  8.172  7.806  7.439  7.070  6.701  6.330  5.959  5.586  5.213  4.838  4.463  4.086  3.709 
29.251 28.939 28.627 28.314 28.000 27.686 27.370 27.054 26.737 26.419 26.100 25.780 25.460 25.138 24.816 24.493 24.169 23.845 23.519 23.193 22.865 22.537 22.208 21.878 21.548 21.216 20.884 20.550 20.216 19.881 19.545 19.209 18.871 18.532 18.193 17.853 17.511 17.169 16.826 16.482 16.138 15.792 15.445 15.098 14.750 14.400 14.050 13.699 13.347 12.994 12.640 12.285 11.929 11.572 11.215 10.856 10.496 10.136  9.774  9.411  9.048  8.683  8.318  7.952  7.584  7.216  6.846  6.476  6.104  5.732  5.358  4.984  4.608  4.232  3.854  3.476 
29.062 28.750 28.438 28.125 27.811 27.496 27.181 26.864 26.547 26.229 25.910 25.590 25.269 24.948 24.625 24.302 23.978 23.653 23.327 23.000 22.672 22.344 22.015 21.684 21.353 21.021 20.688 20.354 20.020 19.684 19.348 19.010 18.672 18.333 17.993 17.652 17.310 16.968 16.624 16.280 15.934 15.588 15.240 14.892 14.543 14.193 13.842 13.490 13.137 12.784 12.429 12.073 11.716 11.359 11.000 10.641 10.280  9.919  9.556  9.193  8.829  8.463  8.097  7.730  7.361  6.992  6.622  6.250  5.878  5.505  5.130  4.755  4.378  4.001  3.622  3.243 
28.868 28.557 28.245 27.932 27.618 27.303 26.987 26.671 26.353 26.035 25.716 25.396 25.075 24.753 24.430 24.107 23.782 23.457 23.131 22.804 22.476 22.147 21.817 21.487 21.155 20.823 20.489 20.155 19.820 19.484 19.147 18.809 18.470 18.131 17.790 17.449 17.106 16.763 16.419 16.074 15.728 15.381 15.033 14.684 14.334 13.984 13.632 13.279 12.926 12.571 12.216 11.859 11.502 11.144 10.784 10.424 10.063  9.701  9.337  8.973  8.608  8.242  7.875  7.507  7.137  6.767  6.396  6.024  5.651  5.277  4.901  4.525  4.148  3.770  3.390  3.010 
28.671 28.360 28.048 27.735 27.421 27.106 26.790 26.473 26.156 25.838 25.518 25.198 24.877 24.555 24.232 23.908 23.583 23.258 22.931 22.604 22.276 21.947 21.617 21.286 20.954 20.621 20.287 19.953 19.617 19.281 18.943 18.605 18.266 17.926 17.585 17.243 16.900 16.556 16.211 15.866 15.519 15.171 14.823 14.474 14.123 13.772 13.420 13.066 12.712 12.357 12.001 11.644 11.286 10.927 10.567 10.206  9.844  9.481  9.117  8.752  8.386  8.019  7.652  7.283  6.913  6.542  6.170  5.797  5.423  5.048  4.672  4.295  3.917  3.538  3.158  2.777 
28.471 28.160 27.848 27.534 27.220 26.905 26.590 26.273 25.955 25.637 25.317 24.997 24.676 24.353 24.030 23.706 23.381 23.056 22.729 22.401 22.073 21.743 21.413 21.082 20.749 20.416 20.082 19.747 19.411 19.075 18.737 18.398 18.058 17.718 17.376 17.034 16.691 16.346 16.001 15.655 15.308 14.960 14.611 14.261 13.910 13.558 13.205 12.851 12.497 12.141 11.784 11.427 11.068 10.708 10.348  9.986  9.624  9.260  8.896  8.530  8.163  7.796  7.427  7.058  6.687  6.316  5.943  5.570  5.195  4.820  4.443  4.065  3.687  3.307  2.926  2.544 
28.268 27.956 27.644 27.331 27.017 26.702 26.386 26.069 25.751 25.433 25.113 24.793 24.471 24.149 23.826 23.502 23.176 22.850 22.523 22.196 21.867 21.537 21.206 20.875 20.542 20.209 19.875 19.539 19.203 18.866 18.528 18.189 17.849 17.508 17.166 16.823 16.479 16.135 15.789 15.442 15.095 14.746 14.397 14.046 13.695 13.343 12.989 12.635 12.280 11.923 11.566 11.208 10.849 10.489 10.127  9.765  9.402  9.038  8.673  8.307  7.940  7.572  7.203  6.832  6.461  6.089  5.716  5.342  4.967  4.590  4.213  3.835  3.456  3.075  2.694  2.311 
28.062 27.750 27.438 27.125 26.811 26.496 26.180 25.863 25.545 25.226 24.907 24.586 24.264 23.942 23.619 23.294 22.969 22.643 22.316 21.987 21.658 21.328 20.998 20.666 20.333 19.999 19.665 19.329 18.993 18.655 18.317 17.977 17.637 17.296 16.953 16.610 16.266 15.921 15.575 15.228 14.880 14.531 14.181 13.830 13.478 13.126 12.772 12.417 12.061 11.704 11.347 10.988 10.628 10.268  9.906  9.543  9.180  8.815  8.449  8.083  7.715  7.347  6.977  6.606  6.235  5.862  5.488  5.113  4.738  4.361  3.983  3.604  3.224  2.843  2.462  2.079 
27.853 27.542 27.230 26.916 26.602 26.287 25.971 25.654 25.336 25.017 24.697 24.377 24.055 23.732 23.409 23.084 22.759 22.433 22.105 21.777 21.448 21.118 20.786 20.454 20.121 19.787 19.453 19.117 18.780 18.442 18.103 17.764 17.423 17.081 16.739 16.395 16.051 15.705 15.359 15.012 14.663 14.314 13.964 13.612 13.260 12.907 12.553 12.198 11.841 11.484 11.126 10.767 10.407 10.046  9.684  9.320  8.956  8.591  8.225  7.858  7.490  7.121  6.751  6.379  6.007  5.634  5.260  4.885  4.508  4.131  3.753  3.373  2.993  2.612  2.229  1.846 
27.642 27.331 27.019 26.705 26.391 26.076 25.760 25.443 25.125 24.806 24.486 24.165 23.844 23.521 23.197 22.872 22.547 22.220 21.893 21.564 21.235 20.905 20.573 20.241 19.908 19.574 19.239 18.902 18.565 18.227 17.888 17.548 17.207 16.866 16.523 16.179 15.834 15.488 15.142 14.794 14.445 14.095 13.745 13.393 13.041 12.687 12.332 11.977 11.620 11.263 10.904 10.545 10.184  9.823  9.460  9.097  8.732  8.366  8.000  7.632  7.264  6.894  6.524  6.152  5.779  5.406  5.031  4.655  4.279  3.901  3.522  3.142  2.762  2.380  1.997  1.613 
27.429 27.118 26.806 26.492 26.178 25.863 25.547 25.230 24.912 24.593 24.273 23.952 23.630 23.307 22.983 22.659 22.333 22.006 21.679 21.350 21.020 20.690 20.358 20.026 19.692 19.358 19.023 18.686 18.349 18.011 17.672 17.331 16.990 16.648 16.305 15.961 15.616 15.270 14.923 14.575 14.226 13.876 13.525 13.173 12.820 12.466 12.111 11.755 11.398 11.040 10.681 10.321  9.960  9.599  9.236  8.872  8.507  8.141  7.774  7.406  7.037  6.667  6.296  5.924  5.551  5.177  4.802  4.426  4.049  3.671  3.291  2.911  2.530  2.148  1.764  1.380 
27.215 26.903 26.591 26.278 25.963 25.648 25.332 25.015 24.697 24.378 24.058 23.737 23.415 23.092 22.768 22.443 22.117 21.790 21.462 21.134 20.804 20.473 20.142 19.809 19.475 19.141 18.805 18.469 18.131 17.793 17.453 17.113 16.772 16.429 16.086 15.741 15.396 15.050 14.702 14.354 14.005 13.655 13.303 12.951 12.598 12.244 11.888 11.532 11.175 10.817 10.457 10.097  9.736  9.374  9.011  8.646  8.281  7.915  7.547  7.179  6.810  6.439  6.068  5.696  5.322  4.948  4.572  4.196  3.819  3.440  3.060  2.680  2.298  1.916  1.532  1.147 
26.998 26.687 26.374 26.061 25.747 25.432 25.115 24.798 24.480 24.161 23.841 23.520 23.198 22.875 22.551 22.226 21.900 21.573 21.245 20.916 20.586 20.255 19.924 19.591 19.257 18.922 18.587 18.250 17.912 17.573 17.234 16.893 16.552 16.209 15.865 15.521 15.175 14.829 14.481 14.133 13.783 13.432 13.081 12.728 12.375 12.020 11.665 11.308 10.951 10.592 10.233  9.872  9.511  9.148  8.785  8.420  8.054  7.688  7.320  6.952  6.582  6.211  5.840  5.467  5.093  4.718  4.343  3.966  3.588  3.209  2.829  2.448  2.066  1.683  1.299  0.914 
26.780 26.469 26.156 25.843 25.529 25.214 24.897 24.580 24.262 23.943 23.622 23.301 22.979 22.656 22.332 22.007 21.681 21.354 21.026 20.697 20.367 20.036 19.704 19.371 19.037 18.702 18.366 18.030 17.692 17.353 17.013 16.672 16.330 15.988 15.644 15.299 14.953 14.606 14.259 13.910 13.560 13.209 12.858 12.505 12.151 11.796 11.441 11.084 10.726 10.367 10.007  9.647  9.285  8.922  8.558  8.193  7.827  7.461  7.093  6.724  6.354  5.983  5.611  5.238  4.864  4.489  4.113  3.736  3.357  2.978  2.598  2.217  1.834  1.451  1.067  0.681 
26.561 26.249 25.937 25.624 25.309 24.994 24.678 24.361 24.042 23.723 23.403 23.082 22.759 22.436 22.112 21.787 21.461 21.134 20.806 20.476 20.146 19.815 19.483 19.150 18.816 18.481 18.145 17.808 17.470 17.131 16.791 16.450 16.108 15.765 15.421 15.076 14.730 14.383 14.035 13.686 13.336 12.985 12.633 12.280 11.926 11.571 11.215 10.858 10.500 10.141  9.781  9.420  9.058  8.695  8.331  7.966  7.600  7.233  6.864  6.495  6.125  5.754  5.382  5.008  4.634  4.259  3.882  3.505  3.126  2.747  2.367  1.985  1.602  1.219  0.834  0.449 
26.340 26.029 25.716 25.403 25.089 24.773 24.457 24.140 23.821 23.502 23.182 22.861 22.538 22.215 21.891 21.566 21.239 20.912 20.584 20.255 19.925 19.593 19.261 18.928 18.594 18.259 17.923 17.585 17.247 16.908 16.568 16.227 15.885 15.542 15.197 14.852 14.506 14.159 13.811 13.462 13.112 12.760 12.408 12.055 11.701 11.346 10.989 10.632 10.274  9.915  9.555  9.193  8.831  8.468  8.103  7.738  7.372  7.004  6.636  6.266  5.896  5.524  5.152  4.778  4.404  4.028  3.652  3.274  2.895  2.516  2.135  1.753  1.370  0.987  0.602  0.216 
26.118 25.807 25.495 25.181 24.867 24.552 24.235 23.918 23.599 23.280 22.960 22.639 22.316 21.993 21.669 21.343 21.017 20.690 20.361 20.032 19.702 19.371 19.038 18.705 18.371 18.036 17.699 17.362 17.024 16.684 16.344 16.003 15.661 15.317 14.973 14.628 14.281 13.934 13.586 13.236 12.886 12.535 12.182 11.829 11.475 11.119 10.763 10.406 10.047  9.688  9.327  8.966  8.603  8.240  7.875  7.510  7.143  6.775  6.407  6.037  5.667  5.295  4.922  4.548  4.174  3.798  3.421  3.043  2.664  2.284  1.903  1.521  1.138  0.754  0.369 -0.017 
25.896 25.584 25.272 24.958 24.644 24.329 24.012 23.695 23.377 23.057 22.737 22.415 22.093 21.770 21.445 21.120 20.794 20.466 20.138 19.809 19.478 19.147 18.814 18.481 18.147 17.811 17.475 17.138 16.799 16.460 16.119 15.778 15.436 15.092 14.748 14.402 14.056 13.708 13.360 13.010 12.660 12.308 11.956 11.602 11.248 10.892 10.536 10.178  9.820  9.460  9.099  8.738  8.375  8.011  7.647  7.281  6.914  6.546  6.178  5.808  5.437  5.065  4.692  4.319  3.944  3.568  3.191  2.813  2.434  2.054  1.674  1.292  0.909  0.525  0.140 -0.250 
25.672 25.360 25.048 24.735 24.420 24.105 23.788 23.471 23.153 22.833 22.513 22.191 21.869 21.546 21.221 20.896 20.569 20.242 19.913 19.584 19.253 18.922 18.589 18.256 17.921 17.586 17.249 16.912 16.573 16.233 15.893 15.551 15.208 14.865 14.520 14.174 13.827 13.479 13.130 12.780 12.429 12.076 11.723 11.369 11.013 10.657 10.299  9.940  9.580  9.219  8.857  8.494  8.130  7.764  7.398  7.030  6.661  6.291  5.920  5.548  5.174  4.800  4.424  4.047  3.669  3.290  2.910  2.529  2.147  1.763  1.379  0.993  0.606  0.218 -0.171 -0.483 
25.446 25.135 24.822 24.509 24.194 23.879 23.562 23.245 22.926 22.607 22.286 21.965 21.642 21.318 20.994 20.668 20.341 20.014 19.685 19.355 19.024 18.693 18.360 18.026 17.691 17.355 17.018 16.680 16.341 16.001 15.660 15.317 14.974 14.630 14.285 13.938 13.591 13.243 12.893 12.543 12.192 11.839 11.486 11.131 10.776 10.419 10.062  9.704  9.344  8.984  8.622  8.260  7.897  7.533  7.168  6.802  6.435  6.067  5.699  5.329  4.959  4.588  4.216  3.843  3.469  3.093  2.716  2.338  1.956  1.572  1.184  0.793  0.397 -0.003 -0.348 -0.716 
25.217 24.906 24.593 24.280 23.966 23.650 23.334 23.016 22.697 22.378 22.057 21.736 21.413 21.089 20.764 20.439 20.112 19.784 19.455 19.125 18.794 18.462 18.129 17.795 17.460 17.124 16.786 16.448 16.109 15.768 15.427 15.084 14.741 14.396 14.050 13.703 13.355 13.006 12.656 12.305 11.952 11.599 11.244 10.889 10.532 10.174  9.815  9.455  9.093  8.731  8.368  8.003  7.637  7.271  6.903  6.534  6.165  5.794  5.422  5.049  4.676  4.302  3.926  3.550  3.173  2.796  2.418  2.039  1.660  1.280  0.899  0.518  0.137 -0.201 -0.574 -0.949 
24.986 24.674 24.362 24.049 23.734 23.418 23.102 22.784 22.466 22.146 21.825 21.503 21.180 20.856 20.532 20.206 19.879 19.551 19.221 18.891 18.560 18.228 17.895 17.560 17.225 16.889 16.551 16.213 15.873 15.533 15.191 14.849 14.505 14.161 13.815 13.468 13.121 12.772 12.422 12.071 11.719 11.366 11.012 10.657 10.301  9.944  9.585  9.225  8.864  8.502  8.139  7.774  7.408  7.041  6.672  6.302  5.931  5.557  5.183  4.807  4.429  4.049  3.668  3.286  2.901  2.515  2.127  1.738  1.348  0.956  0.563  0.169 -0.172 -0.509 -0.845 -1.181 
24.753 24.441 24.129 23.815 23.501 23.185 22.868 22.551 22.232 21.912 21.591 21.269 20.946 20.622 20.297 19.971 19.644 19.316 18.986 18.656 18.325 17.992 17.659 17.324 16.988 16.651 16.314 15.975 15.635 15.294 14.952 14.608 14.264 13.919 13.572 13.225 12.876 12.527 12.176 11.824 11.472 11.118 10.763 10.407 10.051  9.693  9.334  8.974  8.613  8.252  7.889  7.525  7.161  6.795  6.429  6.062  5.694  5.325  4.956  4.585  4.214  3.842  3.470  3.097  2.723  2.348  1.973  1.598  1.221  0.845  0.467  0.089 -0.254 -0.640 -1.027 -1.414 
24.517 24.205 23.893 23.579 23.265 22.949 22.633 22.315 21.996 21.676 21.355 21.033 20.710 20.386 20.061 19.735 19.408 19.080 18.750 18.420 18.088 17.756 17.422 17.088 16.752 16.415 16.077 15.738 15.398 15.057 14.715 14.372 14.027 13.682 13.335 12.987 12.638 12.288 11.937 11.585 11.232 10.877 10.521 10.164  9.806  9.447  9.087  8.725  8.362  7.998  7.633  7.267  6.900  6.532  6.162  5.792  5.421  5.048  4.675  4.300  3.925  3.549  3.172  2.795  2.416  2.037  1.658  1.278  0.897  0.516  0.135 -0.198 -0.559 -0.921 -1.284 -1.647 
24.280 23.968 23.656 23.342 23.028 22.712 22.395 22.077 21.758 21.438 21.117 20.795 20.472 20.148 19.823 19.496 19.169 18.840 18.511 18.180 17.849 17.516 17.182 16.847 16.511 16.174 15.836 15.497 15.157 14.816 14.474 14.131 13.786 13.441 13.095 12.747 12.399 12.050 11.699 11.348 10.995 10.642 10.287  9.932  9.575  9.218  8.859  8.499  8.138  7.776  7.412  7.047  6.681  6.314  5.944  5.573  5.201  4.827  4.450  4.072  3.691  3.309  2.924  2.537  2.148  1.757  1.363  0.968  0.572  0.174 -0.178 -0.518 -0.859 -1.199 -1.539 -1.880 
24.041 23.730 23.417 23.104 22.789 22.473 22.157 21.839 21.520 21.200 20.879 20.557 20.234 19.909 19.584 19.257 18.930 18.601 18.272 17.941 17.609 17.276 16.942 16.607 16.271 15.933 15.595 15.256 14.915 14.573 14.231 13.887 13.542 13.196 12.849 12.500 12.151 11.801 11.449 11.097 10.743 10.389 10.033  9.676  9.318  8.960  8.600  8.239  7.877  7.515  7.151  6.787  6.421  6.055  5.688  5.320  4.951  4.581  4.211  3.840  3.468  3.095  2.722  2.349  1.974  1.599  1.224  0.848  0.471  0.095 -0.242 -0.615 -0.989 -1.363 -1.738 -2.113 
23.801 23.489 23.177 22.863 22.549 22.233 21.916 21.598 21.279 20.959 20.638 20.316 19.993 19.669 19.343 19.017 18.690 18.361 18.031 17.701 17.369 17.036 16.702 16.367 16.031 15.694 15.356 15.016 14.676 14.334 13.991 13.648 13.303 12.957 12.610 12.261 11.912 11.561 11.210 10.857 10.502 10.147  9.791  9.433  9.074  8.714  8.353  7.990  7.626  7.261  6.895  6.528  6.160  5.790  5.419  5.048  4.675  4.301  3.926  3.551  3.174  2.797  2.419  2.040  1.660  1.280  0.900  0.519  0.137 -0.194 -0.552 -0.909 -1.268 -1.627 -1.986 -2.346 
23.560 23.248 22.936 22.622 22.308 21.992 21.675 21.357 21.038 20.718 20.397 20.074 19.751 19.427 19.101 18.775 18.447 18.118 17.788 17.457 17.125 16.792 16.458 16.123 15.787 15.449 15.111 14.771 14.431 14.089 13.746 13.403 13.058 12.712 12.365 12.018 11.669 11.319 10.968 10.616 10.263  9.909  9.554  9.199  8.842  8.484  8.125  7.765  7.405  7.043  6.680  6.315  5.950  5.583  5.215  4.845  4.474  4.100  3.724  3.346  2.965  2.581  2.194  1.804  1.410  1.012  0.610  0.204 -0.205 -0.539 -0.874 -1.212 -1.552 -1.893 -2.235 -2.579 
23.318 23.006 22.694 22.380 22.066 21.750 21.433 21.115 20.796 20.476 20.155 19.833 19.509 19.185 18.859 18.533 18.205 17.876 17.546 17.215 16.883 16.550 16.215 15.880 15.543 15.206 14.867 14.527 14.186 13.844 13.501 13.157 12.811 12.465 12.117 11.768 11.418 11.067 10.715 10.362 10.008  9.653  9.296  8.939  8.581  8.221  7.861  7.499  7.137  6.774  6.409  6.044  5.678  5.311  4.943  4.575  4.205  3.835  3.464  3.092  2.720  2.347  1.974  1.600  1.225  0.850  0.475  0.099 -0.235 -0.601 -0.969 -1.336 -1.704 -2.073 -2.442 -2.811 
23.074 22.763 22.450 22.137 21.822 21.506 21.189 20.872 20.553 20.232 19.911 19.589 19.266 18.941 18.616 18.289 17.961 17.633 17.303 16.972 16.640 16.307 15.973 15.637 15.301 14.964 14.625 14.286 13.945 13.603 13.260 12.916 12.571 12.224 11.877 11.528 11.178 10.827 10.475 10.122  9.767  9.411  9.054  8.696  8.336  7.975  7.613  7.250  6.885  6.519  6.152  5.784  5.414  5.044  4.672  4.299  3.925  3.550  3.174  2.797  2.420  2.041  1.662  1.282  0.902  0.521  0.140 -0.190 -0.546 -0.901 -1.258 -1.614 -1.971 -2.328 -2.686 -3.044 
22.831 22.519 22.207 21.893 21.578 21.262 20.945 20.627 20.308 19.988 19.667 19.344 19.021 18.696 18.371 18.044 17.716 17.387 17.057 16.726 16.394 16.060 15.726 15.390 15.054 14.716 14.377 14.038 13.697 13.355 13.012 12.668 12.323 11.976 11.629 11.281 10.932 10.582 10.230  9.878  9.525  9.171  8.816  8.460  8.102  7.745  7.386  7.026  6.665  6.303  5.941  5.577  5.212  4.847  4.479  4.111  3.741  3.370  2.997  2.621  2.243  1.861  1.476  1.086  0.691  0.291 -0.116 -0.450 -0.791 -1.138 -1.488 -1.842 -2.198 -2.556 -2.916 -3.277 
22.586 22.275 21.962 21.649 21.334 21.018 20.701 20.383 20.064 19.744 19.423 19.100 18.777 18.452 18.127 17.800 17.472 17.143 16.813 16.482 16.149 15.816 15.481 15.146 14.809 14.471 14.132 13.792 13.450 13.108 12.764 12.420 12.074 11.727 11.379 11.030 10.679 10.328  9.976  9.622  9.267  8.912  8.555  8.197  7.838  7.478  7.117  6.755  6.392  6.029  5.664  5.298  4.932  4.564  4.196  3.827  3.458  3.087  2.716  2.344  1.972  1.599  1.226  0.852  0.477  0.103 -0.229 -0.592 -0.955 -1.319 -1.683 -2.047 -2.412 -2.777 -3.143 -3.510 
22.340 22.029 21.716 21.403 21.088 20.772 20.455 20.137 19.818 19.498 19.177 18.854 18.531 18.206 17.881 17.554 17.226 16.897 16.567 16.236 15.904 15.571 15.237 14.901 14.565 14.227 13.888 13.549 13.208 12.866 12.523 12.178 11.833 11.486 11.138 10.790 10.439 10.088  9.735  9.382  9.027  8.670  8.313  7.954  7.594  7.232  6.869  6.505  6.140  5.773  5.405  5.036  4.666  4.294  3.921  3.547  3.172  2.796  2.419  2.041  1.663  1.283  0.903  0.523  0.142 -0.187 -0.541 -0.895 -1.250 -1.605 -1.960 -2.316 -2.672 -3.028 -3.385 -3.743 
22.095 21.783 21.471 21.157 20.842 20.526 20.209 19.891 19.572 19.252 18.930 18.608 18.284 17.960 17.634 17.307 16.979 16.650 16.320 15.988 15.656 15.322 14.988 14.652 14.315 13.977 13.638 13.298 12.957 12.615 12.272 11.927 11.582 11.236 10.888 10.540 10.190  9.840  9.488  9.136  8.783  8.428  8.073  7.717  7.360  7.001  6.643  6.283  5.922  5.561  5.198  4.835  4.471  4.106  3.739  3.372  3.003  2.632  2.260  1.886  1.509  1.130  0.749  0.364 -0.023 -0.355 -0.709 -1.066 -1.425 -1.785 -2.147 -2.511 -2.875 -3.241 -3.608 -3.976 
21.848 21.537 21.224 20.911 20.596 20.280 19.963 19.645 19.326 19.006 18.685 18.362 18.039 17.714 17.388 17.061 16.733 16.404 16.074 15.742 15.410 15.076 14.742 14.406 14.069 13.731 13.391 13.051 12.709 12.367 12.023 11.678 11.332 10.985 10.636 10.287  9.936  9.584  9.232  8.878  8.523  8.167  7.809  7.451  7.092  6.732  6.371  6.008  5.645  5.281  4.916  4.550  4.184  3.816  3.448  3.079  2.709  2.339  1.968  1.597  1.225  0.852  0.479  0.106 -0.224 -0.584 -0.945 -1.306 -1.667 -2.029 -2.391 -2.753 -3.116 -3.480 -3.844 -4.209 
21.601 21.289 20.977 20.663 20.348 20.033 19.716 19.398 19.079 18.758 18.437 18.115 17.791 17.466 17.141 16.814 16.486 16.157 15.827 15.496 15.164 14.830 14.496 14.160 13.824 13.486 13.147 12.807 12.466 12.124 11.781 11.436 11.091 10.744 10.396 10.047  9.697  9.345  8.992  8.638  8.283  7.926  7.568  7.209  6.848  6.486  6.123  5.758  5.392  5.024  4.655  4.285  3.914  3.541  3.168  2.793  2.417  2.040  1.663  1.284  0.905  0.526  0.146 -0.184 -0.537 -0.890 -1.243 -1.597 -1.951 -2.305 -2.660 -3.015 -3.371 -3.727 -4.084 -4.441 
21.354 21.042 20.730 20.416 20.101 19.785 19.468 19.150 18.831 18.511 18.189 17.867 17.543 17.218 16.892 16.565 16.237 15.908 15.578 15.246 14.914 14.580 14.245 13.910 13.573 13.235 12.895 12.555 12.214 11.872 11.528 11.184 10.838 10.492 10.144  9.796  9.446  9.096  8.744  8.392  8.038  7.684  7.329  6.972  6.615  6.257  5.898  5.539  5.178  4.817  4.455  4.092  3.729  3.365  3.000  2.634  2.268  1.901  1.533  1.165  0.796  0.427  0.057 -0.236 -0.492 -0.744 -0.992 -1.236 -1.473 -1.704 -1.928 -2.142 -2.347 -2.542 -2.726 -2.899 
21.108 20.796 20.484 20.170 19.856 19.540 19.223 18.905 18.587 18.267 17.946 17.623 17.300 16.976 16.651 16.325 15.998 15.669 15.340 15.010 14.679 14.346 14.013 13.679 13.344 13.008 12.672 12.334 11.995 11.656 11.316 10.976 10.634 10.292  9.950  9.607  9.263  8.919  8.575  8.231  7.886  7.541  7.196  6.852  6.507  6.162  5.818  5.474  5.131  4.788  4.446  4.104  3.763  3.423  3.083  2.744  2.406  2.069  1.733  1.398  1.063  0.730  0.397  0.065 -0.131 -0.254 -0.370 -0.486 -0.600 -0.714 -0.826 -0.936 -1.045 -1.152 -1.258 -1.362 
20.887 20.576 20.264 19.950 19.637 19.322 19.006 18.690 18.373 18.055 17.736 17.416 17.096 16.774 16.453 16.130 15.807 15.483 15.158 14.833 14.507 14.180 13.853 13.526 13.198 12.870 12.541 12.212 11.882 11.553 11.223 10.893 10.562 10.232  9.902  9.572  9.242  8.912  8.582  8.253  7.924  7.596  7.268  6.941  6.614  6.289  5.964  5.640  5.318  4.996  4.676  4.357  4.040  3.724  3.409  3.096  2.785  2.474  2.166  1.859  1.553  1.249  0.945  0.643  0.343  0.043 -0.127 -0.223 -0.312 -0.400 -0.488 -0.574 -0.660 -0.745 -0.828 -0.910 
20.733 20.422 20.110 19.798 19.485 19.172 18.858 18.544 18.230 17.915 17.599 17.283 16.967 16.650 16.333 16.015 15.698 15.380 15.061 14.743 14.424 14.105 13.786 13.466 13.147 12.827 12.508 12.189 11.869 11.550 11.231 10.912 10.593 10.275  9.957  9.639  9.322  9.005  8.689  8.374  8.059  7.745  7.431  7.119  6.808  6.497  6.188  5.880  5.573  5.267  4.963  4.660  4.359  4.059  3.761  3.465  3.170  2.877  2.586  2.296  2.008  1.722  1.437  1.154  0.872  0.591  0.312  0.033 -0.119 -0.200 -0.276 -0.350 -0.424 -0.497 -0.570 -0.641 
20.658 20.347 20.036 19.725 19.413 19.102 18.790 18.478 18.166 17.854 17.542 17.229 16.917 16.604 16.292 15.979 15.667 15.354 15.042 14.730 14.417 14.105 13.793 13.481 13.170 12.858 12.547 12.236 11.926 11.616 11.306 10.997 10.688 10.380 10.072  9.765  9.459  9.153  8.848  8.544  8.240  7.938  7.636  7.335  7.036  6.737  6.440  6.143  5.848  5.555  5.262  4.972  4.682  4.395  4.108  3.824  3.541  3.260  2.981  2.704  2.428  2.154  1.882  1.611  1.342  1.075  0.809  0.544  0.280  0.018 -0.123 -0.194 -0.261 -0.327 -0.392 -0.456 
20.656 20.345 20.034 19.724 19.413 19.103 18.793 18.483 18.173 17.863 17.554 17.245 16.936 16.627 16.318 16.010 15.702 15.394 15.086 14.779 14.472 14.166 13.860 13.554 13.249 12.944 12.639 12.336 12.032 11.730 11.427 11.126 10.825 10.525 10.225  9.927  9.629  9.332  9.035  8.740  8.446  8.152  7.859  7.568  7.277  6.988  6.699  6.412  6.126  5.842  5.558  5.276  4.995  4.716  4.439  4.163  3.888  3.616  3.345  3.076  2.809  2.545  2.282  2.021  1.762  1.505  1.250  0.997  0.745  0.495  0.246 -0.002 -0.130 -0.194 -0.254 -0.313 
20.713 20.402 20.092 19.782 19.472 19.163 18.854 18.546 18.238 17.930 17.623 17.316 17.009 16.703 16.398 16.093 15.788 15.484 15.181 14.878 14.575 14.273 13.972 13.671 13.370 13.071 12.772 12.474 12.176 11.879 11.583 11.288 10.993 10.699 10.406 10.114  9.823  9.533  9.243  8.955  8.668  8.381  8.096  7.812  7.529  7.246  6.966  6.686  6.407  6.130  5.854  5.579  5.305  5.033  4.762  4.492  4.224  3.957  3.691  3.428  3.166  2.905  2.647  2.391  2.138  1.887  1.638  1.393  1.150  0.910  0.672  0.437  0.205 -0.027 -0.135 -0.191 
20.817 20.506 20.196 19.887 19.578 19.270 18.962 18.655 18.348 18.042 17.736 17.431 17.127 16.823 16.520 16.218 15.916 15.615 15.315 15.015 14.716 14.417 14.120 13.823 13.526 13.231 12.936 12.642 12.349 12.057 11.766 11.475 11.185 10.897 10.609 10.322 10.036  9.751  9.468  9.185  8.903  8.622  8.343  8.064  7.787  7.511  7.236  6.963  6.690  6.419  6.149  5.881  5.614  5.348  5.083  4.820  4.558  4.298  4.039  3.781  3.525  3.270  3.016  2.763  2.512  2.262  2.014  1.767  1.522  1.279  1.042  0.813  0.598  0.402  0.230  0.087 
20.959 20.649 20.339 20.030 19.721 19.414 19.107 18.801 18.495 18.190 17.886 17.583 17.281 16.979 16.678 16.378 16.078 15.780 15.482 15.185 14.889 14.594 14.300 14.006 13.714 13.422 13.131 12.842 12.553 12.265 11.978 11.693 11.408 11.124 10.842 10.561 10.280 10.001  9.723  9.447  9.171  8.897  8.624  8.352  8.082  7.812  7.544  7.278  7.012  6.748  6.486  6.224  5.964  5.705  5.447  5.191  4.936  4.682  4.429  4.178  3.927  3.678  3.429  3.182  2.935  2.690  2.445  2.201  1.958  1.715  1.473  1.231  0.990  0.749  0.508  0.268 
21.136 20.825 20.516 20.207 19.899 19.592 19.286 18.981 18.676 18.373 18.070 17.768 17.467 17.167 16.868 16.569 16.272 15.975 15.680 15.385 15.091 14.798 14.506 14.215 13.925 13.636 13.348 13.061 12.774 12.489 12.205 11.921 11.639 11.357 11.077 10.797 10.519 10.241  9.964  9.689  9.414  9.140  8.867  8.595  8.324  8.054  7.785  7.517  7.249  6.983  6.717  6.453  6.189  5.925  5.663  5.401  5.140  4.880  4.621  4.362  4.104  3.846  3.589  3.332  3.076  2.821  2.566  2.311  2.057  1.803  1.549  1.296  1.042  0.789  0.536  0.283 
21.333 21.022 20.713 20.404 20.097 19.790 19.484 19.179 18.874 18.571 18.269 17.967 17.667 17.367 17.068 16.770 16.473 16.177 15.882 15.587 15.294 15.001 14.709 14.419 14.129 13.840 13.551 13.264 12.977 12.692 12.407 12.123 11.840 11.558 11.276 10.996 10.716 10.437 10.159  9.881  9.605  9.329  9.054  8.780  8.506  8.233  7.961  7.689  7.419  7.149  6.879  6.610  6.342  6.074  5.807  5.541  5.275  5.009  4.744  4.480  4.216  3.952  3.689  3.426  3.164  2.902  2.640  2.378  2.117  1.856  1.595  1.334  1.074  0.813  0.553  0.292 
21.531 21.220 20.911 20.602 20.294 19.987 19.681 19.376 19.071 18.768 18.465 18.163 17.862 17.562 17.263 16.964 16.667 16.370 16.074 15.779 15.485 15.191 14.899 14.607 14.316 14.026 13.736 13.448 13.160 12.873 12.587 12.301 12.016 11.732 11.449 11.166 10.884 10.603 10.323 10.043  9.764  9.485  9.207  8.930  8.654  8.378  8.102  7.828  7.553  7.280  7.006  6.734  6.462  6.190  5.919  5.648  5.378  5.108  4.839  4.569  4.301  4.032  3.764  3.496  3.229  2.962  2.695  2.428  2.161  1.895  1.629  1.363  1.097  0.831  0.565  0.299 
21.719 21.408 21.098 20.790 20.481 20.174 19.868 19.562 19.257 18.953 18.650 18.348 18.046 17.745 17.445 17.146 16.847 16.550 16.253 15.957 15.661 15.367 15.073 14.779 14.487 14.195 13.904 13.614 13.325 13.036 12.748 12.460 12.173 11.887 11.602 11.317 11.033 10.749 10.466 10.184  9.902  9.621  9.340  9.060  8.781  8.502  8.223  7.945  7.668  7.391  7.114  6.838  6.562  6.287  6.012  5.738  5.464  5.190  4.917  4.644  4.371  4.098  3.826  3.554  3.283  3.011  2.740  2.469  2.198  1.927  1.656  1.386  1.116  0.845  0.575  0.305 
21.893 21.582 21.273 20.964 20.655 20.348 20.041 19.735 19.430 19.125 18.821 18.518 18.216 17.914 17.613 17.313 17.014 16.715 16.417 16.119 15.823 15.527 15.232 14.937 14.643 14.350 14.057 13.765 13.474 13.183 12.893 12.604 12.315 12.026 11.739 11.452 11.165 10.879 10.594 10.309 10.025  9.741  9.458  9.175  8.893  8.611  8.330  8.049  7.768  7.488  7.208  6.929  6.650  6.372  6.094  5.816  5.539  5.261  4.985  4.708  4.432  4.156  3.880  3.604  3.329  3.054  2.779  2.504  2.229  1.955  1.680  1.406  1.132  0.858  0.583  0.309 
22.053 21.742 21.433 21.123 20.815 20.507 20.200 19.893 19.588 19.283 18.978 18.674 18.371 18.069 17.767 17.466 17.166 16.866 16.567 16.268 15.970 15.673 15.376 15.080 14.785 14.490 14.196 13.902 13.609 13.317 13.025 12.734 12.443 12.153 11.863 11.574 11.285 10.997 10.709 10.422 10.135  9.849  9.563  9.278  8.993  8.709  8.425  8.141  7.858  7.575  7.293  7.011  6.729  6.447  6.166  5.886  5.605  5.325  5.045  4.765  4.486  4.206  3.927  3.649  3.370  3.092  2.813  2.535  2.257  1.979  1.701  1.424  1.146  0.868  0.591  0.313 
22.199 21.889 21.579 21.269 20.961 20.652 20.345 20.038 19.732 19.426 19.121 18.817 18.513 18.210 17.907 17.605 17.304 17.003 16.703 16.403 16.104 15.806 15.508 15.211 14.914 14.618 14.322 14.027 13.732 13.438 13.145 12.851 12.559 12.267 11.975 11.684 11.393 11.103 10.814 10.524 10.235  9.947  9.659  9.371  9.084  8.797  8.511  8.225  7.939  7.654  7.369  7.084  6.800  6.516  6.232  5.948  5.665  5.382  5.099  4.817  4.534  4.252  3.970  3.688  3.407  3.125  2.844  2.563  2.282  2.001  1.720  1.439  1.159  0.878  0.597  0.317 
22.332 22.022 21.712 21.402 21.093 20.785 20.477 20.170 19.863 19.557 19.252 18.947 18.642 18.339 18.035 17.732 17.430 17.128 16.827 16.527 16.227 15.927 15.628 15.329 15.031 14.734 14.437 14.140 13.844 13.548 13.253 12.959 12.664 12.371 12.077 11.784 11.492 11.200 10.908 10.617 10.326 10.036  9.746  9.456  9.167  8.878  8.589  8.301  8.013  7.725  7.438  7.150  6.864  6.577  6.291  6.005  5.719  5.433  5.148  4.863  4.578  4.293  4.009  3.724  3.440  3.156  2.872  2.588  2.304  2.021  1.737  1.454  1.170  0.887  0.603  0.320 
22.453 22.143 21.833 21.523 21.214 20.906 20.597 20.290 19.983 19.676 19.370 19.065 18.760 18.455 18.151 17.848 17.545 17.242 16.940 16.639 16.338 16.037 15.737 15.437 15.138 14.839 14.541 14.243 13.946 13.649 13.352 13.056 12.760 12.465 12.170 11.876 11.581 11.288 10.994 10.701 10.409 10.116  9.824  9.533  9.241  8.950  8.660  8.369  8.079  7.789  7.500  7.211  6.922  6.633  6.344  6.056  5.768  5.480  5.193  4.905  4.618  4.331  4.044  3.757  3.470  3.184  2.897  2.611  2.325  2.039  1.753  1.467  1.181  0.895  0.609  0.323 
22.564 22.253 21.943 21.633 21.324 21.015 20.707 20.399 20.092 19.785 19.478 19.172 18.867 18.562 18.257 17.953 17.649 17.346 17.043 16.741 16.439 16.137 15.836 15.535 15.235 14.935 14.636 14.337 14.038 13.740 13.442 13.145 12.847 12.551 12.254 11.958 11.663 11.367 11.072 10.778 10.483 10.189  9.896  9.602  9.309  9.017  8.724  8.432  8.140  7.848  7.557  7.265  6.974  6.684  6.393  6.103  5.813  5.523  5.233  4.943  4.654  4.365  4.075  3.786  3.498  3.209  2.920  2.632  2.343  2.055  1.766  1.478  1.190  0.902  0.614  0.326 
22.663 22.353 22.042 21.733 21.423 21.114 20.805 20.497 20.189 19.881 19.574 19.267 18.961 18.654 18.348 18.043 17.737 17.432 17.127 16.822 16.517 16.212 15.907 15.603 15.298 14.992 14.687 14.381 14.075 13.768 13.461 13.152 12.843 12.533 12.222 11.909 11.595 11.280 10.962 10.643 10.321  9.997  9.671  9.341  9.009  8.673  8.334  7.991  7.644  7.293  6.938  6.578  6.213  5.843  5.469  5.089  4.704  4.314  3.919  3.519  3.114  2.704  2.290  1.873  1.451  1.027  0.600  0.172 -0.250 -0.721 -1.191 -1.660 -2.127 -2.591 -3.052 -3.510 
22.696 22.385 22.073 21.762 21.450 21.139 20.827 20.514 20.202 19.889 19.576 19.263 18.949 18.635 18.320 18.005 17.689 17.373 17.057 16.739 16.421 16.102 15.783 15.462 15.141 14.819 14.496 14.171 13.846 13.519 13.192 12.863 12.532 12.201 11.867 11.533 11.197 10.859 10.520 10.180  9.837  9.493  9.148  8.800  8.451  8.101  7.748  7.395  7.039  6.682  6.323  5.963  5.601  5.238  4.873  4.507  4.140  3.772  3.403  3.033  2.662  2.290  1.918  1.545  1.171  0.798  0.424  0.050 -0.228 -0.471 -0.712 -0.951 -1.188 -1.422 -1.653 -1.880 
22.595 22.283 21.971 21.659 21.346 21.032 20.718 20.403 20.087 19.770 19.453 19.135 18.817 18.498 18.178 17.857 17.536 17.213 16.891 16.567 16.242 15.917 15.591 15.264 14.936 14.608 14.278 13.948 13.617 13.285 12.952 12.618 12.284 11.949 11.612 11.276 10.938 10.600 10.261  9.921  9.581  9.240  8.899  8.557  8.215  7.872  7.530  7.187  6.844  6.501  6.158  5.815  5.472  5.130  4.788  4.447  4.106  3.766  3.426  3.087  2.749  2.412  2.075  1.740  1.405  1.072  0.739  0.407  0.077 -0.091 -0.151 -0.192 -0.215 -0.234 -0.246 -0.250 
22.440 22.129 21.817 21.504 21.191 20.877 20.563 20.247 19.931 19.615 19.298 18.980 18.661 18.342 18.023 17.702 17.382 17.060 16.738 16.416 16.093 15.769 15.445 15.121 14.796 14.470 14.145 13.819 13.493 13.166 12.839 12.512 12.185 11.858 11.531 11.204 10.876 10.549 10.223  9.896  9.570  9.244  8.919  8.594  8.270  7.947  7.625  7.304  6.984  6.666  6.350  6.036  5.724  5.416  5.112  4.812  4.518  4.230  3.950  3.678  3.417  3.167  2.931  2.708  2.502  2.312  2.141  1.988  1.854  1.738  1.641  1.561  1.497  1.447  1.408  1.380 
22.320 22.009 21.698 21.386 21.074 20.762 20.449 20.137 19.824 19.511 19.197 18.884 18.570 18.257 17.943 17.629 17.316 17.002 16.689 16.376 16.063 15.751 15.439 15.128 14.817 14.508 14.199 13.890 13.583 13.278 12.973 12.670 12.368 12.068 11.770 11.474 11.180 10.888 10.598 10.311 10.027  9.746  9.468  9.193  8.921  8.653  8.388  8.128  7.871  7.619  7.371  7.128  6.889  6.656  6.427  6.204  5.985  5.773  5.566  5.364  5.169  4.979  4.796  4.618  4.447  4.283  4.125  3.974  3.829  3.691  3.560  3.436  3.319  3.209  3.106  3.010 
22.343 22.032 21.722 21.412 21.103 20.795 20.487 20.180 19.873 19.567 19.262 18.957 18.653 18.350 18.048 17.746 17.446 17.146 16.848 16.551 16.255 15.960 15.666 15.374 15.083 14.794 14.507 14.221 13.937 13.655 13.375 13.097 12.821 12.548 12.277 12.008 11.742 11.479 11.219 10.961 10.707 10.455 10.207  9.963  9.722  9.484  9.251  9.021  8.795  8.573  8.356  8.143  7.934  7.730  7.530  7.336  7.146  6.961  6.782  6.608  6.439  6.276  6.119  5.967  5.821  5.681  5.548  5.420  5.299  5.185  5.077  4.976  4.881  4.794  4.713  4.640 
22.547 22.237 21.928 21.621 21.314 21.009 20.705 20.403 20.102 19.802 19.504 19.207 18.912 18.618 18.325 18.035 17.745 17.458 17.172 16.888 16.606 16.325 16.047 15.770 15.496 15.224 14.954 14.686 14.420 14.157 13.897 13.639 13.383 13.130 12.880 12.633 12.389 12.148 11.911 11.676 11.445 11.217 10.993 10.772 10.555 10.342 10.133  9.928  9.727  9.531  9.338  9.151  8.967  8.789  8.615  8.446  8.282  8.124  7.970  7.822  7.679  7.542  7.411  7.285  7.165  7.051  6.944  6.842  6.747  6.659  6.577  6.502  6.433  6.372  6.317  6.270 
22.905 22.595 22.287 21.981 21.677 21.375 21.074 20.776 20.479 20.185 19.892 19.602 19.313 19.027 18.743 18.461 18.181 17.903 17.628 17.355 17.084 16.816 16.550 16.286 16.025 15.767 15.512 15.259 15.009 14.761 14.517 14.276 14.037 13.802 13.570 13.342 13.116 12.894 12.676 12.461 12.250 12.042 11.839 11.639 11.444 11.252 11.065 10.882 10.703 10.529 10.359 10.194 10.034  9.879  9.729  9.583  9.443  9.308  9.179  9.055  8.936  8.824  8.717  8.615  8.520  8.431  8.348  8.272  8.202  8.138  8.081  8.031  7.988  7.951  7.922  7.900 
23.390 23.081 22.773 22.469 22.166 21.866 21.569 21.274 20.981 20.691 20.403 20.118 19.836 19.556 19.279 19.004 18.732 18.462 18.195 17.931 17.670 17.412 17.156 16.903 16.653 16.406 16.162 15.921 15.683 15.448 15.216 14.988 14.762 14.540 14.321 14.105 13.892 13.683 13.477 13.275 13.075 12.879 12.687 12.498 12.312 12.129 11.950 11.774 11.601 11.432 11.266 11.103 10.943 10.786 10.632 10.481 10.333 10.187 10.045  9.904  9.766  9.631  9.498  9.367  9.237  9.110  8.984  8.860  8.737  8.615  8.494  8.374  8.255  8.136  8.018  7.900 
23.971 23.662 23.355 23.051 22.749 22.451 22.155 21.862 21.571 21.283 20.998 20.716 20.437 20.160 19.886 19.614 19.346 19.080 18.817 18.557 18.300 18.045 17.793 17.544 17.298 17.054 16.814 16.576 16.341 16.108 15.879 15.652 15.428 15.207 14.988 14.772 14.559 14.349 14.141 13.936 13.734 13.534 13.336 13.142 12.949 12.759 12.572 12.387 12.204 12.024 11.846 11.670 11.496 11.324 11.154 10.986 10.819 10.655 10.492 10.331 10.172 10.013  9.857  9.701  9.547  9.393  9.241  9.090  8.939  8.790  8.640  8.492  8.343  8.195  8.048  7.900 
24.583 24.273 23.966 23.662 23.361 23.062 22.766 22.473 22.182 21.894 21.609 21.327 21.047 20.770 20.495 20.224 19.955 19.688 19.424 19.163 18.905 18.649 18.395 18.145 17.896 17.651 17.408 17.167 16.929 16.693 16.460 16.230 16.001 15.776 15.552 15.331 15.112 14.896 14.681 14.469 14.259 14.051 13.846 13.642 13.440 13.241 13.043 12.847 12.653 12.461 12.271 12.082 11.895 11.710 11.526 11.343 11.162 10.982 10.804 10.627 10.450 10.275 10.101  9.928  9.756  9.585  9.414  9.244  9.075  8.906  8.738  8.570  8.402  8.235  8.067  7.900 
25.175 24.865 24.558 24.254 23.952 23.653 23.356 23.062 22.770 22.481 22.194 21.910 21.629 21.350 21.073 20.799 20.528 20.258 19.992 19.728 19.466 19.206 18.949 18.695 18.442 18.192 17.945 17.699 17.456 17.215 16.976 16.740 16.506 16.273 16.043 15.815 15.589 15.365 15.143 14.923 14.704 14.488 14.273 14.060 13.849 13.640 13.432 13.226 13.021 12.818 12.617 12.416 12.218 12.020 11.824 11.629 11.435 11.242 11.051 10.860 10.670 10.482 10.294 10.107  9.920  9.734  9.549  9.365  9.180  8.997  8.813  8.630  8.448  8.265  8.082  7.900 
25.728 25.419 25.111 24.806 24.504 24.204 23.906 23.610 23.317 23.026 22.738 22.452 22.168 21.886 21.607 21.330 21.056 20.783 20.513 20.245 19.979 19.716 19.455 19.195 18.938 18.683 18.430 18.180 17.931 17.684 17.439 17.196 16.956 16.717 16.480 16.244 16.011 15.779 15.549 15.321 15.095 14.870 14.647 14.425 14.205 13.986 13.769 13.553 13.339 13.126 12.914 12.703 12.494 12.286 12.079 11.873 11.668 11.463 11.260 11.058 10.857 10.656 10.456 10.257 10.058  9.860  9.663  9.466  9.269  9.073  8.877  8.681  8.486  8.290  8.095  7.900 
26.237 25.927 25.619 25.314 25.011 24.709 24.410 24.114 23.819 23.526 23.236 22.948 22.662 22.378 22.096 21.816 21.538 21.262 20.989 20.717 20.447 20.180 19.914 19.650 19.388 19.128 18.870 18.614 18.360 18.107 17.857 17.608 17.361 17.115 16.872 16.630 16.389 16.150 15.913 15.677 15.443 15.210 14.979 14.749 14.521 14.294 14.068 13.843 13.620 13.397 13.176 12.956 12.738 12.520 12.303 12.087 11.872 11.658 11.444 11.232 11.020 10.809 10.598 10.389 10.179  9.970  9.762  9.554  9.346  9.139  8.932  8.726  8.519  8.313  8.106  7.900 
26.700 26.390 26.082 25.777 25.473 25.171 24.870 24.572 24.276 23.982 23.690 23.400 23.111 22.825 22.540 22.257 21.977 21.698 21.421 21.145 20.872 20.600 20.331 20.063 19.796 19.532 19.269 19.008 18.748 18.491 18.234 17.980 17.727 17.475 17.226 16.977 16.730 16.485 16.241 15.998 15.757 15.517 15.278 15.041 14.805 14.570 14.336 14.103 13.872 13.641 13.412 13.183 12.956 12.729 12.503 12.279 12.055 11.831 11.609 11.387 11.166 10.945 10.725 10.506 10.287 10.069  9.851  9.633  9.416  9.198  8.982  8.765  8.549  8.332  8.116  7.900 
27.122 26.812 26.503 26.197 25.892 25.590 25.289 24.989 24.692 24.396 24.102 23.810 23.520 23.231 22.944 22.659 22.375 22.093 21.813 21.534 21.258 20.982 20.709 20.437 20.166 19.898 19.630 19.365 19.100 18.838 18.576 18.317 18.058 17.801 17.546 17.292 17.039 16.787 16.537 16.288 16.040 15.794 15.548 15.304 15.061 14.819 14.578 14.338 14.099 13.861 13.624 13.388 13.152 12.918 12.684 12.451 12.219 11.988 11.757 11.527 11.297 11.068 10.840 10.612 10.384 10.157  9.930  9.704  9.478  9.252  9.026  8.801  8.575  8.350  8.125  7.900 
27.504 27.194 26.886 26.579 26.274 25.970 25.668 25.368 25.069 24.772 24.476 24.182 23.890 23.599 23.310 23.022 22.736 22.452 22.169 21.887 21.607 21.329 21.052 20.776 20.502 20.229 19.958 19.688 19.419 19.152 18.886 18.622 18.358 18.097 17.836 17.576 17.318 17.061 16.805 16.550 16.297 16.044 15.793 15.542 15.293 15.044 14.797 14.550 14.304 14.060 13.816 13.572 13.330 13.089 12.848 12.607 12.368 12.129 11.891 11.653 11.416 11.179 10.943 10.707 10.472 10.237 10.002  9.768  9.534  9.300  9.066  8.833  8.599  8.366  8.133  7.900 
27.851 27.541 27.232 26.925 26.619 26.315 26.012 25.711 25.411 25.113 24.816 24.520 24.226 23.933 23.642 23.352 23.064 22.777 22.491 22.207 21.924 21.643 21.362 21.084 20.806 20.530 20.255 19.981 19.708 19.437 19.167 18.898 18.631 18.364 18.099 17.834 17.571 17.309 17.048 16.788 16.529 16.271 16.014 15.758 15.503 15.248 14.995 14.742 14.491 14.240 13.989 13.740 13.491 13.243 12.996 12.749 12.503 12.257 12.012 11.767 11.523 11.280 11.036 10.794 10.551 10.309 10.067  9.826  9.585  9.343  9.103  8.862  8.621  8.381  8.140  7.900 
28.166 27.855 27.546 27.239 26.933 26.628 26.324 26.022 25.721 25.422 25.123 24.826 24.531 24.236 23.943 23.652 23.361 23.072 22.784 22.497 22.212 21.927 21.644 21.362 21.082 20.802 20.524 20.247 19.971 19.696 19.422 19.149 18.877 18.606 18.337 18.068 17.801 17.534 17.268 17.003 16.740 16.477 16.215 15.953 15.693 15.433 15.174 14.916 14.659 14.403 14.147 13.891 13.637 13.383 13.130 12.877 12.625 12.373 12.122 11.871 11.620 11.371 11.121 10.872 10.623 10.375 10.126  9.878  9.631  9.383  9.136  8.888  8.641  8.394  8.147  7.900 
28.451 28.140 27.831 27.524 27.217 26.911 26.607 26.304 26.002 25.702 25.402 25.104 24.807 24.511 24.216 23.923 23.630 23.339 23.049 22.760 22.472 22.185 21.900 21.615 21.332 21.049 20.768 20.487 20.208 19.930 19.652 19.376 19.101 18.826 18.553 18.280 18.008 17.738 17.468 17.199 16.930 16.663 16.396 16.130 15.865 15.601 15.337 15.074 14.812 14.550 14.289 14.029 13.769 13.510 13.251 12.993 12.735 12.478 12.221 11.965 11.709 11.453 11.198 10.943 10.688 10.434 10.180  9.926  9.672  9.419  9.165  8.912  8.659  8.406  8.153  7.900 
28.709 28.399 28.090 27.782 27.475 27.169 26.864 26.560 26.257 25.956 25.655 25.356 25.057 24.760 24.464 24.169 23.875 23.581 23.289 22.998 22.708 22.419 22.131 21.844 21.558 21.273 20.989 20.706 20.423 20.142 19.862 19.582 19.303 19.025 18.748 18.472 18.197 17.922 17.649 17.376 17.103 16.832 16.561 16.291 16.022 15.753 15.485 15.217 14.951 14.684 14.419 14.153 13.889 13.625 13.361 13.098 12.835 12.573 12.311 12.050 11.789 11.528 11.267 11.007 10.747 10.488 10.228  9.969  9.710  9.451  9.192  8.934  8.675  8.417  8.158  7.900 
28.944 28.633 28.324 28.015 27.708 27.402 27.096 26.792 26.488 26.186 25.884 25.584 25.284 24.986 24.688 24.392 24.096 23.801 23.507 23.214 22.922 22.631 22.341 22.052 21.764 21.476 21.189 20.904 20.619 20.334 20.051 19.769 19.487 19.206 18.926 18.646 18.368 18.090 17.813 17.536 17.260 16.985 16.711 16.437 16.163 15.891 15.619 15.347 15.076 14.806 14.536 14.266 13.997 13.729 13.461 13.193 12.926 12.659 12.393 12.127 11.861 11.596 11.330 11.065 10.801 10.536 10.272 10.008  9.744  9.480  9.217  8.953  8.690  8.427  8.163  7.900 
29.156 28.846 28.536 28.227 27.920 27.613 27.307 27.002 26.698 26.395 26.092 25.791 25.490 25.190 24.892 24.594 24.297 24.000 23.705 23.410 23.117 22.824 22.532 22.240 21.950 21.660 21.371 21.083 20.796 20.509 20.223 19.938 19.653 19.370 19.087 18.804 18.523 18.242 17.961 17.682 17.402 17.124 16.846 16.569 16.292 16.016 15.740 15.465 15.190 14.916 14.642 14.369 14.096 13.823 13.551 13.280 13.008 12.738 12.467 12.197 11.927 11.657 11.387 11.118 10.849 10.581 10.312 10.043  9.775  9.507  9.239  8.971  8.703  8.435  8.168  7.900 
29.349 29.038 28.729 28.420 28.112 27.804 27.498 27.193 26.888 26.584 26.281 25.978 25.677 25.376 25.076 24.777 24.478 24.181 23.884 23.588 23.292 22.998 22.704 22.411 22.118 21.827 21.536 21.246 20.956 20.667 20.379 20.091 19.804 19.518 19.232 18.947 18.663 18.379 18.096 17.813 17.531 17.250 16.969 16.688 16.408 16.129 15.850 15.571 15.293 15.016 14.738 14.462 14.185 13.909 13.633 13.358 13.083 12.808 12.534 12.260 11.986 11.713 11.439 11.166 10.893 10.621 10.348 10.076  9.803  9.531  9.259  8.987  8.715  8.444  8.172  7.900 
29.523 29.213 28.903 28.594 28.286 27.978 27.671 27.365 27.060 26.755 26.451 26.148 25.846 25.544 25.243 24.943 24.643 24.344 24.046 23.749 23.452 23.156 22.860 22.566 22.271 21.978 21.685 21.393 21.101 20.810 20.520 20.230 19.941 19.653 19.365 19.077 18.790 18.504 18.218 17.933 17.648 17.364 17.080 16.797 16.514 16.231 15.949 15.668 15.387 15.106 14.826 14.546 14.266 13.987 13.708 13.429 13.151 12.873 12.595 12.317 12.040 11.763 11.486 11.210 10.933 10.657 10.381 10.105  9.829  9.553  9.277  9.002  8.726  8.451  8.175  7.900 
29.681 29.371 29.061 28.752 28.443 28.135 27.828 27.522 27.216 26.911 26.606 26.302 25.999 25.697 25.395 25.093 24.793 24.493 24.193 23.895 23.597 23.299 23.002 22.706 22.410 22.115 21.821 21.527 21.233 20.940 20.648 20.356 20.065 19.775 19.484 19.195 18.906 18.617 18.329 18.041 17.754 17.467 17.181 16.895 16.610 16.324 16.040 15.755 15.472 15.188 14.905 14.622 14.339 14.057 13.775 13.493 13.212 12.931 12.650 12.369 12.089 11.809 11.529 11.249 10.969 10.690 10.410 10.131  9.852  9.573  9.294  9.015  8.736  8.458  8.179  7.900 
29.825 29.514 29.204 28.895 28.586 28.278 27.971 27.664 27.357 27.052 26.747 26.442 26.138 25.835 25.532 25.230 24.928 24.627 24.327 24.027 23.728 23.429 23.131 22.833 22.536 22.239 21.943 21.648 21.353 21.058 20.764 20.471 20.178 19.885 19.593 19.301 19.010 18.720 18.429 18.139 17.850 17.561 17.272 16.984 16.696 16.409 16.122 15.835 15.548 15.262 14.976 14.691 14.406 14.121 13.836 13.552 13.268 12.984 12.700 12.417 12.133 11.850 11.567 11.285 11.002 10.720 10.437 10.155  9.873  9.591  9.309  9.027  8.745  8.464  8.182  7.900 
29.955 29.644 29.334 29.025 28.716 28.408 28.100 27.792 27.486 27.179 26.874 26.569 26.264 25.960 25.657 25.354 25.051 24.749 24.448 24.147 23.846 23.547 23.247 22.948 22.650 22.352 22.055 21.758 21.461 21.165 20.869 20.574 20.280 19.985 19.692 19.398 19.105 18.812 18.520 18.228 17.937 17.646 17.355 17.065 16.775 16.485 16.196 15.907 15.618 15.330 15.041 14.754 14.466 14.179 13.892 13.605 13.318 13.032 12.745 12.459 12.174 11.888 11.602 11.317 11.032 10.747 10.462 10.177  9.892  9.607  9.323  9.038  8.753  8.469  8.184  7.900 
