28.716 28.405 28.094 27.783 27.473 27.162 26.851 26.540 26.229 25.918 25.607 25.296 24.985 24.674 24.364 24.053 23.742 23.431 23.120 22.809 22.498 22.187 21.876 21.565 21.254 20.943 20.632 20.321 20.010 19.699 19.388 19.076 18.765 18.454 18.143 17.831 17.520 17.208 16.897 16.585 16.273 15.961 15.649 15.337 15.025 14.712 14.400 14.087 13.774 13.460 13.147 12.833 12.519 12.205 11.890 11.575 11.259 10.943 10.627 10.310  9.993  9.675  9.356  9.037  8.718  8.397  8.076  7.754  7.432  7.108  6.784  6.458  6.132  5.805  5.477  5.147 
28.714 28.403 28.092 27.781 27.470 27.159 26.848 26.537 26.226 25.915 25.603 25.292 24.981 24.670 24.358 24.047 23.735 23.424 23.112 22.801 22.489 22.177 21.865 21.553 21.241 20.929 20.617 20.305 19.992 19.680 19.367 19.054 18.741 18.427 18.114 17.800 17.487 17.173 16.858 16.544 16.229 15.914 15.599 15.283 14.967 14.651 14.334 14.017 13.700 13.382 13.063 12.745 12.425 12.106 11.785 11.465 11.143 10.821 10.499 10.176  9.852  9.527  9.202  8.876  8.549  8.221  7.893  7.564  7.233  6.902  6.570  6.237  5.903  5.568  5.232  4.894 
28.701 28.390 28.079 27.768 27.457 27.145 26.834 26.522 26.211 25.899 25.587 25.275 24.963 24.651 24.339 24.027 23.714 23.401 23.089 22.776 22.463 22.149 21.836 21.522 21.208 20.894 20.580 20.266 19.951 19.636 19.321 19.006 18.690 18.375 18.058 17.742 17.425 17.108 16.791 16.473 16.155 15.836 15.517 15.198 14.878 14.558 14.237 13.916 13.594 13.272 12.949 12.625 12.302 11.977 11.652 11.326 11.000 10.672 10.345 10.016  9.687  9.357  9.026  8.694  8.362  8.028  7.694  7.359  7.023  6.685  6.347  6.008  5.668  5.327  4.985  4.641 
28.671 28.360 28.049 27.738 27.426 27.115 26.803 26.491 26.179 25.866 25.554 25.241 24.928 24.615 24.302 23.988 23.674 23.360 23.046 22.732 22.417 22.102 21.787 21.471 21.155 20.839 20.523 20.207 19.890 19.572 19.255 18.937 18.619 18.300 17.981 17.662 17.342 17.022 16.701 16.380 16.059 15.737 15.414 15.091 14.768 14.444 14.119 13.794 13.468 13.142 12.815 12.488 12.160 11.831 11.501 11.171 10.840 10.508 10.176  9.843  9.509  9.174  8.838  8.502  8.164  7.826  7.487  7.146  6.805  6.463  6.120  5.776  5.431  5.084  4.737  4.389 
28.624 28.313 28.001 27.690 27.378 27.066 26.754 26.441 26.128 25.815 25.502 25.188 24.874 24.560 24.246 23.931 23.616 23.300 22.985 22.669 22.352 22.036 21.719 21.402 21.084 20.766 20.448 20.129 19.810 19.490 19.170 18.850 18.529 18.208 17.886 17.564 17.241 16.918 16.595 16.271 15.946 15.621 15.295 14.969 14.642 14.315 13.987 13.658 13.329 12.999 12.668 12.337 12.005 11.672 11.338 11.004 10.669 10.334  9.997  9.660  9.321  8.982  8.642  8.302  7.960  7.617  7.274  6.929  6.584  6.237  5.889  5.541  5.191  4.840  4.489  4.136 
28.558 28.246 27.935 27.623 27.311 26.999 26.686 26.373 26.060 25.746 25.432 25.117 24.803 24.487 24.172 23.856 23.540 23.223 22.906 22.589 22.271 21.953 21.634 21.315 20.996 20.676 20.355 20.035 19.713 19.392 19.069 18.747 18.424 18.100 17.776 17.451 17.126 16.800 16.474 16.147 15.819 15.491 15.163 14.833 14.503 14.173 13.842 13.510 13.177 12.844 12.510 12.175 11.840 11.503 11.166 10.829 10.490 10.151  9.810  9.469  9.127  8.784  8.441  8.096  7.750  7.404  7.056  6.708  6.358  6.008  5.656  5.304  4.950  4.596  4.240  3.883 
28.474 28.163 27.852 27.540 27.228 26.915 26.602 26.288 25.974 25.660 25.345 25.030 24.714 24.398 24.082 23.765 23.447 23.130 22.811 22.493 22.173 21.854 21.533 21.213 20.892 20.570 20.248 19.925 19.602 19.279 18.954 18.630 18.304 17.978 17.652 17.325 16.997 16.669 16.340 16.011 15.681 15.350 15.019 14.687 14.354 14.020 13.686 13.351 13.016 12.679 12.342 12.005 11.666 11.327 10.986 10.645 10.303  9.961  9.617  9.273  8.927  8.581  8.234  7.886  7.537  7.187  6.836  6.484  6.131  5.777  5.421  5.065  4.708  4.350  3.990  3.630 
28.376 28.065 27.753 27.441 27.128 26.815 26.502 26.188 25.873 25.559 25.243 24.927 24.611 24.294 23.976 23.659 23.340 23.021 22.702 22.382 22.061 21.740 21.419 21.097 20.774 20.451 20.127 19.803 19.478 19.152 18.826 18.500 18.172 17.844 17.516 17.187 16.857 16.527 16.195 15.864 15.531 15.198 14.864 14.530 14.194 13.858 13.522 13.184 12.846 12.507 12.167 11.826 11.485 11.142 10.799 10.455 10.110  9.765  9.418  9.071  8.722  8.373  8.023  7.671  7.319  6.966  6.612  6.257  5.900  5.543  5.185  4.825  4.465  4.103  3.741  3.377 
28.263 27.951 27.640 27.328 27.015 26.702 26.388 26.073 25.758 25.443 25.127 24.810 24.493 24.176 23.857 23.539 23.219 22.899 22.579 22.258 21.936 21.614 21.291 20.968 20.644 20.319 19.994 19.668 19.342 19.014 18.687 18.358 18.029 17.699 17.369 17.038 16.706 16.374 16.040 15.707 15.372 15.037 14.701 14.364 14.026 13.688 13.349 13.009 12.668 12.326 11.984 11.641 11.297 10.952 10.606 10.259  9.912  9.563  9.214  8.864  8.513  8.160  7.807  7.453  7.098  6.742  6.385  6.027  5.668  5.308  4.947  4.584  4.221  3.857  3.491  3.124 
28.137 27.825 27.514 27.201 26.888 26.575 26.261 25.946 25.631 25.315 24.998 24.681 24.363 24.045 23.726 23.406 23.086 22.765 22.444 22.122 21.799 21.476 21.152 20.827 20.502 20.176 19.849 19.522 19.194 18.866 18.536 18.206 17.876 17.544 17.212 16.879 16.546 16.211 15.876 15.540 15.204 14.867 14.528 14.190 13.850 13.509 13.168 12.826 12.483 12.139 11.795 11.449 11.103 10.755 10.407 10.058  9.708  9.357  9.005  8.653  8.299  7.944  7.589  7.232  6.874  6.516  6.156  5.795  5.434  5.071  4.707  4.342  3.976  3.609  3.241  2.871 
27.999 27.687 27.376 27.063 26.750 26.436 26.122 25.807 25.491 25.175 24.858 24.540 24.222 23.903 23.583 23.263 22.942 22.620 22.298 21.975 21.651 21.327 21.002 20.676 20.350 20.023 19.695 19.366 19.037 18.707 18.376 18.045 17.713 17.380 17.046 16.712 16.377 16.041 15.704 15.366 15.028 14.689 14.349 14.008 13.667 13.324 12.981 12.637 12.292 11.946 11.599 11.251 10.903 10.554 10.203  9.852  9.500  9.147  8.793  8.438  8.082  7.725  7.367  7.008  6.648  6.287  5.925  5.562  5.198  4.832  4.466  4.099  3.730  3.361  2.990  2.619 
27.850 27.539 27.227 26.914 26.601 26.287 25.972 25.657 25.341 25.024 24.707 24.389 24.070 23.750 23.430 23.109 22.787 22.465 22.142 21.818 21.494 21.168 20.842 20.516 20.188 19.860 19.531 19.201 18.871 18.540 18.208 17.875 17.542 17.207 16.872 16.536 16.200 15.862 15.524 15.185 14.845 14.504 14.162 13.820 13.477 13.132 12.787 12.441 12.095 11.747 11.398 11.049 10.698 10.347  9.995  9.642  9.287  8.932  8.576  8.219  7.861  7.502  7.142  6.781  6.419  6.056  5.691  5.326  4.960  4.593  4.224  3.855  3.484  3.112  2.740  2.366 
27.691 27.380 27.068 26.756 26.442 26.128 25.813 25.497 25.181 24.864 24.546 24.228 23.908 23.588 23.267 22.946 22.624 22.301 21.977 21.652 21.327 21.001 20.674 20.346 20.018 19.689 19.359 19.028 18.697 18.364 18.031 17.697 17.363 17.027 16.691 16.354 16.016 15.677 15.337 14.997 14.655 14.313 13.970 13.626 13.281 12.935 12.588 12.241 11.892 11.543 11.193 10.841 10.489 10.136  9.782  9.427  9.071  8.714  8.356  7.997  7.637  7.276  6.914  6.551  6.187  5.822  5.456  5.089  4.721  4.352  3.981  3.610  3.237  2.864  2.489  2.113 
27.524 27.213 26.901 26.588 26.275 25.960 25.645 25.329 25.013 24.695 24.377 24.058 23.738 23.418 23.097 22.774 22.452 22.128 21.804 21.478 21.152 20.826 20.498 20.169 19.840 19.510 19.179 18.848 18.515 18.182 17.848 17.513 17.177 16.840 16.503 16.164 15.825 15.485 15.144 14.802 14.460 14.116 13.771 13.426 13.080 12.733 12.384 12.035 11.685 11.334 10.983 10.630 10.276  9.921  9.566  9.209  8.851  8.493  8.133  7.772  7.411  7.048  6.685  6.320  5.954  5.587  5.219  4.850  4.480  4.109  3.737  3.364  2.990  2.614  2.238  1.860 
27.349 27.038 26.726 26.413 26.099 25.785 25.469 25.153 24.836 24.519 24.200 23.881 23.561 23.240 22.918 22.595 22.272 21.948 21.623 21.297 20.970 20.643 20.315 19.985 19.655 19.325 18.993 18.660 18.327 17.993 17.658 17.322 16.985 16.647 16.309 15.969 15.629 15.288 14.946 14.603 14.259 13.914 13.568 13.221 12.874 12.525 12.176 11.825 11.474 11.122 10.769 10.414 10.059  9.703  9.346  8.988  8.629  8.268  7.907  7.545  7.182  6.818  6.453  6.086  5.719  5.351  4.981  4.611  4.239  3.866  3.493  3.118  2.742  2.365  1.986  1.607 
27.166 26.855 26.543 26.230 25.916 25.602 25.286 24.970 24.653 24.335 24.016 23.696 23.376 23.055 22.732 22.409 22.086 21.761 21.435 21.109 20.782 20.454 20.125 19.795 19.464 19.133 18.800 18.467 18.133 17.798 17.462 17.125 16.787 16.449 16.109 15.769 15.427 15.085 14.742 14.398 14.053 13.707 13.360 13.012 12.664 12.314 11.963 11.612 11.259 10.905 10.551 10.195  9.839  9.481  9.123  8.763  8.403  8.041  7.679  7.315  6.951  6.585  6.219  5.851  5.482  5.112  4.741  4.369  3.996  3.622  3.247  2.871  2.493  2.115  1.735  1.354 
26.977 26.666 26.354 26.041 25.727 25.412 25.097 24.780 24.463 24.145 23.826 23.506 23.185 22.863 22.541 22.217 21.893 21.568 21.242 20.915 20.587 20.259 19.929 19.599 19.267 18.935 18.602 18.268 17.933 17.597 17.260 16.923 16.584 16.245 15.904 15.563 15.221 14.878 14.534 14.189 13.843 13.496 13.148 12.799 12.449 12.098 11.747 11.394 11.040 10.686 10.330  9.973  9.616  9.257  8.897  8.537  8.175  7.812  7.448  7.084  6.718  6.351  5.983  5.614  5.244  4.873  4.500  4.127  3.753  3.377  3.001  2.623  2.244  1.865  1.484  1.101 
26.782 26.471 26.159 25.846 25.532 25.217 24.901 24.584 24.267 23.949 23.629 23.309 22.988 22.666 22.343 22.019 21.695 21.369 21.043 20.715 20.387 20.058 19.728 19.397 19.065 18.732 18.398 18.064 17.728 17.392 17.054 16.716 16.377 16.037 15.695 15.353 15.010 14.666 14.321 13.975 13.628 13.281 12.932 12.582 12.231 11.880 11.527 11.173 10.818 10.463 10.106  9.748  9.390  9.030  8.669  8.307  7.944  7.581  7.216  6.850  6.483  6.115  5.746  5.375  5.004  4.632  4.258  3.884  3.508  3.132  2.754  2.375  1.995  1.614  1.232  0.849 
26.582 26.270 25.958 25.645 25.331 25.016 24.700 24.383 24.066 23.747 23.428 23.107 22.786 22.464 22.140 21.816 21.491 21.165 20.839 20.511 20.182 19.853 19.522 19.190 18.858 18.525 18.190 17.855 17.519 17.182 16.844 16.505 16.165 15.824 15.482 15.139 14.796 14.451 14.105 13.758 13.411 13.062 12.712 12.362 12.010 11.657 11.304 10.949 10.594 10.237  9.879  9.521  9.161  8.800  8.438  8.076  7.712  7.347  6.981  6.614  6.246  5.877  5.507  5.136  4.763  4.390  4.015  3.640  3.263  2.885  2.507  2.127  1.746  1.363  0.980  0.596 
26.376 26.065 25.753 25.440 25.126 24.810 24.494 24.178 23.860 23.541 23.221 22.901 22.579 22.256 21.933 21.609 21.283 20.957 20.630 20.302 19.973 19.643 19.312 18.980 18.647 18.313 17.978 17.642 17.306 16.968 16.629 16.290 15.949 15.608 15.265 14.922 14.577 14.232 13.885 13.538 13.190 12.840 12.490 12.138 11.786 11.433 11.078 10.723 10.366 10.009  9.650  9.291  8.930  8.568  8.206  7.842  7.477  7.112  6.745  6.377  6.008  5.638  5.267  4.895  4.521  4.147  3.771  3.395  3.017  2.639  2.259  1.878  1.496  1.113  0.728  0.343 
26.167 25.855 25.543 25.230 24.916 24.600 24.284 23.967 23.649 23.330 23.010 22.690 22.368 22.045 21.721 21.397 21.071 20.745 20.417 20.089 19.759 19.429 19.097 18.765 18.432 18.097 17.762 17.426 17.089 16.751 16.411 16.071 15.730 15.388 15.045 14.701 14.356 14.010 13.663 13.315 12.966 12.615 12.264 11.912 11.559 11.205 10.850 10.494 10.136  9.778  9.419  9.059  8.697  8.335  7.971  7.607  7.241  6.875  6.507  6.138  5.768  5.397  5.025  4.652  4.278  3.903  3.527  3.149  2.771  2.391  2.010  1.629  1.246  0.862  0.476  0.090 
25.953 25.641 25.329 25.016 24.702 24.386 24.070 23.753 23.435 23.116 22.796 22.475 22.153 21.830 21.506 21.181 20.855 20.528 20.201 19.872 19.542 19.211 18.879 18.547 18.213 17.878 17.543 17.206 16.868 16.530 16.190 15.850 15.508 15.165 14.822 14.477 14.131 13.785 13.437 13.089 12.739 12.388 12.036 11.684 11.330 10.975 10.619 10.262  9.904  9.546  9.186  8.825  8.462  8.099  7.735  7.370  7.003  6.636  6.268  5.898  5.528  5.156  4.783  4.409  4.034  3.658  3.281  2.903  2.524  2.143  1.762  1.379  0.995  0.610  0.224 -0.163 
25.735 25.424 25.112 24.798 24.484 24.169 23.852 23.535 23.217 22.898 22.578 22.256 21.934 21.611 21.287 20.962 20.636 20.309 19.981 19.651 19.321 18.990 18.658 18.325 17.991 17.656 17.320 16.983 16.645 16.306 15.966 15.625 15.283 14.940 14.596 14.250 13.904 13.557 13.209 12.859 12.509 12.158 11.805 11.451 11.097 10.741 10.384 10.026  9.667  9.307  8.945  8.583  8.219  7.854  7.488  7.120  6.752  6.382  6.011  5.638  5.265  4.890  4.513  4.136  3.757  3.377  2.995  2.613  2.229  1.843  1.457  1.069  0.680  0.290 -0.101 -0.416 
25.514 25.203 24.890 24.577 24.263 23.947 23.631 23.313 22.995 22.676 22.355 22.034 21.711 21.388 21.064 20.738 20.412 20.084 19.756 19.426 19.096 18.764 18.432 18.098 17.763 17.428 17.091 16.753 16.414 16.074 15.733 15.391 15.048 14.704 14.359 14.013 13.666 13.317 12.968 12.618 12.266 11.913 11.560 11.205 10.849 10.492 10.134  9.775  9.415  9.054  8.692  8.329  7.965  7.600  7.234  6.867  6.498  6.129  5.759  5.389  5.017  4.644  4.271  3.896  3.521  3.145  2.768  2.391  2.013  1.634  1.254  0.874  0.493  0.112 -0.249 -0.669 
25.288 24.976 24.664 24.350 24.036 23.721 23.404 23.087 22.768 22.448 22.128 21.806 21.484 21.160 20.835 20.510 20.183 19.855 19.526 19.196 18.866 18.534 18.201 17.867 17.532 17.196 16.858 16.520 16.181 15.841 15.499 15.157 14.813 14.469 14.123 13.776 13.428 13.079 12.729 12.378 12.026 11.672 11.317 10.961 10.604 10.246  9.887  9.526  9.164  8.801  8.437  8.072  7.705  7.337  6.968  6.598  6.226  5.854  5.480  5.105  4.729  4.352  3.974  3.595  3.215  2.834  2.453  2.070  1.687  1.303  0.919  0.535  0.150 -0.186 -0.553 -0.921 
25.057 24.745 24.433 24.120 23.805 23.489 23.173 22.855 22.536 22.217 21.896 21.574 21.251 20.927 20.602 20.276 19.949 19.621 19.292 18.961 18.630 18.298 17.964 17.630 17.294 16.958 16.620 16.281 15.942 15.601 15.259 14.916 14.572 14.227 13.881 13.534 13.186 12.837 12.486 12.135 11.783 11.430 11.075 10.720 10.363 10.005  9.647  9.287  8.926  8.564  8.200  7.836  7.470  7.103  6.734  6.364  5.992  5.619  5.244  4.867  4.489  4.108  3.726  3.342  2.956  2.568  2.177  1.785  1.391  0.995  0.597  0.196 -0.197 -0.523 -0.849 -1.174 
24.822 24.511 24.198 23.885 23.570 23.254 22.938 22.620 22.301 21.981 21.660 21.338 21.015 20.691 20.366 20.039 19.712 19.384 19.054 18.723 18.392 18.059 17.725 17.390 17.054 16.717 16.379 16.039 15.699 15.358 15.015 14.671 14.326 13.981 13.634 13.285 12.936 12.586 12.235 11.882 11.528 11.174 10.818 10.461 10.103  9.744  9.384  9.023  8.661  8.298  7.934  7.569  7.203  6.836  6.468  6.100  5.730  5.359  4.988  4.616  4.243  3.869  3.494  3.119  2.743  2.367  1.989  1.612  1.233  0.854  0.475  0.094 -0.252 -0.643 -1.035 -1.427 
24.583 24.271 23.959 23.645 23.331 23.015 22.698 22.380 22.062 21.742 21.420 21.098 20.775 20.451 20.125 19.799 19.471 19.143 18.813 18.482 18.151 17.818 17.484 17.148 16.812 16.475 16.136 15.797 15.456 15.115 14.772 14.428 14.082 13.736 13.389 13.040 12.690 12.339 11.987 11.634 11.280 10.924 10.567 10.209  9.850  9.489  9.128  8.765  8.401  8.036  7.669  7.302  6.933  6.563  6.192  5.820  5.447  5.073  4.698  4.322  3.944  3.567  3.188  2.808  2.428  2.047  1.665  1.283  0.901  0.517  0.134 -0.203 -0.571 -0.940 -1.310 -1.680 
24.341 24.029 23.717 23.403 23.089 22.773 22.456 22.138 21.819 21.499 21.177 20.855 20.532 20.207 19.882 19.555 19.227 18.898 18.568 18.237 17.905 17.572 17.237 16.902 16.565 16.228 15.889 15.549 15.208 14.867 14.524 14.179 13.834 13.488 13.141 12.792 12.443 12.092 11.741 11.388 11.034 10.679 10.323  9.966  9.607  9.248  8.887  8.524  8.161  7.796  7.430  7.062  6.693  6.322  5.949  5.575  5.199  4.822  4.442  4.061  3.678  3.293  2.907  2.519  2.129  1.738  1.346  0.952  0.558  0.163 -0.175 -0.526 -0.877 -1.229 -1.581 -1.933 
24.096 23.785 23.472 23.159 22.844 22.528 22.211 21.893 21.574 21.254 20.932 20.610 20.286 19.961 19.636 19.309 18.981 18.652 18.321 17.990 17.657 17.324 16.989 16.653 16.316 15.978 15.639 15.299 14.957 14.615 14.271 13.926 13.580 13.233 12.885 12.536 12.185 11.834 11.481 11.127 10.773 10.417 10.060  9.702  9.343  8.983  8.622  8.260  7.897  7.533  7.168  6.802  6.435  6.067  5.699  5.329  4.959  4.588  4.216  3.843  3.470  3.096  2.721  2.346  1.970  1.593  1.216  0.838  0.460  0.081 -0.262 -0.646 -1.030 -1.415 -1.800 -2.186 
23.848 23.537 23.224 22.911 22.596 22.280 21.963 21.645 21.326 21.006 20.684 20.362 20.038 19.713 19.387 19.060 18.732 18.403 18.073 17.741 17.409 17.075 16.740 16.404 16.067 15.729 15.390 15.049 14.707 14.364 14.020 13.675 13.329 12.981 12.633 12.283 11.932 11.579 11.226 10.871 10.516 10.159  9.800  9.441  9.080  8.719  8.356  7.992  7.626  7.260  6.892  6.524  6.154  5.784  5.412  5.039  4.665  4.291  3.915  3.539  3.162  2.784  2.406  2.026  1.646  1.266  0.885  0.504  0.122 -0.215 -0.585 -0.954 -1.325 -1.695 -2.067 -2.439 
23.598 23.287 22.974 22.661 22.346 22.030 21.713 21.395 21.075 20.755 20.434 20.111 19.787 19.462 19.136 18.809 18.481 18.151 17.821 17.489 17.157 16.823 16.488 16.152 15.815 15.476 15.137 14.796 14.455 14.112 13.768 13.423 13.077 12.730 12.382 12.032 11.682 11.330 10.977 10.623 10.267  9.910  9.553  9.193  8.833  8.471  8.108  7.743  7.377  7.010  6.640  6.270  5.898  5.524  5.149  4.773  4.395  4.015  3.634  3.252  2.868  2.483  2.097  1.710  1.322  0.934  0.544  0.154 -0.181 -0.539 -0.897 -1.255 -1.613 -1.972 -2.331 -2.691 
23.347 23.035 22.723 22.409 22.094 21.778 21.461 21.143 20.824 20.503 20.181 19.859 19.535 19.210 18.883 18.556 18.227 17.898 17.567 17.235 16.902 16.568 16.233 15.896 15.559 15.220 14.880 14.539 14.197 13.853 13.509 13.163 12.817 12.469 12.120 11.770 11.419 11.067 10.714 10.359 10.004  9.647  9.290  8.931  8.572  8.211  7.850  7.487  7.124  6.760  6.394  6.028  5.661  5.293  4.925  4.555  4.185  3.814  3.442  3.070  2.697  2.323  1.948  1.571  1.192  0.809  0.421  0.028 -0.312 -0.678 -1.049 -1.424 -1.801 -2.181 -2.562 -2.944 
23.093 22.782 22.469 22.155 21.841 21.525 21.207 20.889 20.570 20.249 19.928 19.605 19.281 18.956 18.629 18.302 17.974 17.644 17.313 16.981 16.648 16.314 15.978 15.642 15.304 14.965 14.625 14.283 13.941 13.597 13.252 12.906 12.559 12.211 11.861 11.510 11.158 10.805 10.451 10.095  9.739  9.381  9.022  8.662  8.300  7.938  7.574  7.210  6.844  6.477  6.109  5.741  5.371  5.000  4.628  4.256  3.883  3.508  3.133  2.758  2.381  2.004  1.627  1.248  0.870  0.490  0.111 -0.226 -0.596 -0.966 -1.337 -1.708 -2.079 -2.451 -2.824 -3.197 
22.837 22.526 22.213 21.900 21.585 21.269 20.951 20.633 20.314 19.993 19.671 19.349 19.025 18.699 18.373 18.046 17.717 17.387 17.057 16.725 16.391 16.057 15.722 15.385 15.048 14.709 14.369 14.028 13.685 13.342 12.997 12.652 12.305 11.957 11.607 11.257 10.905 10.552 10.198  9.842  9.485  9.127  8.767  8.407  8.044  7.681  7.316  6.949  6.582  6.213  5.842  5.470  5.097  4.722  4.347  3.970  3.591  3.212  2.831  2.450  2.067  1.684  1.300  0.916  0.530  0.145 -0.190 -0.551 -0.912 -1.273 -1.635 -1.997 -2.359 -2.722 -3.086 -3.450 
22.581 22.269 21.957 21.643 21.328 21.012 20.695 20.376 20.057 19.736 19.414 19.091 18.767 18.441 18.115 17.787 17.459 17.129 16.797 16.465 16.132 15.797 15.461 15.125 14.787 14.447 14.107 13.766 13.423 13.079 12.735 12.389 12.042 11.693 11.344 10.994 10.643 10.290  9.937  9.582  9.226  8.870  8.512  8.153  7.794  7.433  7.071  6.709  6.345  5.980  5.614  5.247  4.879  4.510  4.139  3.766  3.392  3.015  2.636  2.254  1.868  1.479  1.084  0.685  0.279 -0.132 -0.469 -0.815 -1.166 -1.521 -1.879 -2.240 -2.603 -2.968 -3.335 -3.703 
22.323 22.011 21.698 21.385 21.070 20.754 20.436 20.118 19.798 19.478 19.156 18.833 18.509 18.183 17.857 17.529 17.200 16.870 16.539 16.206 15.873 15.538 15.202 14.865 14.527 14.187 13.846 13.505 13.161 12.817 12.472 12.125 11.777 11.428 11.078 10.727 10.374 10.021  9.666  9.310  8.953  8.595  8.235  7.875  7.514  7.151  6.788  6.423  6.057  5.691  5.323  4.955  4.586  4.216  3.845  3.473  3.100  2.727  2.353  1.979  1.604  1.228  0.852  0.475  0.098 -0.238 -0.607 -0.978 -1.348 -1.719 -2.091 -2.463 -2.835 -3.208 -3.582 -3.956 
22.063 21.751 21.439 21.125 20.810 20.494 20.177 19.858 19.539 19.218 18.896 18.573 18.249 17.924 17.597 17.270 16.941 16.611 16.281 15.948 15.615 15.281 14.946 14.609 14.272 13.933 13.593 13.253 12.911 12.568 12.224 11.879 11.533 11.186 10.838 10.489 10.139  9.788  9.437  9.084  8.731  8.376  8.021  7.665  7.309  6.952  6.594  6.235  5.876  5.517  5.157  4.796  4.436  4.075  3.714  3.352  2.991  2.630  2.270  1.911  1.555  1.205  0.865  0.539  0.229 -0.065 -0.240 -0.369 -0.495 -0.619 -0.741 -0.861 -0.979 -1.095 -1.208 -1.320 
21.813 21.502 21.189 20.876 20.561 20.245 19.929 19.611 19.293 18.973 18.652 18.331 18.008 17.684 17.360 17.034 16.708 16.381 16.053 15.724 15.394 15.063 14.732 14.399 14.066 13.733 13.398 13.064 12.728 12.392 12.056 11.719 11.381 11.044 10.706 10.368 10.030  9.691  9.353  9.014  8.676  8.338  8.000  7.663  7.325  6.989  6.652  6.317  5.981  5.647  5.313  4.980  4.648  4.317  3.987  3.658  3.330  3.004  2.680  2.358  2.041  1.728  1.422  1.122  0.829  0.543  0.262 -0.015 -0.161 -0.253 -0.344 -0.434 -0.522 -0.609 -0.694 -0.777 
21.612 21.301 20.989 20.676 20.362 20.048 19.733 19.418 19.102 18.785 18.467 18.149 17.830 17.510 17.190 16.870 16.548 16.227 15.905 15.582 15.259 14.935 14.611 14.287 13.963 13.638 13.313 12.988 12.662 12.337 12.011 11.686 11.361 11.036 10.710 10.386 10.061  9.737  9.413  9.090  8.767  8.445  8.123  7.802  7.482  7.162  6.844  6.526  6.209  5.893  5.579  5.265  4.953  4.643  4.334  4.026  3.721  3.417  3.116  2.817  2.521  2.228  1.938  1.651  1.368  1.087  0.809  0.533  0.260 -0.012 -0.152 -0.227 -0.298 -0.369 -0.438 -0.508 
21.489 21.178 20.867 20.555 20.243 19.930 19.617 19.304 18.990 18.677 18.362 18.048 17.733 17.418 17.103 16.788 16.472 16.156 15.840 15.524 15.208 14.892 14.575 14.259 13.943 13.627 13.311 12.995 12.679 12.363 12.048 11.733 11.419 11.104 10.790 10.477 10.164  9.852  9.540  9.229  8.919  8.609  8.301  7.993  7.686  7.379  7.074  6.770  6.467  6.165  5.864  5.564  5.265  4.968  4.672  4.377  4.084  3.793  3.503  3.215  2.929  2.646  2.365  2.088  1.813  1.541  1.273  1.008  0.747  0.488  0.231 -0.024 -0.147 -0.212 -0.274 -0.336 
21.443 21.132 20.822 20.511 20.199 19.888 19.577 19.266 18.955 18.644 18.333 18.021 17.710 17.399 17.088 16.777 16.466 16.156 15.845 15.535 15.224 14.914 14.604 14.295 13.985 13.676 13.368 13.059 12.751 12.444 12.137 11.830 11.524 11.219 10.914 10.610 10.306 10.003  9.701  9.400  9.099  8.800  8.501  8.203  7.907  7.611  7.316  7.022  6.730  6.438  6.148  5.859  5.571  5.285  4.999  4.715  4.432  4.151  3.871  3.592  3.315  3.039  2.764  2.492  2.221  1.953  1.689  1.428  1.172  0.920  0.674  0.433  0.196 -0.037 -0.140 -0.198 
21.462 21.152 20.841 20.531 20.221 19.911 19.601 19.291 18.982 18.673 18.365 18.056 17.748 17.440 17.132 16.825 16.518 16.211 15.905 15.599 15.294 14.989 14.684 14.380 14.076 13.773 13.470 13.168 12.866 12.565 12.265 11.965 11.666 11.368 11.070 10.773 10.477 10.182  9.887  9.594  9.301  9.010  8.719  8.429  8.141  7.853  7.567  7.282  6.998  6.715  6.433  6.153  5.874  5.596  5.320  5.045  4.771  4.498  4.227  3.958  3.690  3.423  3.157  2.893  2.630  2.369  2.110  1.852  1.598  1.348  1.105  0.873  0.656  0.459  0.284  0.133 
21.534 21.223 20.913 20.603 20.294 19.985 19.676 19.368 19.061 18.754 18.447 18.141 17.835 17.530 17.225 16.921 16.617 16.314 16.012 15.710 15.408 15.108 14.807 14.508 14.209 13.911 13.614 13.317 13.022 12.727 12.432 12.139 11.847 11.555 11.264 10.975 10.686 10.398 10.112  9.826  9.542  9.258  8.976  8.695  8.415  8.136  7.858  7.582  7.307  7.033  6.760  6.488  6.218  5.949  5.681  5.414  5.149  4.885  4.621  4.359  4.098  3.839  3.580  3.322  3.065  2.808  2.553  2.298  2.044  1.791  1.538  1.286  1.034  0.783  0.531  0.280 
21.652 21.342 21.032 20.722 20.414 20.105 19.798 19.491 19.185 18.879 18.574 18.270 17.966 17.663 17.361 17.059 16.758 16.458 16.158 15.859 15.561 15.263 14.966 14.670 14.375 14.080 13.787 13.493 13.201 12.910 12.619 12.329 12.040 11.751 11.464 11.177 10.891 10.606 10.322 10.038  9.756  9.474  9.193  8.913  8.633  8.355  8.077  7.800  7.524  7.248  6.974  6.700  6.427  6.154  5.882  5.611  5.341  5.071  4.802  4.533  4.266  3.998  3.731  3.465  3.199  2.933  2.668  2.404  2.139  1.875  1.611  1.348  1.084  0.821  0.558  0.295 
21.800 21.489 21.179 20.870 20.562 20.254 19.947 19.640 19.334 19.029 18.725 18.421 18.118 17.816 17.515 17.214 16.914 16.614 16.315 16.017 15.720 15.423 15.127 14.832 14.537 14.243 13.950 13.658 13.366 13.075 12.784 12.495 12.206 11.917 11.630 11.343 11.056 10.771 10.486 10.201  9.918  9.635  9.352  9.070  8.789  8.509  8.229  7.950  7.671  7.393  7.115  6.838  6.561  6.285  6.010  5.734  5.460  5.186  4.912  4.638  4.365  4.093  3.821  3.549  3.277  3.006  2.735  2.464  2.193  1.923  1.653  1.382  1.112  0.843  0.573  0.303 
21.954 21.643 21.333 21.024 20.716 20.408 20.101 19.794 19.488 19.183 18.879 18.575 18.272 17.970 17.668 17.367 17.067 16.767 16.468 16.169 15.872 15.575 15.278 14.982 14.687 14.393 14.099 13.806 13.513 13.221 12.930 12.639 12.349 12.060 11.771 11.482 11.195 10.907 10.621 10.335 10.049  9.764  9.480  9.196  8.912  8.630  8.347  8.065  7.784  7.503  7.222  6.942  6.662  6.383  6.104  5.825  5.547  5.269  4.992  4.715  4.438  4.161  3.885  3.609  3.333  3.057  2.782  2.506  2.231  1.956  1.682  1.407  1.132  0.858  0.583  0.309 
22.103 21.792 21.482 21.173 20.864 20.556 20.249 19.942 19.636 19.331 19.026 18.722 18.418 18.115 17.813 17.512 17.211 16.910 16.610 16.311 16.013 15.715 15.418 15.121 14.825 14.529 14.234 13.940 13.646 13.353 13.060 12.768 12.476 12.185 11.894 11.604 11.315 11.026 10.737 10.449 10.162  9.875  9.588  9.302  9.016  8.731  8.446  8.162  7.878  7.594  7.311  7.028  6.745  6.463  6.181  5.899  5.618  5.337  5.056  4.776  4.496  4.216  3.936  3.657  3.377  3.098  2.819  2.540  2.262  1.983  1.705  1.426  1.148  0.870  0.592  0.314 
22.242 21.931 21.621 21.312 21.003 20.695 20.387 20.080 19.774 19.468 19.163 18.858 18.554 18.251 17.948 17.645 17.344 17.043 16.742 16.442 16.142 15.843 15.545 15.247 14.950 14.653 14.357 14.061 13.766 13.471 13.177 12.883 12.590 12.297 12.005 11.713 11.422 11.131 10.841 10.551 10.261  9.972  9.683  9.395  9.107  8.820  8.532  8.246  7.959  7.673  7.387  7.102  6.817  6.532  6.247  5.963  5.679  5.395  5.112  4.828  4.545  4.263  3.980  3.697  3.415  3.133  2.851  2.569  2.287  2.006  1.724  1.443  1.161  0.880  0.599  0.317 
22.370 22.059 21.749 21.440 21.131 20.823 20.515 20.207 19.901 19.594 19.289 18.983 18.679 18.375 18.071 17.768 17.466 17.164 16.862 16.561 16.261 15.961 15.661 15.362 15.064 14.766 14.468 14.171 13.875 13.579 13.283 12.988 12.693 12.399 12.105 11.812 11.519 11.226 10.934 10.642 10.350 10.059  9.769  9.478  9.188  8.899  8.609  8.320  8.032  7.743  7.455  7.168  6.880  6.593  6.306  6.019  5.733  5.447  5.161  4.875  4.589  4.304  4.018  3.733  3.448  3.164  2.879  2.594  2.310  2.026  1.741  1.457  1.173  0.889  0.605  0.321 
22.487 22.177 21.867 21.557 21.248 20.939 20.631 20.323 20.016 19.710 19.404 19.098 18.793 18.488 18.184 17.880 17.577 17.274 16.972 16.670 16.369 16.068 15.767 15.467 15.168 14.868 14.570 14.272 13.974 13.676 13.379 13.083 12.787 12.491 12.195 11.900 11.606 11.312 11.018 10.724 10.431 10.138  9.846  9.553  9.262  8.970  8.679  8.388  8.097  7.807  7.517  7.227  6.937  6.648  6.359  6.070  5.781  5.493  5.204  4.916  4.628  4.341  4.053  3.765  3.478  3.191  2.904  2.617  2.330  2.043  1.756  1.470  1.183  0.897  0.610  0.324 
22.594 22.284 21.974 21.664 21.354 21.046 20.737 20.429 20.122 19.815 19.508 19.202 18.896 18.591 18.286 17.982 17.678 17.375 17.072 16.769 16.467 16.165 15.863 15.562 15.262 14.962 14.662 14.363 14.064 13.765 13.467 13.169 12.871 12.574 12.277 11.981 11.685 11.389 11.094 10.799 10.504 10.209  9.915  9.621  9.328  9.035  8.742  8.449  8.156  7.864  7.572  7.280  6.989  6.697  6.406  6.115  5.825  5.534  5.244  4.954  4.664  4.374  4.084  3.794  3.505  3.216  2.926  2.637  2.348  2.059  1.770  1.481  1.192  0.904  0.615  0.326 
22.692 22.381 22.071 21.761 21.452 21.143 20.834 20.526 20.218 19.911 19.604 19.297 18.991 18.685 18.380 18.075 17.770 17.466 17.162 16.859 16.556 16.253 15.951 15.649 15.348 15.047 14.746 14.445 14.145 13.846 13.546 13.247 12.948 12.650 12.352 12.054 11.757 11.460 11.163 10.866 10.570 10.274  9.979  9.683  9.388  9.093  8.798  8.504  8.210  7.916  7.622  7.329  7.035  6.742  6.449  6.157  5.864  5.572  5.280  4.988  4.696  4.404  4.112  3.821  3.529  3.238  2.947  2.655  2.364  2.073  1.783  1.492  1.201  0.910  0.619  0.328 
22.780 22.470 22.159 21.849 21.540 21.231 20.922 20.613 20.305 19.998 19.690 19.383 19.077 18.771 18.465 18.159 17.854 17.549 17.245 16.941 16.637 16.334 16.031 15.728 15.426 15.124 14.822 14.521 14.220 13.919 13.618 13.318 13.018 12.719 12.420 12.121 11.822 11.524 11.226 10.928 10.630 10.333 10.036  9.739  9.443  9.146  8.850  8.554  8.259  7.963  7.668  7.373  7.078  6.783  6.489  6.194  5.900  5.606  5.312  5.018  4.725  4.431  4.138  3.844  3.551  3.258  2.965  2.672  2.379  2.086  1.794  1.501  1.208  0.916  0.623  0.331 
22.861 22.550 22.240 21.930 21.620 21.311 21.002 20.693 20.385 20.077 19.769 19.462 19.155 18.848 18.542 18.236 17.930 17.625 17.320 17.015 16.711 16.407 16.103 15.800 15.497 15.194 14.891 14.589 14.287 13.985 13.684 13.383 13.082 12.782 12.481 12.181 11.882 11.582 11.283 10.984 10.685 10.387 10.088  9.790  9.492  9.195  8.897  8.600  8.303  8.006  7.709  7.413  7.116  6.820  6.524  6.228  5.933  5.637  5.342  5.046  4.751  4.456  4.161  3.866  3.571  3.276  2.982  2.687  2.393  2.098  1.804  1.510  1.215  0.921  0.627  0.332 
22.934 22.623 22.313 22.003 21.693 21.384 21.074 20.766 20.457 20.149 19.841 19.533 19.226 18.919 18.612 18.306 18.000 17.694 17.388 17.083 16.778 16.473 16.169 15.865 15.561 15.258 14.954 14.651 14.348 14.046 13.744 13.442 13.140 12.839 12.537 12.236 11.936 11.635 11.335 11.035 10.735 10.435 10.136  9.836  9.537  9.238  8.940  8.641  8.343  8.045  7.747  7.449  7.151  6.854  6.556  6.259  5.962  5.665  5.368  5.072  4.775  4.478  4.182  3.886  3.589  3.293  2.997  2.701  2.405  2.109  1.813  1.517  1.221  0.926  0.630  0.334 
23.001 22.690 22.380 22.069 21.760 21.450 21.141 20.832 20.523 20.214 19.906 19.598 19.291 18.983 18.676 18.369 18.063 17.756 17.450 17.145 16.839 16.534 16.229 15.924 15.620 15.315 15.012 14.708 14.404 14.101 13.798 13.495 13.193 12.890 12.588 12.286 11.985 11.683 11.382 11.081 10.780 10.479 10.179  9.878  9.578  9.278  8.979  8.679  8.380  8.080  7.781  7.482  7.183  6.884  6.586  6.287  5.989  5.691  5.393  5.095  4.797  4.499  4.201  3.903  3.606  3.308  3.011  2.713  2.416  2.119  1.822  1.524  1.227  0.930  0.633  0.336 
23.061 22.751 22.440 22.130 21.820 21.510 21.201 20.891 20.583 20.274 19.965 19.657 19.349 19.042 18.734 18.427 18.120 17.813 17.507 17.201 16.895 16.589 16.283 15.978 15.673 15.368 15.064 14.759 14.455 14.151 13.847 13.544 13.241 12.937 12.634 12.332 12.029 11.727 11.425 11.123 10.821 10.519 10.218  9.917  9.616  9.315  9.014  8.713  8.413  8.112  7.812  7.512  7.212  6.912  6.613  6.313  6.013  5.714  5.415  5.116  4.817  4.517  4.219  3.920  3.621  3.322  3.023  2.725  2.426  2.128  1.829  1.531  1.232  0.934  0.636  0.337 
23.116 22.806 22.495 22.185 21.875 21.565 21.255 20.946 20.637 20.328 20.019 19.711 19.403 19.095 18.787 18.479 18.172 17.865 17.558 17.251 16.945 16.639 16.333 16.027 15.721 15.416 15.111 14.806 14.501 14.197 13.892 13.588 13.284 12.980 12.677 12.373 12.070 11.767 11.464 11.161 10.858 10.556 10.254  9.952  9.650  9.348  9.046  8.744  8.443  8.142  7.840  7.539  7.238  6.938  6.637  6.336  6.036  5.735  5.435  5.135  4.834  4.534  4.234  3.934  3.635  3.335  3.035  2.735  2.435  2.136  1.836  1.537  1.237  0.937  0.638  0.338 
23.166 22.856 22.545 22.235 21.925 21.615 21.305 20.996 20.686 20.377 20.068 19.760 19.451 19.143 18.835 18.527 18.219 17.912 17.605 17.298 16.991 16.684 16.378 16.072 15.765 15.460 15.154 14.848 14.543 14.238 13.933 13.628 13.324 13.019 12.715 12.411 12.107 11.803 11.499 11.196 10.892 10.589 10.286  9.983  9.680  9.378  9.075  8.773  8.470  8.168  7.866  7.564  7.262  6.961  6.659  6.357  6.056  5.755  5.453  5.152  4.851  4.550  4.249  3.948  3.647  3.346  3.045  2.745  2.444  2.143  1.843  1.542  1.241  0.941  0.640  0.340 
23.212 22.901 22.591 22.280 21.970 21.660 21.350 21.041 20.731 20.422 20.113 19.804 19.495 19.187 18.879 18.570 18.262 17.955 17.647 17.340 17.033 16.726 16.419 16.112 15.806 15.499 15.193 14.887 14.581 14.276 13.970 13.665 13.359 13.054 12.750 12.445 12.140 11.836 11.531 11.227 10.923 10.619 10.316 10.012  9.708  9.405  9.102  8.798  8.495  8.192  7.890  7.587  7.284  6.982  6.679  6.377  6.074  5.772  5.470  5.168  4.866  4.564  4.262  3.960  3.658  3.356  3.055  2.753  2.451  2.150  1.848  1.547  1.245  0.944  0.642  0.341 
23.253 22.943 22.632 22.322 22.011 21.701 21.391 21.081 20.772 20.463 20.153 19.844 19.535 19.227 18.918 18.610 18.302 17.994 17.686 17.378 17.070 16.763 16.456 16.149 15.842 15.535 15.229 14.922 14.616 14.310 14.004 13.698 13.392 13.087 12.781 12.476 12.171 11.866 11.561 11.256 10.951 10.647 10.342 10.038  9.734  9.430  9.126  8.822  8.518  8.214  7.911  7.607  7.304  7.001  6.697  6.394  6.091  5.788  5.485  5.182  4.879  4.576  4.274  3.971  3.668  3.366  3.063  2.761  2.458  2.156  1.853  1.551  1.249  0.946  0.644  0.342 
23.291 22.980 22.670 22.359 22.049 21.739 21.429 21.119 20.809 20.500 20.190 19.881 19.572 19.263 18.954 18.646 18.337 18.029 17.721 17.413 17.105 16.797 16.490 16.182 15.875 15.568 15.261 14.954 14.647 14.341 14.034 13.728 13.422 13.116 12.810 12.504 12.198 11.893 11.587 11.282 10.977 10.672 10.367 10.062  9.757  9.452  9.148  8.843  8.539  8.234  7.930  7.626  7.322  7.018  6.714  6.410  6.106  5.802  5.499  5.195  4.892  4.588  4.285  3.981  3.678  3.374  3.071  2.768  2.465  2.161  1.858  1.555  1.252  0.949  0.646  0.343 
23.325 23.014 22.704 22.393 22.083 21.773 21.463 21.153 20.843 20.533 20.224 19.914 19.605 19.296 18.987 18.678 18.370 18.061 17.753 17.444 17.136 16.828 16.520 16.213 15.905 15.598 15.290 14.983 14.676 14.369 14.062 13.756 13.449 13.142 12.836 12.530 12.224 11.918 11.612 11.306 11.000 10.694 10.389 10.083  9.778  9.473  9.168  8.862  8.557  8.253  7.948  7.643  7.338  7.034  6.729  6.424  6.120  5.816  5.511  5.207  4.903  4.599  4.294  3.990  3.686  3.382  3.078  2.774  2.470  2.166  1.863  1.559  1.255  0.951  0.647  0.343 
23.356 23.045 22.735 22.424 22.114 21.804 21.493 21.183 20.873 20.564 20.254 19.945 19.635 19.326 19.017 18.708 18.399 18.090 17.782 17.473 17.165 16.857 16.548 16.240 15.932 15.625 15.317 15.010 14.702 14.395 14.088 13.780 13.473 13.167 12.860 12.553 12.247 11.940 11.634 11.327 11.021 10.715 10.409 10.103  9.797  9.491  9.186  8.880  8.574  8.269  7.964  7.658  7.353  7.048  6.743  6.438  6.133  5.828  5.523  5.218  4.913  4.608  4.303  3.999  3.694  3.389  3.085  2.780  2.476  2.171  1.866  1.562  1.257  0.953  0.649  0.344 
23.385 23.074 22.763 22.452 22.142 21.832 21.521 21.211 20.901 20.591 20.282 19.972 19.663 19.353 19.044 18.735 18.426 18.117 17.808 17.499 17.191 16.882 16.574 16.266 15.957 15.649 15.341 15.034 14.726 14.418 14.111 13.803 13.496 13.189 12.881 12.574 12.267 11.960 11.654 11.347 11.040 10.734 10.427 10.121  9.815  9.508  9.202  8.896  8.590  8.284  7.978  7.672  7.366  7.061  6.755  6.449  6.144  5.838  5.533  5.228  4.922  4.617  4.311  4.006  3.701  3.396  3.091  2.785  2.480  2.175  1.870  1.565  1.260  0.955  0.650  0.345 
23.410 23.099 22.789 22.478 22.168 21.857 21.547 21.237 20.927 20.617 20.307 19.997 19.688 19.378 19.069 18.759 18.450 18.141 17.832 17.523 17.214 16.906 16.597 16.288 15.980 15.672 15.363 15.055 14.747 14.439 14.132 13.824 13.516 13.209 12.901 12.594 12.286 11.979 11.672 11.365 11.058 10.751 10.444 10.137  9.830  9.524  9.217  8.911  8.604  8.298  7.991  7.685  7.379  7.073  6.766  6.460  6.154  5.848  5.542  5.236  4.931  4.625  4.319  4.013  3.707  3.402  3.096  2.790  2.485  2.179  1.873  1.568  1.262  0.956  0.651  0.345 
23.434 23.123 22.812 22.501 22.191 21.880 21.570 21.260 20.950 20.640 20.330 20.020 19.710 19.401 19.091 18.781 18.472 18.163 17.854 17.545 17.236 16.927 16.618 16.309 16.001 15.692 15.384 15.075 14.767 14.459 14.151 13.843 13.535 13.227 12.919 12.611 12.303 11.996 11.688 11.381 11.074 10.766 10.459 10.152  9.845  9.538  9.231  8.924  8.617  8.310  8.003  7.697  7.390  7.083  6.777  6.470  6.164  5.857  5.551  5.244  4.938  4.632  4.326  4.019  3.713  3.407  3.101  2.795  2.488  2.182  1.876  1.570  1.264  0.958  0.652  0.346 
23.455 23.144 22.833 22.523 22.212 21.902 21.591 21.281 20.971 20.661 20.351 20.041 19.731 19.421 19.111 18.802 18.492 18.183 17.873 17.564 17.255 16.946 16.637 16.328 16.019 15.710 15.402 15.093 14.785 14.476 14.168 13.860 13.551 13.243 12.935 12.627 12.319 12.011 11.703 11.396 11.088 10.780 10.473 10.165  9.858  9.550  9.243  8.936  8.629  8.321  8.014  7.707  7.400  7.093  6.786  6.479  6.172  5.865  5.559  5.252  4.945  4.638  4.332  4.025  3.718  3.412  3.105  2.799  2.492  2.185  1.879  1.572  1.266  0.959  0.653  0.346 
23.474 23.163 22.853 22.542 22.231 21.921 21.610 21.300 20.990 20.680 20.369 20.059 19.749 19.440 19.130 18.820 18.510 18.201 17.891 17.582 17.273 16.964 16.654 16.345 16.036 15.727 15.418 15.110 14.801 14.492 14.184 13.875 13.567 13.258 12.950 12.642 12.333 12.025 11.717 11.409 11.101 10.793 10.485 10.177  9.870  9.562  9.254  8.947  8.639  8.332  8.024  7.717  7.409  7.102  6.795  6.487  6.180  5.873  5.566  5.259  4.951  4.644  4.337  4.030  3.723  3.416  3.109  2.802  2.495  2.188  1.881  1.574  1.268  0.961  0.654  0.347 
23.492 23.181 22.870 22.559 22.249 21.938 21.628 21.317 21.007 20.697 20.387 20.077 19.767 19.457 19.147 18.837 18.527 18.217 17.908 17.598 17.289 16.979 16.670 16.361 16.052 15.743 15.433 15.124 14.816 14.507 14.198 13.889 13.580 13.272 12.963 12.655 12.346 12.038 11.730 11.421 11.113 10.805 10.497 10.189  9.881  9.573  9.265  8.957  8.649  8.341  8.033  7.725  7.418  7.110  6.802  6.495  6.187  5.880  5.572  5.265  4.957  4.650  4.342  4.035  3.728  3.420  3.113  2.805  2.498  2.191  1.884  1.576  1.269  0.962  0.654  0.347 
23.508 23.197 22.886 22.575 22.265 21.954 21.644 21.333 21.023 20.712 20.402 20.092 19.782 19.472 19.162 18.852 18.542 18.232 17.923 17.613 17.303 16.994 16.684 16.375 16.066 15.756 15.447 15.138 14.829 14.520 14.211 13.902 13.593 13.284 12.975 12.667 12.358 12.049 11.741 11.432 11.124 10.815 10.507 10.199  9.890  9.582  9.274  8.966  8.658  8.349  8.041  7.733  7.425  7.117  6.809  6.501  6.194  5.886  5.578  5.270  4.962  4.655  4.347  4.039  3.731  3.424  3.116  2.808  2.501  2.193  1.886  1.578  1.270  0.963  0.655  0.348 
23.522 23.211 22.901 22.590 22.279 21.969 21.658 21.348 21.037 20.727 20.416 20.106 19.796 19.486 19.176 18.866 18.556 18.246 17.936 17.626 17.317 17.007 16.698 16.388 16.078 15.769 15.460 15.150 14.841 14.532 14.223 13.914 13.605 13.295 12.987 12.678 12.369 12.060 11.751 11.442 11.134 10.825 10.516 10.208  9.899  9.591  9.282  8.974  8.665  8.357  8.049  7.741  7.432  7.124  6.816  6.508  6.199  5.891  5.583  5.275  4.967  4.659  4.351  4.043  3.735  3.427  3.119  2.811  2.503  2.195  1.887  1.580  1.272  0.964  0.656  0.348 
23.535 23.225 22.914 22.603 22.292 21.982 21.671 21.361 21.050 20.740 20.429 20.119 19.809 19.499 19.189 18.878 18.568 18.258 17.949 17.639 17.329 17.019 16.709 16.400 16.090 15.781 15.471 15.162 14.852 14.543 14.233 13.924 13.615 13.306 12.997 12.688 12.378 12.069 11.760 11.452 11.143 10.834 10.525 10.216  9.907  9.599  9.290  8.981  8.673  8.364  8.056  7.747  7.439  7.130  6.822  6.513  6.205  5.896  5.588  5.280  4.971  4.663  4.355  4.047  3.738  3.430  3.122  2.814  2.505  2.197  1.889  1.581  1.273  0.965  0.656  0.348 
23.547 23.237 22.926 22.615 22.304 21.994 21.683 21.372 21.062 20.752 20.441 20.131 19.820 19.510 19.200 18.890 18.580 18.270 17.960 17.650 17.340 17.030 16.720 16.410 16.100 15.790 15.481 15.171 14.861 14.551 14.241 13.931 13.621 13.310 13.000 12.689 12.378 12.066 11.754 11.441 11.127 10.812 10.497 10.180  9.861  9.540  9.218  8.893  8.565  8.234  7.899  7.560  7.217  6.869  6.514  6.154  5.787  5.412  5.029  4.638  4.237  3.827  3.407  2.978  2.539  2.091  1.635  1.172  0.704  0.230 -0.317 -0.947 -1.577 -2.204 -2.829 -3.450 
23.543 23.232 22.921 22.609 22.298 21.986 21.674 21.361 21.049 20.736 20.423 20.109 19.795 19.481 19.166 18.851 18.535 18.219 17.902 17.585 17.267 16.948 16.628 16.308 15.986 15.664 15.340 15.015 14.690 14.362 14.034 13.704 13.372 13.039 12.705 12.368 12.030 11.690 11.348 11.004 10.658 10.310  9.960  9.607  9.253  8.895  8.536  8.174  7.810  7.444  7.075  6.704  6.331  5.955  5.578  5.198  4.816  4.432  4.046  3.659  3.270  2.880  2.488  2.095  1.702  1.307  0.912  0.516  0.121 -0.176 -0.433 -0.688 -0.941 -1.191 -1.438 -1.680 
23.434 23.123 22.811 22.498 22.185 21.871 21.556 21.240 20.924 20.607 20.289 19.970 19.651 19.330 19.009 18.687 18.364 18.041 17.716 17.391 17.064 16.737 16.409 16.080 15.749 15.418 15.086 14.753 14.419 14.084 13.748 13.411 13.072 12.733 12.393 12.052 11.710 11.367 11.023 10.679 10.333  9.987  9.640  9.292  8.944  8.595  8.246  7.897  7.547  7.197  6.847  6.498  6.148  5.799  5.451  5.103  4.756  4.410  4.065  3.722  3.380  3.039  2.700  2.363  2.027  1.693  1.361  1.030  0.700  0.373  0.046 -0.098 -0.121 -0.139 -0.151  0.090 
23.257 22.946 22.634 22.321 22.007 21.693 21.377 21.061 20.745 20.427 20.109 19.790 19.470 19.150 18.829 18.507 18.184 17.861 17.537 17.212 16.887 16.561 16.235 15.908 15.581 15.253 14.925 14.597 14.268 13.940 13.611 13.282 12.953 12.624 12.296 11.968 11.641 11.314 10.988 10.663 10.340 10.018  9.698  9.379  9.063  8.749  8.438  8.130  7.826  7.524  7.227  6.934  6.646  6.362  6.084  5.811  5.544  5.283  5.028  4.781  4.540  4.306  4.080  3.861  3.650  3.447  3.252  3.065  2.886  2.715  2.552  2.397  2.251  2.113  1.982  1.860 
23.124 22.813 22.501 22.190 21.878 21.566 21.253 20.941 20.628 20.315 20.002 19.689 19.375 19.062 18.749 18.435 18.122 17.809 17.496 17.184 16.872 16.560 16.249 15.938 15.628 15.319 15.011 14.703 14.397 14.092 13.788 13.485 13.184 12.885 12.587 12.291 11.997 11.705 11.416 11.128 10.844 10.561 10.282 10.006  9.733  9.463  9.196  8.933  8.673  8.418  8.166  7.919  7.676  7.437  7.203  6.974  6.750  6.531  6.317  6.108  5.905  5.708  5.517  5.331  5.152  4.979  4.813  4.653  4.500  4.354  4.215  4.083  3.958  3.841  3.732  3.630 
23.149 22.839 22.528 22.219 21.910 21.601 21.293 20.986 20.679 20.373 20.068 19.763 19.459 19.155 18.853 18.551 18.251 17.951 17.652 17.354 17.058 16.763 16.468 16.176 15.884 15.595 15.306 15.020 14.735 14.452 14.171 13.892 13.615 13.340 13.068 12.798 12.530 12.265 12.003 11.744 11.488 11.235 10.985 10.738 10.495 10.256 10.020  9.788  9.560  9.336  9.116  8.901  8.690  8.484  8.282  8.085  7.894  7.708  7.527  7.351  7.181  7.017  6.858  6.706  6.560  6.420  6.286  6.160  6.040  5.926  5.820  5.721  5.630  5.545  5.469  5.400 
23.348 23.038 22.729 22.421 22.115 21.809 21.505 21.203 20.901 20.601 20.303 20.005 19.709 19.415 19.122 18.831 18.541 18.252 17.966 17.681 17.397 17.116 16.836 16.558 16.283 16.009 15.737 15.467 15.199 14.934 14.671 14.410 14.151 13.895 13.641 13.390 13.141 12.895 12.652 12.411 12.173 11.938 11.705 11.475 11.248 11.024 10.803 10.584 10.369 10.156  9.946  9.738  9.534  9.332  9.132  8.936  8.741  8.550  8.360  8.173  7.989  7.806  7.625  7.446  7.269  7.094  6.920  6.748  6.576  6.406  6.237  6.069  5.901  5.734  5.567  5.400 
23.684 23.374 23.066 22.759 22.454 22.151 21.850 21.550 21.252 20.955 20.661 20.368 20.077 19.788 19.500 19.214 18.930 18.648 18.368 18.090 17.813 17.539 17.266 16.995 16.726 16.459 16.194 15.931 15.670 15.411 15.154 14.899 14.646 14.395 14.146 13.899 13.654 13.411 13.170 12.931 12.694 12.460 12.227 11.996 11.767 11.540 11.314 11.091 10.869 10.650 10.432 10.216 10.001  9.788  9.577  9.367  9.159  8.952  8.747  8.543  8.340  8.139  7.938  7.739  7.540  7.343  7.146  6.950  6.755  6.560  6.366  6.172  5.979  5.786  5.593  5.400 
24.082 23.772 23.464 23.158 22.853 22.550 22.250 21.950 21.653 21.358 21.064 20.772 20.482 20.194 19.908 19.623 19.341 19.060 18.781 18.503 18.228 17.954 17.682 17.412 17.144 16.878 16.613 16.350 16.089 15.829 15.572 15.316 15.062 14.809 14.558 14.309 14.062 13.816 13.572 13.330 13.089 12.850 12.612 12.376 12.141 11.908 11.676 11.445 11.216 10.989 10.762 10.537 10.313 10.091  9.869  9.649  9.430  9.211  8.994  8.778  8.562  8.347  8.134  7.920  7.708  7.496  7.285  7.074  6.864  6.654  6.444  6.235  6.026  5.817  5.609  5.400 
24.485 24.175 23.867 23.560 23.256 22.953 22.651 22.352 22.054 21.758 21.464 21.172 20.881 20.592 20.305 20.020 19.736 19.454 19.173 18.895 18.618 18.342 18.069 17.797 17.526 17.258 16.991 16.725 16.461 16.199 15.938 15.679 15.421 15.165 14.910 14.657 14.405 14.155 13.906 13.658 13.412 13.167 12.923 12.681 12.440 12.200 11.961 11.724 11.488 11.252 11.018 10.785 10.553 10.322 10.091  9.862  9.633  9.406  9.179  8.953  8.727  8.502  8.278  8.054  7.831  7.609  7.387  7.165  6.943  6.722  6.502  6.281  6.061  5.840  5.620  5.400 
24.868 24.558 24.249 23.943 23.638 23.334 23.032 22.732 22.434 22.137 21.841 21.548 21.256 20.965 20.676 20.389 20.104 19.819 19.537 19.256 18.977 18.699 18.422 18.148 17.874 17.602 17.332 17.063 16.795 16.529 16.265 16.001 15.739 15.479 15.219 14.961 14.705 14.449 14.195 13.942 13.690 13.440 13.190 12.942 12.695 12.448 12.203 11.959 11.716 11.473 11.232 10.992 10.752 10.513 10.275 10.038  9.802  9.566  9.331  9.096  8.862  8.629  8.396  8.164  7.932  7.700  7.469  7.238  7.008  6.778  6.548  6.318  6.088  5.859  5.629  5.400 
25.222 24.912 24.604 24.297 23.991 23.687 23.384 23.083 22.784 22.486 22.189 21.894 21.601 21.308 21.018 20.729 20.441 20.155 19.870 19.586 19.304 19.024 18.744 18.466 18.190 17.915 17.641 17.368 17.097 16.827 16.558 16.291 16.025 15.760 15.496 15.233 14.972 14.711 14.452 14.194 13.937 13.681 13.426 13.171 12.918 12.666 12.415 12.165 11.915 11.667 11.419 11.172 10.925 10.680 10.435 10.191  9.947  9.704  9.462  9.220  8.979  8.738  8.498  8.258  8.018  7.779  7.540  7.302  7.063  6.825  6.587  6.350  6.112  5.875  5.637  5.400 
25.547 25.237 24.928 24.621 24.314 24.010 23.707 23.405 23.104 22.805 22.507 22.211 21.915 21.622 21.329 21.038 20.748 20.460 20.173 19.887 19.602 19.319 19.037 18.756 18.476 18.198 17.921 17.645 17.370 17.096 16.824 16.552 16.282 16.013 15.745 15.478 15.212 14.947 14.683 14.420 14.158 13.896 13.636 13.377 13.118 12.861 12.604 12.348 12.093 11.838 11.585 11.332 11.079 10.828 10.577 10.326 10.076  9.827  9.578  9.330  9.082  8.834  8.587  8.341  8.094  7.848  7.603  7.357  7.112  6.867  6.622  6.378  6.133  5.889  5.644  5.400 
25.842 25.532 25.223 24.915 24.609 24.304 24.000 23.697 23.395 23.095 22.796 22.498 22.202 21.907 21.612 21.319 21.028 20.737 20.448 20.160 19.873 19.587 19.302 19.019 18.736 18.455 18.174 17.895 17.617 17.340 17.064 16.789 16.515 16.242 15.970 15.699 15.428 15.159 14.891 14.623 14.357 14.091 13.826 13.562 13.299 13.036 12.774 12.513 12.253 11.993 11.734 11.476 11.218 10.961 10.704 10.448 10.192  9.937  9.682  9.428  9.174  8.921  8.668  8.415  8.163  7.911  7.659  7.407  7.156  6.905  6.654  6.403  6.152  5.901  5.651  5.400 
26.111 25.800 25.491 25.183 24.876 24.570 24.266 23.962 23.660 23.359 23.059 22.760 22.462 22.165 21.869 21.575 21.281 20.989 20.698 20.407 20.118 19.830 19.543 19.257 18.972 18.687 18.404 18.122 17.841 17.561 17.281 17.003 16.726 16.449 16.173 15.899 15.625 15.352 15.079 14.808 14.537 14.267 13.998 13.729 13.462 13.195 12.928 12.662 12.397 12.133 11.869 11.606 11.343 11.080 10.819 10.557 10.297 10.036  9.776  9.517  9.258  8.999  8.740  8.482  8.224  7.967  7.709  7.452  7.195  6.939  6.682  6.425  6.169  5.913  5.656  5.400 
26.354 26.044 25.734 25.426 25.119 24.813 24.507 24.203 23.900 23.598 23.297 22.997 22.698 22.400 22.102 21.806 21.511 21.217 20.924 20.632 20.341 20.050 19.761 19.472 19.185 18.898 18.613 18.328 18.044 17.761 17.479 17.197 16.917 16.637 16.358 16.080 15.802 15.526 15.250 14.975 14.700 14.426 14.153 13.881 13.609 13.338 13.067 12.797 12.528 12.259 11.991 11.723 11.456 11.189 10.923 10.657 10.391 10.126  9.861  9.597  9.333  9.070  8.806  8.543  8.280  8.018  7.755  7.493  7.231  6.969  6.707  6.446  6.184  5.923  5.661  5.400 
26.575 26.264 25.955 25.646 25.339 25.032 24.726 24.422 24.118 23.815 23.513 23.212 22.912 22.612 22.314 22.016 21.720 21.424 21.129 20.835 20.542 20.250 19.959 19.668 19.378 19.090 18.802 18.514 18.228 17.942 17.657 17.373 17.090 16.807 16.525 16.244 15.963 15.684 15.404 15.126 14.848 14.571 14.294 14.018 13.743 13.468 13.193 12.920 12.646 12.374 12.101 11.830 11.558 11.287 11.017 10.747 10.477 10.208  9.939  9.670  9.401  9.133  8.866  8.598  8.331  8.064  7.797  7.530  7.263  6.997  6.731  6.464  6.198  5.932  5.666  5.400 
26.775 26.465 26.155 25.846 25.538 25.231 24.925 24.620 24.315 24.011 23.709 23.407 23.105 22.805 22.505 22.207 21.909 21.612 21.315 21.020 20.725 20.431 20.138 19.846 19.554 19.263 18.973 18.683 18.395 18.107 17.819 17.533 17.247 16.961 16.677 16.393 16.109 15.827 15.544 15.263 14.982 14.702 14.422 14.142 13.864 13.585 13.308 13.030 12.754 12.477 12.201 11.926 11.651 11.376 11.102 10.828 10.555 10.281 10.008  9.736  9.463  9.191  8.919  8.648  8.376  8.105  7.834  7.563  7.293  7.022  6.751  6.481  6.211  5.940  5.670  5.400 
26.956 26.646 26.336 26.027 25.719 25.412 25.105 24.799 24.494 24.190 23.886 23.583 23.281 22.980 22.679 22.379 22.080 21.782 21.484 21.187 20.891 20.595 20.301 20.006 19.713 19.420 19.128 18.837 18.546 18.256 17.966 17.677 17.389 17.101 16.814 16.528 16.242 15.956 15.671 15.387 15.103 14.820 14.537 14.255 13.973 13.692 13.411 13.131 12.851 12.571 12.292 12.013 11.735 11.457 11.179 10.902 10.625 10.348 10.072  9.795  9.519  9.244  8.968  8.693  8.418  8.143  7.868  7.594  7.319  7.045  6.770  6.496  6.222  5.948  5.674  5.400 
27.121 26.810 26.501 26.191 25.883 25.575 25.268 24.962 24.656 24.351 24.047 23.743 23.440 23.138 22.837 22.536 22.236 21.936 21.637 21.339 21.041 20.744 20.448 20.152 19.857 19.563 19.269 18.975 18.683 18.391 18.099 17.808 17.518 17.228 16.939 16.650 16.362 16.074 15.787 15.500 15.213 14.928 14.642 14.357 14.073 13.789 13.505 13.222 12.939 12.657 12.374 12.093 11.811 11.530 11.249 10.969 10.689 10.409 10.129  9.850  9.570  9.291  9.012  8.734  8.455  8.177  7.899  7.621  7.343  7.065  6.788  6.510  6.232  5.955  5.677  5.400 
27.270 26.960 26.650 26.340 26.032 25.724 25.416 25.109 24.803 24.498 24.193 23.889 23.585 23.282 22.979 22.678 22.376 22.076 21.776 21.476 21.177 20.879 20.581 20.284 19.988 19.692 19.396 19.101 18.807 18.513 18.220 17.927 17.635 17.343 17.052 16.761 16.470 16.180 15.891 15.602 15.313 15.025 14.737 14.450 14.163 13.876 13.590 13.304 13.019 12.734 12.449 12.165 11.880 11.596 11.313 11.029 10.746 10.464 10.181  9.899  9.616  9.334  9.053  8.771  8.489  8.208  7.927  7.646  7.365  7.084  6.803  6.523  6.242  5.961  5.681  5.400 
27.405 27.095 26.785 26.475 26.166 25.858 25.550 25.243 24.937 24.631 24.325 24.020 23.716 23.412 23.109 22.806 22.504 22.202 21.901 21.601 21.301 21.002 20.703 20.404 20.106 19.809 19.512 19.216 18.920 18.624 18.329 18.035 17.741 17.447 17.154 16.861 16.569 16.277 15.985 15.694 15.404 15.113 14.824 14.534 14.245 13.956 13.667 13.379 13.091 12.804 12.517 12.230 11.943 11.657 11.370 11.084 10.799 10.513 10.228  9.943  9.658  9.373  9.089  8.805  8.520  8.236  7.952  7.668  7.385  7.101  6.817  6.534  6.250  5.967  5.683  5.400 
27.528 27.217 26.907 26.598 26.288 25.980 25.672 25.364 25.057 24.751 24.445 24.140 23.835 23.530 23.226 22.923 22.620 22.317 22.015 21.714 21.413 21.112 20.812 20.513 20.214 19.915 19.617 19.319 19.022 18.725 18.428 18.132 17.837 17.541 17.247 16.952 16.658 16.364 16.071 15.778 15.486 15.194 14.902 14.610 14.319 14.028 13.737 13.447 13.157 12.867 12.578 12.289 12.000 11.711 11.423 11.134 10.846 10.558 10.271  9.983  9.696  9.409  9.122  8.835  8.548  8.262  7.975  7.689  7.403  7.116  6.830  6.544  6.258  5.972  5.686  5.400 
27.639 27.328 27.018 26.708 26.399 26.090 25.782 25.474 25.167 24.860 24.554 24.248 23.942 23.637 23.333 23.028 22.725 22.421 22.119 21.816 21.514 21.213 20.912 20.611 20.311 20.011 19.712 19.413 19.114 18.816 18.518 18.221 17.924 17.627 17.331 17.035 16.739 16.444 16.149 15.854 15.560 15.266 14.972 14.679 14.386 14.093 13.801 13.509 13.217 12.925 12.633 12.342 12.051 11.760 11.470 11.179 10.889 10.599 10.310 10.020  9.730  9.441  9.152  8.863  8.574  8.285  7.996  7.707  7.419  7.130  6.842  6.553  6.265  5.977  5.688  5.400 
27.740 27.429 27.119 26.809 26.499 26.191 25.882 25.574 25.266 24.959 24.652 24.346 24.040 23.734 23.429 23.124 22.820 22.516 22.212 21.909 21.606 21.304 21.002 20.700 20.399 20.098 19.798 19.498 19.198 18.899 18.600 18.301 18.003 17.705 17.407 17.110 16.813 16.516 16.219 15.923 15.627 15.332 15.037 14.742 14.447 14.152 13.858 13.564 13.271 12.977 12.684 12.391 12.098 11.805 11.513 11.220 10.928 10.636 10.345 10.053  9.761  9.470  9.179  8.888  8.597  8.306  8.015  7.724  7.434  7.143  6.852  6.562  6.271  5.981  5.690  5.400 
27.831 27.520 27.210 26.900 26.590 26.281 25.973 25.664 25.356 25.049 24.741 24.435 24.128 23.822 23.516 23.211 22.906 22.601 22.297 21.993 21.690 21.387 21.084 20.781 20.479 20.177 19.876 19.575 19.274 18.974 18.674 18.374 18.074 17.775 17.476 17.177 16.879 16.581 16.283 15.986 15.689 15.392 15.095 14.798 14.502 14.206 13.910 13.615 13.319 13.024 12.729 12.435 12.140 11.846 11.552 11.258 10.964 10.670 10.376 10.083  9.790  9.496  9.203  8.910  8.618  8.325  8.032  7.739  7.447  7.154  6.862  6.569  6.277  5.985  5.692  5.400 
