25.216 24.905 24.594 24.283 23.973 23.662 23.351 23.040 22.729 22.418 22.107 21.796 21.485 21.174 20.864 20.553 20.242 19.931 19.620 19.309 18.998 18.687 18.376 18.065 17.754 17.443 17.132 16.821 16.510 16.199 15.888 15.576 15.265 14.954 14.642 14.331 14.020 13.708 13.396 13.085 12.773 12.461 12.149 11.837 11.524 11.212 10.899 10.586 10.273  9.959  9.646  9.332  9.018  8.703  8.388  8.073  7.757  7.441  7.125  6.808  6.490  6.172  5.853  5.534  5.214  4.893  4.571  4.249  3.926  3.602  3.277  2.951  2.624  2.296  1.967  1.637 
25.214 24.903 24.592 24.281 23.970 23.659 23.348 23.037 22.726 22.414 22.103 21.792 21.481 21.169 20.858 20.547 20.235 19.924 19.612 19.300 18.989 18.677 18.365 18.053 17.741 17.429 17.116 16.804 16.491 16.179 15.866 15.553 15.240 14.926 14.613 14.299 13.985 13.671 13.357 13.042 12.727 12.412 12.096 11.780 11.464 11.148 10.831 10.514 10.196  9.878  9.559  9.240  8.920  8.600  8.280  7.959  7.637  7.314  6.991  6.668  6.343  6.018  5.692  5.366  5.038  4.710  4.381  4.051  3.720  3.388  3.055  2.721  2.386  2.050  1.713  1.374 
25.200 24.889 24.578 24.267 23.956 23.645 23.333 23.022 22.710 22.398 22.086 21.775 21.462 21.150 20.838 20.526 20.213 19.900 19.587 19.274 18.961 18.648 18.334 18.021 17.707 17.393 17.078 16.764 16.449 16.134 15.819 15.503 15.187 14.871 14.555 14.238 13.921 13.604 13.286 12.968 12.650 12.331 12.011 11.692 11.371 11.051 10.730 10.408 10.086  9.763  9.440  9.116  8.792  8.467  8.141  7.815  7.487  7.160  6.831  6.502  6.172  5.841  5.509  5.177  4.843  4.509  4.174  3.838  3.501  3.163  2.823  2.483  2.142  1.800  1.456  1.111 
25.170 24.859 24.547 24.236 23.925 23.613 23.301 22.989 22.677 22.364 22.052 21.739 21.426 21.113 20.799 20.485 20.172 19.857 19.543 19.228 18.914 18.598 18.283 17.967 17.652 17.335 17.019 16.702 16.385 16.067 15.749 15.431 15.113 14.794 14.475 14.155 13.835 13.514 13.193 12.872 12.550 12.227 11.904 11.581 11.257 10.933 10.607 10.282  9.956  9.629  9.301  8.973  8.644  8.315  7.984  7.653  7.322  6.989  6.656  6.322  5.987  5.651  5.314  4.977  4.638  4.299  3.958  3.617  3.275  2.931  2.587  2.242  1.895  1.547  1.199  0.849 
25.120 24.809 24.498 24.186 23.874 23.562 23.250 22.937 22.624 22.311 21.998 21.684 21.370 21.056 20.741 20.426 20.111 19.795 19.479 19.163 18.847 18.530 18.213 17.895 17.577 17.259 16.940 16.621 16.302 15.982 15.661 15.341 15.020 14.698 14.376 14.053 13.730 13.407 13.083 12.758 12.433 12.107 11.781 11.454 11.126 10.798 10.470 10.140  9.810  9.479  9.148  8.816  8.483  8.149  7.815  7.480  7.144  6.807  6.470  6.131  5.792  5.452  5.111  4.769  4.426  4.082  3.737  3.391  3.044  2.696  2.347  1.997  1.646  1.294  0.940  0.586 
25.051 24.740 24.429 24.117 23.805 23.492 23.180 22.867 22.553 22.239 21.925 21.610 21.295 20.980 20.664 20.348 20.032 19.715 19.398 19.080 18.762 18.443 18.124 17.805 17.485 17.165 16.844 16.523 16.201 15.879 15.557 15.234 14.910 14.586 14.261 13.936 13.610 13.284 12.957 12.629 12.301 11.972 11.643 11.313 10.982 10.651 10.319  9.986  9.653  9.319  8.984  8.648  8.312  7.974  7.636  7.297  6.958  6.617  6.276  5.933  5.590  5.246  4.901  4.555  4.208  3.860  3.511  3.161  2.810  2.458  2.105  1.751  1.396  1.039  0.682  0.323 
24.965 24.654 24.342 24.030 23.718 23.405 23.092 22.778 22.464 22.150 21.835 21.519 21.204 20.887 20.571 20.253 19.936 19.618 19.299 18.980 18.660 18.340 18.020 17.699 17.377 17.055 16.733 16.410 16.086 15.762 15.437 15.112 14.786 14.459 14.132 13.805 13.476 13.148 12.818 12.488 12.157 11.825 11.493 11.160 10.827 10.492 10.157  9.822  9.485  9.148  8.810  8.471  8.131  7.790  7.449  7.107  6.764  6.420  6.075  5.729  5.382  5.035  4.686  4.336  3.986  3.634  3.282  2.928  2.573  2.218  1.861  1.503  1.144  0.784  0.422  0.060 
24.862 24.551 24.240 23.927 23.615 23.302 22.988 22.674 22.359 22.044 21.729 21.413 21.096 20.779 20.461 20.143 19.824 19.505 19.185 18.865 18.544 18.223 17.901 17.578 17.255 16.931 16.607 16.282 15.957 15.631 15.304 14.977 14.649 14.320 13.991 13.661 13.331 12.999 12.667 12.335 12.002 11.668 11.333 10.997 10.661 10.324  9.986  9.648  9.308  8.968  8.627  8.285  7.943  7.599  7.255  6.909  6.563  6.216  5.868  5.519  5.169  4.818  4.467  4.114  3.760  3.405  3.049  2.693  2.335  1.976  1.616  1.256  0.894  0.532  0.168 -0.203 
24.745 24.434 24.122 23.810 23.497 23.183 22.869 22.555 22.240 21.924 21.608 21.291 20.974 20.656 20.337 20.018 19.699 19.378 19.058 18.736 18.414 18.091 17.768 17.444 17.120 16.794 16.468 16.142 15.815 15.487 15.159 14.829 14.499 14.169 13.838 13.505 13.173 12.839 12.505 12.170 11.834 11.497 11.160 10.821 10.482 10.142  9.801  9.459  9.116  8.773  8.428  8.082  7.736  7.388  7.039  6.690  6.339  5.987  5.634  5.280  4.925  4.569  4.211  3.853  3.493  3.132  2.771  2.407  2.043  1.678  1.311  0.943  0.574  0.204 -0.167 -0.466 
24.613 24.302 23.990 23.677 23.364 23.051 22.736 22.421 22.106 21.790 21.473 21.155 20.837 20.518 20.199 19.879 19.558 19.237 18.915 18.592 18.269 17.945 17.620 17.295 16.968 16.642 16.314 15.986 15.657 15.327 14.997 14.665 14.334 14.001 13.667 13.333 12.998 12.663 12.326 11.989 11.651 11.312 10.972 10.632 10.291  9.949  9.606  9.263  8.918  8.573  8.227  7.880  7.533  7.184  6.835  6.485  6.134  5.782  5.429  5.074  4.719  4.363  4.004  3.645  3.283  2.919  2.553  2.184  1.812  1.437  1.058  0.675  0.290 -0.099 -0.413 -0.729 
24.467 24.156 23.844 23.531 23.218 22.904 22.589 22.274 21.958 21.641 21.324 21.006 20.687 20.368 20.048 19.727 19.405 19.083 18.760 18.436 18.111 17.786 17.460 17.133 16.806 16.478 16.149 15.819 15.488 15.157 14.825 14.492 14.158 13.823 13.488 13.151 12.814 12.476 12.137 11.798 11.457 11.115 10.773 10.430 10.085  9.740  9.394  9.047  8.700  8.351  8.001  7.651  7.299  6.947  6.594  6.240  5.885  5.529  5.173  4.816  4.458  4.099  3.740  3.379  3.018  2.657  2.295  1.932  1.569  1.205  0.840  0.475  0.110 -0.226 -0.608 -0.991 
24.308 23.997 23.685 23.372 23.059 22.744 22.430 22.114 21.797 21.480 21.162 20.844 20.524 20.204 19.883 19.562 19.239 18.916 18.592 18.268 17.942 17.616 17.289 16.961 16.632 16.303 15.973 15.642 15.310 14.977 14.644 14.310 13.974 13.638 13.301 12.964 12.625 12.285 11.945 11.603 11.261 10.917 10.573 10.227  9.881  9.533  9.185  8.835  8.484  8.132  7.779  7.425  7.070  6.714  6.357  5.998  5.639  5.278  4.917  4.554  4.190  3.826  3.460  3.094  2.727  2.359  1.990  1.621  1.251  0.881  0.510  0.139 -0.186 -0.541 -0.898 -1.254 
24.138 23.826 23.514 23.202 22.888 22.574 22.258 21.942 21.625 21.308 20.989 20.670 20.350 20.029 19.708 19.385 19.062 18.738 18.413 18.088 17.761 17.434 17.106 16.777 16.447 16.117 15.785 15.453 15.120 14.786 14.451 14.115 13.779 13.441 13.103 12.764 12.424 12.084 11.742 11.399 11.056 10.712 10.367 10.020  9.673  9.325  8.977  8.627  8.276  7.923  7.570  7.216  6.860  6.503  6.145  5.785  5.423  5.060  4.695  4.328  3.959  3.588  3.216  2.841  2.464  2.085  1.704  1.322  0.938  0.552  0.166 -0.171 -0.508 -0.844 -1.180 -1.517 
23.957 23.646 23.334 23.021 22.707 22.392 22.077 21.761 21.443 21.125 20.807 20.487 20.167 19.845 19.523 19.200 18.876 18.551 18.226 17.899 17.572 17.244 16.915 16.585 16.254 15.922 15.589 15.256 14.921 14.586 14.249 13.912 13.574 13.235 12.895 12.554 12.212 11.870 11.526 11.181 10.836 10.489 10.142  9.794  9.444  9.094  8.743  8.391  8.038  7.685  7.330  6.975  6.618  6.261  5.903  5.545  5.185  4.825  4.464  4.102  3.740  3.377  3.013  2.648  2.283  1.917  1.551  1.184  0.817  0.449  0.081 -0.256 -0.636 -1.017 -1.398 -1.780 
23.767 23.455 23.143 22.830 22.516 22.201 21.886 21.569 21.252 20.934 20.614 20.294 19.974 19.652 19.329 19.006 18.681 18.356 18.030 17.702 17.374 17.045 16.716 16.385 16.053 15.721 15.387 15.053 14.717 14.381 14.043 13.705 13.366 13.025 12.684 12.342 11.998 11.654 11.308 10.962 10.615 10.266  9.917  9.566  9.214  8.862  8.508  8.153  7.797  7.440  7.082  6.723  6.364  6.003  5.641  5.278  4.914  4.550  4.184  3.818  3.451  3.083  2.714  2.345  1.975  1.605  1.234  0.862  0.490  0.118 -0.213 -0.578 -0.943 -1.309 -1.676 -2.043 
23.568 23.256 22.944 22.631 22.317 22.002 21.686 21.369 21.052 20.733 20.413 20.093 19.772 19.449 19.126 18.802 18.477 18.151 17.824 17.497 17.168 16.838 16.508 16.176 15.844 15.511 15.176 14.841 14.505 14.168 13.830 13.491 13.151 12.810 12.468 12.125 11.781 11.436 11.090 10.743 10.395 10.046  9.695  9.344  8.991  8.637  8.282  7.925  7.568  7.208  6.848  6.486  6.123  5.759  5.393  5.026  4.657  4.287  3.916  3.544  3.170  2.796  2.420  2.043  1.665  1.287  0.908  0.528  0.148 -0.181 -0.534 -0.887 -1.241 -1.595 -1.950 -2.306 
23.361 23.050 22.738 22.424 22.110 21.795 21.479 21.162 20.844 20.525 20.205 19.884 19.563 19.240 18.916 18.592 18.266 17.940 17.612 17.284 16.954 16.624 16.292 15.960 15.627 15.292 14.957 14.621 14.284 13.945 13.606 13.266 12.925 12.583 12.240 11.896 11.551 11.205 10.858 10.510 10.161  9.811  9.460  9.109  8.756  8.403  8.048  7.693  7.337  6.980  6.622  6.264  5.904  5.543  5.182  4.819  4.456  4.091  3.725  3.358  2.989  2.618  2.245  1.870  1.492  1.109  0.721  0.325 -0.080 -0.415 -0.761 -1.115 -1.474 -1.837 -2.202 -2.569 
23.148 22.836 22.524 22.211 21.896 21.581 21.265 20.948 20.630 20.310 19.990 19.669 19.347 19.024 18.700 18.375 18.049 17.722 17.394 17.065 16.735 16.404 16.072 15.739 15.405 15.070 14.734 14.397 14.059 13.719 13.379 13.038 12.695 12.352 12.008 11.662 11.316 10.968 10.619 10.269  9.919  9.567  9.214  8.860  8.505  8.149  7.792  7.434  7.075  6.715  6.354  5.993  5.630  5.266  4.902  4.537  4.171  3.804  3.436  3.068  2.699  2.329  1.958  1.587  1.215  0.842  0.469  0.094 -0.222 -0.489 -0.749 -0.998 -1.234 -1.455 -1.659 -1.846 
22.927 22.616 22.304 21.990 21.676 21.361 21.044 20.727 20.409 20.089 19.769 19.448 19.126 18.802 18.478 18.153 17.827 17.500 17.172 16.843 16.513 16.182 15.850 15.518 15.184 14.850 14.514 14.178 13.841 13.503 13.165 12.825 12.485 12.144 11.803 11.461 11.118 10.775 10.431 10.087  9.742  9.397  9.052  8.706  8.361  8.015  7.669  7.323  6.978  6.632  6.288  5.944  5.600  5.258  4.916  4.576  4.238  3.901  3.566  3.233  2.902  2.573  2.247  1.923  1.601  1.282  0.964  0.649  0.335  0.022 -0.147 -0.239 -0.325 -0.409 -0.493 -0.576 
22.718 22.407 22.095 21.782 21.468 21.153 20.838 20.522 20.205 19.887 19.568 19.249 18.928 18.607 18.286 17.963 17.640 17.316 16.992 16.667 16.341 16.015 15.688 15.361 15.033 14.704 14.376 14.046 13.717 13.387 13.057 12.726 12.396 12.065 11.734 11.404 11.073 10.742 10.411 10.081  9.751  9.421  9.091  8.762  8.434  8.106  7.779  7.452  7.127  6.802  6.478  6.156  5.835  5.515  5.196  4.879  4.563  4.249  3.937  3.626  3.317  3.010  2.705  2.402  2.100  1.800  1.502  1.205  0.910  0.616  0.324  0.032 -0.122 -0.195 -0.263 -0.330 
22.564 22.253 21.941 21.629 21.316 21.003 20.689 20.375 20.060 19.745 19.429 19.113 18.796 18.479 18.162 17.844 17.526 17.207 16.888 16.569 16.249 15.930 15.610 15.290 14.969 14.649 14.329 14.008 13.687 13.367 13.047 12.726 12.406 12.086 11.766 11.447 11.128 10.809 10.491 10.173  9.856  9.539  9.223  8.908  8.593  8.279  7.966  7.654  7.343  7.033  6.725  6.417  6.111  5.806  5.502  5.200  4.900  4.600  4.303  4.007  3.713  3.421  3.130  2.841  2.553  2.268  1.984  1.701  1.420  1.141  0.863  0.586  0.310  0.036 -0.107 -0.171 
22.480 22.169 21.858 21.547 21.235 20.923 20.611 20.299 19.986 19.674 19.361 19.048 18.735 18.422 18.109 17.795 17.482 17.168 16.855 16.541 16.228 15.914 15.601 15.287 14.974 14.661 14.348 14.036 13.723 13.411 13.099 12.788 12.477 12.166 11.856 11.546 11.237 10.929 10.621 10.314 10.007  9.702  9.397  9.094  8.791  8.489  8.189  7.890  7.592  7.296  7.001  6.707  6.416  6.126  5.838  5.552  5.268  4.986  4.706  4.429  4.154  3.881  3.610  3.342  3.076  2.813  2.551  2.292  2.035  1.779  1.526  1.273  1.022  0.772  0.523  0.275 
22.464 22.153 21.842 21.532 21.221 20.910 20.600 20.290 19.979 19.669 19.359 19.049 18.740 18.430 18.121 17.811 17.502 17.194 16.885 16.577 16.269 15.961 15.654 15.347 15.040 14.734 14.428 14.123 13.818 13.514 13.210 12.907 12.604 12.302 12.001 11.700 11.400 11.100 10.802 10.504 10.207  9.910  9.615  9.320  9.026  8.733  8.441  8.150  7.859  7.570  7.281  6.994  6.707  6.421  6.136  5.851  5.568  5.285  5.003  4.722  4.442  4.163  3.884  3.606  3.328  3.051  2.775  2.499  2.224  1.949  1.674  1.400  1.126  0.853  0.579  0.306 
22.507 22.196 21.885 21.575 21.265 20.956 20.647 20.338 20.029 19.720 19.412 19.105 18.797 18.490 18.183 17.877 17.571 17.265 16.960 16.655 16.350 16.046 15.742 15.439 15.136 14.833 14.531 14.230 13.928 13.628 13.327 13.028 12.728 12.430 12.131 11.834 11.536 11.240 10.944 10.648 10.353 10.058  9.764  9.471  9.178  8.885  8.594  8.302  8.011  7.721  7.431  7.142  6.853  6.565  6.277  5.990  5.703  5.417  5.131  4.845  4.560  4.275  3.991  3.707  3.423  3.139  2.856  2.573  2.291  2.008  1.726  1.444  1.162  0.880  0.598  0.316 
22.582 22.271 21.961 21.651 21.341 21.032 20.723 20.415 20.107 19.799 19.492 19.185 18.878 18.572 18.266 17.961 17.656 17.351 17.047 16.743 16.440 16.137 15.834 15.532 15.230 14.928 14.627 14.327 14.027 13.727 13.427 13.128 12.830 12.532 12.234 11.937 11.640 11.343 11.047 10.751 10.456 10.161  9.867  9.573  9.279  8.986  8.693  8.400  8.108  7.816  7.525  7.234  6.943  6.652  6.362  6.072  5.783  5.494  5.205  4.916  4.627  4.339  4.051  3.763  3.476  3.188  2.901  2.614  2.327  2.041  1.754  1.467  1.181  0.894  0.608  0.322 
22.668 22.357 22.047 21.737 21.427 21.118 20.809 20.501 20.193 19.885 19.578 19.271 18.965 18.659 18.353 18.048 17.743 17.438 17.134 16.830 16.527 16.224 15.921 15.619 15.317 15.016 14.715 14.414 14.113 13.813 13.514 13.215 12.916 12.617 12.319 12.021 11.723 11.426 11.129 10.833 10.537 10.241  9.945  9.650  9.355  9.061  8.766  8.472  8.179  7.885  7.592  7.299  7.006  6.714  6.422  6.130  5.838  5.547  5.255  4.964  4.674  4.383  4.092  3.802  3.512  3.222  2.932  2.642  2.352  2.062  1.773  1.483  1.194  0.904  0.615  0.326 
22.753 22.442 22.132 21.822 21.512 21.203 20.894 20.586 20.278 19.970 19.662 19.355 19.049 18.743 18.437 18.131 17.826 17.521 17.217 16.913 16.609 16.305 16.002 15.700 15.397 15.095 14.794 14.492 14.191 13.891 13.590 13.290 12.991 12.691 12.392 12.093 11.795 11.497 11.199 10.901 10.604 10.307 10.010  9.714  9.418  9.122  8.826  8.531  8.235  7.940  7.646  7.351  7.057  6.763  6.469  6.175  5.882  5.588  5.295  5.002  4.709  4.416  4.124  3.831  3.539  3.247  2.955  2.663  2.371  2.079  1.787  1.495  1.203  0.912  0.620  0.328 
22.833 22.523 22.212 21.902 21.593 21.283 20.974 20.666 20.357 20.049 19.742 19.435 19.128 18.821 18.515 18.209 17.903 17.598 17.293 16.989 16.684 16.380 16.077 15.774 15.471 15.168 14.866 14.564 14.262 13.960 13.659 13.358 13.058 12.757 12.457 12.158 11.858 11.559 11.260 10.961 10.663 10.365 10.067  9.769  9.472  9.174  8.877  8.581  8.284  7.988  7.691  7.395  7.100  6.804  6.509  6.213  5.918  5.623  5.328  5.033  4.739  4.444  4.150  3.856  3.562  3.268  2.974  2.680  2.386  2.092  1.799  1.505  1.211  0.918  0.624  0.331 
22.908 22.597 22.287 21.977 21.667 21.358 21.048 20.740 20.431 20.123 19.815 19.508 19.200 18.893 18.587 18.281 17.975 17.669 17.363 17.058 16.754 16.449 16.145 15.841 15.537 15.234 14.931 14.628 14.326 14.023 13.721 13.420 13.118 12.817 12.516 12.215 11.915 11.615 11.315 11.015 10.715 10.416 10.117  9.818  9.520  9.221  8.923  8.625  8.327  8.029  7.732  7.434  7.137  6.840  6.543  6.246  5.950  5.653  5.357  5.061  4.765  4.469  4.173  3.877  3.581  3.286  2.990  2.695  2.399  2.104  1.809  1.514  1.218  0.923  0.628  0.333 
22.976 22.666 22.355 22.045 21.735 21.426 21.116 20.807 20.499 20.190 19.882 19.574 19.267 18.960 18.653 18.346 18.040 17.733 17.427 17.122 16.817 16.512 16.207 15.902 15.598 15.294 14.990 14.687 14.383 14.080 13.778 13.475 13.173 12.871 12.569 12.267 11.966 11.665 11.364 11.063 10.763 10.462 10.162  9.862  9.563  9.263  8.964  8.664  8.365  8.066  7.768  7.469  7.171  6.872  6.574  6.276  5.978  5.681  5.383  5.085  4.788  4.491  4.193  3.896  3.599  3.302  3.005  2.708  2.411  2.115  1.818  1.521  1.224  0.928  0.631  0.335 
23.039 22.728 22.418 22.108 21.798 21.488 21.179 20.869 20.560 20.252 19.943 19.635 19.328 19.020 18.713 18.406 18.099 17.792 17.486 17.180 16.874 16.568 16.263 15.958 15.653 15.349 15.044 14.740 14.436 14.132 13.829 13.526 13.223 12.920 12.617 12.315 12.012 11.710 11.409 11.107 10.805 10.504 10.203  9.902  9.601  9.301  9.000  8.700  8.400  8.100  7.800  7.500  7.201  6.901  6.602  6.303  6.004  5.705  5.406  5.107  4.809  4.510  4.212  3.913  3.615  3.316  3.018  2.720  2.422  2.124  1.826  1.528  1.230  0.932  0.634  0.336 
23.096 22.785 22.475 22.164 21.854 21.545 21.235 20.926 20.617 20.308 19.999 19.691 19.383 19.075 18.767 18.460 18.153 17.846 17.539 17.232 16.926 16.620 16.314 16.009 15.703 15.398 15.093 14.788 14.484 14.179 13.875 13.571 13.268 12.964 12.661 12.358 12.055 11.752 11.449 11.147 10.844 10.542 10.240  9.938  9.637  9.335  9.034  8.732  8.431  8.130  7.830  7.529  7.228  6.928  6.627  6.327  6.027  5.727  5.427  5.127  4.827  4.528  4.228  3.928  3.629  3.330  3.030  2.731  2.432  2.132  1.833  1.534  1.235  0.936  0.637  0.337 
23.148 22.837 22.526 22.216 21.906 21.596 21.286 20.977 20.668 20.359 20.050 19.741 19.433 19.125 18.817 18.509 18.202 17.894 17.587 17.280 16.974 16.667 16.361 16.055 15.749 15.443 15.138 14.832 14.527 14.222 13.918 13.613 13.309 13.004 12.700 12.396 12.093 11.789 11.486 11.183 10.879 10.577 10.274  9.971  9.669  9.366  9.064  8.762  8.460  8.158  7.856  7.555  7.253  6.952  6.650  6.349  6.048  5.747  5.446  5.145  4.844  4.544  4.243  3.942  3.642  3.341  3.041  2.741  2.440  2.140  1.840  1.540  1.239  0.939  0.639  0.339 
23.195 22.884 22.574 22.263 21.953 21.643 21.333 21.024 20.714 20.405 20.096 19.787 19.479 19.170 18.862 18.554 18.246 17.939 17.631 17.324 17.017 16.710 16.403 16.097 15.790 15.484 15.178 14.872 14.567 14.261 13.956 13.651 13.346 13.041 12.736 12.432 12.128 11.823 11.519 11.215 10.911 10.608 10.304 10.001  9.698  9.395  9.091  8.789  8.486  8.183  7.881  7.578  7.276  6.973  6.671  6.369  6.067  5.765  5.463  5.162  4.860  4.558  4.257  3.955  3.654  3.352  3.051  2.750  2.448  2.147  1.846  1.545  1.243  0.942  0.641  0.340 
23.238 22.927 22.616 22.306 21.996 21.686 21.376 21.066 20.757 20.447 20.138 19.829 19.520 19.212 18.903 18.595 18.287 17.979 17.671 17.364 17.056 16.749 16.442 16.135 15.828 15.522 15.215 14.909 14.603 14.297 13.991 13.685 13.380 13.074 12.769 12.464 12.159 11.854 11.550 11.245 10.941 10.636 10.332 10.028  9.724  9.420  9.116  8.813  8.509  8.206  7.903  7.599  7.296  6.993  6.690  6.387  6.084  5.782  5.479  5.176  4.874  4.571  4.269  3.967  3.664  3.362  3.060  2.758  2.455  2.153  1.851  1.549  1.247  0.945  0.643  0.341 
23.277 22.966 22.655 22.345 22.035 21.724 21.414 21.105 20.795 20.486 20.176 19.867 19.558 19.249 18.941 18.632 18.324 18.016 17.708 17.400 17.092 16.784 16.477 16.170 15.863 15.556 15.249 14.942 14.635 14.329 14.023 13.717 13.411 13.105 12.799 12.493 12.188 11.882 11.577 11.272 10.967 10.662 10.357 10.053  9.748  9.444  9.139  8.835  8.531  8.227  7.923  7.619  7.315  7.011  6.707  6.404  6.100  5.797  5.493  5.190  4.887  4.583  4.280  3.977  3.674  3.371  3.068  2.765  2.462  2.159  1.856  1.553  1.250  0.948  0.645  0.342 
23.312 23.001 22.691 22.380 22.070 21.760 21.450 21.140 20.830 20.520 20.211 19.902 19.592 19.283 18.975 18.666 18.357 18.049 17.741 17.432 17.124 16.817 16.509 16.201 15.894 15.586 15.279 14.972 14.665 14.358 14.052 13.745 13.439 13.132 12.826 12.520 12.214 11.908 11.602 11.297 10.991 10.686 10.380 10.075  9.770  9.465  9.160  8.855  8.550  8.245  7.941  7.636  7.332  7.027  6.723  6.419  6.115  5.810  5.506  5.202  4.898  4.594  4.290  3.987  3.683  3.379  3.075  2.772  2.468  2.164  1.861  1.557  1.253  0.950  0.646  0.343 
23.344 23.034 22.723 22.412 22.102 21.792 21.482 21.172 20.862 20.552 20.243 19.933 19.624 19.315 19.006 18.697 18.388 18.079 17.771 17.462 17.154 16.846 16.538 16.230 15.922 15.614 15.307 14.999 14.692 14.385 14.078 13.771 13.464 13.157 12.851 12.544 12.238 11.931 11.625 11.319 11.013 10.707 10.401 10.095  9.790  9.484  9.179  8.873  8.568  8.263  7.957  7.652  7.347  7.042  6.737  6.432  6.128  5.823  5.518  5.213  4.909  4.604  4.300  3.995  3.691  3.386  3.082  2.778  2.473  2.169  1.865  1.560  1.256  0.952  0.648  0.343 
23.374 23.063 22.752 22.442 22.131 21.821 21.511 21.201 20.891 20.581 20.271 19.962 19.652 19.343 19.034 18.725 18.416 18.107 17.798 17.489 17.181 16.872 16.564 16.256 15.948 15.640 15.332 15.024 14.717 14.409 14.102 13.794 13.487 13.180 12.873 12.566 12.259 11.953 11.646 11.339 11.033 10.726 10.420 10.114  9.808  9.502  9.196  8.890  8.584  8.278  7.972  7.667  7.361  7.056  6.750  6.445  6.139  5.834  5.529  5.224  4.918  4.613  4.308  4.003  3.698  3.393  3.088  2.783  2.478  2.173  1.868  1.564  1.259  0.954  0.649  0.344 
23.400 23.090 22.779 22.468 22.158 21.847 21.537 21.227 20.917 20.607 20.297 19.988 19.678 19.369 19.059 18.750 18.441 18.132 17.823 17.514 17.205 16.897 16.588 16.280 15.971 15.663 15.355 15.047 14.739 14.431 14.123 13.816 13.508 13.201 12.893 12.586 12.279 11.972 11.665 11.358 11.051 10.744 10.437 10.131  9.824  9.518  9.211  8.905  8.599  8.292  7.986  7.680  7.374  7.068  6.762  6.456  6.150  5.844  5.539  5.233  4.927  4.621  4.316  4.010  3.705  3.399  3.094  2.788  2.483  2.177  1.872  1.566  1.261  0.956  0.650  0.345 
23.425 23.114 22.803 22.492 22.182 21.872 21.561 21.251 20.941 20.631 20.321 20.011 19.701 19.392 19.082 18.773 18.464 18.154 17.845 17.536 17.227 16.919 16.610 16.301 15.993 15.684 15.376 15.068 14.759 14.451 14.143 13.835 13.527 13.220 12.912 12.604 12.297 11.989 11.682 11.375 11.067 10.760 10.453 10.146  9.839  9.532  9.225  8.919  8.612  8.305  7.999  7.692  7.385  7.079  6.773  6.466  6.160  5.854  5.547  5.241  4.935  4.629  4.323  4.017  3.711  3.405  3.099  2.793  2.487  2.181  1.875  1.569  1.263  0.957  0.651  0.345 
23.447 23.136 22.825 22.514 22.204 21.893 21.583 21.273 20.963 20.653 20.343 20.033 19.723 19.413 19.103 18.794 18.484 18.175 17.866 17.557 17.248 16.939 16.630 16.321 16.012 15.703 15.395 15.086 14.778 14.469 14.161 13.853 13.545 13.237 12.929 12.621 12.313 12.005 11.698 11.390 11.082 10.775 10.467 10.160  9.853  9.545  9.238  8.931  8.624  8.317  8.010  7.703  7.396  7.089  6.782  6.476  6.169  5.862  5.555  5.249  4.942  4.636  4.329  4.023  3.716  3.410  3.103  2.797  2.490  2.184  1.878  1.571  1.265  0.959  0.652  0.346 
23.467 23.156 22.845 22.534 22.224 21.913 21.603 21.293 20.982 20.672 20.362 20.052 19.742 19.432 19.123 18.813 18.503 18.194 17.885 17.575 17.266 16.957 16.648 16.339 16.030 15.721 15.412 15.103 14.795 14.486 14.177 13.869 13.561 13.252 12.944 12.636 12.328 12.020 11.712 11.404 11.096 10.788 10.480 10.173  9.865  9.557  9.250  8.942  8.635  8.328  8.020  7.713  7.406  7.098  6.791  6.484  6.177  5.870  5.563  5.256  4.949  4.642  4.335  4.028  3.721  3.414  3.107  2.801  2.494  2.187  1.880  1.573  1.267  0.960  0.653  0.346 
23.485 23.174 22.863 22.553 22.242 21.931 21.621 21.311 21.000 20.690 20.380 20.070 19.760 19.450 19.140 18.830 18.521 18.211 17.901 17.592 17.283 16.973 16.664 16.355 16.046 15.737 15.428 15.119 14.810 14.501 14.192 13.884 13.575 13.266 12.958 12.650 12.341 12.033 11.725 11.416 11.108 10.800 10.492 10.184  9.876  9.568  9.260  8.953  8.645  8.337  8.029  7.722  7.414  7.107  6.799  6.492  6.184  5.877  5.569  5.262  4.955  4.647  4.340  4.033  3.726  3.418  3.111  2.804  2.497  2.190  1.882  1.575  1.268  0.961  0.654  0.347 
23.501 23.191 22.880 22.569 22.259 21.948 21.637 21.327 21.017 20.706 20.396 20.086 19.776 19.466 19.156 18.846 18.536 18.227 17.917 17.607 17.298 16.988 16.679 16.370 16.060 15.751 15.442 15.133 14.824 14.515 14.206 13.897 13.588 13.279 12.971 12.662 12.353 12.045 11.736 11.428 11.119 10.811 10.503 10.195  9.886  9.578  9.270  8.962  8.654  8.346  8.038  7.730  7.422  7.114  6.806  6.499  6.191  5.883  5.575  5.268  4.960  4.652  4.345  4.037  3.730  3.422  3.115  2.807  2.499  2.192  1.884  1.577  1.270  0.962  0.655  0.347 
23.517 23.206 22.895 22.584 22.273 21.963 21.652 21.342 21.032 20.721 20.411 20.101 19.791 19.480 19.170 18.860 18.551 18.241 17.931 17.621 17.312 17.002 16.692 16.383 16.073 15.764 15.455 15.145 14.836 14.527 14.218 13.909 13.600 13.291 12.982 12.673 12.364 12.056 11.747 11.438 11.130 10.821 10.513 10.204  9.896  9.587  9.279  8.971  8.662  8.354  8.046  7.738  7.429  7.121  6.813  6.505  6.197  5.889  5.581  5.273  4.965  4.657  4.349  4.041  3.733  3.425  3.118  2.810  2.502  2.194  1.886  1.579  1.271  0.963  0.655  0.347 
23.530 23.219 22.909 22.598 22.287 21.977 21.666 21.355 21.045 20.735 20.424 20.114 19.804 19.494 19.184 18.873 18.563 18.254 17.944 17.634 17.324 17.014 16.705 16.395 16.085 15.776 15.467 15.157 14.848 14.538 14.229 13.920 13.611 13.302 12.993 12.684 12.375 12.066 11.757 11.448 11.139 10.830 10.521 10.213  9.904  9.595  9.287  8.978  8.670  8.361  8.053  7.744  7.436  7.127  6.819  6.511  6.202  5.894  5.586  5.278  4.969  4.661  4.353  4.045  3.737  3.429  3.120  2.812  2.504  2.196  1.888  1.580  1.272  0.964  0.656  0.348 
23.543 23.232 22.921 22.610 22.300 21.989 21.678 21.368 21.057 20.747 20.436 20.126 19.816 19.506 19.195 18.885 18.575 18.265 17.955 17.645 17.335 17.026 16.716 16.406 16.096 15.787 15.477 15.168 14.858 14.549 14.239 13.930 13.621 13.311 13.002 12.693 12.384 12.075 11.765 11.456 11.147 10.838 10.529 10.221  9.912  9.603  9.294  8.985  8.677  8.368  8.059  7.750  7.442  7.133  6.825  6.516  6.207  5.899  5.590  5.282  4.973  4.665  4.357  4.048  3.740  3.431  3.123  2.815  2.506  2.198  1.890  1.581  1.273  0.965  0.656  0.348 
23.554 23.243 22.932 22.621 22.311 22.000 21.689 21.379 21.068 20.758 20.448 20.137 19.827 19.517 19.206 18.896 18.586 18.276 17.966 17.656 17.346 17.036 16.726 16.416 16.106 15.797 15.487 15.177 14.868 14.558 14.248 13.939 13.629 13.320 13.011 12.701 12.392 12.083 11.773 11.464 11.155 10.846 10.537 10.228  9.919  9.610  9.301  8.992  8.683  8.374  8.065  7.756  7.447  7.138  6.830  6.521  6.212  5.903  5.595  5.286  4.977  4.669  4.360  4.051  3.743  3.434  3.125  2.817  2.508  2.200  1.891  1.582  1.274  0.965  0.657  0.348 
23.564 23.253 22.943 22.632 22.321 22.010 21.700 21.389 21.079 20.768 20.458 20.147 19.837 19.526 19.216 18.906 18.596 18.285 17.975 17.665 17.355 17.045 16.735 16.425 16.115 15.806 15.496 15.186 14.876 14.567 14.257 13.947 13.638 13.328 13.019 12.709 12.400 12.090 11.781 11.471 11.162 10.853 10.543 10.234  9.925  9.616  9.307  8.997  8.688  8.379  8.070  7.761  7.452  7.143  6.834  6.525  6.216  5.907  5.598  5.289  4.981  4.672  4.363  4.054  3.745  3.436  3.127  2.819  2.510  2.201  1.892  1.584  1.275  0.966  0.657  0.348 
23.574 23.263 22.952 22.641 22.330 22.020 21.709 21.398 21.088 20.777 20.467 20.156 19.846 19.535 19.225 18.915 18.604 18.294 17.984 17.674 17.364 17.054 16.744 16.434 16.124 15.814 15.504 15.194 14.884 14.574 14.264 13.955 13.645 13.335 13.026 12.716 12.406 12.097 11.787 11.478 11.168 10.859 10.549 10.240  9.931  9.621  9.312  9.003  8.693  8.384  8.075  7.766  7.457  7.147  6.838  6.529  6.220  5.911  5.602  5.293  4.984  4.675  4.365  4.056  3.747  3.438  3.129  2.820  2.511  2.202  1.893  1.585  1.276  0.967  0.658  0.349 
23.582 23.271 22.960 22.650 22.339 22.028 21.717 21.407 21.096 20.786 20.475 20.165 19.854 19.544 19.233 18.923 18.613 18.302 17.992 17.682 17.372 17.061 16.751 16.441 16.131 15.821 15.511 15.201 14.891 14.581 14.271 13.961 13.652 13.342 13.032 12.722 12.413 12.103 11.793 11.484 11.174 10.865 10.555 10.245  9.936  9.626  9.317  9.008  8.698  8.389  8.079  7.770  7.461  7.151  6.842  6.533  6.223  5.914  5.605  5.296  4.986  4.677  4.368  4.059  3.749  3.440  3.131  2.822  2.513  2.204  1.895  1.585  1.276  0.967  0.658  0.349 
23.590 23.279 22.968 22.657 22.346 22.036 21.725 21.414 21.104 20.793 20.483 20.172 19.862 19.551 19.241 18.930 18.620 18.309 17.999 17.689 17.379 17.068 16.758 16.448 16.138 15.828 15.518 15.208 14.898 14.588 14.278 13.968 13.658 13.348 13.038 12.728 12.418 12.109 11.799 11.489 11.179 10.870 10.560 10.250  9.941  9.631  9.321  9.012  8.702  8.393  8.083  7.774  7.464  7.155  6.845  6.536  6.226  5.917  5.608  5.298  4.989  4.679  4.370  4.061  3.751  3.442  3.133  2.823  2.514  2.205  1.895  1.586  1.277  0.968  0.658  0.349 
23.597 23.286 22.975 22.664 22.353 22.043 21.732 21.421 21.111 20.800 20.489 20.179 19.868 19.558 19.247 18.937 18.626 18.316 18.006 17.695 17.385 17.075 16.764 16.454 16.144 15.834 15.524 15.214 14.903 14.593 14.283 13.973 13.663 13.353 13.043 12.733 12.424 12.114 11.804 11.494 11.184 10.874 10.564 10.255  9.945  9.635  9.326  9.016  8.706  8.396  8.087  7.777  7.468  7.158  6.848  6.539  6.229  5.920  5.610  5.301  4.991  4.682  4.372  4.063  3.753  3.444  3.134  2.825  2.515  2.206  1.896  1.587  1.277  0.968  0.659  0.349 
23.603 23.292 22.981 22.671 22.360 22.049 21.738 21.428 21.117 20.806 20.496 20.185 19.874 19.564 19.253 18.943 18.632 18.322 18.012 17.701 17.391 17.081 16.770 16.460 16.150 15.839 15.529 15.219 14.909 14.599 14.289 13.978 13.668 13.358 13.048 12.738 12.428 12.118 11.808 11.498 11.188 10.878 10.569 10.259  9.949  9.639  9.329  9.019  8.710  8.400  8.090  7.780  7.471  7.161  6.851  6.541  6.232  5.922  5.612  5.303  4.993  4.684  4.374  4.064  3.755  3.445  3.135  2.826  2.516  2.207  1.897  1.588  1.278  0.968  0.659  0.349 
23.609 23.298 22.987 22.676 22.366 22.055 21.744 21.433 21.123 20.812 20.501 20.191 19.880 19.570 19.259 18.948 18.638 18.327 18.017 17.707 17.396 17.086 16.775 16.465 16.155 15.844 15.534 15.224 14.914 14.603 14.293 13.983 13.673 13.363 13.053 12.743 12.432 12.122 11.812 11.502 11.192 10.882 10.572 10.262  9.952  9.642  9.333  9.023  8.713  8.403  8.093  7.783  7.473  7.164  6.854  6.544  6.234  5.924  5.615  5.305  4.995  4.685  4.376  4.066  3.756  3.446  3.137  2.827  2.517  2.208  1.898  1.588  1.278  0.969  0.659  0.349 
23.614 23.303 22.992 22.682 22.371 22.060 21.749 21.439 21.128 20.817 20.506 20.196 19.885 19.575 19.264 18.953 18.643 18.332 18.022 17.711 17.401 17.091 16.780 16.470 16.159 15.849 15.539 15.228 14.918 14.608 14.298 13.987 13.677 13.367 13.057 12.746 12.436 12.126 11.816 11.506 11.196 10.886 10.576 10.266  9.956  9.646  9.336  9.026  8.716  8.406  8.096  7.786  7.476  7.166  6.856  6.546  6.236  5.926  5.616  5.307  4.997  4.687  4.377  4.067  3.757  3.448  3.138  2.828  2.518  2.208  1.898  1.589  1.279  0.969  0.659  0.349 
23.619 23.308 22.997 22.686 22.376 22.065 21.754 21.443 21.133 20.822 20.511 20.200 19.890 19.579 19.269 18.958 18.647 18.337 18.026 17.716 17.405 17.095 16.784 16.474 16.164 15.853 15.543 15.232 14.922 14.612 14.301 13.991 13.681 13.371 13.060 12.750 12.440 12.130 11.819 11.509 11.199 10.889 10.579 10.269  9.959  9.648  9.338  9.028  8.718  8.408  8.098  7.788  7.478  7.168  6.858  6.548  6.238  5.928  5.618  5.308  4.998  4.688  4.378  4.068  3.759  3.449  3.139  2.829  2.519  2.209  1.899  1.589  1.279  0.969  0.659  0.350 
23.623 23.312 23.002 22.691 22.380 22.069 21.758 21.448 21.137 20.826 20.515 20.205 19.894 19.583 19.273 18.962 18.652 18.341 18.030 17.720 17.409 17.099 16.788 16.478 16.167 15.857 15.547 15.236 14.926 14.615 14.305 13.995 13.684 13.374 13.064 12.753 12.443 12.133 11.823 11.512 11.202 10.892 10.582 10.271  9.961  9.651  9.341  9.031  8.721  8.411  8.100  7.790  7.480  7.170  6.860  6.550  6.240  5.930  5.620  5.310  5.000  4.690  4.380  4.070  3.760  3.450  3.140  2.830  2.520  2.210  1.900  1.590  1.280  0.970  0.660  0.350 
23.627 23.316 23.006 22.695 22.384 22.073 21.762 21.451 21.141 20.830 20.519 20.209 19.898 19.587 19.277 18.966 18.655 18.345 18.034 17.724 17.413 17.102 16.792 16.481 16.171 15.860 15.550 15.239 14.929 14.619 14.308 13.998 13.687 13.377 13.067 12.756 12.446 12.136 11.825 11.515 11.205 10.894 10.584 10.274  9.964  9.653  9.343  9.033  8.723  8.413  8.102  7.792  7.482  7.172  6.862  6.552  6.241  5.931  5.621  5.311  5.001  4.691  4.381  4.071  3.761  3.450  3.140  2.830  2.520  2.210  1.900  1.590  1.280  0.970  0.660  0.350 
23.631 23.320 23.009 22.698 22.387 22.077 21.766 21.455 21.144 20.834 20.523 20.212 19.901 19.591 19.280 18.969 18.659 18.348 18.037 17.727 17.416 17.106 16.795 16.485 16.174 15.863 15.553 15.242 14.932 14.622 14.311 14.001 13.690 13.380 13.069 12.759 12.449 12.138 11.828 11.517 11.207 10.897 10.586 10.276  9.966  9.656  9.345  9.035  8.725  8.414  8.104  7.794  7.484  7.174  6.863  6.553  6.243  5.933  5.622  5.312  5.002  4.692  4.382  4.072  3.761  3.451  3.141  2.831  2.521  2.211  1.900  1.590  1.280  0.970  0.660  0.350 
23.634 23.323 23.012 22.702 22.391 22.080 21.769 21.458 21.147 20.837 20.526 20.215 19.905 19.594 19.283 18.972 18.662 18.351 18.040 17.730 17.419 17.109 16.798 16.487 16.177 15.866 15.556 15.245 14.935 14.624 14.314 14.003 13.693 13.382 13.072 12.761 12.451 12.141 11.830 11.520 11.209 10.899 10.589 10.278  9.968  9.658  9.347  9.037  8.727  8.416  8.106  7.796  7.485  7.175  6.865  6.554  6.244  5.934  5.624  5.313  5.003  4.693  4.383  4.072  3.762  3.452  3.142  2.832  2.521  2.211  1.901  1.591  1.280  0.970  0.660  0.350 
23.637 23.326 23.015 22.704 22.394 22.083 21.772 21.461 21.150 20.840 20.529 20.218 19.907 19.597 19.286 18.975 18.665 18.354 18.043 17.733 17.422 17.111 16.801 16.490 16.179 15.869 15.558 15.248 14.937 14.627 14.316 14.006 13.695 13.385 13.074 12.764 12.453 12.143 11.832 11.522 11.211 10.901 10.590 10.280  9.970  9.659  9.349  9.039  8.728  8.418  8.107  7.797  7.487  7.176  6.866  6.556  6.245  5.935  5.625  5.314  5.004  4.694  4.384  4.073  3.763  3.453  3.142  2.832  2.522  2.212  1.901  1.591  1.281  0.970  0.660  0.350 
23.640 23.329 23.018 22.707 22.396 22.085 21.775 21.464 21.153 20.842 20.532 20.221 19.910 19.599 19.289 18.978 18.667 18.356 18.046 17.735 17.424 17.114 16.803 16.492 16.182 15.871 15.561 15.250 14.939 14.629 14.318 14.008 13.697 13.387 13.076 12.766 12.455 12.145 11.834 11.524 11.213 10.903 10.592 10.282  9.971  9.661  9.350  9.040  8.730  8.419  8.109  7.798  7.488  7.178  6.867  6.557  6.246  5.936  5.626  5.315  5.005  4.695  4.384  4.074  3.764  3.453  3.143  2.833  2.522  2.212  1.902  1.591  1.281  0.971  0.660  0.350 
23.642 23.331 23.020 22.710 22.399 22.088 21.777 21.466 21.155 20.845 20.534 20.223 19.912 19.602 19.291 18.980 18.669 18.359 18.048 17.737 17.427 17.116 16.805 16.495 16.184 15.873 15.563 15.252 14.941 14.631 14.320 14.010 13.699 13.389 13.078 12.767 12.457 12.146 11.836 11.525 11.215 10.904 10.594 10.283  9.973  9.662  9.352  9.041  8.731  8.420  8.110  7.800  7.489  7.179  6.868  6.558  6.247  5.937  5.627  5.316  5.006  4.695  4.385  4.075  3.764  3.454  3.143  2.833  2.523  2.212  1.902  1.591  1.281  0.971  0.660  0.350 
23.644 23.334 23.023 22.712 22.401 22.090 21.779 21.468 21.158 20.847 20.536 20.225 19.915 19.604 19.293 18.982 18.672 18.361 18.050 17.739 17.429 17.118 16.807 16.497 16.186 15.875 15.565 15.254 14.943 14.633 14.322 14.011 13.701 13.390 13.080 12.769 12.459 12.148 11.837 11.527 11.216 10.906 10.595 10.285  9.974  9.664  9.353  9.043  8.732  8.422  8.111  7.801  7.490  7.180  6.869  6.559  6.248  5.938  5.627  5.317  5.006  4.696  4.386  4.075  3.765  3.454  3.144  2.833  2.523  2.213  1.902  1.592  1.281  0.971  0.660  0.350 
23.646 23.336 23.025 22.714 22.403 22.092 21.781 21.470 21.160 20.849 20.538 20.227 19.916 19.606 19.295 18.984 18.673 18.363 18.052 17.741 17.430 17.120 16.809 16.498 16.188 15.877 15.566 15.256 14.945 14.634 14.324 14.013 13.702 13.392 13.081 12.771 12.460 12.149 11.839 11.528 11.218 10.907 10.597 10.286  9.975  9.665  9.354  9.044  8.733  8.423  8.112  7.802  7.491  7.181  6.870  6.560  6.249  5.939  5.628  5.318  5.007  4.697  4.386  4.076  3.765  3.455  3.144  2.834  2.523  2.213  1.902  1.592  1.281  0.971  0.660  0.350 
23.648 23.337 23.027 22.716 22.405 22.094 21.783 21.472 21.161 20.851 20.540 20.229 19.918 19.607 19.297 18.986 18.675 18.364 18.054 17.743 17.432 17.121 16.811 16.500 16.189 15.879 15.568 15.257 14.947 14.636 14.325 14.015 13.704 13.393 13.083 12.772 12.461 12.151 11.840 11.530 11.219 10.908 10.598 10.287  9.977  9.666  9.355  9.045  8.734  8.424  8.113  7.803  7.492  7.181  6.871  6.560  6.250  5.939  5.629  5.318  5.008  4.697  4.387  4.076  3.766  3.455  3.145  2.834  2.524  2.213  1.903  1.592  1.282  0.971  0.661  0.350 
23.650 23.339 23.028 22.717 22.406 22.096 21.785 21.474 21.163 20.852 20.541 20.231 19.920 19.609 19.298 18.987 18.677 18.366 18.055 17.744 17.434 17.123 16.812 16.501 16.191 15.880 15.569 15.259 14.948 14.637 14.327 14.016 13.705 13.395 13.084 12.773 12.463 12.152 11.841 11.531 11.220 10.909 10.599 10.288  9.978  9.667  9.356  9.046  8.735  8.425  8.114  7.803  7.493  7.182  6.872  6.561  6.250  5.940  5.629  5.319  5.008  4.698  4.387  4.077  3.766  3.455  3.145  2.834  2.524  2.213  1.903  1.592  1.282  0.971  0.661  0.350 
23.651 23.341 23.030 22.719 22.408 22.097 21.786 21.475 21.165 20.854 20.543 20.232 19.921 19.611 19.300 18.989 18.678 18.367 18.057 17.746 17.435 17.124 16.814 16.503 16.192 15.881 15.571 15.260 14.949 14.638 14.328 14.017 13.706 13.396 13.085 12.774 12.464 12.153 11.842 11.532 11.221 10.910 10.600 10.289  9.978  9.668  9.357  9.047  8.736  8.425  8.115  7.804  7.493  7.183  6.872  6.562  6.251  5.940  5.630  5.319  5.009  4.698  4.388  4.077  3.766  3.456  3.145  2.835  2.524  2.213  1.903  1.592  1.282  0.971  0.661  0.350 
23.653 23.342 23.031 22.720 22.409 22.098 21.788 21.477 21.166 20.855 20.544 20.233 19.923 19.612 19.301 18.990 18.679 18.369 18.058 17.747 17.436 17.126 16.815 16.504 16.193 15.883 15.572 15.261 14.950 14.640 14.329 14.018 13.707 13.397 13.086 12.775 12.465 12.154 11.843 11.533 11.222 10.911 10.601 10.290  9.979  9.669  9.358  9.047  8.737  8.426  8.115  7.805  7.494  7.183  6.873  6.562  6.252  5.941  5.630  5.320  5.009  4.699  4.388  4.077  3.767  3.456  3.145  2.835  2.524  2.214  1.903  1.592  1.282  0.971  0.661  0.350 
23.654 23.343 23.032 22.721 22.411 22.100 21.789 21.478 21.167 20.856 20.545 20.235 19.924 19.613 19.302 18.991 18.681 18.370 18.059 17.748 17.437 17.127 16.816 16.505 16.194 15.884 15.573 15.262 14.951 14.641 14.330 14.019 13.708 13.398 13.087 12.776 12.466 12.155 11.844 11.533 11.223 10.912 10.601 10.291  9.980  9.669  9.359  9.048  8.737  8.427  8.116  7.805  7.495  7.184  6.873  6.563  6.252  5.941  5.631  5.320  5.010  4.699  4.388  4.078  3.767  3.456  3.146  2.835  2.524  2.214  1.903  1.593  1.282  0.971  0.661  0.350 
23.655 23.344 23.033 22.723 22.412 22.101 21.790 21.479 21.168 20.857 20.547 20.236 19.925 19.614 19.303 18.992 18.682 18.371 18.060 17.749 17.438 17.128 16.817 16.506 16.195 15.885 15.574 15.263 14.952 14.642 14.331 14.020 13.709 13.399 13.088 12.777 12.466 12.156 11.845 11.534 11.224 10.913 10.602 10.291  9.981  9.670  9.359  9.049  8.738  8.427  8.117  7.806  7.495  7.185  6.874  6.563  6.253  5.942  5.631  5.321  5.010  4.699  4.389  4.078  3.767  3.457  3.146  2.835  2.525  2.214  1.903  1.593  1.282  0.971  0.661  0.350 
23.656 23.345 23.034 22.724 22.413 22.102 21.791 21.480 21.169 20.858 20.548 20.237 19.926 19.615 19.304 18.993 18.683 18.372 18.061 17.750 17.439 17.129 16.818 16.507 16.196 15.885 15.575 15.264 14.953 14.642 14.332 14.021 13.710 13.399 13.089 12.778 12.467 12.156 11.846 11.535 11.224 10.913 10.603 10.292  9.981  9.671  9.360  9.049  8.738  8.428  8.117  7.806  7.496  7.185  6.874  6.564  6.253  5.942  5.632  5.321  5.010  4.699  4.389  4.078  3.767  3.457  3.146  2.835  2.525  2.214  1.903  1.593  1.282  0.971  0.661  0.350 
23.657 23.346 23.035 22.724 22.414 22.103 21.792 21.481 21.170 20.859 20.548 20.238 19.927 19.616 19.305 18.994 18.684 18.373 18.062 17.751 17.440 17.129 16.819 16.508 16.197 15.886 15.575 15.265 14.954 14.643 14.332 14.022 13.711 13.400 13.089 12.779 12.468 12.157 11.846 11.536 11.225 10.914 10.603 10.293  9.982  9.671  9.360  9.050  8.739  8.428  8.118  7.807  7.496  7.185  6.875  6.564  6.253  5.943  5.632  5.321  5.010  4.700  4.389  4.078  3.768  3.457  3.146  2.836  2.525  2.214  1.903  1.593  1.282  0.971  0.661  0.350 
23.658 23.347 23.036 22.725 22.414 22.104 21.793 21.482 21.171 20.860 20.549 20.238 19.928 19.617 19.306 18.995 18.684 18.373 18.063 17.752 17.441 17.130 16.819 16.509 16.198 15.887 15.576 15.265 14.955 14.644 14.333 14.022 13.712 13.401 13.090 12.779 12.468 12.158 11.847 11.536 11.225 10.915 10.604 10.293  9.982  9.672  9.361  9.050  8.739  8.429  8.118  7.807  7.496  7.186  6.875  6.564  6.254  5.943  5.632  5.321  5.011  4.700  4.389  4.079  3.768  3.457  3.146  2.836  2.525  2.214  1.904  1.593  1.282  0.971  0.661  0.350 
23.659 23.348 23.037 22.726 22.415 22.104 21.793 21.483 21.172 20.861 20.550 20.239 19.928 19.618 19.307 18.996 18.685 18.374 18.063 17.753 17.442 17.131 16.820 16.509 16.198 15.888 15.577 15.266 14.955 14.644 14.334 14.023 13.712 13.401 13.091 12.780 12.469 12.158 11.847 11.537 11.226 10.915 10.604 10.294  9.983  9.672  9.361  9.051  8.740  8.429  8.118  7.808  7.497  7.186  6.875  6.565  6.254  5.943  5.632  5.322  5.011  4.700  4.390  4.079  3.768  3.457  3.147  2.836  2.525  2.215  1.904  1.593  1.282  0.972  0.661  0.350 
23.659 23.348 23.038 22.727 22.416 22.105 21.794 21.483 21.172 20.861 20.550 20.239 19.928 19.617 19.306 18.995 18.684 18.373 18.062 17.751 17.439 17.128 16.816 16.504 16.192 15.880 15.568 15.255 14.942 14.628 14.314 14.000 13.685 13.369 13.053 12.736 12.417 12.098 11.778 11.456 11.133 10.808 10.482 10.153  9.823  9.490  9.155  8.817  8.476  8.133  7.786  7.436  7.083  6.726  6.366  6.002  5.634  5.262  4.886  4.507  4.124  3.737  3.346  2.952  2.555  2.155  1.753  1.348  0.941  0.532  0.122 -0.252 -0.638 -1.022 -1.403 -1.780 
23.633 23.322 23.011 22.699 22.387 22.075 21.762 21.449 21.136 20.822 20.508 20.194 19.879 19.564 19.248 18.932 18.615 18.298 17.980 17.661 17.342 17.023 16.702 16.381 16.059 15.737 15.413 15.089 14.763 14.437 14.110 13.782 13.453 13.123 12.791 12.459 12.125 11.791 11.455 11.118 10.780 10.441 10.100  9.759  9.416  9.073  8.728  8.383  8.036  7.689  7.341  6.993  6.644  6.294  5.945  5.595  5.245  4.895  4.545  4.196  3.847  3.499  3.151  2.804  2.458  2.113  1.768  1.425  1.083  0.742  0.402  0.064 -0.088 -0.117 -0.144  0.060 
23.529 23.218 22.906 22.594 22.281 21.968 21.654 21.339 21.024 20.709 20.392 20.076 19.758 19.441 19.122 18.804 18.484 18.164 17.844 17.523 17.202 16.880 16.558 16.235 15.912 15.589 15.266 14.942 14.618 14.294 13.970 13.646 13.322 12.998 12.674 12.351 12.029 11.707 11.386 11.066 10.746 10.429 10.112  9.797  9.484  9.173  8.865  8.558  8.254  7.954  7.656  7.362  7.071  6.784  6.501  6.223  5.949  5.680  5.416  5.157  4.904  4.656  4.415  4.179  3.950  3.728  3.512  3.303  3.101  2.907  2.720  2.540  2.368  2.204  2.048  1.900 
23.434 23.123 22.812 22.501 22.189 21.877 21.566 21.254 20.941 20.629 20.317 20.005 19.692 19.380 19.067 18.755 18.443 18.131 17.819 17.507 17.196 16.885 16.574 16.264 15.955 15.645 15.337 15.029 14.722 14.416 14.110 13.806 13.502 13.200 12.898 12.598 12.299 12.002 11.706 11.411 11.118 10.826 10.536 10.248  9.961  9.676  9.393  9.112  8.832  8.555  8.279  8.005  7.733  7.463  7.195  6.928  6.664  6.401  6.140  5.881  5.623  5.367  5.113  4.860  4.608  4.358  4.108  3.860  3.613  3.367  3.121  2.876  2.632  2.388  2.144  1.900 
23.452 23.141 22.831 22.521 22.211 21.901 21.592 21.283 20.975 20.667 20.359 20.052 19.745 19.438 19.132 18.826 18.521 18.217 17.912 17.609 17.306 17.003 16.701 16.400 16.099 15.799 15.500 15.202 14.904 14.607 14.311 14.016 13.721 13.427 13.135 12.843 12.552 12.262 11.973 11.685 11.398 11.112 10.827 10.543 10.260  9.978  9.696  9.416  9.137  8.859  8.582  8.306  8.031  7.757  7.484  7.211  6.940  6.669  6.399  6.130  5.862  5.595  5.328  5.061  4.796  4.531  4.266  4.002  3.738  3.475  3.212  2.949  2.687  2.424  2.162  1.900 
23.550 23.239 22.929 22.620 22.311 22.002 21.694 21.387 21.080 20.774 20.468 20.163 19.858 19.554 19.251 18.948 18.645 18.344 18.043 17.742 17.442 17.143 16.844 16.546 16.249 15.952 15.656 15.360 15.066 14.772 14.478 14.185 13.893 13.602 13.311 13.021 12.732 12.443 12.155 11.868 11.582 11.296 11.011 10.726 10.442 10.159  9.877  9.595  9.314  9.033  8.753  8.474  8.195  7.917  7.639  7.362  7.086  6.810  6.534  6.259  5.984  5.710  5.436  5.163  4.890  4.617  4.344  4.072  3.800  3.528  3.257  2.985  2.714  2.442  2.171  1.900 
23.678 23.367 23.057 22.748 22.439 22.131 21.823 21.516 21.210 20.904 20.599 20.294 19.990 19.686 19.383 19.081 18.780 18.478 18.178 17.878 17.579 17.280 16.982 16.685 16.388 16.091 15.796 15.501 15.206 14.912 14.619 14.326 14.034 13.742 13.451 13.161 12.871 12.581 12.292 12.004 11.717 11.429 11.143 10.857 10.571 10.286 10.001  9.717  9.433  9.150  8.867  8.585  8.303  8.022  7.741  7.460  7.179  6.899  6.620  6.340  6.061  5.783  5.504  5.226  4.948  4.670  4.393  4.115  3.838  3.561  3.284  3.007  2.730  2.453  2.177  1.900 
23.810 23.499 23.189 22.880 22.571 22.263 21.955 21.648 21.341 21.036 20.730 20.425 20.121 19.818 19.514 19.212 18.910 18.609 18.308 18.008 17.708 17.409 17.110 16.812 16.515 16.218 15.921 15.626 15.330 15.035 14.741 14.447 14.154 13.861 13.569 13.277 12.986 12.695 12.405 12.115 11.825 11.536 11.248 10.960 10.672 10.385 10.098  9.811  9.525  9.240  8.954  8.669  8.385  8.100  7.816  7.532  7.249  6.966  6.683  6.400  6.118  5.836  5.554  5.272  4.990  4.709  4.427  4.146  3.865  3.584  3.303  3.023  2.742  2.461  2.181  1.900 
23.937 23.626 23.316 23.006 22.697 22.389 22.081 21.774 21.467 21.161 20.855 20.550 20.245 19.941 19.638 19.334 19.032 18.730 18.428 18.128 17.827 17.527 17.228 16.929 16.630 16.332 16.035 15.738 15.442 15.146 14.850 14.555 14.260 13.966 13.672 13.379 13.086 12.794 12.502 12.210 11.919 11.628 11.337 11.047 10.757 10.468 10.179  9.890  9.602  9.314  9.026  8.739  8.452  8.165  7.878  7.592  7.306  7.020  6.734  6.449  6.163  5.878  5.593  5.309  5.024  4.740  4.455  4.171  3.887  3.603  3.319  3.035  2.751  2.468  2.184  1.900 
24.054 23.744 23.433 23.124 22.815 22.506 22.198 21.890 21.583 21.277 20.970 20.665 20.360 20.055 19.751 19.447 19.144 18.841 18.539 18.237 17.936 17.635 17.335 17.035 16.735 16.436 16.138 15.840 15.542 15.245 14.948 14.651 14.355 14.060 13.764 13.470 13.175 12.881 12.587 12.294 12.001 11.708 11.416 11.124 10.832 10.541 10.250  9.959  9.669  9.378  9.089  8.799  8.510  8.220  7.931  7.643  7.354  7.066  6.778  6.490  6.202  5.915  5.627  5.340  5.053  4.766  4.479  4.192  3.905  3.619  3.332  3.046  2.759  2.473  2.186  1.900 
24.162 23.851 23.541 23.231 22.922 22.613 22.305 21.997 21.690 21.383 21.076 20.770 20.464 20.159 19.854 19.550 19.246 18.943 18.640 18.337 18.035 17.733 17.432 17.131 16.831 16.531 16.231 15.932 15.633 15.334 15.036 14.738 14.441 14.144 13.847 13.551 13.255 12.959 12.664 12.369 12.074 11.780 11.486 11.192 10.899 10.606 10.313 10.020  9.728  9.436  9.144  8.852  8.561  8.270  7.979  7.688  7.397  7.107  6.817  6.527  6.237  5.947  5.657  5.368  5.078  4.789  4.500  4.211  3.922  3.633  3.344  3.055  2.766  2.478  2.189  1.900 
24.260 23.949 23.639 23.329 23.020 22.711 22.402 22.094 21.786 21.479 21.172 20.866 20.560 20.254 19.949 19.644 19.339 19.035 18.731 18.428 18.125 17.822 17.520 17.218 16.917 16.616 16.315 16.015 15.715 15.415 15.116 14.817 14.518 14.220 13.922 13.624 13.327 13.030 12.733 12.437 12.141 11.845 11.549 11.254 10.959 10.664 10.370 10.075  9.781  9.487  9.194  8.900  8.607  8.314  8.021  7.728  7.436  7.144  6.851  6.559  6.268  5.976  5.684  5.393  5.101  4.810  4.519  4.227  3.936  3.645  3.354  3.063  2.773  2.482  2.191  1.900 
24.349 24.039 23.728 23.418 23.109 22.800 22.491 22.183 21.874 21.567 21.260 20.953 20.646 20.340 20.034 19.729 19.423 19.119 18.814 18.510 18.207 17.903 17.600 17.298 16.995 16.693 16.392 16.090 15.789 15.489 15.188 14.888 14.589 14.289 13.990 13.691 13.392 13.094 12.796 12.498 12.201 11.903 11.606 11.310 11.013 10.717 10.421 10.125  9.829  9.534  9.239  8.943  8.649  8.354  8.059  7.765  7.471  7.177  6.883  6.589  6.295  6.002  5.708  5.415  5.122  4.829  4.535  4.242  3.949  3.657  3.364  3.071  2.778  2.485  2.193  1.900 
24.430 24.120 23.809 23.499 23.190 22.880 22.571 22.263 21.954 21.646 21.339 21.031 20.724 20.418 20.112 19.806 19.500 19.195 18.890 18.585 18.281 17.977 17.673 17.369 17.066 16.764 16.461 16.159 15.857 15.555 15.254 14.953 14.652 14.352 14.051 13.751 13.452 13.152 12.853 12.554 12.255 11.956 11.658 11.360 11.062 10.765 10.467 10.170  9.873  9.576  9.279  8.983  8.686  8.390  8.094  7.798  7.502  7.207  6.911  6.616  6.320  6.025  5.730  5.435  5.140  4.845  4.551  4.256  3.961  3.667  3.372  3.078  2.783  2.489  2.194  1.900 
24.504 24.193 23.883 23.573 23.263 22.953 22.644 22.335 22.027 21.718 21.411 21.103 20.796 20.489 20.182 19.875 19.569 19.263 18.958 18.653 18.348 18.043 17.739 17.435 17.131 16.827 16.524 16.221 15.918 15.616 15.313 15.011 14.710 14.408 14.107 13.806 13.505 13.205 12.904 12.604 12.304 12.005 11.705 11.406 11.107 10.808 10.509 10.210  9.912  9.614  9.316  9.018  8.720  8.423  8.125  7.828  7.531  7.234  6.937  6.640  6.343  6.046  5.750  5.453  5.157  4.861  4.564  4.268  3.972  3.676  3.380  3.084  2.788  2.492  2.196  1.900 
24.570 24.260 23.949 23.639 23.329 23.020 22.710 22.401 22.092 21.784 21.476 21.168 20.860 20.553 20.246 19.939 19.632 19.326 19.020 18.714 18.409 18.103 17.798 17.494 17.189 16.885 16.581 16.277 15.974 15.670 15.367 15.064 14.762 14.459 14.157 13.855 13.554 13.252 12.951 12.650 12.349 12.048 11.747 11.447 11.147 10.847 10.547 10.247  9.948  9.648  9.349  9.050  8.751  8.452  8.154  7.855  7.557  7.258  6.960  6.662  6.364  6.066  5.768  5.470  5.172  4.875  4.577  4.279  3.982  3.684  3.387  3.089  2.792  2.495  2.197  1.900 
24.631 24.320 24.009 23.699 23.389 23.080 22.770 22.461 22.152 21.843 21.535 21.227 20.919 20.611 20.303 19.996 19.689 19.382 19.076 18.770 18.464 18.158 17.852 17.547 17.242 16.937 16.632 16.328 16.024 15.720 15.416 15.113 14.809 14.506 14.203 13.900 13.598 13.295 12.993 12.691 12.389 12.087 11.786 11.485 11.183 10.882 10.581 10.281  9.980  9.680  9.379  9.079  8.779  8.479  8.179  7.880  7.580  7.280  6.981  6.682  6.382  6.083  5.784  5.485  5.186  4.887  4.588  4.289  3.991  3.692  3.393  3.095  2.796  2.497  2.199  1.900 
24.685 24.375 24.064 23.754 23.444 23.134 22.824 22.515 22.206 21.897 21.588 21.280 20.972 20.664 20.356 20.048 19.741 19.434 19.127 18.820 18.514 18.207 17.901 17.596 17.290 16.985 16.679 16.374 16.069 15.765 15.460 15.156 14.852 14.548 14.244 13.941 13.638 13.334 13.031 12.728 12.426 12.123 11.821 11.519 11.217 10.915 10.613 10.311 10.009  9.708  9.407  9.106  8.804  8.503  8.203  7.902  7.601  7.301  7.000  6.700  6.399  6.099  5.799  5.499  5.199  4.898  4.599  4.299  3.999  3.699  3.399  3.099  2.799  2.500  2.200  1.900 
24.735 24.424 24.114 23.803 23.493 23.183 22.874 22.564 22.255 21.946 21.637 21.328 21.020 20.711 20.403 20.095 19.788 19.480 19.173 18.866 18.559 18.252 17.946 17.640 17.333 17.027 16.722 16.416 16.111 15.806 15.500 15.196 14.891 14.586 14.282 13.978 13.674 13.370 13.066 12.762 12.459 12.156 11.852 11.549 11.246 10.944 10.641 10.338 10.036  9.734  9.432  9.129  8.827  8.526  8.224  7.922  7.620  7.319  7.017  6.716  6.415  6.113  5.812  5.511  5.210  4.909  4.608  4.307  4.006  3.705  3.404  3.103  2.802  2.502  2.201  1.900 
24.780 24.469 24.159 23.848 23.538 23.228 22.918 22.609 22.299 21.990 21.681 21.372 21.063 20.755 20.446 20.138 19.830 19.522 19.215 18.907 18.600 18.293 17.986 17.679 17.373 17.066 16.760 16.454 16.148 15.842 15.537 15.231 14.926 14.621 14.316 14.011 13.706 13.402 13.098 12.793 12.489 12.185 11.881 11.577 11.274 10.970 10.667 10.363 10.060  9.757  9.454  9.151  8.848  8.546  8.243  7.940  7.638  7.335  7.033  6.731  6.428  6.126  5.824  5.522  5.220  4.918  4.616  4.314  4.012  3.711  3.409  3.107  2.805  2.504  2.202  1.900 
24.821 24.510 24.199 23.889 23.579 23.269 22.959 22.649 22.339 22.030 21.721 21.412 21.103 20.794 20.485 20.177 19.869 19.561 19.253 18.945 18.637 18.330 18.023 17.716 17.409 17.102 16.795 16.489 16.182 15.876 15.570 15.264 14.958 14.652 14.347 14.041 13.736 13.431 13.126 12.821 12.516 12.212 11.907 11.603 11.298 10.994 10.690 10.386 10.082  9.778  9.474  9.171  8.867  8.564  8.260  7.957  7.654  7.350  7.047  6.744  6.441  6.138  5.835  5.532  5.229  4.927  4.624  4.321  4.018  3.716  3.413  3.110  2.808  2.505  2.203  1.900 
24.858 24.547 24.236 23.926 23.615 23.305 22.995 22.685 22.376 22.066 21.757 21.448 21.138 20.829 20.521 20.212 19.904 19.595 19.287 18.979 18.671 18.363 18.056 17.748 17.441 17.134 16.827 16.520 16.213 15.906 15.600 15.293 14.987 14.681 14.375 14.069 13.763 13.457 13.152 12.846 12.541 12.236 11.931 11.626 11.321 11.016 10.711 10.406 10.102  9.797  9.493  9.189  8.884  8.580  8.276  7.972  7.668  7.364  7.060  6.756  6.452  6.149  5.845  5.541  5.238  4.934  4.631  4.327  4.024  3.720  3.417  3.114  2.810  2.507  2.203  1.900 
24.891 24.580 24.270 23.959 23.649 23.339 23.029 22.719 22.409 22.099 21.790 21.480 21.171 20.862 20.553 20.244 19.935 19.627 19.318 19.010 18.702 18.394 18.086 17.778 17.470 17.163 16.855 16.548 16.241 15.934 15.627 15.320 15.013 14.707 14.400 14.094 13.788 13.481 13.175 12.869 12.563 12.258 11.952 11.646 11.341 11.036 10.730 10.425 10.120  9.815  9.510  9.205  8.900  8.595  8.290  7.986  7.681  7.376  7.072  6.767  6.463  6.158  5.854  5.550  5.246  4.941  4.637  4.333  4.029  3.725  3.420  3.116  2.812  2.508  2.204  1.900 
