30.916 30.605 30.294 29.983 29.673 29.362 29.051 28.740 28.429 28.118 27.807 27.496 27.185 26.874 26.564 26.253 25.942 25.631 25.320 25.009 24.698 24.387 24.076 23.765 23.454 23.143 22.832 22.521 22.210 21.899 21.588 21.277 20.965 20.654 20.343 20.031 19.720 19.408 19.097 18.785 18.473 18.161 17.849 17.537 17.225 16.913 16.600 16.287 15.974 15.661 15.348 15.034 14.720 14.405 14.091 13.776 13.461 13.145 12.829 12.512 12.195 11.877 11.559 11.240 10.920 10.600 10.280  9.958  9.636  9.312  8.988  8.664  8.338  8.011  7.683  7.354 
30.914 30.603 30.292 29.981 29.670 29.359 29.048 28.737 28.426 28.115 27.804 27.492 27.181 26.870 26.558 26.247 25.936 25.624 25.313 25.001 24.689 24.378 24.066 23.754 23.442 23.130 22.817 22.505 22.193 21.880 21.567 21.255 20.942 20.628 20.315 20.001 19.688 19.374 19.060 18.745 18.430 18.116 17.800 17.485 17.169 16.853 16.536 16.219 15.902 15.585 15.266 14.948 14.629 14.309 13.990 13.669 13.348 13.026 12.704 12.381 12.058 11.734 11.409 11.083 10.757 10.429 10.101  9.773  9.443  9.112  8.781  8.448  8.115  7.781  7.445  7.109 
30.901 30.590 30.279 29.968 29.657 29.346 29.034 28.723 28.411 28.100 27.788 27.476 27.164 26.852 26.540 26.227 25.915 25.602 25.289 24.977 24.664 24.350 24.037 23.723 23.410 23.096 22.782 22.467 22.153 21.838 21.523 21.208 20.893 20.577 20.261 19.944 19.628 19.311 18.994 18.676 18.358 18.040 17.721 17.402 17.082 16.762 16.442 16.121 15.799 15.478 15.155 14.832 14.509 14.184 13.860 13.534 13.208 12.882 12.554 12.226 11.897 11.568 11.238 10.906 10.575 10.242  9.908  9.574  9.238  8.902  8.565  8.226  7.887  7.547  7.205  6.863 
30.873 30.562 30.251 29.939 29.628 29.316 29.004 28.692 28.380 28.068 27.755 27.443 27.130 26.817 26.503 26.190 25.876 25.562 25.248 24.934 24.619 24.304 23.989 23.674 23.358 23.042 22.726 22.410 22.093 21.776 21.459 21.141 20.823 20.504 20.186 19.867 19.547 19.227 18.907 18.586 18.265 17.943 17.621 17.298 16.975 16.652 16.328 16.003 15.678 15.352 15.025 14.698 14.371 14.042 13.713 13.384 13.053 12.722 12.390 12.058 11.724 11.390 11.055 10.719 10.383 10.045  9.707  9.367  9.027  8.686  8.344  8.000  7.656  7.311  6.965  6.617 
30.826 30.515 30.204 29.892 29.581 29.269 28.956 28.644 28.331 28.018 27.705 27.391 27.077 26.763 26.449 26.134 25.819 25.504 25.189 24.873 24.557 24.240 23.923 23.606 23.289 22.971 22.653 22.334 22.015 21.696 21.376 21.056 20.736 20.415 20.093 19.772 19.449 19.127 18.803 18.480 18.155 17.831 17.505 17.180 16.853 16.526 16.199 15.870 15.542 15.212 14.882 14.551 14.220 13.888 13.555 13.222 12.887 12.552 12.216 11.880 11.542 11.204 10.865 10.525 10.184  9.842  9.500  9.156  8.812  8.466  8.119  7.772  7.423  7.074  6.723  6.371 
30.762 30.451 30.140 29.828 29.516 29.204 28.891 28.578 28.265 27.951 27.637 27.322 27.008 26.693 26.377 26.062 25.745 25.429 25.112 24.795 24.477 24.159 23.841 23.522 23.203 22.883 22.563 22.243 21.922 21.600 21.278 20.956 20.633 20.310 19.986 19.662 19.337 19.012 18.686 18.359 18.032 17.705 17.377 17.048 16.719 16.388 16.058 15.727 15.395 15.062 14.729 14.394 14.060 13.724 13.388 13.051 12.713 12.374 12.035 11.695 11.354 11.012 10.669 10.325  9.981  9.635  9.289  8.941  8.593  8.243  7.893  7.542  7.189  6.836  6.481  6.126 
30.681 30.370 30.059 29.747 29.435 29.122 28.809 28.495 28.182 27.867 27.553 27.237 26.922 26.606 26.290 25.973 25.656 25.338 25.020 24.701 24.383 24.063 23.743 23.423 23.102 22.781 22.459 22.137 21.814 21.490 21.167 20.842 20.517 20.192 19.866 19.539 19.212 18.884 18.556 18.227 17.898 17.567 17.237 16.905 16.573 16.240 15.907 15.573 15.238 14.902 14.566 14.229 13.891 13.552 13.213 12.873 12.532 12.190 11.847 11.504 11.159 10.814 10.468 10.121  9.773  9.424  9.074  8.723  8.371  8.019  7.665  7.310  6.954  6.597  6.239  5.880 
30.585 30.274 29.963 29.651 29.338 29.025 28.712 28.398 28.083 27.769 27.453 27.138 26.821 26.505 26.187 25.870 25.551 25.233 24.914 24.594 24.274 23.953 23.632 23.310 22.988 22.665 22.341 22.017 21.693 21.368 21.042 20.716 20.389 20.062 19.734 19.405 19.076 18.746 18.415 18.084 17.752 17.420 17.087 16.753 16.418 16.083 15.747 15.410 15.073 14.734 14.395 14.055 13.715 13.373 13.031 12.688 12.344 12.000 11.654 11.307 10.960 10.612 10.263  9.913  9.561  9.209  8.857  8.503  8.148  7.792  7.435  7.077  6.718  6.358  5.997  5.634 
30.475 30.164 29.853 29.540 29.228 28.915 28.601 28.287 27.972 27.656 27.341 27.024 26.707 26.390 26.072 25.753 25.434 25.114 24.794 24.473 24.152 23.830 23.508 23.185 22.861 22.537 22.212 21.886 21.560 21.234 20.906 20.579 20.250 19.921 19.591 19.260 18.929 18.597 18.265 17.932 17.598 17.263 16.928 16.591 16.255 15.917 15.579 15.240 14.900 14.559 14.218 13.875 13.532 13.188 12.843 12.498 12.151 11.804 11.456 11.106 10.756 10.405 10.054  9.701  9.347  8.992  8.636  8.280  7.922  7.563  7.203  6.842  6.481  6.118  5.754  5.389 
30.353 30.042 29.730 29.418 29.105 28.791 28.477 28.163 27.847 27.532 27.215 26.898 26.581 26.263 25.944 25.625 25.305 24.984 24.663 24.341 24.019 23.696 23.372 23.048 22.723 22.398 22.072 21.745 21.417 21.089 20.760 20.431 20.101 19.770 19.438 19.106 18.773 18.440 18.105 17.770 17.434 17.098 16.760 16.422 16.083 15.744 15.403 15.062 14.720 14.377 14.033 13.689 13.343 12.997 12.650 12.302 11.953 11.604 11.253 10.901 10.549 10.195  9.841  9.486  9.129  8.772  8.414  8.054  7.694  7.333  6.970  6.607  6.243  5.877  5.511  5.143 
30.219 29.908 29.596 29.283 28.970 28.657 28.342 28.027 27.712 27.396 27.079 26.761 26.443 26.124 25.805 25.485 25.164 24.843 24.521 24.198 23.875 23.551 23.227 22.901 22.575 22.249 21.921 21.593 21.265 20.935 20.605 20.274 19.943 19.610 19.277 18.944 18.609 18.274 17.938 17.601 17.263 16.925 16.586 16.246 15.905 15.564 15.221 14.878 14.534 14.189 13.844 13.497 13.150 12.801 12.452 12.102 11.751 11.399 11.046 10.692 10.338  9.982  9.625  9.268  8.909  8.549  8.189  7.827  7.465  7.101  6.736  6.371  6.004  5.636  5.267  4.897 
30.074 29.763 29.451 29.139 28.825 28.512 28.197 27.882 27.566 27.249 26.932 26.614 26.296 25.976 25.656 25.336 25.014 24.692 24.370 24.046 23.722 23.397 23.072 22.745 22.418 22.091 21.762 21.433 21.103 20.773 20.441 20.109 19.776 19.443 19.108 18.773 18.437 18.100 17.763 17.425 17.085 16.745 16.405 16.063 15.721 15.377 15.033 14.688 14.343 13.996 13.648 13.300 12.951 12.600 12.249 11.897 11.544 11.190 10.836 10.480 10.123  9.765  9.407  9.047  8.686  8.325  7.962  7.598  7.234  6.868  6.501  6.133  5.765  5.395  5.024  4.651 
29.920 29.609 29.297 28.985 28.671 28.357 28.042 27.727 27.411 27.094 26.776 26.458 26.139 25.819 25.498 25.177 24.855 24.533 24.209 23.885 23.560 23.234 22.908 22.581 22.253 21.924 21.595 21.265 20.934 20.602 20.270 19.936 19.602 19.268 18.932 18.596 18.258 17.920 17.581 17.242 16.901 16.560 16.217 15.874 15.530 15.186 14.840 14.494 14.146 13.798 13.449 13.099 12.748 12.396 12.043 11.689 11.334 10.979 10.622 10.264  9.906  9.546  9.186  8.824  8.462  8.098  7.734  7.368  7.001  6.634  6.265  5.895  5.525  5.153  4.780  4.406 
29.758 29.447 29.135 28.822 28.508 28.194 27.879 27.563 27.247 26.930 26.612 26.293 25.974 25.653 25.332 25.011 24.688 24.365 24.041 23.716 23.390 23.064 22.737 22.409 22.080 21.751 21.420 21.089 20.758 20.425 20.091 19.757 19.422 19.086 18.749 18.412 18.073 17.734 17.394 17.053 16.711 16.368 16.025 15.680 15.335 14.989 14.642 14.294 13.945 13.595 13.244 12.893 12.540 12.187 11.832 11.477 11.121 10.763 10.405 10.046  9.686  9.325  8.962  8.599  8.235  7.870  7.504  7.136  6.768  6.399  6.028  5.657  5.284  4.911  4.536  4.160 
29.588 29.276 28.964 28.651 28.338 28.023 27.708 27.392 27.076 26.758 26.440 26.121 25.801 25.480 25.159 24.837 24.514 24.190 23.865 23.540 23.214 22.887 22.559 22.230 21.901 21.570 21.239 20.907 20.575 20.241 19.907 19.571 19.235 18.898 18.561 18.222 17.882 17.542 17.201 16.859 16.516 16.172 15.827 15.481 15.135 14.787 14.439 14.090 13.740 13.389 13.036 12.683 12.330 11.975 11.619 11.262 10.904 10.546 10.186  9.825  9.463  9.101  8.737  8.372  8.006  7.640  7.272  6.903  6.533  6.162  5.790  5.417  5.043  4.668  4.292  3.914 
29.410 29.099 28.787 28.474 28.160 27.846 27.530 27.214 26.897 26.580 26.261 25.942 25.621 25.300 24.979 24.656 24.332 24.008 23.683 23.357 23.030 22.703 22.374 22.045 21.715 21.384 21.052 20.719 20.386 20.051 19.716 19.380 19.043 18.705 18.367 18.027 17.687 17.345 17.003 16.660 16.316 15.971 15.625 15.278 14.931 14.582 14.232 13.882 13.531 13.178 12.825 12.471 12.116 11.759 11.402 11.044 10.685 10.325  9.964  9.602  9.239  8.875  8.510  8.144  7.776  7.408  7.039  6.669  6.298  5.925  5.552  5.177  4.802  4.425  4.047  3.669 
29.226 28.915 28.603 28.290 27.976 27.662 27.346 27.030 26.713 26.395 26.076 25.756 25.436 25.114 24.792 24.469 24.145 23.820 23.495 23.168 22.841 22.513 22.184 21.854 21.523 21.192 20.859 20.526 20.192 19.857 19.521 19.184 18.846 18.507 18.168 17.827 17.486 17.144 16.801 16.457 16.112 15.766 15.419 15.071 14.722 14.373 14.022 13.671 13.318 12.965 12.610 12.255 11.899 11.541 11.183 10.824 10.463 10.102  9.740  9.376  9.012  8.647  8.281  7.913  7.545  7.175  6.805  6.433  6.061  5.687  5.313  4.937  4.560  4.182  3.803  3.423 
29.037 28.726 28.413 28.100 27.787 27.472 27.156 26.840 26.522 26.204 25.885 25.565 25.244 24.923 24.600 24.277 23.953 23.627 23.301 22.975 22.647 22.318 21.989 21.658 21.327 20.995 20.662 20.328 19.993 19.657 19.320 18.983 18.644 18.305 17.965 17.623 17.281 16.938 16.594 16.249 15.903 15.557 15.209 14.860 14.511 14.160 13.808 13.456 13.102 12.748 12.393 12.036 11.679 11.320 10.961 10.601 10.239  9.877  9.514  9.149  8.784  8.417  8.050  7.681  7.312  6.941  6.570  6.197  5.823  5.449  5.073  4.696  4.318  3.939  3.558  3.177 
28.842 28.531 28.219 27.905 27.592 27.277 26.961 26.644 26.327 26.008 25.689 25.369 25.048 24.726 24.403 24.080 23.755 23.429 23.103 22.776 22.448 22.118 21.788 21.458 21.126 20.793 20.459 20.125 19.789 19.453 19.116 18.778 18.439 18.098 17.757 17.416 17.073 16.729 16.384 16.038 15.692 15.344 14.996 14.646 14.296 13.944 13.592 13.238 12.884 12.529 12.172 11.815 11.457 11.097 10.737 10.376 10.013  9.650  9.286  8.920  8.554  8.186  7.818  7.448  7.078  6.706  6.334  5.960  5.585  5.209  4.832  4.454  4.075  3.695  3.314  2.931 
28.643 28.331 28.019 27.706 27.392 27.077 26.761 26.444 26.127 25.808 25.489 25.168 24.847 24.525 24.202 23.878 23.553 23.227 22.900 22.573 22.244 21.915 21.584 21.253 20.921 20.587 20.253 19.918 19.582 19.245 18.907 18.569 18.229 17.888 17.547 17.204 16.861 16.516 16.171 15.824 15.477 15.129 14.779 14.429 14.078 13.726 13.372 13.018 12.663 12.307 11.950 11.592 11.232 10.872 10.511 10.149  9.786  9.421  9.056  8.690  8.322  7.954  7.585  7.214  6.843  6.470  6.097  5.722  5.346  4.969  4.591  4.212  3.832  3.451  3.069  2.686 
28.439 28.127 27.815 27.502 27.188 26.873 26.557 26.240 25.922 25.603 25.284 24.963 24.642 24.319 23.996 23.672 23.347 23.020 22.693 22.365 22.037 21.707 21.376 21.044 20.711 20.378 20.043 19.708 19.371 19.034 18.696 18.356 18.016 17.675 17.333 16.989 16.645 16.300 15.954 15.607 15.259 14.910 14.560 14.209 13.857 13.504 13.151 12.796 12.440 12.083 11.725 11.366 11.006 10.645 10.283  9.920  9.556  9.191  8.825  8.458  8.090  7.720  7.350  6.979  6.607  6.233  5.859  5.483  5.106  4.729  4.350  3.970  3.589  3.207  2.824  2.440 
28.231 27.920 27.607 27.294 26.980 26.665 26.349 26.032 25.714 25.395 25.075 24.754 24.433 24.110 23.787 23.462 23.137 22.810 22.483 22.155 21.825 21.495 21.164 20.832 20.499 20.165 19.830 19.494 19.157 18.819 18.481 18.141 17.800 17.458 17.116 16.772 16.427 16.082 15.735 15.387 15.039 14.689 14.339 13.987 13.635 13.281 12.927 12.571 12.214 11.857 11.498 11.139 10.778 10.416 10.054  9.690  9.325  8.959  8.592  8.225  7.856  7.486  7.115  6.743  6.369  5.995  5.620  5.244  4.866  4.488  4.108  3.728  3.346  2.963  2.579  2.194 
28.020 27.708 27.396 27.083 26.768 26.453 26.137 25.820 25.502 25.183 24.863 24.542 24.220 23.898 23.574 23.249 22.923 22.597 22.269 21.941 21.611 21.281 20.949 20.617 20.283 19.949 19.614 19.277 18.940 18.602 18.263 17.922 17.581 17.239 16.896 16.552 16.207 15.861 15.513 15.165 14.816 14.466 14.115 13.763 13.410 13.056 12.700 12.344 11.987 11.629 11.270 10.909 10.548 10.186  9.822  9.458  9.093  8.726  8.359  7.990  7.621  7.250  6.878  6.505  6.132  5.757  5.381  5.004  4.626  4.246  3.866  3.485  3.102  2.719  2.334  1.949 
27.805 27.494 27.181 26.868 26.554 26.239 25.922 25.605 25.287 24.968 24.648 24.327 24.005 23.682 23.358 23.033 22.707 22.380 22.053 21.724 21.394 21.063 20.731 20.399 20.065 19.730 19.395 19.058 18.720 18.382 18.042 17.702 17.360 17.017 16.674 16.329 15.984 15.637 15.290 14.941 14.591 14.241 13.889 13.536 13.183 12.828 12.472 12.116 11.758 11.399 11.040 10.679 10.317  9.954  9.590  9.225  8.859  8.492  8.124  7.755  7.384  7.013  6.641  6.267  5.893  5.517  5.141  4.763  4.384  4.005  3.624  3.242  2.859  2.474  2.089  1.703 
27.588 27.276 26.964 26.651 26.336 26.021 25.705 25.387 25.069 24.750 24.430 24.109 23.787 23.463 23.139 22.814 22.488 22.161 21.833 21.504 21.174 20.843 20.511 20.178 19.844 19.509 19.173 18.836 18.498 18.159 17.819 17.478 17.136 16.793 16.450 16.105 15.759 15.412 15.064 14.715 14.365 14.013 13.661 13.308 12.954 12.599 12.243 11.886 11.527 11.168 10.808 10.447 10.084  9.721  9.356  8.991  8.624  8.257  7.888  7.518  7.147  6.776  6.403  6.029  5.654  5.278  4.900  4.522  4.143  3.762  3.381  2.998  2.615  2.230  1.844  1.457 
27.367 27.056 26.744 26.430 26.116 25.801 25.484 25.167 24.849 24.529 24.209 23.888 23.566 23.242 22.918 22.593 22.267 21.939 21.611 21.282 20.952 20.620 20.288 19.955 19.621 19.286 18.949 18.612 18.274 17.935 17.594 17.253 16.911 16.567 16.223 15.878 15.532 15.184 14.836 14.486 14.136 13.785 13.432 13.079 12.724 12.368 12.012 11.654 11.295 10.936 10.575 10.213  9.850  9.486  9.122  8.756  8.388  8.020  7.651  7.281  6.910  6.537  6.164  5.789  5.414  5.037  4.660  4.281  3.901  3.520  3.138  2.755  2.371  1.985  1.599  1.211 
27.145 26.834 26.521 26.208 25.893 25.578 25.262 24.944 24.626 24.307 23.986 23.665 23.342 23.019 22.695 22.369 22.043 21.715 21.387 21.058 20.727 20.396 20.063 19.730 19.395 19.060 18.723 18.386 18.047 17.708 17.367 17.026 16.683 16.340 15.995 15.649 15.303 14.955 14.606 14.257 13.906 13.554 13.201 12.847 12.492 12.136 11.779 11.421 11.062 10.702 10.341  9.979  9.615  9.251  8.886  8.519  8.152  7.783  7.414  7.043  6.671  6.298  5.924  5.550  5.173  4.796  4.418  4.039  3.659  3.277  2.895  2.511  2.126  1.741  1.354  0.966 
26.920 26.609 26.297 25.983 25.669 25.353 25.037 24.719 24.401 24.082 23.761 23.440 23.117 22.794 22.469 22.144 21.817 21.489 21.161 20.831 20.501 20.169 19.836 19.503 19.168 18.832 18.496 18.158 17.819 17.480 17.139 16.797 16.454 16.110 15.765 15.419 15.072 14.724 14.375 14.025 13.674 13.322 12.969 12.615 12.259 11.903 11.546 11.187 10.828 10.467 10.106  9.743  9.379  9.015  8.649  8.282  7.914  7.545  7.175  6.804  6.432  6.059  5.684  5.309  4.933  4.555  4.176  3.797  3.416  3.034  2.651  2.267  1.882  1.496  1.108  0.720 
26.694 26.382 26.070 25.756 25.442 25.127 24.810 24.493 24.174 23.855 23.534 23.212 22.890 22.566 22.242 21.916 21.589 21.262 20.933 20.603 20.272 19.941 19.608 19.274 18.939 18.603 18.266 17.928 17.589 17.249 16.908 16.566 16.223 15.879 15.534 15.188 14.841 14.492 14.143 13.793 13.441 13.089 12.735 12.381 12.025 11.669 11.311 10.952 10.592 10.231  9.870  9.507  9.143  8.777  8.411  8.044  7.676  7.307  6.936  6.565  6.192  5.819  5.444  5.068  4.691  4.313  3.934  3.554  3.173  2.791  2.407  2.023  1.637  1.251  0.863  0.474 
26.465 26.154 25.841 25.528 25.214 24.898 24.582 24.264 23.945 23.626 23.305 22.984 22.661 22.337 22.012 21.687 21.360 21.032 20.703 20.373 20.043 19.711 19.378 19.044 18.709 18.373 18.035 17.697 17.358 17.018 16.677 16.334 15.991 15.647 15.301 14.955 14.607 14.259 13.909 13.559 13.207 12.854 12.501 12.146 11.790 11.433 11.075 10.716 10.356  9.995  9.632  9.269  8.905  8.539  8.173  7.805  7.437  7.067  6.696  6.325  5.952  5.578  5.203  4.827  4.449  4.071  3.692  3.311  2.930  2.547  2.163  1.779  1.393  1.006  0.618  0.229 
26.235 25.924 25.611 25.298 24.983 24.668 24.351 24.034 23.715 23.396 23.075 22.753 22.430 22.107 21.782 21.456 21.129 20.801 20.472 20.142 19.811 19.479 19.146 18.812 18.477 18.140 17.803 17.465 17.126 16.785 16.444 16.101 15.758 15.413 15.068 14.721 14.373 14.024 13.675 13.324 12.972 12.619 12.265 11.910 11.554 11.196 10.838 10.479 10.119  9.757  9.395  9.031  8.666  8.301  7.934  7.566  7.197  6.827  6.456  6.084  5.711  5.337  4.961  4.585  4.207  3.829  3.449  3.068  2.686  2.303  1.919  1.534  1.148  0.761  0.372 -0.017 
26.004 25.692 25.380 25.066 24.752 24.436 24.120 23.802 23.483 23.164 22.843 22.521 22.198 21.875 21.550 21.224 20.897 20.569 20.240 19.910 19.578 19.246 18.913 18.579 18.243 17.907 17.570 17.231 16.892 16.551 16.209 15.867 15.523 15.178 14.833 14.486 14.138 13.789 13.439 13.088 12.736 12.382 12.028 11.673 11.317 10.959 10.601 10.241  9.880  9.519  9.156  8.792  8.427  8.061  7.694  7.326  6.957  6.587  6.216  5.844  5.470  5.096  4.720  4.344  3.966  3.588  3.208  2.827  2.446  2.063  1.679  1.294  0.908  0.521  0.133 -0.263 
25.771 25.460 25.147 24.834 24.519 24.203 23.887 23.569 23.250 22.931 22.610 22.288 21.965 21.641 21.316 20.990 20.663 20.335 20.006 19.676 19.344 19.012 18.678 18.344 18.008 17.672 17.334 16.995 16.656 16.315 15.973 15.630 15.286 14.941 14.594 14.247 13.898 13.549 13.198 12.846 12.493 12.139 11.784 11.428 11.071 10.712 10.352  9.991  9.629  9.266  8.902  8.537  8.170  7.802  7.433  7.063  6.691  6.319  5.945  5.570  5.194  4.817  4.438  4.059  3.678  3.296  2.913  2.529  2.143  1.757  1.369  0.980  0.590  0.199 -0.193 -0.509 
25.536 25.224 24.912 24.598 24.284 23.968 23.651 23.333 23.015 22.695 22.374 22.052 21.729 21.404 21.079 20.753 20.426 20.097 19.768 19.437 19.105 18.773 18.439 18.104 17.768 17.431 17.093 16.754 16.414 16.072 15.730 15.386 15.042 14.696 14.350 14.002 13.653 13.303 12.952 12.600 12.247 11.893 11.538 11.182 10.825 10.466 10.107  9.747  9.385  9.023  8.660  8.295  7.930  7.563  7.196  6.827  6.457  6.086  5.714  5.340  4.965  4.588  4.210  3.829  3.447  3.062  2.675  2.286  1.894  1.499  1.102  0.703  0.301 -0.102 -0.427 -0.754 
25.297 24.986 24.673 24.360 24.045 23.729 23.413 23.095 22.776 22.456 22.135 21.813 21.489 21.165 20.840 20.513 20.186 19.857 19.528 19.197 18.865 18.532 18.198 17.863 17.526 17.189 16.851 16.511 16.170 15.829 15.486 15.142 14.797 14.450 14.103 13.755 13.405 13.054 12.702 12.349 11.995 11.640 11.283 10.926 10.567 10.207  9.846  9.484  9.121  8.757  8.392  8.025  7.658  7.289  6.920  6.549  6.178  5.805  5.432  5.058  4.682  4.306  3.930  3.552  3.174  2.795  2.415  2.034  1.653  1.272  0.890  0.507  0.124 -0.222 -0.611 -1.000 
25.056 24.744 24.432 24.118 23.803 23.488 23.171 22.853 22.534 22.214 21.893 21.570 21.247 20.922 20.597 20.270 19.943 19.614 19.284 18.953 18.621 18.288 17.954 17.618 17.282 16.945 16.606 16.267 15.926 15.584 15.241 14.897 14.552 14.206 13.858 13.510 13.160 12.810 12.458 12.105 11.750 11.395 11.039 10.681 10.322  9.961  9.600  9.237  8.873  8.508  8.141  7.773  7.404  7.033  6.661  6.287  5.913  5.537  5.159  4.780  4.400  4.019  3.637  3.253  2.869  2.483  2.097  1.710  1.322  0.933  0.544  0.155 -0.178 -0.533 -0.889 -1.246 
24.812 24.500 24.188 23.874 23.560 23.244 22.927 22.609 22.290 21.970 21.648 21.326 21.002 20.678 20.352 20.025 19.697 19.368 19.038 18.707 18.374 18.041 17.706 17.371 17.034 16.696 16.357 16.017 15.676 15.333 14.990 14.646 14.300 13.953 13.606 13.257 12.907 12.556 12.204 11.851 11.496 11.141 10.785 10.428 10.069  9.710  9.350  8.988  8.626  8.263  7.898  7.533  7.167  6.800  6.432  6.063  5.693  5.323  4.951  4.577  4.203  3.827  3.450  3.071  2.690  2.306  1.920  1.529  1.134  0.733  0.325 -0.090 -0.432 -0.781 -1.135 -1.491 
24.566 24.254 23.942 23.628 23.314 22.998 22.681 22.363 22.044 21.723 21.402 21.079 20.756 20.431 20.105 19.779 19.451 19.121 18.791 18.460 18.127 17.794 17.459 17.123 16.786 16.448 16.109 15.768 15.427 15.084 14.740 14.396 14.049 13.702 13.354 13.004 12.654 12.302 11.949 11.595 11.239 10.883 10.525 10.167  9.807  9.446  9.084  8.720  8.356  7.991  7.624  7.257  6.889  6.519  6.149  5.777  5.405  5.032  4.658  4.283  3.907  3.531  3.153  2.775  2.397  2.018  1.638  1.257  0.877  0.495  0.113 -0.227 -0.604 -0.981 -1.359 -1.737 
24.318 24.006 23.694 23.380 23.065 22.749 22.432 22.114 21.795 21.475 21.153 20.831 20.507 20.182 19.856 19.529 19.201 18.872 18.542 18.210 17.878 17.544 17.209 16.874 16.537 16.199 15.859 15.519 15.178 14.835 14.492 14.147 13.801 13.454 13.106 12.756 12.406 12.054 11.701 11.347 10.992 10.635 10.278  9.919  9.558  9.197  8.834  8.470  8.104  7.737  7.369  6.999  6.629  6.256  5.883  5.508  5.132  4.754  4.376  3.996  3.615  3.233  2.850  2.466  2.082  1.696  1.310  0.923  0.536  0.148 -0.186 -0.544 -0.903 -1.263 -1.622 -1.983 
24.068 23.757 23.444 23.130 22.816 22.500 22.183 21.864 21.545 21.225 20.903 20.580 20.257 19.932 19.606 19.279 18.950 18.621 18.290 17.959 17.626 17.292 16.957 16.621 16.283 15.945 15.605 15.265 14.923 14.580 14.236 13.891 13.545 13.197 12.849 12.500 12.149 11.797 11.445 11.091 10.736 10.380 10.023  9.666  9.307  8.947  8.586  8.224  7.861  7.498  7.133  6.767  6.401  6.033  5.664  5.295  4.924  4.552  4.178  3.804  3.427  3.049  2.668  2.285  1.898  1.507  1.111  0.710  0.303 -0.112 -0.452 -0.800 -1.153 -1.509 -1.868 -2.229 
23.817 23.506 23.193 22.879 22.565 22.249 21.932 21.613 21.294 20.974 20.652 20.329 20.006 19.681 19.355 19.027 18.699 18.369 18.039 17.707 17.374 17.040 16.705 16.369 16.031 15.693 15.353 15.012 14.670 14.326 13.982 13.636 13.290 12.942 12.593 12.243 11.891 11.539 11.185 10.830 10.474 10.117  9.759  9.399  9.039  8.677  8.314  7.951  7.586  7.220  6.853  6.485  6.116  5.746  5.376  5.004  4.632  4.258  3.884  3.509  3.133  2.757  2.380  2.002  1.624  1.245  0.866  0.486  0.106 -0.232 -0.604 -0.977 -1.351 -1.725 -2.099 -2.474 
23.564 23.253 22.940 22.627 22.312 21.996 21.679 21.360 21.041 20.721 20.399 20.076 19.752 19.427 19.101 18.774 18.446 18.116 17.786 17.454 17.121 16.787 16.452 16.116 15.778 15.440 15.100 14.760 14.418 14.075 13.730 13.385 13.039 12.691 12.342 11.992 11.641 11.288 10.934 10.579 10.223  9.866  9.507  9.147  8.786  8.423  8.059  7.694  7.327  6.959  6.590  6.219  5.848  5.475  5.100  4.725  4.348  3.970  3.591  3.211  2.830  2.449  2.066  1.683  1.298  0.914  0.529  0.143 -0.191 -0.551 -0.911 -1.272 -1.633 -1.995 -2.357 -2.720 
23.311 22.999 22.687 22.373 22.058 21.742 21.425 21.107 20.787 20.467 20.145 19.822 19.498 19.173 18.847 18.519 18.191 17.861 17.530 17.198 16.865 16.531 16.196 15.859 15.521 15.183 14.843 14.502 14.160 13.816 13.472 13.127 12.780 12.432 12.084 11.734 11.383 11.031 10.678 10.324  9.969  9.613  9.256  8.897  8.538  8.178  7.817  7.455  7.092  6.728  6.362  5.996  5.629  5.260  4.890  4.518  4.145  3.770  3.393  3.013  2.631  2.245  1.856  1.462  1.064  0.661  0.251 -0.164 -0.502 -0.845 -1.192 -1.542 -1.895 -2.250 -2.607 -2.966 
23.056 22.745 22.432 22.119 21.804 21.488 21.171 20.852 20.533 20.212 19.891 19.568 19.244 18.919 18.592 18.265 17.936 17.606 17.276 16.944 16.610 16.276 15.940 15.604 15.266 14.927 14.587 14.245 13.903 13.559 13.214 12.868 12.521 12.173 11.823 11.472 11.121 10.768 10.413 10.058  9.702  9.344  8.986  8.626  8.265  7.903  7.540  7.176  6.811  6.445  6.078  5.710  5.342  4.972  4.601  4.230  3.858  3.485  3.111  2.737  2.362  1.986  1.610  1.233  0.856  0.478  0.099 -0.237 -0.607 -0.978 -1.349 -1.720 -2.092 -2.465 -2.838 -3.211 
22.800 22.489 22.176 21.863 21.548 21.232 20.915 20.596 20.277 19.956 19.635 19.312 18.988 18.663 18.336 18.009 17.680 17.351 17.020 16.688 16.355 16.021 15.685 15.349 15.011 14.672 14.332 13.991 13.649 13.305 12.961 12.615 12.268 11.919 11.570 11.219 10.867 10.514 10.160  9.804  9.447  9.089  8.729  8.368  8.006  7.643  7.278  6.912  6.545  6.176  5.806  5.435  5.063  4.690  4.315  3.940  3.563  3.185  2.807  2.428  2.047  1.667  1.285  0.903  0.520  0.138 -0.196 -0.557 -0.918 -1.279 -1.641 -2.003 -2.366 -2.729 -3.093 -3.457 
22.544 22.233 21.920 21.606 21.291 20.975 20.658 20.340 20.020 19.699 19.378 19.055 18.730 18.405 18.079 17.751 17.422 17.093 16.762 16.429 16.096 15.762 15.426 15.089 14.752 14.413 14.072 13.731 13.389 13.046 12.701 12.355 12.009 11.661 11.312 10.962 10.611 10.259  9.906  9.552  9.196  8.840  8.483  8.125  7.765  7.405  7.043  6.680  6.316  5.950  5.583  5.215  4.845  4.473  4.099  3.723  3.344  2.962  2.578  2.189  1.798  1.402  1.004  0.601  0.196 -0.199 -0.546 -0.893 -1.240 -1.588 -1.937 -2.287 -2.639 -2.993 -3.347 -3.703 
22.287 21.976 21.663 21.349 21.034 20.718 20.401 20.083 19.763 19.443 19.121 18.798 18.474 18.148 17.822 17.494 17.165 16.835 16.504 16.172 15.838 15.504 15.168 14.831 14.493 14.154 13.813 13.471 13.129 12.785 12.439 12.093 11.746 11.397 11.047 10.696 10.344  9.991  9.637  9.281  8.925  8.567  8.208  7.849  7.488  7.126  6.763  6.399  6.035  5.669  5.302  4.935  4.567  4.197  3.828  3.457  3.085  2.713  2.341  1.967  1.593  1.219  0.844  0.468  0.092 -0.242 -0.611 -0.980 -1.350 -1.719 -2.090 -2.460 -2.832 -3.203 -3.576 -3.949 
22.029 21.717 21.405 21.091 20.776 20.460 20.143 19.825 19.505 19.184 18.863 18.540 18.216 17.890 17.564 17.237 16.908 16.578 16.247 15.915 15.582 15.247 14.911 14.575 14.237 13.898 13.557 13.216 12.873 12.529 12.184 11.838 11.490 11.141 10.791 10.440 10.087  9.733  9.378  9.022  8.665  8.306  7.946  7.584  7.222  6.858  6.493  6.126  5.759  5.390  5.021  4.650  4.278  3.905  3.531  3.156  2.781  2.404  2.027  1.649  1.270  0.891  0.511  0.131 -0.201 -0.562 -0.924 -1.285 -1.647 -2.010 -2.373 -2.736 -3.100 -3.464 -3.829 -4.194 
21.770 21.459 21.146 20.832 20.517 20.201 19.884 19.566 19.246 18.925 18.603 18.280 17.956 17.631 17.304 16.977 16.648 16.318 15.987 15.654 15.321 14.987 14.651 14.314 13.976 13.637 13.297 12.956 12.613 12.270 11.925 11.580 11.233 10.885 10.536 10.186  9.835  9.483  9.130  8.775  8.420  8.063  7.705  7.346  6.985  6.623  6.260  5.895  5.528  5.160  4.790  4.417  4.043  3.666  3.287  2.906  2.522  2.136  1.747  1.356  0.964  0.569  0.173 -0.182 -0.536 -0.890 -1.244 -1.597 -1.951 -2.305 -2.660 -3.015 -3.370 -3.726 -4.083 -4.440 
21.512 21.200 20.888 20.574 20.259 19.943 19.626 19.307 18.987 18.667 18.345 18.022 17.697 17.372 17.045 16.718 16.389 16.059 15.727 15.395 15.061 14.726 14.390 14.053 13.715 13.375 13.035 12.693 12.350 12.006 11.661 11.314 10.966 10.618 10.268  9.917  9.565  9.212  8.857  8.502  8.146  7.788  7.430  7.070  6.710  6.348  5.986  5.622  5.258  4.893  4.527  4.160  3.793  3.424  3.056  2.686  2.316  1.945  1.574  1.203  0.832  0.460  0.089 -0.175 -0.382 -0.587 -0.789 -0.987 -1.182 -1.372 -1.559 -1.740 -1.915 -2.085 -2.248 -2.404 
21.253 20.941 20.629 20.315 20.000 19.684 19.367 19.049 18.730 18.409 18.088 17.765 17.442 17.117 16.791 16.464 16.136 15.807 15.478 15.147 14.815 14.482 14.148 13.813 13.478 13.141 12.804 12.466 12.127 11.788 11.447 11.106 10.765 10.423 10.080  9.737  9.393  9.050  8.705  8.361  8.016  7.671  7.327  6.982  6.637  6.293  5.950  5.607  5.264  4.923  4.583  4.244  3.907  3.571  3.237  2.906  2.576  2.249  1.924  1.601  1.280  0.962  0.645  0.329  0.015 -0.167 -0.281 -0.393 -0.505 -0.615 -0.724 -0.831 -0.937 -1.041 -1.143 -1.244 
21.027 20.715 20.403 20.090 19.776 19.461 19.146 18.829 18.512 18.194 17.875 17.556 17.235 16.914 16.592 16.270 15.946 15.622 15.298 14.973 14.647 14.321 13.994 13.667 13.339 13.011 12.683 12.354 12.025 11.696 11.366 11.037 10.707 10.378 10.048  9.719  9.389  9.060  8.732  8.403  8.075  7.747  7.420  7.093  6.767  6.442  6.118  5.794  5.471  5.149  4.829  4.510  4.192  3.876  3.562  3.251  2.941  2.635  2.331  2.029  1.731  1.436  1.143  0.854  0.566  0.280 -0.004 -0.155 -0.244 -0.331 -0.417 -0.503 -0.587 -0.671 -0.753 -0.835 
20.874 20.563 20.252 19.940 19.627 19.314 19.000 18.686 18.372 18.057 17.742 17.426 17.110 16.793 16.476 16.159 15.841 15.524 15.206 14.887 14.569 14.250 13.931 13.612 13.293 12.974 12.655 12.336 12.017 11.699 11.380 11.062 10.744 10.426 10.108  9.791  9.475  9.159  8.843  8.528  8.214  7.901  7.588  7.276  6.965  6.654  6.345  6.036  5.729  5.423  5.117  4.813  4.510  4.208  3.908  3.609  3.312  3.017  2.725  2.435  2.148  1.864  1.584  1.308  1.036  0.767  0.502  0.239 -0.022 -0.155 -0.231 -0.304 -0.376 -0.447 -0.519 -0.589 
20.803 20.492 20.181 19.870 19.558 19.247 18.935 18.623 18.311 17.999 17.687 17.375 17.063 16.751 16.438 16.126 15.813 15.501 15.189 14.877 14.564 14.252 13.941 13.629 13.317 13.006 12.695 12.385 12.074 11.764 11.455 11.146 10.837 10.529 10.222  9.915  9.608  9.303  8.998  8.694  8.391  8.088  7.787  7.486  7.187  6.888  6.591  6.294  5.999  5.705  5.412  5.120  4.829  4.540  4.252  3.965  3.679  3.395  3.112  2.830  2.549  2.270  1.992  1.715  1.439  1.164  0.891  0.624  0.372  0.147 -0.049 -0.150 -0.221 -0.286 -0.351 -0.415 
20.802 20.491 20.181 19.870 19.560 19.250 18.939 18.630 18.320 18.010 17.701 17.391 17.082 16.774 16.465 16.157 15.849 15.541 15.233 14.926 14.619 14.313 14.006 13.701 13.395 13.091 12.786 12.482 12.179 11.876 11.574 11.272 10.971 10.671 10.371 10.073  9.774  9.477  9.181  8.885  8.591  8.297  8.004  7.713  7.422  7.133  6.844  6.557  6.271  5.986  5.703  5.420  5.139  4.860  4.582  4.305  4.029  3.755  3.482  3.211  2.941  2.673  2.405  2.139  1.874  1.611  1.349  1.088  0.827  0.568  0.310  0.053 -0.084 -0.156 -0.220 -0.279 
20.859 20.548 20.238 19.928 19.618 19.309 19.000 18.692 18.384 18.076 17.769 17.462 17.156 16.850 16.544 16.239 15.934 15.630 15.326 15.023 14.720 14.418 14.117 13.816 13.515 13.216 12.917 12.618 12.320 12.023 11.727 11.431 11.136 10.842 10.549 10.257  9.965  9.675  9.385  9.096  8.809  8.522  8.236  7.952  7.668  7.386  7.105  6.825  6.546  6.269  5.993  5.718  5.445  5.173  4.902  4.633  4.366  4.100  3.835  3.572  3.310  3.050  2.792  2.535  2.279  2.025  1.772  1.520  1.270  1.021  0.773  0.526  0.281  0.036 -0.092 -0.151 
20.962 20.652 20.341 20.032 19.723 19.415 19.107 18.800 18.493 18.187 17.881 17.576 17.272 16.968 16.665 16.362 16.060 15.759 15.459 15.159 14.859 14.561 14.263 13.966 13.670 13.374 13.079 12.785 12.492 12.199 11.908 11.617 11.327 11.038 10.750 10.463 10.177  9.892  9.608  9.325  9.043  8.762  8.483  8.204  7.927  7.651  7.376  7.103  6.831  6.561  6.292  6.025  5.759  5.496  5.234  4.974  4.716  4.461  4.207  3.956  3.707  3.461  3.217  2.975  2.736  2.500  2.266  2.034  1.804  1.576  1.351  1.127  0.904  0.683  0.462  0.242 
21.103 20.793 20.483 20.174 19.866 19.558 19.251 18.945 18.639 18.335 18.031 17.728 17.425 17.123 16.822 16.522 16.223 15.924 15.627 15.330 15.034 14.739 14.444 14.151 13.858 13.567 13.276 12.986 12.697 12.410 12.123 11.837 11.552 11.268 10.986 10.704 10.423 10.144  9.865  9.588  9.312  9.037  8.763  8.490  8.218  7.947  7.678  7.410  7.142  6.876  6.611  6.348  6.085  5.823  5.563  5.303  5.044  4.787  4.530  4.275  4.020  3.766  3.513  3.260  3.009  2.758  2.508  2.258  2.009  1.760  1.512  1.264  1.017  0.770  0.522  0.276 
21.279 20.969 20.659 20.350 20.042 19.735 19.429 19.123 18.819 18.515 18.212 17.910 17.609 17.308 17.009 16.710 16.413 16.116 15.820 15.525 15.230 14.937 14.644 14.353 14.062 13.772 13.483 13.195 12.908 12.622 12.336 12.052 11.768 11.486 11.204 10.923 10.643 10.364 10.086  9.808  9.532  9.256  8.981  8.708  8.434  8.162  7.891  7.620  7.350  7.081  6.813  6.546  6.279  6.013  5.747  5.483  5.218  4.955  4.692  4.430  4.168  3.907  3.646  3.386  3.126  2.867  2.608  2.349  2.091  1.833  1.575  1.317  1.060  0.802  0.545  0.288 
21.470 21.159 20.850 20.541 20.233 19.926 19.620 19.315 19.010 18.706 18.404 18.102 17.801 17.501 17.201 16.903 16.605 16.308 16.012 15.717 15.423 15.129 14.837 14.545 14.254 13.964 13.674 13.386 13.098 12.811 12.525 12.240 11.955 11.672 11.389 11.106 10.825 10.544 10.264  9.985  9.707  9.429  9.152  8.875  8.600  8.325  8.050  7.776  7.503  7.231  6.959  6.687  6.417  6.146  5.877  5.607  5.339  5.070  4.802  4.535  4.268  4.001  3.735  3.469  3.204  2.938  2.673  2.408  2.144  1.879  1.615  1.351  1.087  0.824  0.560  0.296 
21.658 21.348 21.038 20.729 20.421 20.114 19.807 19.502 19.197 18.893 18.590 18.288 17.986 17.686 17.386 17.087 16.788 16.491 16.194 15.898 15.603 15.309 15.015 14.722 14.430 14.139 13.848 13.558 13.269 12.981 12.693 12.406 12.120 11.834 11.550 11.265 10.982 10.699 10.417 10.135  9.854  9.574  9.294  9.015  8.736  8.458  8.181  7.904  7.627  7.351  7.076  6.801  6.526  6.252  5.979  5.706  5.433  5.160  4.888  4.617  4.345  4.074  3.804  3.533  3.263  2.993  2.723  2.454  2.184  1.915  1.646  1.377  1.108  0.840  0.571  0.302 
21.836 21.525 21.215 20.906 20.598 20.291 19.984 19.678 19.373 19.069 18.765 18.462 18.160 17.858 17.558 17.258 16.959 16.660 16.362 16.065 15.769 15.474 15.179 14.884 14.591 14.298 14.006 13.715 13.424 13.134 12.844 12.555 12.267 11.979 11.693 11.406 11.120 10.835 10.551 10.266  9.983  9.700  9.418  9.136  8.854  8.573  8.293  8.013  7.734  7.455  7.176  6.898  6.620  6.343  6.065  5.789  5.513  5.237  4.961  4.685  4.410  4.136  3.861  3.587  3.313  3.039  2.765  2.491  2.218  1.945  1.672  1.399  1.126  0.853  0.580  0.307 
22.000 21.689 21.380 21.070 20.762 20.454 20.147 19.841 19.535 19.230 18.926 18.623 18.320 18.018 17.716 17.415 17.115 16.816 16.517 16.219 15.921 15.624 15.328 15.032 14.737 14.443 14.149 13.856 13.564 13.272 12.981 12.690 12.400 12.110 11.821 11.533 11.245 10.957 10.670 10.384 10.098  9.813  9.528  9.243  8.959  8.676  8.393  8.110  7.828  7.546  7.264  6.983  6.702  6.422  6.142  5.862  5.582  5.303  5.024  4.746  4.467  4.189  3.911  3.633  3.356  3.078  2.801  2.524  2.247  1.971  1.694  1.417  1.141  0.865  0.588  0.312 
22.150 21.840 21.530 21.221 20.912 20.604 20.297 19.990 19.684 19.378 19.074 18.769 18.466 18.163 17.861 17.559 17.258 16.957 16.658 16.358 16.060 15.762 15.464 15.167 14.871 14.575 14.280 13.985 13.691 13.398 13.104 12.812 12.520 12.229 11.938 11.647 11.357 11.068 10.779 10.490 10.202  9.914  9.627  9.340  9.054  8.768  8.482  8.197  7.912  7.627  7.343  7.059  6.776  6.493  6.210  5.927  5.645  5.363  5.081  4.799  4.518  4.237  3.956  3.675  3.394  3.114  2.834  2.553  2.273  1.994  1.714  1.434  1.154  0.875  0.595  0.316 
22.288 21.977 21.667 21.358 21.049 20.741 20.433 20.126 19.819 19.514 19.208 18.903 18.599 18.296 17.993 17.690 17.388 17.087 16.786 16.486 16.186 15.887 15.588 15.290 14.992 14.695 14.398 14.102 13.807 13.512 13.217 12.923 12.629 12.336 12.043 11.751 11.459 11.168 10.877 10.586 10.296 10.006  9.717  9.428  9.139  8.851  8.563  8.275  7.988  7.701  7.414  7.128  6.842  6.556  6.271  5.986  5.701  5.416  5.132  4.847  4.563  4.279  3.996  3.712  3.429  3.146  2.863  2.580  2.297  2.014  1.731  1.449  1.166  0.884  0.601  0.319 
22.413 22.102 21.792 21.483 21.174 20.865 20.557 20.250 19.943 19.637 19.331 19.025 18.721 18.416 18.113 17.809 17.507 17.204 16.903 16.601 16.301 16.000 15.701 15.401 15.102 14.804 14.506 14.209 13.912 13.615 13.319 13.023 12.728 12.433 12.139 11.845 11.551 11.258 10.965 10.673 10.381 10.089  9.798  9.507  9.216  8.926  8.636  8.346  8.057  7.768  7.479  7.190  6.902  6.614  6.326  6.039  5.752  5.465  5.178  4.891  4.604  4.318  4.032  3.746  3.460  3.174  2.889  2.603  2.318  2.033  1.747  1.462  1.177  0.892  0.607  0.322 
22.527 22.216 21.906 21.596 21.287 20.979 20.670 20.363 20.055 19.749 19.442 19.136 18.831 18.526 18.222 17.918 17.614 17.311 17.009 16.707 16.405 16.104 15.803 15.503 15.203 14.903 14.604 14.305 14.007 13.709 13.412 13.115 12.818 12.522 12.226 11.931 11.635 11.341 11.046 10.752 10.458 10.165  9.872  9.579  9.287  8.994  8.702  8.411  8.120  7.828  7.538  7.247  6.957  6.667  6.377  6.087  5.798  5.508  5.219  4.930  4.642  4.353  4.065  3.777  3.488  3.200  2.912  2.625  2.337  2.049  1.762  1.474  1.187  0.899  0.612  0.325 
22.630 22.320 22.010 21.700 21.390 21.082 20.773 20.465 20.158 19.850 19.544 19.237 18.932 18.626 18.321 18.017 17.712 17.409 17.105 16.802 16.500 16.198 15.896 15.595 15.294 14.993 14.693 14.393 14.094 13.795 13.496 13.198 12.900 12.603 12.305 12.008 11.712 11.416 11.120 10.824 10.529 10.234  9.939  9.645  9.350  9.057  8.763  8.470  8.176  7.884  7.591  7.298  7.006  6.714  6.423  6.131  5.840  5.548  5.257  4.966  4.676  4.385  4.095  3.804  3.514  3.224  2.934  2.644  2.354  2.065  1.775  1.485  1.196  0.906  0.617  0.327 
22.725 22.414 22.104 21.794 21.484 21.175 20.867 20.558 20.250 19.943 19.636 19.329 19.023 18.717 18.411 18.106 17.801 17.497 17.193 16.889 16.586 16.283 15.981 15.679 15.377 15.075 14.774 14.473 14.173 13.873 13.573 13.274 12.975 12.676 12.377 12.079 11.781 11.484 11.186 10.889 10.593 10.296 10.000  9.704  9.408  9.113  8.818  8.523  8.228  7.934  7.639  7.345  7.051  6.758  6.464  6.171  5.878  5.585  5.292  4.999  4.706  4.414  4.122  3.830  3.537  3.245  2.954  2.662  2.370  2.078  1.787  1.495  1.204  0.912  0.621  0.329 
22.810 22.500 22.189 21.879 21.570 21.260 20.952 20.643 20.335 20.027 19.720 19.413 19.106 18.799 18.493 18.188 17.882 17.578 17.273 16.969 16.665 16.361 16.058 15.755 15.452 15.150 14.848 14.546 14.245 13.944 13.643 13.342 13.042 12.742 12.443 12.143 11.844 11.546 11.247 10.949 10.651 10.353 10.055  9.758  9.461  9.164  8.868  8.571  8.275  7.979  7.683  7.388  7.092  6.797  6.502  6.207  5.912  5.618  5.323  5.029  4.734  4.440  4.146  3.852  3.559  3.265  2.971  2.678  2.384  2.091  1.798  1.504  1.211  0.918  0.625  0.331 
22.888 22.577 22.267 21.957 21.647 21.338 21.029 20.720 20.412 20.104 19.796 19.488 19.181 18.875 18.568 18.262 17.956 17.651 17.345 17.041 16.736 16.432 16.128 15.824 15.521 15.218 14.915 14.612 14.310 14.008 13.706 13.405 13.104 12.803 12.502 12.202 11.902 11.602 11.302 11.003 10.704 10.405 10.106  9.807  9.509  9.211  8.913  8.615  8.318  8.020  7.723  7.426  7.129  6.833  6.536  6.240  5.944  5.648  5.352  5.056  4.760  4.464  4.169  3.873  3.578  3.283  2.988  2.692  2.397  2.102  1.807  1.513  1.218  0.923  0.628  0.333 
22.959 22.648 22.338 22.028 21.718 21.408 21.099 20.790 20.482 20.173 19.865 19.557 19.250 18.943 18.636 18.329 18.023 17.717 17.411 17.106 16.801 16.496 16.191 15.887 15.583 15.279 14.976 14.672 14.369 14.067 13.764 13.462 13.160 12.858 12.556 12.255 11.954 11.653 11.352 11.052 10.752 10.452 10.152  9.852  9.553  9.253  8.954  8.655  8.357  8.058  7.760  7.461  7.163  6.865  6.567  6.270  5.972  5.675  5.377  5.080  4.783  4.486  4.189  3.892  3.596  3.299  3.002  2.706  2.409  2.113  1.816  1.520  1.224  0.927  0.631  0.335 
23.023 22.713 22.402 22.092 21.782 21.472 21.163 20.854 20.545 20.236 19.928 19.620 19.312 19.005 18.698 18.391 18.084 17.778 17.471 17.165 16.860 16.554 16.249 15.944 15.640 15.335 15.031 14.727 14.423 14.120 13.816 13.513 13.210 12.908 12.605 12.303 12.001 11.699 11.398 11.096 10.795 10.493 10.192  9.891  9.590  9.288  8.987  8.684  8.381  8.078  7.772  7.465  7.156  6.844  6.528  6.208  5.882  5.550  5.210  4.861  4.503  4.134  3.753  3.360  2.954  2.535  2.104  1.661  1.208  0.746  0.275 -0.464 -1.460 -2.455 -3.449 -4.440 
23.075 22.764 22.453 22.143 21.832 21.522 21.211 20.901 20.590 20.280 19.970 19.659 19.349 19.039 18.728 18.417 18.106 17.795 17.483 17.172 16.859 16.547 16.233 15.919 15.605 15.290 14.973 14.656 14.338 14.019 13.699 13.377 13.054 12.729 12.403 12.075 11.745 11.413 11.079 10.743 10.404 10.063  9.719  9.372  9.023  8.670  8.315  7.956  7.594  7.229  6.861  6.489  6.114  5.735  5.353  4.968  4.580  4.189  3.794  3.397  2.997  2.595  2.191  1.784  1.376  0.966  0.556  0.144 -0.213 -0.577 -0.940 -1.301 -1.661 -2.017 -2.371 -2.720 
23.025 22.714 22.402 22.090 21.777 21.464 21.150 20.835 20.520 20.205 19.888 19.571 19.254 18.935 18.616 18.297 17.976 17.655 17.332 17.009 16.685 16.361 16.035 15.708 15.380 15.051 14.721 14.390 14.057 13.724 13.389 13.053 12.715 12.377 12.037 11.696 11.353 11.009 10.664 10.318  9.970  9.621  9.271  8.919  8.567  8.214  7.859  7.504  7.148  6.791  6.434  6.076  5.718  5.360  5.002  4.644  4.287  3.929  3.573  3.216  2.861  2.506  2.151  1.798  1.445  1.093  0.741  0.390  0.040 -0.179 -0.324 -0.467 -0.606 -0.742 -0.874 -1.000 
22.866 22.555 22.243 21.930 21.616 21.302 20.986 20.670 20.354 20.036 19.717 19.398 19.078 18.757 18.436 18.113 17.790 17.466 17.141 16.816 16.489 16.162 15.834 15.506 15.177 14.847 14.516 14.184 13.852 13.520 13.187 12.853 12.519 12.184 11.848 11.513 11.177 10.840 10.504 10.167  9.830  9.493  9.156  8.819  8.482  8.146  7.810  7.474  7.139  6.805  6.471  6.138  5.807  5.476  5.146  4.818  4.491  4.165  3.841  3.518  3.197  2.878  2.560  2.245  1.931  1.621  1.315  1.017  0.729  0.453  0.190 -0.065 -0.112 -0.007  0.354  0.720 
22.700 22.389 22.077 21.764 21.451 21.138 20.823 20.509 20.193 19.877 19.561 19.243 18.926 18.608 18.289 17.970 17.651 17.331 17.012 16.691 16.371 16.050 15.730 15.409 15.088 14.768 14.448 14.128 13.808 13.489 13.171 12.853 12.537 12.221 11.906 11.593 11.281 10.971 10.663 10.357 10.053  9.752  9.453  9.157  8.864  8.574  8.288  8.006  7.728  7.454  7.184  6.919  6.659  6.404  6.154  5.910  5.672  5.440  5.214  4.994  4.781  4.575  4.375  4.182  3.996  3.818  3.646  3.482  3.325  3.176  3.035  2.900  2.774  2.655  2.544  2.440 
22.632 22.321 22.010 21.700 21.389 21.079 20.769 20.459 20.149 19.839 19.530 19.220 18.912 18.603 18.295 17.988 17.681 17.374 17.068 16.763 16.459 16.156 15.853 15.552 15.252 14.953 14.655 14.358 14.063 13.770 13.478 13.189 12.901 12.615 12.331 12.049 11.770 11.494 11.220 10.949 10.680 10.415 10.153  9.894  9.638  9.386  9.138  8.894  8.653  8.417  8.185  7.957  7.734  7.516  7.302  7.093  6.889  6.691  6.498  6.310  6.128  5.952  5.781  5.617  5.458  5.306  5.161  5.022  4.889  4.764  4.645  4.533  4.429  4.332  4.242  4.160 
22.747 22.437 22.128 21.819 21.511 21.205 20.899 20.594 20.290 19.988 19.686 19.385 19.086 18.788 18.490 18.195 17.900 17.607 17.315 17.025 16.736 16.448 16.163 15.879 15.597 15.316 15.038 14.762 14.487 14.215 13.945 13.678 13.413 13.150 12.891 12.633 12.379 12.128 11.879 11.634 11.392 11.154 10.919 10.687 10.459 10.235 10.015  9.799  9.587  9.379  9.175  8.977  8.782  8.593  8.408  8.229  8.054  7.885  7.721  7.563  7.410  7.263  7.122  6.986  6.857  6.735  6.618  6.509  6.405  6.309  6.219  6.137  6.062  5.994  5.933  5.880 
23.033 22.723 22.414 22.107 21.802 21.499 21.197 20.896 20.598 20.301 20.006 19.712 19.421 19.131 18.843 18.557 18.273 17.991 17.711 17.432 17.157 16.883 16.611 16.342 16.075 15.810 15.548 15.289 15.032 14.778 14.526 14.278 14.032 13.789 13.550 13.313 13.080 12.850 12.624 12.401 12.181 11.966 11.754 11.546 11.342 11.142 10.947 10.755 10.568 10.386 10.208 10.035  9.867  9.704  9.545  9.392  9.245  9.102  8.966  8.835  8.709  8.590  8.476  8.369  8.267  8.173  8.084  8.002  7.927  7.859  7.798  7.744  7.697  7.657  7.625  7.600 
23.462 23.152 22.844 22.539 22.236 21.935 21.636 21.340 21.045 20.753 20.464 20.176 19.891 19.609 19.329 19.051 18.775 18.503 18.232 17.964 17.699 17.436 17.177 16.919 16.665 16.413 16.164 15.918 15.675 15.435 15.198 14.963 14.732 14.504 14.279 14.058 13.839 13.624 13.412 13.203 12.997 12.795 12.596 12.401 12.208 12.019 11.834 11.651 11.472 11.296 11.124 10.954 10.788 10.624 10.464 10.306 10.152 10.000  9.851  9.704  9.560  9.418  9.279  9.141  9.005  8.872  8.740  8.609  8.480  8.352  8.225  8.099  7.974  7.849  7.724  7.600 
23.999 23.690 23.383 23.078 22.776 22.477 22.180 21.886 21.594 21.305 21.018 20.734 20.452 20.174 19.897 19.624 19.353 19.084 18.818 18.555 18.295 18.037 17.782 17.529 17.279 17.032 16.787 16.545 16.306 16.070 15.836 15.604 15.376 15.150 14.927 14.706 14.488 14.273 14.060 13.850 13.642 13.437 13.234 13.034 12.836 12.641 12.448 12.257 12.068 11.882 11.698 11.516 11.336 11.159 10.983 10.809 10.636 10.466 10.297 10.130  9.964  9.800  9.637  9.475  9.315  9.156  8.997  8.840  8.683  8.527  8.371  8.217  8.062  7.908  7.754  7.600 
24.576 24.267 23.960 23.655 23.353 23.054 22.757 22.463 22.171 21.882 21.596 21.312 21.031 20.752 20.476 20.202 19.931 19.662 19.396 19.132 18.871 18.612 18.356 18.102 17.851 17.602 17.356 17.112 16.870 16.631 16.394 16.160 15.928 15.698 15.470 15.245 15.022 14.801 14.582 14.365 14.151 13.939 13.728 13.520 13.313 13.109 12.906 12.705 12.506 12.309 12.113 11.919 11.727 11.536 11.346 11.158 10.972 10.786 10.602 10.419 10.238 10.057  9.877  9.698  9.520  9.343  9.167  8.991  8.816  8.641  8.467  8.293  8.120  7.946  7.773  7.600 
25.140 24.830 24.523 24.218 23.916 23.616 23.318 23.023 22.731 22.441 22.153 21.868 21.585 21.304 21.026 20.750 20.477 20.206 19.937 19.671 19.407 19.145 18.885 18.628 18.373 18.120 17.870 17.621 17.375 17.131 16.889 16.649 16.411 16.176 15.942 15.710 15.480 15.252 15.026 14.802 14.579 14.359 14.140 13.923 13.707 13.493 13.281 13.070 12.861 12.653 12.447 12.242 12.038 11.836 11.635 11.435 11.236 11.038 10.841 10.646 10.451 10.257 10.064  9.871  9.679  9.488  9.298  9.108  8.918  8.729  8.540  8.352  8.164  7.976  7.788  7.600 
25.668 25.358 25.050 24.745 24.442 24.142 23.843 23.547 23.253 22.961 22.672 22.385 22.100 21.817 21.536 21.258 20.981 20.707 20.435 20.165 19.898 19.632 19.368 19.107 18.847 18.590 18.335 18.081 17.830 17.580 17.332 17.086 16.842 16.600 16.360 16.121 15.885 15.649 15.416 15.184 14.954 14.725 14.498 14.273 14.049 13.826 13.605 13.385 13.166 12.949 12.733 12.518 12.304 12.091 11.880 11.669 11.460 11.251 11.043 10.836 10.630 10.425 10.220 10.016  9.812  9.610  9.407  9.205  9.004  8.802  8.602  8.401  8.201  8.000  7.800  7.600 
26.153 25.843 25.536 25.230 24.926 24.625 24.325 24.028 23.733 23.439 23.148 22.859 22.571 22.286 22.003 21.722 21.442 21.165 20.890 20.616 20.345 20.075 19.808 19.542 19.278 19.016 18.755 18.497 18.240 17.985 17.732 17.480 17.230 16.982 16.735 16.490 16.247 16.005 15.764 15.525 15.288 15.052 14.817 14.583 14.351 14.120 13.891 13.663 13.435 13.209 12.984 12.760 12.538 12.316 12.095 11.875 11.656 11.437 11.220 11.003 10.787 10.571 10.356 10.142  9.928  9.715  9.502  9.290  9.078  8.866  8.655  8.444  8.233  8.022  7.811  7.600 
26.597 26.287 25.979 25.672 25.368 25.066 24.765 24.467 24.170 23.875 23.582 23.291 23.001 22.714 22.428 22.144 21.862 21.582 21.303 21.026 20.751 20.478 20.206 19.936 19.668 19.402 19.137 18.873 18.612 18.352 18.093 17.836 17.581 17.327 17.074 16.823 16.573 16.325 16.078 15.832 15.588 15.345 15.103 14.862 14.623 14.385 14.148 13.912 13.677 13.443 13.210 12.978 12.747 12.516 12.287 12.058 11.831 11.604 11.377 11.152 10.926 10.702 10.478 10.255 10.032  9.809  9.587  9.366  9.144  8.923  8.702  8.481  8.261  8.041  7.820  7.600 
27.000 26.689 26.381 26.075 25.770 25.467 25.165 24.865 24.567 24.271 23.976 23.683 23.392 23.102 22.814 22.528 22.243 21.960 21.678 21.398 21.120 20.843 20.568 20.294 20.022 19.752 19.482 19.215 18.948 18.684 18.420 18.158 17.898 17.638 17.380 17.124 16.868 16.614 16.361 16.110 15.859 15.610 15.361 15.114 14.868 14.623 14.379 14.136 13.894 13.653 13.413 13.173 12.935 12.697 12.460 12.224 11.988 11.753 11.519 11.285 11.052 10.820 10.587 10.356 10.125  9.894  9.664  9.433  9.204  8.974  8.745  8.516  8.287  8.058  7.829  7.600 
27.365 27.055 26.747 26.440 26.134 25.830 25.528 25.227 24.928 24.630 24.334 24.039 23.746 23.455 23.164 22.876 22.589 22.303 22.019 21.736 21.454 21.175 20.896 20.619 20.343 20.069 19.796 19.524 19.254 18.985 18.717 18.450 18.185 17.921 17.658 17.396 17.136 16.876 16.618 16.361 16.104 15.849 15.595 15.342 15.090 14.839 14.589 14.339 14.091 13.843 13.596 13.350 13.105 12.860 12.616 12.373 12.130 11.888 11.647 11.406 11.166 10.926 10.686 10.447 10.209  9.970  9.732  9.495  9.257  9.020  8.783  8.546  8.310  8.073  7.836  7.600 
27.697 27.387 27.078 26.771 26.465 26.160 25.857 25.555 25.255 24.956 24.659 24.362 24.068 23.774 23.482 23.191 22.902 22.614 22.327 22.042 21.758 21.475 21.193 20.913 20.634 20.356 20.080 19.804 19.530 19.257 18.985 18.715 18.445 18.177 17.909 17.643 17.378 17.113 16.850 16.588 16.327 16.066 15.807 15.549 15.291 15.034 14.778 14.523 14.269 14.015 13.762 13.510 13.259 13.008 12.758 12.508 12.259 12.011 11.763 11.515 11.268 11.022 10.776 10.530 10.285 10.039  9.795  9.550  9.306  9.062  8.818  8.574  8.330  8.087  7.843  7.600 
27.998 27.688 27.379 27.071 26.765 26.460 26.156 25.853 25.552 25.252 24.953 24.655 24.359 24.064 23.770 23.478 23.186 22.896 22.607 22.319 22.033 21.747 21.463 21.180 20.898 20.617 20.337 20.058 19.781 19.504 19.229 18.954 18.681 18.409 18.137 17.867 17.597 17.329 17.061 16.794 16.528 16.263 15.999 15.736 15.473 15.211 14.950 14.690 14.430 14.171 13.913 13.655 13.398 13.142 12.886 12.631 12.376 12.122 11.868 11.614 11.361 11.109 10.857 10.605 10.353 10.102  9.851  9.600  9.350  9.100  8.849  8.599  8.349  8.100  7.850  7.600 
28.271 27.960 27.651 27.343 27.037 26.731 26.426 26.123 25.821 25.520 25.220 24.921 24.623 24.327 24.031 23.737 23.444 23.152 22.861 22.571 22.282 21.994 21.707 21.422 21.137 20.853 20.570 20.289 20.008 19.728 19.450 19.172 18.895 18.619 18.344 18.069 17.796 17.523 17.252 16.981 16.711 16.441 16.173 15.905 15.638 15.372 15.106 14.841 14.576 14.313 14.049 13.787 13.525 13.263 13.002 12.742 12.482 12.222 11.963 11.704 11.446 11.188 10.930 10.673 10.416 10.159  9.902  9.646  9.390  9.134  8.878  8.622  8.367  8.111  7.855  7.600 
28.518 28.208 27.898 27.590 27.283 26.977 26.672 26.368 26.065 25.763 25.462 25.162 24.863 24.565 24.268 23.972 23.677 23.384 23.091 22.799 22.508 22.218 21.929 21.641 21.354 21.067 20.782 20.498 20.214 19.931 19.650 19.369 19.089 18.809 18.531 18.253 17.976 17.700 17.425 17.150 16.876 16.603 16.331 16.059 15.787 15.517 15.247 14.978 14.709 14.441 14.173 13.906 13.639 13.373 13.107 12.842 12.577 12.313 12.049 11.785 11.522 11.259 10.997 10.734 10.472 10.210  9.949  9.687  9.426  9.165  8.904  8.643  8.382  8.121  7.861  7.600 
28.742 28.432 28.122 27.814 27.506 27.200 26.894 26.589 26.286 25.983 25.681 25.380 25.080 24.781 24.483 24.185 23.889 23.594 23.299 23.005 22.713 22.421 22.130 21.839 21.550 21.261 20.974 20.687 20.401 20.116 19.831 19.547 19.264 18.982 18.701 18.420 18.140 17.860 17.582 17.304 17.026 16.750 16.473 16.198 15.923 15.649 15.375 15.102 14.829 14.557 14.285 14.014 13.743 13.473 13.203 12.933 12.664 12.396 12.127 11.859 11.591 11.324 11.057 10.790 10.523 10.257  9.991  9.725  9.459  9.193  8.927  8.662  8.396  8.131  7.865  7.600 
28.945 28.635 28.325 28.017 27.709 27.402 27.096 26.790 26.486 26.182 25.880 25.578 25.277 24.977 24.677 24.379 24.081 23.784 23.488 23.193 22.898 22.605 22.312 22.019 21.728 21.437 21.148 20.858 20.570 20.282 19.995 19.709 19.424 19.139 18.854 18.571 18.288 18.006 17.724 17.443 17.162 16.882 16.603 16.324 16.046 15.768 15.491 15.214 14.938 14.662 14.387 14.112 13.837 13.563 13.289 13.016 12.743 12.470 12.198 11.926 11.654 11.383 11.112 10.841 10.570 10.299 10.029  9.758  9.488  9.218  8.948  8.679  8.409  8.139  7.870  7.600 
29.130 28.819 28.510 28.201 27.892 27.585 27.279 26.973 26.668 26.363 26.060 25.757 25.455 25.154 24.854 24.554 24.255 23.957 23.659 23.363 23.067 22.771 22.477 22.183 21.890 21.597 21.305 21.014 20.724 20.434 20.144 19.856 19.568 19.281 18.994 18.708 18.422 18.137 17.853 17.569 17.286 17.003 16.720 16.439 16.157 15.876 15.596 15.316 15.037 14.758 14.479 14.201 13.923 13.645 13.368 13.091 12.815 12.538 12.262 11.987 11.711 11.436 11.161 10.886 10.612 10.337 10.063  9.789  9.515  9.241  8.968  8.694  8.420  8.147  7.873  7.600 
29.297 28.986 28.676 28.367 28.059 27.751 27.444 27.138 26.832 26.527 26.223 25.920 25.617 25.315 25.014 24.713 24.413 24.113 23.815 23.517 23.219 22.922 22.626 22.331 22.036 21.742 21.448 21.155 20.863 20.571 20.280 19.989 19.699 19.409 19.120 18.832 18.544 18.257 17.970 17.683 17.397 17.112 16.827 16.542 16.258 15.975 15.691 15.409 15.126 14.844 14.562 14.281 14.000 13.719 13.439 13.159 12.879 12.600 12.321 12.042 11.763 11.484 11.206 10.928 10.650 10.372 10.094  9.817  9.540  9.262  8.985  8.708  8.431  8.154  7.877  7.600 
29.448 29.138 28.828 28.518 28.210 27.902 27.594 27.288 26.982 26.676 26.371 26.067 25.764 25.461 25.158 24.857 24.556 24.255 23.955 23.656 23.357 23.059 22.762 22.465 22.169 21.873 21.578 21.283 20.989 20.695 20.402 20.109 19.817 19.526 19.235 18.944 18.654 18.365 18.076 17.787 17.499 17.211 16.923 16.636 16.350 16.064 15.778 15.492 15.207 14.922 14.638 14.354 14.070 13.787 13.503 13.221 12.938 12.655 12.373 12.091 11.810 11.528 11.247 10.966 10.684 10.404 10.123  9.842  9.562  9.281  9.001  8.721  8.440  8.160  7.880  7.600 
29.585 29.275 28.965 28.655 28.347 28.038 27.731 27.423 27.117 26.811 26.506 26.201 25.897 25.593 25.290 24.987 24.685 24.384 24.083 23.783 23.483 23.184 22.885 22.587 22.289 21.992 21.695 21.399 21.103 20.808 20.513 20.219 19.925 19.632 19.339 19.046 18.754 18.463 18.172 17.881 17.590 17.300 17.011 16.722 16.433 16.144 15.856 15.568 15.281 14.994 14.707 14.420 14.134 13.848 13.562 13.276 12.991 12.706 12.421 12.136 11.852 11.568 11.284 11.000 10.716 10.432 10.149  9.865  9.582  9.299  9.015  8.732  8.449  8.166  7.883  7.600 
29.710 29.399 29.089 28.780 28.470 28.162 27.854 27.547 27.240 26.933 26.627 26.322 26.017 25.713 25.409 25.106 24.803 24.500 24.199 23.897 23.596 23.296 22.996 22.697 22.398 22.099 21.801 21.504 21.207 20.910 20.614 20.318 20.023 19.728 19.433 19.139 18.845 18.552 18.259 17.966 17.674 17.382 17.090 16.799 16.508 16.217 15.927 15.637 15.347 15.058 14.769 14.480 14.191 13.903 13.615 13.327 13.039 12.752 12.464 12.177 11.890 11.604 11.317 11.031 10.744 10.458 10.172  9.886  9.600  9.314  9.028  8.743  8.457  8.171  7.886  7.600 
