30.816 30.505 30.194 29.883 29.573 29.262 28.951 28.640 28.329 28.018 27.707 27.396 27.085 26.774 26.464 26.153 25.842 25.531 25.220 24.909 24.598 24.287 23.976 23.665 23.354 23.043 22.732 22.421 22.110 21.799 21.488 21.176 20.865 20.554 20.243 19.931 19.620 19.308 18.997 18.685 18.373 18.061 17.749 17.437 17.125 16.812 16.500 16.187 15.874 15.561 15.247 14.933 14.619 14.305 13.990 13.675 13.360 13.044 12.728 12.411 12.094 11.776 11.457 11.138 10.819 10.498 10.177  9.856  9.533  9.210  8.886  8.560  8.234  7.907  7.579  7.250 
30.814 30.503 30.192 29.881 29.570 29.259 28.948 28.637 28.326 28.015 27.703 27.392 27.081 26.770 26.458 26.147 25.836 25.524 25.212 24.901 24.589 24.277 23.966 23.654 23.342 23.029 22.717 22.405 22.092 21.780 21.467 21.154 20.841 20.528 20.214 19.901 19.587 19.273 18.959 18.644 18.330 18.015 17.699 17.384 17.068 16.752 16.435 16.118 15.801 15.483 15.165 14.846 14.527 14.207 13.887 13.566 13.245 12.923 12.601 12.278 11.954 11.630 11.305 10.979 10.652 10.325  9.996  9.667  9.337  9.006  8.674  8.342  8.008  7.673  7.337  7.000 
30.801 30.490 30.179 29.868 29.557 29.245 28.934 28.623 28.311 27.999 27.688 27.376 27.064 26.751 26.439 26.127 25.814 25.502 25.189 24.876 24.563 24.250 23.936 23.623 23.309 22.995 22.681 22.367 22.052 21.737 21.422 21.107 20.791 20.475 20.159 19.843 19.526 19.209 18.892 18.574 18.256 17.937 17.619 17.299 16.980 16.659 16.339 16.018 15.696 15.374 15.051 14.728 14.404 14.080 13.755 13.429 13.103 12.776 12.448 12.120 11.791 11.461 11.130 10.799 10.467 10.134  9.800  9.465  9.129  8.792  8.454  8.115  7.776  7.435  7.093  6.750 
30.772 30.461 30.150 29.838 29.527 29.215 28.904 28.592 28.279 27.967 27.654 27.342 27.029 26.716 26.402 26.089 25.775 25.461 25.147 24.832 24.518 24.203 23.888 23.572 23.257 22.941 22.624 22.308 21.991 21.674 21.356 21.039 20.720 20.402 20.083 19.764 19.444 19.124 18.803 18.482 18.161 17.839 17.517 17.194 16.871 16.547 16.223 15.898 15.572 15.246 14.919 14.592 14.264 13.935 13.606 13.276 12.945 12.614 12.282 11.949 11.615 11.280 10.945 10.609 10.272  9.934  9.595  9.255  8.914  8.572  8.229  7.886  7.541  7.195  6.848  6.500 
30.725 30.414 30.102 29.791 29.479 29.167 28.855 28.542 28.229 27.916 27.603 27.289 26.976 26.661 26.347 26.032 25.717 25.402 25.086 24.770 24.454 24.138 23.821 23.503 23.186 22.868 22.550 22.231 21.912 21.592 21.273 20.952 20.632 20.311 19.989 19.667 19.345 19.022 18.698 18.374 18.050 17.725 17.399 17.073 16.746 16.419 16.091 15.763 15.434 15.104 14.774 14.443 14.111 13.778 13.445 13.111 12.776 12.441 12.105 11.768 11.430 11.091 10.751 10.411 10.070  9.727  9.384  9.040  8.695  8.349  8.001  7.653  7.304  6.954  6.602  6.250 
30.659 30.348 30.037 29.725 29.413 29.101 28.788 28.475 28.162 27.848 27.534 27.219 26.905 26.590 26.274 25.958 25.642 25.325 25.008 24.691 24.373 24.055 23.737 23.418 23.098 22.779 22.458 22.138 21.817 21.495 21.173 20.851 20.527 20.204 19.880 19.555 19.230 18.905 18.579 18.252 17.925 17.597 17.268 16.939 16.609 16.279 15.948 15.616 15.284 14.951 14.617 14.283 13.948 13.612 13.275 12.937 12.599 12.260 11.920 11.579 11.238 10.895 10.552 10.208  9.862  9.516  9.169  8.821  8.472  8.122  7.771  7.419  7.066  6.712  6.356  6.000 
30.577 30.266 29.955 29.643 29.330 29.018 28.705 28.391 28.077 27.763 27.448 27.133 26.817 26.501 26.185 25.868 25.551 25.233 24.915 24.596 24.277 23.957 23.637 23.317 22.996 22.674 22.352 22.030 21.707 21.383 21.059 20.735 20.410 20.084 19.758 19.431 19.103 18.775 18.447 18.117 17.787 17.457 17.126 16.794 16.462 16.128 15.794 15.460 15.125 14.789 14.452 14.114 13.776 13.437 13.097 12.756 12.415 12.072 11.729 11.385 11.040 10.694 10.347 10.000  9.651  9.302  8.951  8.599  8.247  7.893  7.539  7.183  6.827  6.469  6.110  5.750 
30.480 30.168 29.857 29.545 29.232 28.919 28.606 28.292 27.977 27.663 27.347 27.031 26.715 26.398 26.081 25.763 25.445 25.126 24.807 24.487 24.166 23.845 23.524 23.202 22.879 22.556 22.233 21.909 21.584 21.259 20.933 20.606 20.279 19.951 19.623 19.294 18.965 18.634 18.303 17.972 17.640 17.307 16.973 16.639 16.304 15.968 15.632 15.294 14.956 14.618 14.278 13.938 13.597 13.255 12.912 12.568 12.224 11.879 11.532 11.185 10.837 10.488 10.139  9.788  9.436  9.083  8.730  8.375  8.019  7.663  7.305  6.946  6.586  6.225  5.863  5.500 
30.368 30.057 29.745 29.433 29.120 28.807 28.493 28.179 27.864 27.548 27.232 26.916 26.599 26.281 25.963 25.644 25.325 25.005 24.685 24.364 24.043 23.720 23.398 23.075 22.751 22.426 22.101 21.775 21.449 21.122 20.795 20.466 20.137 19.808 19.478 19.147 18.815 18.483 18.150 17.817 17.482 17.147 16.811 16.475 16.138 15.799 15.461 15.121 14.781 14.439 14.097 13.755 13.411 13.066 12.721 12.375 12.028 11.680 11.331 10.981 10.630 10.278  9.926  9.572  9.218  8.862  8.506  8.148  7.789  7.430  7.069  6.708  6.345  5.981  5.616  5.250 
30.243 29.932 29.620 29.308 28.995 28.681 28.367 28.053 27.737 27.421 27.105 26.788 26.470 26.152 25.833 25.514 25.194 24.873 24.552 24.230 23.907 23.584 23.260 22.936 22.610 22.285 21.958 21.631 21.303 20.975 20.646 20.316 19.986 19.655 19.323 18.990 18.657 18.323 17.988 17.652 17.316 16.979 16.641 16.303 15.963 15.623 15.282 14.940 14.598 14.254 13.910 13.565 13.219 12.872 12.524 12.176 11.826 11.476 11.124 10.772 10.419 10.065  9.710  9.353  8.996  8.638  8.279  7.919  7.558  7.196  6.832  6.468  6.103  5.736  5.369  5.000 
30.107 29.795 29.484 29.171 28.858 28.544 28.230 27.915 27.599 27.283 26.966 26.648 26.330 26.011 25.692 25.372 25.051 24.729 24.407 24.084 23.761 23.437 23.112 22.786 22.460 22.133 21.805 21.477 21.148 20.818 20.488 20.157 19.825 19.492 19.159 18.824 18.490 18.154 17.817 17.480 17.142 16.803 16.464 16.123 15.782 15.440 15.097 14.753 14.409 14.063 13.717 13.370 13.022 12.673 12.323 11.972 11.620 11.268 10.914 10.559 10.204  9.848  9.490  9.132  8.772  8.412  8.050  7.688  7.324  6.960  6.594  6.228  5.860  5.491  5.121  4.750 
29.960 29.648 29.337 29.024 28.711 28.397 28.082 27.767 27.451 27.134 26.817 26.499 26.180 25.861 25.540 25.220 24.898 24.576 24.253 23.929 23.605 23.280 22.954 22.628 22.300 21.972 21.644 21.314 20.984 20.653 20.321 19.989 19.655 19.321 18.987 18.651 18.315 17.977 17.639 17.301 16.961 16.621 16.279 15.937 15.594 15.250 14.906 14.560 14.214 13.867 13.518 13.169 12.819 12.468 12.117 11.764 11.410 11.056 10.700 10.343  9.986  9.627  9.268  8.907  8.546  8.183  7.820  7.455  7.089  6.723  6.355  5.986  5.616  5.245  4.873  4.500 
29.803 29.492 29.180 28.867 28.554 28.240 27.925 27.609 27.293 26.976 26.658 26.340 26.020 25.701 25.380 25.058 24.736 24.413 24.090 23.765 23.440 23.114 22.788 22.460 22.132 21.803 21.473 21.143 20.812 20.480 20.147 19.813 19.479 19.143 18.807 18.470 18.133 17.794 17.455 17.115 16.774 16.432 16.089 15.745 15.401 15.055 14.709 14.362 14.014 13.665 13.315 12.964 12.613 12.260 11.906 11.552 11.196 10.840 10.482 10.124  9.765  9.404  9.043  8.681  8.317  7.953  7.587  7.221  6.853  6.484  6.115  5.744  5.372  4.999  4.625  4.250 
29.638 29.326 29.014 28.702 28.388 28.074 27.759 27.443 27.126 26.809 26.491 26.172 25.852 25.532 25.211 24.889 24.566 24.243 23.918 23.593 23.268 22.941 22.613 22.285 21.956 21.626 21.296 20.964 20.632 20.299 19.965 19.630 19.295 18.959 18.621 18.283 17.944 17.605 17.264 16.923 16.580 16.237 15.893 15.548 15.202 14.855 14.507 14.159 13.809 13.459 13.107 12.755 12.402 12.048 11.692 11.336 10.979 10.621 10.262  9.902  9.541  9.179  8.816  8.452  8.086  7.720  7.353  6.985  6.615  6.245  5.874  5.501  5.127  4.753  4.377  4.000 
29.464 29.153 28.841 28.528 28.215 27.900 27.585 27.269 26.952 26.634 26.316 25.997 25.677 25.356 25.034 24.712 24.389 24.065 23.740 23.414 23.088 22.760 22.432 22.103 21.773 21.443 21.111 20.779 20.446 20.112 19.777 19.442 19.105 18.768 18.429 18.090 17.750 17.409 17.068 16.725 16.381 16.037 15.692 15.345 14.998 14.650 14.301 13.951 13.600 13.249 12.896 12.542 12.187 11.832 11.475 11.117 10.759 10.399 10.039  9.677  9.315  8.951  8.586  8.221  7.854  7.486  7.117  6.748  6.377  6.005  5.632  5.258  4.882  4.506  4.129  3.750 
29.284 28.973 28.661 28.348 28.034 27.719 27.404 27.088 26.771 26.453 26.134 25.814 25.494 25.173 24.851 24.528 24.204 23.880 23.554 23.228 22.901 22.573 22.245 21.915 21.584 21.253 20.921 20.588 20.254 19.919 19.584 19.247 18.910 18.571 18.232 17.892 17.551 17.209 16.866 16.523 16.178 15.832 15.486 15.139 14.790 14.441 14.091 13.740 13.388 13.035 12.681 12.326 11.970 11.613 11.255 10.896 10.536 10.175  9.813  9.450  9.086  8.721  8.355  7.988  7.620  7.251  6.880  6.509  6.137  5.763  5.389  5.013  4.637  4.259  3.880  3.500 
29.097 28.786 28.474 28.161 27.847 27.532 27.216 26.900 26.583 26.265 25.946 25.626 25.305 24.984 24.661 24.338 24.014 23.689 23.363 23.036 22.709 22.380 22.051 21.721 21.390 21.058 20.725 20.391 20.056 19.721 19.385 19.047 18.709 18.370 18.030 17.689 17.347 17.004 16.660 16.316 15.970 15.624 15.276 14.928 14.578 14.228 13.877 13.525 13.171 12.817 12.462 12.106 11.749 11.391 11.032 10.671 10.310  9.948  9.585  9.221  8.856  8.489  8.122  7.754  7.384  7.014  6.642  6.270  5.896  5.521  5.146  4.769  4.391  4.012  3.631  3.250 
28.904 28.593 28.281 27.968 27.654 27.339 27.023 26.707 26.389 26.071 25.752 25.431 25.111 24.789 24.466 24.142 23.818 23.492 23.166 22.839 22.511 22.182 21.852 21.521 21.190 20.857 20.524 20.189 19.854 19.518 19.181 18.843 18.504 18.164 17.823 17.481 17.139 16.795 16.450 16.105 15.758 15.411 15.063 14.713 14.363 14.012 13.659 13.306 12.952 12.597 12.241 11.883 11.525 11.166 10.806 10.445 10.082  9.719  9.355  8.990  8.623  8.256  7.887  7.518  7.147  6.776  6.403  6.029  5.654  5.278  4.901  4.523  4.144  3.764  3.383  3.000 
28.706 28.395 28.082 27.769 27.455 27.140 26.824 26.508 26.190 25.872 25.552 25.232 24.911 24.589 24.266 23.942 23.617 23.291 22.964 22.637 22.308 21.979 21.649 21.317 20.985 20.652 20.318 19.983 19.647 19.310 18.973 18.634 18.294 17.954 17.612 17.270 16.926 16.582 16.237 15.890 15.543 15.195 14.846 14.495 14.144 13.792 13.439 13.085 12.730 12.374 12.017 11.658 11.299 10.939 10.578 10.216  9.852  9.488  9.123  8.757  8.389  8.021  7.651  7.281  6.909  6.536  6.163  5.788  5.412  5.035  4.657  4.278  3.897  3.516  3.134  2.750 
28.503 28.192 27.879 27.566 27.252 26.937 26.621 26.304 25.986 25.668 25.348 25.028 24.706 24.384 24.061 23.736 23.411 23.085 22.758 22.430 22.101 21.771 21.441 21.109 20.776 20.443 20.108 19.773 19.436 19.099 18.761 18.421 18.081 17.740 17.398 17.055 16.711 16.366 16.020 15.673 15.325 14.976 14.626 14.275 13.923 13.570 13.216 12.861 12.505 12.148 11.790 11.431 11.071 10.710 10.348  9.985  9.621  9.255  8.889  8.522  8.154  7.784  7.414  7.042  6.670  6.296  5.921  5.546  5.169  4.791  4.412  4.032  3.650  3.268  2.885  2.500 
28.295 27.984 27.672 27.359 27.044 26.729 26.413 26.096 25.778 25.460 25.140 24.819 24.497 24.175 23.851 23.527 23.201 22.875 22.548 22.219 21.890 21.560 21.229 20.897 20.564 20.230 19.895 19.559 19.222 18.884 18.545 18.205 17.865 17.523 17.180 16.836 16.492 16.146 15.799 15.452 15.103 14.753 14.403 14.051 13.698 13.345 12.990 12.634 12.278 11.920 11.561 11.202 10.841 10.479 10.116  9.752  9.387  9.021  8.654  8.286  7.917  7.547  7.175  6.803  6.430  6.055  5.679  5.303  4.925  4.546  4.166  3.785  3.403  3.020  2.635  2.250 
28.084 27.773 27.460 27.147 26.833 26.518 26.202 25.885 25.567 25.248 24.928 24.607 24.285 23.962 23.638 23.313 22.988 22.661 22.333 22.005 21.675 21.345 21.013 20.681 20.347 20.013 19.678 19.341 19.004 18.666 18.326 17.986 17.645 17.303 16.959 16.615 16.270 15.924 15.576 15.228 14.879 14.529 14.177 13.825 13.472 13.117 12.762 12.406 12.048 11.690 11.331 10.970 10.609 10.246  9.882  9.518  9.152  8.785  8.418  8.049  7.679  7.308  6.936  6.563  6.188  5.813  5.437  5.059  4.681  4.301  3.920  3.538  3.155  2.771  2.386  2.000 
27.869 27.558 27.245 26.932 26.618 26.303 25.986 25.669 25.351 25.032 24.712 24.391 24.069 23.746 23.422 23.097 22.771 22.444 22.116 21.787 21.457 21.126 20.795 20.462 20.128 19.793 19.458 19.121 18.783 18.444 18.105 17.764 17.422 17.080 16.736 16.391 16.045 15.699 15.351 15.002 14.652 14.301 13.950 13.597 13.243 12.888 12.532 12.175 11.817 11.458 11.098 10.737 10.375 10.012  9.647  9.282  8.916  8.548  8.180  7.810  7.440  7.068  6.695  6.321  5.946  5.570  5.193  4.815  4.436  4.055  3.674  3.291  2.908  2.523  2.137  1.750 
27.651 27.339 27.027 26.714 26.399 26.084 25.768 25.451 25.132 24.813 24.493 24.172 23.849 23.526 23.202 22.877 22.551 22.224 21.896 21.566 21.236 20.905 20.573 20.240 19.906 19.571 19.235 18.898 18.560 18.220 17.880 17.539 17.197 16.854 16.510 16.165 15.818 15.471 15.123 14.774 14.423 14.072 13.720 13.367 13.012 12.657 12.300 11.943 11.584 11.225 10.864 10.502 10.140  9.776  9.411  9.045  8.678  8.310  7.941  7.571  7.199  6.827  6.454  6.079  5.704  5.327  4.949  4.570  4.190  3.809  3.427  3.044  2.660  2.274  1.888  1.500 
27.430 27.118 26.806 26.492 26.178 25.863 25.546 25.229 24.911 24.591 24.271 23.950 23.627 23.304 22.980 22.654 22.328 22.001 21.672 21.343 21.013 20.681 20.349 20.015 19.681 19.346 19.009 18.672 18.333 17.994 17.654 17.312 16.970 16.626 16.282 15.936 15.589 15.242 14.893 14.543 14.193 13.841 13.488 13.134 12.780 12.424 12.067 11.709 11.350 10.989 10.628 10.266  9.903  9.538  9.173  8.807  8.439  8.071  7.701  7.330  6.958  6.585  6.211  5.836  5.460  5.083  4.705  4.325  3.945  3.563  3.180  2.796  2.411  2.025  1.638  1.250 
27.206 26.894 26.582 26.268 25.954 25.639 25.322 25.005 24.686 24.367 24.046 23.725 23.403 23.079 22.755 22.429 22.103 21.775 21.446 21.117 20.786 20.455 20.122 19.789 19.454 19.118 18.782 18.444 18.105 17.765 17.425 17.083 16.740 16.396 16.051 15.705 15.358 15.010 14.661 14.311 13.960 13.608 13.255 12.901 12.545 12.189 11.832 11.473 11.114 10.753 10.391 10.029  9.665  9.300  8.934  8.567  8.199  7.830  7.460  7.089  6.716  6.343  5.968  5.593  5.216  4.838  4.459  4.079  3.698  3.316  2.933  2.549  2.163  1.777  1.389  1.000 
26.979 26.668 26.355 26.042 25.728 25.412 25.096 24.778 24.460 24.140 23.820 23.498 23.175 22.852 22.527 22.202 21.875 21.547 21.218 20.889 20.558 20.226 19.893 19.560 19.225 18.889 18.552 18.214 17.875 17.535 17.194 16.852 16.509 16.164 15.819 15.473 15.126 14.777 14.428 14.077 13.726 13.373 13.020 12.665 12.310 11.953 11.595 11.236 10.876 10.515 10.153  9.790  9.426  9.061  8.694  8.327  7.958  7.589  7.218  6.846  6.474  6.100  5.725  5.349  4.972  4.593  4.214  3.833  3.452  3.069  2.685  2.301  1.915  1.528  1.139  0.750 
26.751 26.439 26.127 25.813 25.499 25.183 24.867 24.549 24.231 23.911 23.590 23.269 22.946 22.622 22.298 21.972 21.645 21.317 20.988 20.658 20.328 19.996 19.663 19.328 18.993 18.657 18.320 17.982 17.643 17.302 16.961 16.619 16.275 15.931 15.585 15.239 14.891 14.543 14.193 13.842 13.490 13.137 12.784 12.429 12.072 11.715 11.357 10.998 10.638 10.276  9.914  9.550  9.186  8.820  8.453  8.086  7.717  7.347  6.976  6.603  6.230  5.856  5.481  5.104  4.726  4.348  3.968  3.587  3.205  2.822  2.438  2.052  1.666  1.278  0.890  0.500 
26.520 26.209 25.896 25.583 25.268 24.953 24.636 24.319 24.000 23.680 23.359 23.038 22.715 22.391 22.066 21.740 21.413 21.085 20.756 20.426 20.095 19.763 19.430 19.096 18.760 18.424 18.087 17.748 17.409 17.068 16.727 16.384 16.041 15.696 15.350 15.003 14.655 14.306 13.956 13.605 13.253 12.900 12.546 12.191 11.834 11.477 11.118 10.759 10.398 10.036  9.674  9.310  8.945  8.579  8.212  7.843  7.474  7.104  6.732  6.360  5.986  5.612  5.236  4.859  4.481  4.102  3.722  3.340  2.958  2.574  2.190  1.804  1.417  1.029  0.640  0.250 
26.288 25.976 25.664 25.350 25.036 24.720 24.404 24.086 23.767 23.447 23.127 22.805 22.482 22.158 21.833 21.507 21.180 20.852 20.523 20.193 19.861 19.529 19.196 18.861 18.526 18.189 17.852 17.513 17.174 16.833 16.491 16.148 15.804 15.459 15.113 14.766 14.418 14.069 13.719 13.367 13.015 12.662 12.307 11.952 11.595 11.237 10.878 10.518 10.158  9.795  9.432  9.068  8.703  8.337  7.969  7.601  7.231  6.860  6.489  6.116  5.742  5.367  4.990  4.613  4.235  3.855  3.475  3.093  2.710  2.327  1.942  1.555  1.168  0.780  0.391  0.000 
26.054 25.742 25.430 25.116 24.802 24.486 24.169 23.852 23.533 23.213 22.892 22.570 22.247 21.923 21.598 21.272 20.945 20.617 20.288 19.957 19.626 19.293 18.960 18.625 18.290 17.953 17.615 17.277 16.937 16.596 16.254 15.911 15.567 15.222 14.875 14.528 14.180 13.830 13.480 13.128 12.776 12.422 12.067 11.711 11.355 10.997 10.637 10.277  9.916  9.554  9.190  8.826  8.460  8.094  7.726  7.357  6.987  6.616  6.244  5.871  5.497  5.122  4.745  4.368  3.990  3.610  3.230  2.848  2.465  2.081  1.697  1.311  0.924  0.536  0.147 -0.250 
25.818 25.507 25.194 24.881 24.566 24.250 23.934 23.616 23.297 22.977 22.656 22.334 22.011 21.687 21.362 21.036 20.709 20.380 20.051 19.720 19.389 19.056 18.723 18.388 18.052 17.715 17.377 17.038 16.698 16.357 16.015 15.671 15.327 14.981 14.634 14.287 13.938 13.588 13.237 12.884 12.531 12.177 11.821 11.464 11.106 10.747 10.387 10.025  9.663  9.299  8.934  8.568  8.201  7.832  7.462  7.091  6.719  6.346  5.971  5.596  5.219  4.840  4.461  4.081  3.699  3.316  2.932  2.546  2.160  1.772  1.383  0.993  0.602  0.210 -0.184 -0.500 
25.580 25.269 24.956 24.643 24.328 24.012 23.695 23.378 23.059 22.739 22.418 22.095 21.772 21.448 21.122 20.796 20.468 20.140 19.810 19.479 19.147 18.814 18.480 18.145 17.809 17.472 17.133 16.794 16.453 16.111 15.769 15.425 15.080 14.734 14.386 14.038 13.689 13.339 12.987 12.635 12.281 11.926 11.570 11.214 10.856 10.497 10.137  9.776  9.414  9.051  8.687  8.322  7.956  7.589  7.220  6.851  6.481  6.110  5.737  5.363  4.988  4.611  4.233  3.853  3.471  3.087  2.700  2.311  1.919  1.523  1.124  0.722  0.317 -0.090 -0.419 -0.750 
25.339 25.027 24.715 24.401 24.087 23.771 23.454 23.136 22.817 22.497 22.176 21.853 21.530 21.206 20.880 20.553 20.226 19.897 19.567 19.236 18.904 18.571 18.236 17.901 17.564 17.227 16.888 16.548 16.207 15.865 15.521 15.177 14.832 14.485 14.137 13.788 13.438 13.087 12.734 12.381 12.026 11.670 11.313 10.955 10.596 10.235  9.874  9.511  9.147  8.782  8.416  8.049  7.680  7.311  6.941  6.569  6.197  5.823  5.449  5.074  4.698  4.321  3.943  3.564  3.185  2.805  2.424  2.042  1.660  1.277  0.894  0.510  0.126 -0.221 -0.610 -1.000 
25.094 24.783 24.470 24.157 23.842 23.526 23.209 22.891 22.572 22.252 21.930 21.608 21.284 20.960 20.634 20.307 19.979 19.650 19.320 18.989 18.657 18.323 17.989 17.653 17.317 16.979 16.640 16.300 15.959 15.617 15.273 14.929 14.583 14.237 13.889 13.540 13.190 12.839 12.486 12.133 11.778 11.422 11.065 10.706 10.347  9.986  9.624  9.260  8.896  8.530  8.162  7.793  7.423  7.052  6.679  6.305  5.929  5.552  5.174  4.794  4.413  4.031  3.648  3.263  2.877  2.491  2.103  1.715  1.326  0.936  0.546  0.156 -0.178 -0.535 -0.892 -1.250 
24.847 24.536 24.223 23.910 23.595 23.279 22.962 22.644 22.325 22.004 21.683 21.360 21.037 20.712 20.386 20.059 19.731 19.401 19.071 18.740 18.407 18.073 17.738 17.402 17.065 16.727 16.388 16.047 15.706 15.363 15.019 14.674 14.328 13.981 13.633 13.283 12.933 12.581 12.229 11.875 11.520 11.164 10.808 10.450 10.091  9.731  9.370  9.008  8.645  8.281  7.916  7.550  7.183  6.815  6.446  6.077  5.706  5.334  4.961  4.587  4.211  3.834  3.456  3.075  2.692  2.306  1.917  1.524  1.126  0.722  0.312 -0.105 -0.446 -0.794 -1.146 -1.500 
24.598 24.287 23.974 23.660 23.346 23.030 22.713 22.395 22.075 21.755 21.433 21.111 20.787 20.462 20.136 19.809 19.481 19.151 18.821 18.489 18.157 17.823 17.488 17.151 16.814 16.476 16.136 15.795 15.453 15.110 14.766 14.421 14.074 13.726 13.377 13.027 12.676 12.324 11.970 11.615 11.259 10.902 10.544 10.185  9.824  9.463  9.100  8.736  8.371  8.005  7.638  7.270  6.901  6.531  6.160  5.788  5.414  5.041  4.666  4.290  3.914  3.536  3.158  2.780  2.400  2.020  1.640  1.258  0.877  0.494  0.112 -0.230 -0.609 -0.989 -1.369 -1.750 
24.346 24.035 23.722 23.409 23.094 22.778 22.461 22.143 21.823 21.503 21.181 20.859 20.535 20.210 19.884 19.557 19.228 18.899 18.568 18.236 17.904 17.570 17.235 16.898 16.561 16.223 15.883 15.542 15.201 14.858 14.513 14.168 13.822 13.474 13.125 12.775 12.424 12.072 11.718 11.364 11.008 10.650 10.292  9.932  9.571  9.209  8.845  8.480  8.114  7.746  7.377  7.007  6.635  6.262  5.888  5.513  5.136  4.758  4.379  3.998  3.617  3.234  2.851  2.467  2.082  1.696  1.309  0.922  0.535  0.147 -0.189 -0.550 -0.912 -1.274 -1.637 -2.000 
24.093 23.782 23.469 23.156 22.841 22.525 22.208 21.889 21.570 21.249 20.928 20.605 20.281 19.956 19.630 19.302 18.974 18.644 18.313 17.981 17.648 17.314 16.978 16.642 16.304 15.965 15.626 15.285 14.942 14.599 14.255 13.909 13.562 13.215 12.866 12.516 12.165 11.813 11.460 11.105 10.750 10.394 10.036  9.678  9.318  8.958  8.596  8.234  7.870  7.506  7.140  6.773  6.406  6.037  5.666  5.295  4.922  4.547  4.171  3.793  3.412  3.029  2.642  2.252  1.859  1.461  1.059  0.652  0.240 -0.177 -0.516 -0.858 -1.203 -1.551 -1.900 -2.250 
23.839 23.528 23.215 22.901 22.586 22.270 21.953 21.635 21.315 20.995 20.673 20.350 20.026 19.701 19.375 19.047 18.719 18.389 18.058 17.726 17.393 17.058 16.723 16.386 16.048 15.709 15.369 15.028 14.685 14.341 13.997 13.650 13.303 12.955 12.605 12.255 11.903 11.550 11.195 10.840 10.483 10.126  9.767  9.407  9.046  8.684  8.321  7.956  7.591  7.225  6.857  6.489  6.119  5.749  5.378  5.006  4.633  4.259  3.884  3.509  3.133  2.756  2.378  2.000  1.621  1.242  0.862  0.482  0.101 -0.239 -0.614 -0.990 -1.367 -1.744 -2.122 -2.500 
23.583 23.271 22.959 22.645 22.330 22.014 21.697 21.378 21.059 20.738 20.417 20.094 19.770 19.445 19.118 18.791 18.462 18.132 17.802 17.470 17.136 16.802 16.467 16.130 15.792 15.453 15.113 14.772 14.430 14.086 13.741 13.395 13.048 12.700 12.350 11.999 11.647 11.294 10.940 10.584 10.227  9.869  9.509  9.148  8.786  8.423  8.058  7.692  7.325  6.956  6.586  6.215  5.843  5.469  5.095  4.719  4.342  3.964  3.585  3.205  2.824  2.442  2.060  1.676  1.293  0.908  0.523  0.138 -0.198 -0.561 -0.925 -1.289 -1.653 -2.018 -2.384 -2.750 
23.325 23.014 22.701 22.388 22.073 21.757 21.439 21.121 20.801 20.481 20.159 19.836 19.512 19.186 18.860 18.532 18.203 17.873 17.542 17.210 16.877 16.542 16.206 15.870 15.532 15.193 14.852 14.511 14.168 13.825 13.480 13.134 12.787 12.439 12.090 11.740 11.388 11.036 10.682 10.328  9.972  9.615  9.258  8.899  8.539  8.178  7.815  7.452  7.087  6.721  6.353  5.984  5.614  5.241  4.867  4.491  4.112  3.731  3.348  2.962  2.573  2.181  1.786  1.389  0.989  0.587  0.183 -0.188 -0.541 -0.892 -1.243 -1.594 -1.945 -2.296 -2.648 -3.000 
23.067 22.756 22.443 22.130 21.815 21.499 21.181 20.863 20.543 20.223 19.901 19.578 19.253 18.928 18.601 18.274 17.945 17.615 17.284 16.951 16.618 16.283 15.947 15.610 15.272 14.932 14.591 14.250 13.907 13.563 13.217 12.871 12.523 12.174 11.824 11.473 11.121 10.767 10.413 10.057  9.700  9.342  8.983  8.623  8.262  7.899  7.536  7.172  6.807  6.440  6.073  5.705  5.336  4.966  4.595  4.223  3.851  3.478  3.104  2.729  2.354  1.978  1.602  1.225  0.847  0.469  0.091 -0.247 -0.621 -0.995 -1.370 -1.745 -2.120 -2.496 -2.873 -3.250 
22.808 22.496 22.184 21.870 21.555 21.239 20.922 20.603 20.284 19.963 19.641 19.318 18.994 18.668 18.342 18.014 17.686 17.356 17.024 16.692 16.359 16.024 15.688 15.351 15.013 14.674 14.333 13.991 13.648 13.304 12.959 12.612 12.265 11.916 11.565 11.214 10.861 10.507 10.152  9.795  9.438  9.079  8.718  8.357  7.994  7.630  7.265  6.898  6.531  6.162  5.792  5.421  5.048  4.675  4.301  3.925  3.549  3.172  2.794  2.415  2.036  1.655  1.275  0.893  0.511  0.129 -0.206 -0.570 -0.935 -1.300 -1.665 -2.031 -2.398 -2.764 -3.132 -3.500 
22.547 22.236 21.923 21.609 21.294 20.978 20.661 20.342 20.023 19.702 19.380 19.057 18.733 18.407 18.080 17.753 17.424 17.094 16.762 16.430 16.096 15.762 15.426 15.089 14.751 14.411 14.071 13.729 13.387 13.043 12.698 12.352 12.005 11.657 11.307 10.957 10.605 10.252  9.898  9.543  9.187  8.829  8.470  8.110  7.749  7.386  7.022  6.656  6.289  5.920  5.549  5.176  4.802  4.425  4.047  3.667  3.284  2.900  2.514  2.126  1.737  1.345  0.953  0.559  0.165 -0.180 -0.536 -0.892 -1.248 -1.605 -1.961 -2.318 -2.676 -3.033 -3.391 -3.750 
22.286 21.975 21.662 21.349 21.034 20.717 20.400 20.082 19.762 19.441 19.119 18.796 18.471 18.146 17.819 17.491 17.162 16.832 16.500 16.168 15.834 15.499 15.163 14.826 14.487 14.147 13.806 13.464 13.121 12.777 12.431 12.084 11.737 11.388 11.037 10.686 10.334  9.980  9.626  9.270  8.913  8.555  8.196  7.836  7.475  7.113  6.750  6.386  6.022  5.656  5.289  4.922  4.553  4.184  3.814  3.444  3.072  2.700  2.328  1.954  1.581  1.206  0.831  0.456  0.080 -0.257 -0.629 -1.002 -1.375 -1.748 -2.122 -2.497 -2.872 -3.247 -3.623 -4.000 
22.025 21.713 21.400 21.087 20.772 20.456 20.138 19.820 19.500 19.179 18.857 18.534 18.210 17.884 17.558 17.230 16.901 16.571 16.239 15.907 15.573 15.238 14.902 14.565 14.226 13.887 13.546 13.203 12.860 12.515 12.170 11.823 11.474 11.125 10.774 10.422 10.069  9.715  9.359  9.002  8.644  8.285  7.924  7.562  7.199  6.835  6.470  6.104  5.737  5.368  4.999  4.628  4.257  3.884  3.511  3.137  2.762  2.386  2.010  1.633  1.255  0.877  0.499  0.120 -0.214 -0.579 -0.944 -1.310 -1.676 -2.042 -2.409 -2.776 -3.144 -3.512 -3.881 -4.250 
21.762 21.450 21.138 20.824 20.509 20.193 19.875 19.557 19.237 18.916 18.594 18.271 17.947 17.621 17.294 16.967 16.638 16.307 15.976 15.644 15.310 14.975 14.639 14.302 13.964 13.625 13.284 12.942 12.600 12.256 11.911 11.564 11.217 10.868 10.518 10.167  9.815  9.461  9.106  8.750  8.392  8.033  7.673  7.311  6.948  6.583  6.217  5.849  5.479  5.108  4.735  4.361  3.985  3.608  3.229  2.848  2.467  2.084  1.700  1.315  0.929  0.542  0.155 -0.181 -0.540 -0.898 -1.256 -1.615 -1.974 -2.334 -2.694 -3.054 -3.415 -3.776 -4.138 -4.500 
21.499 21.188 20.875 20.561 20.246 19.930 19.613 19.294 18.974 18.653 18.331 18.008 17.683 17.358 17.031 16.703 16.374 16.043 15.712 15.379 15.045 14.710 14.374 14.036 13.698 13.358 13.017 12.675 12.332 11.987 11.642 11.295 10.948 10.599 10.249  9.898  9.547  9.194  8.841  8.486  8.131  7.776  7.420  7.063  6.706  6.349  5.992  5.635  5.278  4.922  4.566  4.211  3.857  3.504  3.151  2.800  2.450  2.102  1.754  1.408  1.062  0.718  0.375  0.032 -0.183 -0.332 -0.480 -0.626 -0.771 -0.913 -1.053 -1.191 -1.326 -1.458 -1.588 -1.714 
21.242 20.930 20.618 20.304 19.990 19.674 19.357 19.040 18.721 18.401 18.080 17.758 17.435 17.111 16.786 16.461 16.134 15.806 15.478 15.148 14.818 14.487 14.155 13.822 13.489 13.155 12.820 12.485 12.149 11.813 11.476 11.139 10.801 10.463 10.125  9.786  9.448  9.109  8.770  8.431  8.092  7.754  7.415  7.077  6.740  6.402  6.065  5.729  5.393  5.058  4.724  4.391  4.060  3.730  3.402  3.077  2.754  2.435  2.119  1.806  1.497  1.192  0.890  0.591  0.294 -0.000 -0.164 -0.266 -0.367 -0.467 -0.566 -0.664 -0.760 -0.855 -0.948 -1.040 
21.037 20.726 20.414 20.101 19.787 19.473 19.158 18.843 18.526 18.209 17.892 17.573 17.254 16.935 16.614 16.294 15.972 15.650 15.328 15.005 14.682 14.358 14.034 13.710 13.385 13.060 12.735 12.410 12.085 11.759 11.434 11.108 10.783 10.458 10.132  9.808  9.483  9.159  8.835  8.512  8.189  7.867  7.545  7.224  6.904  6.584  6.266  5.948  5.631  5.315  5.001  4.687  4.375  4.065  3.756  3.449  3.145  2.843  2.543  2.247  1.954  1.664  1.378  1.095  0.815  0.538  0.264 -0.009 -0.152 -0.237 -0.317 -0.397 -0.476 -0.555 -0.632 -0.709 
20.913 20.602 20.290 19.979 19.666 19.354 19.041 18.728 18.414 18.100 17.786 17.472 17.157 16.842 16.527 16.212 15.896 15.580 15.264 14.948 14.632 14.316 14.000 13.684 13.367 13.051 12.735 12.420 12.104 11.789 11.473 11.159 10.844 10.530 10.217  9.904  9.591  9.279  8.968  8.657  8.347  8.038  7.730  7.423  7.116  6.811  6.506  6.202  5.900  5.598  5.298  4.999  4.701  4.404  4.108  3.814  3.521  3.230  2.941  2.654  2.370  2.088  1.810  1.536  1.267  1.001  0.740  0.483  0.229 -0.023 -0.150 -0.224 -0.293 -0.362 -0.430 -0.498 
20.868 20.557 20.246 19.935 19.624 19.313 19.002 18.691 18.380 18.069 17.758 17.447 17.136 16.825 16.514 16.203 15.893 15.582 15.272 14.961 14.651 14.341 14.032 13.723 13.414 13.105 12.797 12.489 12.181 11.874 11.567 11.261 10.956 10.651 10.347 10.043  9.740  9.438  9.136  8.836  8.536  8.237  7.940  7.643  7.347  7.052  6.758  6.466  6.174  5.884  5.595  5.307  5.021  4.736  4.452  4.169  3.888  3.607  3.329  3.051  2.775  2.500  2.227  1.955  1.686  1.420  1.159  0.904  0.657  0.419  0.187 -0.039 -0.145 -0.212 -0.275 -0.337 
20.890 20.580 20.269 19.959 19.649 19.339 19.029 18.720 18.411 18.102 17.793 17.485 17.177 16.869 16.562 16.255 15.948 15.642 15.336 15.031 14.726 14.421 14.117 13.813 13.510 13.207 12.905 12.603 12.302 12.002 11.702 11.403 11.105 10.807 10.510 10.214  9.919  9.624  9.331  9.038  8.747  8.456  8.167  7.878  7.591  7.305  7.019  6.735  6.453  6.171  5.891  5.612  5.335  5.058  4.783  4.510  4.238  3.967  3.698  3.430  3.163  2.898  2.634  2.371  2.110  1.850  1.591  1.333  1.076  0.821  0.566  0.313  0.060 -0.076 -0.145 -0.209 
20.967 20.656 20.346 20.036 19.727 19.418 19.109 18.801 18.494 18.187 17.880 17.574 17.269 16.964 16.659 16.355 16.052 15.749 15.446 15.145 14.843 14.543 14.243 13.944 13.645 13.347 13.050 12.753 12.457 12.162 11.868 11.574 11.282 10.990 10.699 10.409 10.120  9.832  9.544  9.258  8.973  8.689  8.406  8.124  7.843  7.563  7.284  7.007  6.731  6.456  6.183  5.911  5.640  5.370  5.102  4.836  4.570  4.307  4.045  3.784  3.525  3.267  3.010  2.756  2.502  2.250  2.000  1.750  1.502  1.256  1.010  0.766  0.522  0.280  0.039 -0.085 
21.086 20.775 20.465 20.156 19.847 19.539 19.232 18.925 18.619 18.313 18.008 17.704 17.400 17.098 16.795 16.494 16.193 15.893 15.593 15.295 14.997 14.700 14.404 14.108 13.813 13.520 13.227 12.934 12.643 12.353 12.064 11.775 11.488 11.202 10.917 10.632 10.349 10.067  9.787  9.507  9.228  8.951  8.675  8.401  8.127  7.855  7.584  7.315  7.047  6.780  6.515  6.251  5.988  5.727  5.467  5.209  4.951  4.696  4.441  4.188  3.936  3.685  3.436  3.187  2.940  2.693  2.448  2.203  1.959  1.716  1.473  1.231  0.990  0.749  0.508  0.268 
21.243 20.932 20.623 20.314 20.006 19.698 19.392 19.086 18.781 18.477 18.173 17.871 17.569 17.268 16.968 16.668 16.370 16.072 15.775 15.479 15.184 14.890 14.596 14.304 14.012 13.722 13.432 13.143 12.855 12.568 12.282 11.996 11.712 11.429 11.146 10.865 10.584 10.305 10.026  9.749  9.472  9.196  8.922  8.648  8.375  8.103  7.832  7.562  7.293  7.024  6.757  6.490  6.224  5.960  5.695  5.432  5.169  4.908  4.646  4.386  4.126  3.867  3.608  3.350  3.093  2.836  2.579  2.323  2.067  1.812  1.557  1.302  1.047  0.793  0.539  0.284 
21.426 21.115 20.806 20.497 20.189 19.882 19.576 19.270 18.966 18.662 18.359 18.057 17.756 17.455 17.156 16.857 16.559 16.262 15.966 15.671 15.376 15.083 14.790 14.498 14.207 13.917 13.627 13.339 13.051 12.764 12.478 12.193 11.908 11.625 11.342 11.060 10.778 10.498 10.218  9.939  9.661  9.384  9.107  8.832  8.556  8.282  8.008  7.735  7.463  7.191  6.920  6.650  6.380  6.111  5.842  5.574  5.306  5.039  4.773  4.507  4.241  3.976  3.711  3.446  3.182  2.919  2.655  2.392  2.129  1.867  1.604  1.342  1.080  0.818  0.556  0.294 
21.613 21.302 20.993 20.684 20.376 20.069 19.762 19.457 19.152 18.848 18.545 18.243 17.942 17.641 17.341 17.042 16.744 16.447 16.150 15.854 15.559 15.265 14.971 14.679 14.387 14.096 13.805 13.516 13.227 12.939 12.651 12.365 12.079 11.794 11.509 11.226 10.942 10.660 10.378 10.097  9.817  9.537  9.258  8.979  8.701  8.424  8.147  7.871  7.595  7.320  7.046  6.772  6.498  6.225  5.952  5.680  5.408  5.137  4.866  4.595  4.325  4.055  3.786  3.516  3.247  2.979  2.710  2.442  2.174  1.906  1.638  1.370  1.103  0.835  0.568  0.301 
21.792 21.482 21.172 20.863 20.555 20.248 19.941 19.635 19.330 19.026 18.722 18.420 18.118 17.816 17.516 17.216 16.917 16.619 16.321 16.024 15.728 15.433 15.138 14.845 14.551 14.259 13.967 13.676 13.386 13.096 12.807 12.518 12.231 11.944 11.657 11.371 11.086 10.801 10.517 10.234  9.951  9.668  9.387  9.105  8.825  8.544  8.265  7.986  7.707  7.429  7.151  6.873  6.596  6.320  6.044  5.768  5.492  5.217  4.942  4.668  4.394  4.120  3.846  3.573  3.300  3.027  2.754  2.482  2.209  1.937  1.665  1.393  1.121  0.850  0.578  0.306 
21.960 21.649 21.339 21.030 20.722 20.414 20.107 19.801 19.496 19.191 18.887 18.583 18.281 17.979 17.677 17.377 17.077 16.777 16.479 16.181 15.884 15.587 15.291 14.996 14.701 14.407 14.114 13.821 13.529 13.238 12.947 12.657 12.367 12.078 11.789 11.501 11.214 10.927 10.641 10.355 10.070  9.785  9.500  9.217  8.933  8.650  8.368  8.086  7.804  7.523  7.242  6.962  6.682  6.402  6.123  5.844  5.565  5.286  5.008  4.730  4.453  4.176  3.899  3.622  3.345  3.068  2.792  2.516  2.240  1.964  1.688  1.413  1.137  0.862  0.586  0.311 
22.113 21.803 21.493 21.184 20.875 20.567 20.260 19.953 19.647 19.342 19.037 18.733 18.430 18.127 17.825 17.524 17.223 16.923 16.623 16.324 16.026 15.728 15.431 15.134 14.838 14.543 14.248 13.953 13.660 13.367 13.074 12.782 12.490 12.199 11.909 11.619 11.329 11.040 10.752 10.464 10.176  9.889  9.602  9.316  9.030  8.745  8.460  8.175  7.891  7.607  7.324  7.040  6.757  6.475  6.193  5.911  5.629  5.348  5.067  4.786  4.505  4.225  3.945  3.665  3.385  3.105  2.826  2.546  2.267  1.988  1.709  1.430  1.151  0.872  0.593  0.315 
22.254 21.943 21.633 21.324 21.015 20.707 20.400 20.093 19.786 19.480 19.175 18.870 18.566 18.263 17.960 17.658 17.356 17.055 16.754 16.454 16.155 15.856 15.557 15.260 14.962 14.665 14.369 14.073 13.778 13.483 13.189 12.895 12.602 12.309 12.017 11.725 11.434 11.143 10.852 10.562 10.273  9.983  9.694  9.406  9.118  8.830  8.543  8.256  7.969  7.683  7.397  7.111  6.826  6.541  6.256  5.971  5.687  5.403  5.119  4.835  4.552  4.269  3.986  3.703  3.420  3.138  2.855  2.573  2.291  2.009  1.727  1.445  1.163  0.882  0.600  0.318 
22.382 22.072 21.762 21.452 21.143 20.835 20.527 20.219 19.913 19.606 19.301 18.995 18.691 18.387 18.083 17.780 17.477 17.175 16.874 16.573 16.272 15.972 15.673 15.374 15.075 14.777 14.480 14.182 13.886 13.590 13.294 12.999 12.704 12.409 12.115 11.822 11.529 11.236 10.944 10.652 10.360 10.069  9.778  9.487  9.197  8.907  8.618  8.329  8.040  7.751  7.463  7.175  6.887  6.600  6.313  6.026  5.739  5.453  5.166  4.880  4.594  4.309  4.023  3.738  3.452  3.167  2.882  2.597  2.313  2.028  1.743  1.459  1.174  0.890  0.606  0.321 
22.499 22.188 21.878 21.568 21.259 20.951 20.642 20.335 20.028 19.721 19.415 19.109 18.804 18.499 18.195 17.891 17.588 17.285 16.983 16.681 16.379 16.078 15.778 15.478 15.178 14.879 14.580 14.282 13.984 13.686 13.389 13.092 12.796 12.500 12.205 11.910 11.615 11.320 11.026 10.733 10.439 10.146  9.854  9.561  9.269  8.978  8.686  8.395  8.104  7.813  7.523  7.233  6.943  6.654  6.364  6.075  5.786  5.498  5.209  4.921  4.633  4.345  4.057  3.769  3.481  3.194  2.907  2.619  2.332  2.045  1.758  1.471  1.184  0.898  0.611  0.324 
22.605 22.294 21.984 21.674 21.365 21.056 20.748 20.440 20.132 19.825 19.519 19.212 18.907 18.601 18.297 17.992 17.688 17.385 17.081 16.779 16.476 16.175 15.873 15.572 15.271 14.971 14.671 14.372 14.073 13.774 13.476 13.178 12.880 12.583 12.286 11.989 11.693 11.397 11.102 10.806 10.511 10.217  9.922  9.628  9.335  9.041  8.748  8.455  8.162  7.870  7.578  7.286  6.994  6.703  6.411  6.120  5.829  5.538  5.248  4.958  4.667  4.377  4.087  3.797  3.508  3.218  2.929  2.639  2.350  2.061  1.772  1.483  1.193  0.904  0.615  0.326 
22.701 22.391 22.081 21.771 21.461 21.152 20.844 20.535 20.228 19.920 19.613 19.307 19.000 18.695 18.389 18.084 17.779 17.475 17.171 16.868 16.565 16.262 15.960 15.658 15.356 15.055 14.754 14.454 14.154 13.854 13.554 13.255 12.956 12.658 12.360 12.062 11.764 11.467 11.170 10.873 10.577 10.281  9.985  9.689  9.394  9.099  8.804  8.510  8.215  7.921  7.627  7.334  7.040  6.747  6.454  6.161  5.868  5.576  5.283  4.991  4.699  4.407  4.115  3.823  3.532  3.240  2.949  2.657  2.366  2.075  1.784  1.493  1.202  0.911  0.620  0.329 
22.789 22.479 22.168 21.858 21.549 21.239 20.931 20.622 20.314 20.006 19.699 19.392 19.085 18.779 18.473 18.168 17.863 17.558 17.253 16.949 16.645 16.342 16.039 15.736 15.434 15.131 14.830 14.528 14.227 13.926 13.626 13.325 13.026 12.726 12.427 12.128 11.829 11.530 11.232 10.934 10.636 10.339 10.042  9.745  9.448  9.152  8.855  8.559  8.263  7.968  7.672  7.377  7.082  6.787  6.493  6.198  5.904  5.609  5.315  5.021  4.728  4.434  4.140  3.847  3.553  3.260  2.967  2.674  2.381  2.088  1.795  1.502  1.209  0.916  0.624  0.331 
22.869 22.558 22.248 21.938 21.628 21.319 21.010 20.701 20.393 20.085 19.777 19.470 19.163 18.856 18.550 18.244 17.938 17.633 17.328 17.023 16.718 16.414 16.110 15.807 15.504 15.201 14.898 14.596 14.294 13.992 13.691 13.389 13.089 12.788 12.488 12.187 11.888 11.588 11.289 10.989 10.691 10.392 10.093  9.795  9.497  9.199  8.902  8.604  8.307  8.010  7.713  7.417  7.120  6.824  6.528  6.232  5.936  5.640  5.345  5.049  4.754  4.458  4.163  3.868  3.573  3.278  2.984  2.689  2.394  2.100  1.805  1.510  1.216  0.922  0.627  0.333 
22.942 22.631 22.320 22.010 21.700 21.391 21.082 20.773 20.464 20.156 19.848 19.540 19.233 18.926 18.619 18.313 18.007 17.701 17.395 17.090 16.785 16.480 16.176 15.871 15.568 15.264 14.961 14.657 14.355 14.052 13.750 13.448 13.146 12.844 12.543 12.242 11.941 11.640 11.340 11.040 10.740 10.440 10.140  9.841  9.542  9.243  8.944  8.645  8.347  8.049  7.751  7.453  7.155  6.857  6.560  6.262  5.965  5.668  5.371  5.074  4.777  4.481  4.184  3.888  3.591  3.295  2.999  2.702  2.406  2.110  1.814  1.518  1.222  0.926  0.630  0.334 
23.007 22.697 22.386 22.076 21.766 21.457 21.147 20.838 20.529 20.221 19.913 19.605 19.297 18.990 18.682 18.376 18.069 17.763 17.457 17.151 16.845 16.540 16.235 15.930 15.626 15.321 15.017 14.713 14.410 14.107 13.803 13.501 13.198 12.896 12.593 12.291 11.990 11.688 11.387 11.085 10.785 10.484 10.183  9.883  9.582  9.282  8.983  8.683  8.383  8.084  7.785  7.485  7.186  6.888  6.589  6.290  5.992  5.693  5.395  5.097  4.799  4.501  4.203  3.905  3.608  3.310  3.012  2.715  2.417  2.120  1.822  1.525  1.228  0.930  0.633  0.336 
23.067 22.757 22.446 22.136 21.826 21.516 21.207 20.898 20.589 20.280 19.971 19.663 19.355 19.047 18.740 18.433 18.126 17.819 17.512 17.206 16.900 16.594 16.289 15.983 15.678 15.373 15.069 14.764 14.460 14.156 13.852 13.549 13.245 12.942 12.639 12.336 12.034 11.731 11.429 11.127 10.825 10.523 10.222  9.921  9.619  9.318  9.017  8.717  8.416  8.116  7.815  7.515  7.215  6.915  6.615  6.316  6.016  5.716  5.417  5.118  4.819  4.519  4.220  3.921  3.622  3.324  3.025  2.726  2.427  2.129  1.830  1.531  1.233  0.934  0.636  0.337 
23.122 22.811 22.501 22.190 21.880 21.570 21.261 20.951 20.642 20.333 20.025 19.716 19.408 19.100 18.792 18.485 18.177 17.870 17.563 17.257 16.950 16.644 16.338 16.032 15.726 15.421 15.116 14.811 14.506 14.201 13.897 13.592 13.288 12.985 12.681 12.377 12.074 11.771 11.468 11.165 10.862 10.560 10.257  9.955  9.653  9.351  9.049  8.748  8.446  8.145  7.843  7.542  7.241  6.940  6.639  6.339  6.038  5.737  5.437  5.137  4.836  4.536  4.236  3.936  3.636  3.336  3.036  2.736  2.436  2.137  1.837  1.536  1.223  0.778 -0.912 -4.750 
23.169 22.858 22.548 22.237 21.927 21.617 21.307 20.996 20.687 20.377 20.067 19.757 19.448 19.138 18.828 18.518 18.209 17.899 17.589 17.278 16.968 16.657 16.346 16.034 15.722 15.409 15.096 14.781 14.467 14.151 13.834 13.516 13.196 12.876 12.554 12.230 11.904 11.577 11.247 10.915 10.581 10.244  9.905  9.563  9.217  8.869  8.517  8.161  7.802  7.439  7.071  6.700  6.324  5.943  5.558  5.169  4.775  4.376  3.972  3.564  3.152  2.736  2.316  1.893  1.467  1.038  0.607  0.175 -0.215 -0.619 -1.022 -1.423 -1.822 -2.218 -2.611 -3.000 
23.137 22.826 22.514 22.202 21.890 21.577 21.263 20.949 20.635 20.319 20.004 19.687 19.370 19.053 18.735 18.416 18.096 17.775 17.454 17.132 16.808 16.484 16.159 15.833 15.506 15.177 14.848 14.517 14.185 13.852 13.517 13.181 12.844 12.505 12.165 11.823 11.480 11.135 10.788 10.440 10.090  9.739  9.386  9.032  8.676  8.319  7.960  7.600  7.238  6.876  6.513  6.148  5.784  5.418  5.053  4.687  4.322  3.958  3.594  3.232  2.870  2.510  2.152  1.795  1.440  1.086  0.733  0.381  0.030 -0.206 -0.387 -0.566 -0.743 -0.916 -1.085 -1.250 
22.983 22.672 22.360 22.047 21.733 21.418 21.103 20.787 20.470 20.152 19.833 19.514 19.193 18.872 18.550 18.227 17.903 17.579 17.253 16.927 16.600 16.272 15.943 15.614 15.283 14.952 14.620 14.287 13.953 13.619 13.284 12.948 12.612 12.275 11.937 11.599 11.260 10.921 10.581 10.241  9.900  9.560  9.219  8.878  8.537  8.196  7.855  7.514  7.174  6.834  6.495  6.157  5.819  5.483  5.147  4.813  4.481  4.150  3.821  3.493  3.168  2.845  2.524  2.205  1.888  1.574  1.262  0.951  0.644  0.338  0.034 -0.093 -0.103 -0.096  0.059  0.500 
22.805 22.494 22.182 21.869 21.556 21.242 20.927 20.612 20.296 19.979 19.662 19.344 19.025 18.706 18.386 18.066 17.745 17.423 17.102 16.779 16.457 16.134 15.810 15.487 15.163 14.840 14.516 14.192 13.869 13.546 13.223 12.900 12.579 12.258 11.937 11.618 11.300 10.984 10.669 10.356 10.044  9.735  9.429  9.125  8.823  8.525  8.231  7.940  7.653  7.371  7.092  6.819  6.551  6.288  6.030  5.779  5.533  5.294  5.062  4.836  4.617  4.406  4.201  4.004  3.815  3.634  3.460  3.294  3.135  2.985  2.843  2.709  2.582  2.463  2.353  2.250 
22.710 22.399 22.088 21.777 21.466 21.155 20.844 20.533 20.222 19.911 19.600 19.289 18.979 18.669 18.359 18.049 17.740 17.431 17.123 16.815 16.508 16.202 15.897 15.592 15.289 14.986 14.685 14.385 14.086 13.789 13.494 13.200 12.908 12.618 12.330 12.044 11.760 11.479 11.201 10.925 10.652 10.382 10.115  9.852  9.592  9.335  9.082  8.833  8.588  8.347  8.111  7.879  7.651  7.428  7.210  6.997  6.789  6.586  6.389  6.197  6.012  5.831  5.657  5.489  5.328  5.172  5.024  4.882  4.746  4.618  4.496  4.382  4.275  4.176  4.084  4.000 
22.795 22.485 22.175 21.866 21.558 21.251 20.945 20.639 20.334 20.031 19.728 19.426 19.125 18.825 18.527 18.229 17.933 17.638 17.344 17.052 16.761 16.471 16.183 15.897 15.612 15.329 15.048 14.769 14.492 14.217 13.944 13.674 13.406 13.140 12.877 12.617 12.359 12.105 11.853 11.604 11.359 11.117 10.879 10.644 10.412 10.185  9.961  9.742  9.526  9.315  9.108  8.906  8.709  8.516  8.328  8.145  7.968  7.795  7.629  7.467  7.312  7.162  7.018  6.880  6.749  6.623  6.505  6.393  6.287  6.189  6.097  6.013  5.936  5.866  5.804  5.750 
23.057 22.747 22.439 22.131 21.826 21.522 21.219 20.919 20.619 20.322 20.026 19.731 19.439 19.148 18.859 18.571 18.286 18.002 17.721 17.441 17.164 16.888 16.615 16.344 16.075 15.808 15.544 15.283 15.024 14.768 14.514 14.263 14.015 13.770 13.528 13.289 13.054 12.821 12.592 12.367 12.145 11.927 11.713 11.502 11.296 11.094 10.895 10.702 10.512 10.328 10.147  9.972  9.801  9.636  9.475  9.320  9.170  9.026  8.887  8.754  8.627  8.505  8.390  8.281  8.178  8.082  7.992  7.909  7.833  7.763  7.701  7.646  7.598  7.558  7.525  7.500 
23.468 23.159 22.851 22.545 22.242 21.941 21.642 21.345 21.050 20.758 20.467 20.179 19.894 19.610 19.329 19.050 18.774 18.500 18.229 17.960 17.693 17.429 17.168 16.909 16.654 16.400 16.150 15.902 15.658 15.416 15.177 14.941 14.709 14.479 14.252 14.029 13.808 13.591 13.377 13.167 12.959 12.755 12.555 12.357 12.163 11.972 11.785 11.600 11.420 11.242 11.067 10.896 10.728 10.562 10.400 10.241 10.084  9.931  9.780  9.631  9.485  9.342  9.201  9.061  8.924  8.789  8.655  8.523  8.392  8.262  8.133  8.006  7.879  7.752  7.626  7.500 
23.993 23.684 23.376 23.072 22.770 22.470 22.173 21.878 21.586 21.296 21.009 20.725 20.443 20.163 19.886 19.612 19.340 19.071 18.804 18.540 18.279 18.020 17.764 17.510 17.259 17.011 16.765 16.522 16.282 16.044 15.809 15.576 15.346 15.119 14.894 14.672 14.453 14.236 14.022 13.810 13.601 13.394 13.190 12.988 12.789 12.592 12.397 12.205 12.015 11.827 11.641 11.457 11.276 11.096 10.919 10.743 10.569 10.397 10.227 10.058  9.890  9.724  9.560  9.396  9.234  9.073  8.913  8.754  8.595  8.437  8.280  8.124  7.967  7.811  7.656  7.500 
24.560 24.250 23.943 23.639 23.337 23.037 22.740 22.446 22.154 21.865 21.578 21.293 21.012 20.732 20.455 20.181 19.909 19.640 19.373 19.109 18.847 18.587 18.330 18.076 17.824 17.574 17.327 17.082 16.839 16.599 16.361 16.125 15.892 15.661 15.432 15.206 14.981 14.759 14.539 14.321 14.105 13.892 13.680 13.470 13.262 13.056 12.852 12.650 12.449 12.250 12.053 11.858 11.664 11.471 11.280 11.091 10.903 10.716 10.530 10.346 10.162  9.980  9.799  9.618  9.439  9.260  9.082  8.904  8.728  8.551  8.375  8.200  8.025  7.850  7.675  7.500 
25.115 24.805 24.498 24.193 23.891 23.591 23.293 22.998 22.705 22.415 22.127 21.841 21.558 21.277 20.998 20.722 20.448 20.176 19.907 19.640 19.375 19.113 18.853 18.595 18.339 18.085 17.834 17.585 17.337 17.092 16.850 16.609 16.370 16.133 15.898 15.665 15.434 15.205 14.978 14.753 14.529 14.307 14.087 13.869 13.652 13.437 13.223 13.011 12.801 12.592 12.384 12.178 11.973 11.769 11.566 11.365 11.165 10.965 10.767 10.570 10.374 10.178  9.983  9.789  9.596  9.404  9.212  9.020  8.829  8.638  8.448  8.258  8.068  7.879  7.689  7.500 
25.636 25.326 25.019 24.713 24.410 24.109 23.811 23.514 23.220 22.928 22.638 22.351 22.065 21.782 21.501 21.222 20.946 20.671 20.399 20.128 19.860 19.594 19.329 19.067 18.807 18.549 18.293 18.038 17.786 17.536 17.287 17.040 16.796 16.553 16.311 16.072 15.834 15.598 15.363 15.131 14.899 14.670 14.441 14.215 13.989 13.766 13.543 13.322 13.102 12.884 12.666 12.450 12.235 12.021 11.808 11.597 11.386 11.176 10.967 10.758 10.551 10.344 10.138  9.933  9.728  9.524  9.320  9.116  8.914  8.711  8.509  8.307  8.105  7.903  7.702  7.500 
26.115 25.805 25.497 25.192 24.888 24.586 24.287 23.989 23.693 23.400 23.108 22.819 22.531 22.246 21.962 21.680 21.401 21.123 20.847 20.573 20.301 20.031 19.763 19.496 19.232 18.969 18.708 18.449 18.191 17.936 17.682 17.429 17.179 16.929 16.682 16.436 16.192 15.949 15.707 15.467 15.229 14.992 14.756 14.522 14.288 14.057 13.826 13.597 13.368 13.141 12.915 12.690 12.466 12.243 12.021 11.800 11.579 11.360 11.141 10.923 10.706 10.489 10.273 10.057  9.842  9.628  9.414  9.200  8.987  8.774  8.561  8.349  8.136  7.924  7.712  7.500 
26.552 26.242 25.934 25.628 25.324 25.021 24.721 24.422 24.125 23.830 23.536 23.245 22.955 22.668 22.381 22.097 21.815 21.534 21.255 20.978 20.702 20.429 20.156 19.886 19.617 19.350 19.085 18.821 18.558 18.298 18.038 17.781 17.524 17.270 17.016 16.764 16.514 16.265 16.017 15.770 15.525 15.281 15.039 14.797 14.557 14.318 14.079 13.842 13.606 13.372 13.138 12.904 12.672 12.441 12.211 11.981 11.752 11.524 11.297 11.070 10.844 10.618 10.393 10.169  9.945  9.721  9.498  9.275  9.052  8.830  8.608  8.386  8.164  7.943  7.721  7.500 
26.950 26.640 26.332 26.025 25.720 25.417 25.115 24.815 24.517 24.221 23.926 23.632 23.341 23.051 22.763 22.476 22.191 21.907 21.625 21.345 21.066 20.789 20.513 20.239 19.967 19.695 19.426 19.157 18.891 18.625 18.361 18.099 17.837 17.577 17.319 17.061 16.805 16.550 16.297 16.044 15.793 15.543 15.294 15.046 14.799 14.553 14.308 14.064 13.821 13.579 13.338 13.098 12.858 12.619 12.381 12.144 11.908 11.672 11.437 11.202 10.968 10.734 10.501 10.268 10.036  9.804  9.573  9.342  9.111  8.880  8.650  8.420  8.190  7.960  7.730  7.500 
27.311 27.001 26.693 26.385 26.080 25.776 25.474 25.173 24.873 24.575 24.279 23.984 23.691 23.399 23.108 22.819 22.532 22.246 21.961 21.678 21.396 21.116 20.837 20.560 20.283 20.008 19.735 19.463 19.192 18.922 18.654 18.387 18.121 17.856 17.593 17.330 17.069 16.809 16.550 16.292 16.035 15.779 15.525 15.271 15.018 14.766 14.515 14.265 14.015 13.767 13.519 13.272 13.026 12.781 12.536 12.292 12.048 11.805 11.563 11.321 11.080 10.839 10.599 10.359 10.119  9.880  9.641  9.402  9.164  8.926  8.688  8.450  8.212  7.975  7.737  7.500 
27.639 27.329 27.020 26.712 26.406 26.102 25.798 25.497 25.196 24.897 24.599 24.303 24.008 23.714 23.422 23.131 22.841 22.553 22.266 21.980 21.696 21.413 21.131 20.850 20.571 20.292 20.015 19.739 19.465 19.191 18.919 18.648 18.378 18.109 17.841 17.574 17.308 17.043 16.779 16.516 16.255 15.994 15.734 15.474 15.216 14.959 14.702 14.446 14.191 13.937 13.683 13.430 13.178 12.926 12.675 12.425 12.175 11.926 11.677 11.429 11.181 10.934 10.687 10.440 10.194  9.948  9.702  9.457  9.212  8.967  8.722  8.478  8.233  7.989  7.744  7.500 
27.936 27.625 27.316 27.009 26.702 26.397 26.093 25.790 25.489 25.189 24.890 24.592 24.296 24.000 23.706 23.413 23.122 22.831 22.542 22.254 21.967 21.681 21.397 21.113 20.831 20.550 20.269 19.990 19.712 19.435 19.159 18.884 18.611 18.338 18.066 17.795 17.525 17.255 16.987 16.720 16.453 16.188 15.923 15.659 15.396 15.133 14.872 14.611 14.350 14.091 13.832 13.573 13.316 13.059 12.802 12.546 12.290 12.035 11.781 11.527 11.273 11.020 10.767 10.514 10.262 10.010  9.758  9.507  9.255  9.004  8.753  8.502  8.252  8.001  7.751  7.500 
28.205 27.895 27.586 27.277 26.971 26.665 26.360 26.057 25.754 25.453 25.153 24.854 24.556 24.260 23.964 23.670 23.376 23.084 22.792 22.502 22.213 21.925 21.638 21.352 21.067 20.783 20.500 20.218 19.937 19.656 19.377 19.099 18.822 18.545 18.270 17.995 17.721 17.448 17.176 16.904 16.634 16.364 16.095 15.826 15.559 15.292 15.025 14.760 14.495 14.230 13.966 13.703 13.441 13.178 12.917 12.656 12.395 12.135 11.875 11.615 11.356 11.098 10.839 10.581 10.323 10.066  9.809  9.552  9.295  9.038  8.781  8.525  8.269  8.012  7.756  7.500 
28.449 28.139 27.829 27.521 27.214 26.908 26.602 26.298 25.995 25.693 25.392 25.092 24.793 24.495 24.198 23.902 23.607 23.313 23.019 22.727 22.436 22.146 21.857 21.568 21.281 20.994 20.709 20.424 20.140 19.857 19.575 19.293 19.013 18.733 18.454 18.176 17.899 17.622 17.346 17.071 16.797 16.523 16.250 15.978 15.706 15.435 15.165 14.895 14.625 14.357 14.089 13.821 13.554 13.287 13.021 12.755 12.489 12.224 11.960 11.696 11.432 11.168 10.905 10.642 10.379 10.117  9.854  9.592  9.330  9.069  8.807  8.545  8.284  8.023  7.761  7.500 
28.670 28.360 28.050 27.742 27.434 27.128 26.822 26.517 26.213 25.910 25.608 25.307 25.007 24.708 24.410 24.112 23.816 23.520 23.225 22.931 22.638 22.346 22.055 21.764 21.475 21.186 20.898 20.611 20.324 20.039 19.754 19.470 19.186 18.904 18.622 18.341 18.060 17.780 17.501 17.223 16.945 16.668 16.391 16.115 15.840 15.565 15.291 15.017 14.744 14.471 14.199 13.927 13.656 13.385 13.115 12.845 12.575 12.306 12.037 11.768 11.500 11.232 10.964 10.697 10.430 10.163  9.896  9.629  9.363  9.096  8.830  8.564  8.298  8.032  7.766  7.500 
28.871 28.561 28.251 27.942 27.634 27.327 27.021 26.716 26.411 26.107 25.805 25.503 25.202 24.901 24.602 24.303 24.005 23.708 23.412 23.116 22.822 22.528 22.234 21.942 21.650 21.360 21.069 20.780 20.491 20.203 19.916 19.629 19.344 19.058 18.774 18.490 18.206 17.924 17.642 17.360 17.079 16.799 16.519 16.240 15.961 15.683 15.405 15.128 14.852 14.575 14.299 14.024 13.749 13.475 13.200 12.926 12.653 12.380 12.107 11.834 11.562 11.290 11.018 10.747 10.476 10.204  9.933  9.663  9.392  9.121  8.851  8.581  8.311  8.040  7.770  7.500 
29.053 28.742 28.433 28.124 27.815 27.508 27.201 26.896 26.590 26.286 25.983 25.680 25.378 25.076 24.776 24.476 24.177 23.878 23.581 23.284 22.988 22.692 22.397 22.103 21.810 21.517 21.225 20.934 20.643 20.353 20.063 19.774 19.486 19.198 18.911 18.625 18.339 18.054 17.769 17.485 17.201 16.918 16.635 16.353 16.071 15.790 15.509 15.229 14.949 14.669 14.390 14.112 13.833 13.555 13.278 13.000 12.723 12.447 12.170 11.894 11.618 11.343 11.067 10.792 10.517 10.242  9.968  9.693  9.419  9.144  8.870  8.596  8.322  8.048  7.774  7.500 
29.218 28.907 28.597 28.288 27.980 27.672 27.365 27.059 26.753 26.448 26.144 25.840 25.537 25.235 24.934 24.633 24.332 24.033 23.734 23.436 23.138 22.841 22.545 22.249 21.954 21.660 21.366 21.073 20.780 20.488 20.197 19.906 19.615 19.325 19.036 18.747 18.459 18.171 17.884 17.598 17.311 17.026 16.740 16.455 16.171 15.887 15.603 15.320 15.037 14.755 14.473 14.191 13.910 13.629 13.348 13.067 12.787 12.507 12.228 11.948 11.669 11.390 11.112 10.833 10.555 10.276  9.998  9.720  9.443  9.165  8.887  8.610  8.332  8.055  7.777  7.500 
29.367 29.057 28.747 28.437 28.129 27.821 27.513 27.206 26.900 26.595 26.290 25.986 25.682 25.379 25.077 24.775 24.474 24.173 23.873 23.574 23.275 22.976 22.679 22.382 22.085 21.789 21.494 21.199 20.905 20.611 20.317 20.025 19.732 19.441 19.149 18.858 18.568 18.278 17.989 17.700 17.411 17.123 16.835 16.548 16.261 15.975 15.689 15.403 15.117 14.832 14.548 14.263 13.979 13.695 13.412 13.128 12.845 12.562 12.280 11.998 11.715 11.434 11.152 10.870 10.589 10.308 10.026  9.745  9.464  9.184  8.903  8.622  8.342  8.061  7.781  7.500 
29.503 29.192 28.882 28.573 28.264 27.955 27.648 27.340 27.034 26.728 26.422 26.118 25.813 25.509 25.206 24.904 24.602 24.300 23.999 23.698 23.399 23.099 22.800 22.502 22.204 21.907 21.610 21.313 21.017 20.722 20.427 20.133 19.838 19.545 19.252 18.959 18.667 18.375 18.084 17.793 17.502 17.212 16.922 16.632 16.343 16.054 15.766 15.478 15.190 14.902 14.615 14.328 14.042 13.755 13.469 13.183 12.898 12.612 12.327 12.042 11.757 11.473 11.188 10.904 10.620 10.336 10.052  9.768  9.484  9.201  8.917  8.634  8.350  8.067  7.783  7.500 
29.625 29.315 29.005 28.695 28.386 28.077 27.769 27.462 27.155 26.849 26.543 26.237 25.932 25.628 25.324 25.020 24.717 24.415 24.113 23.812 23.511 23.210 22.910 22.611 22.312 22.013 21.715 21.417 21.120 20.823 20.526 20.230 19.935 19.640 19.345 19.050 18.756 18.463 18.169 17.877 17.584 17.292 17.000 16.709 16.417 16.127 15.836 15.546 15.256 14.966 14.677 14.388 14.099 13.810 13.522 13.233 12.945 12.658 12.370 12.083 11.795 11.508 11.221 10.934 10.648 10.361 10.075  9.788  9.502  9.216  8.930  8.644  8.358  8.072  7.786  7.500 
