27.716 27.405 27.094 26.783 26.473 26.162 25.851 25.540 25.229 24.918 24.607 24.296 23.985 23.674 23.364 23.053 22.742 22.431 22.120 21.809 21.498 21.187 20.876 20.565 20.254 19.943 19.632 19.321 19.010 18.699 18.388 18.077 17.765 17.454 17.143 16.831 16.520 16.208 15.897 15.585 15.273 14.961 14.649 14.337 14.025 13.713 13.400 13.087 12.774 12.461 12.148 11.834 11.520 11.205 10.891 10.576 10.261  9.945  9.629  9.312  8.995  8.677  8.359  8.040  7.720  7.400  7.080  6.758  6.436  6.112  5.788  5.464  5.138  4.811  4.483  4.154 
27.714 27.403 27.092 26.781 26.470 26.159 25.848 25.537 25.226 24.915 24.604 24.292 23.981 23.670 23.358 23.047 22.736 22.424 22.113 21.801 21.489 21.178 20.866 20.554 20.242 19.930 19.617 19.305 18.993 18.680 18.367 18.055 17.742 17.428 17.115 16.801 16.488 16.174 15.860 15.545 15.230 14.916 14.600 14.285 13.969 13.653 13.336 13.019 12.702 12.385 12.066 11.748 11.429 11.109 10.790 10.469 10.148  9.826  9.504  9.181  8.858  8.534  8.209  7.883  7.557  7.229  6.901  6.573  6.243  5.912  5.581  5.248  4.915  4.581  4.245  3.909 
27.701 27.390 27.079 26.768 26.457 26.146 25.834 25.523 25.211 24.900 24.588 24.276 23.964 23.652 23.340 23.027 22.715 22.402 22.089 21.777 21.464 21.150 20.837 20.523 20.210 19.896 19.582 19.267 18.953 18.638 18.323 18.008 17.693 17.377 17.061 16.744 16.428 16.111 15.794 15.476 15.158 14.840 14.521 14.202 13.882 13.562 13.242 12.921 12.599 12.278 11.955 11.632 11.309 10.984 10.660 10.334 10.008  9.682  9.354  9.026  8.697  8.368  8.038  7.706  7.375  7.042  6.708  6.374  6.038  5.702  5.365  5.026  4.687  4.347  4.005  3.663 
27.673 27.362 27.051 26.739 26.428 26.116 25.804 25.492 25.180 24.868 24.555 24.243 23.930 23.617 23.303 22.990 22.676 22.362 22.048 21.734 21.419 21.104 20.789 20.474 20.158 19.842 19.526 19.210 18.893 18.576 18.259 17.941 17.623 17.304 16.986 16.667 16.347 16.027 15.707 15.386 15.065 14.743 14.421 14.098 13.775 13.452 13.128 12.803 12.478 12.152 11.825 11.498 11.171 10.842 10.513 10.184  9.853  9.522  9.190  8.858  8.524  8.190  7.855  7.519  7.183  6.845  6.507  6.167  5.827  5.486  5.144  4.800  4.456  4.111  3.765  3.417 
27.626 27.315 27.004 26.692 26.381 26.069 25.756 25.444 25.131 24.818 24.505 24.191 23.877 23.563 23.249 22.934 22.619 22.304 21.989 21.673 21.357 21.040 20.723 20.406 20.089 19.771 19.453 19.134 18.815 18.496 18.176 17.856 17.536 17.215 16.893 16.572 16.249 15.927 15.603 15.280 14.955 14.631 14.305 13.980 13.653 13.326 12.999 12.670 12.342 12.012 11.682 11.351 11.020 10.688 10.355 10.022  9.687  9.352  9.016  8.680  8.342  8.004  7.665  7.325  6.984  6.642  6.300  5.956  5.612  5.266  4.919  4.572  4.223  3.874  3.523  3.171 
27.562 27.251 26.940 26.628 26.316 26.004 25.691 25.378 25.065 24.751 24.437 24.122 23.808 23.493 23.177 22.862 22.545 22.229 21.912 21.595 21.277 20.959 20.641 20.322 20.003 19.683 19.363 19.043 18.722 18.400 18.078 17.756 17.433 17.110 16.786 16.462 16.137 15.812 15.486 15.159 14.832 14.505 14.177 13.848 13.519 13.188 12.858 12.527 12.195 11.862 11.529 11.194 10.860 10.524 10.188  9.851  9.513  9.174  8.835  8.495  8.154  7.812  7.469  7.125  6.781  6.435  6.089  5.741  5.393  5.043  4.693  4.342  3.989  3.636  3.281  2.926 
27.481 27.170 26.859 26.547 26.235 25.922 25.609 25.295 24.982 24.667 24.353 24.037 23.722 23.406 23.090 22.773 22.456 22.138 21.820 21.501 21.183 20.863 20.543 20.223 19.902 19.581 19.259 18.937 18.614 18.290 17.967 17.642 17.317 16.992 16.666 16.339 16.012 15.684 15.356 15.027 14.698 14.367 14.037 13.705 13.373 13.040 12.707 12.373 12.038 11.702 11.366 11.029 10.691 10.352 10.013  9.673  9.332  8.990  8.647  8.304  7.959  7.614  7.268  6.921  6.573  6.224  5.874  5.523  5.171  4.819  4.465  4.110  3.754  3.397  3.039  2.680 
27.385 27.074 26.763 26.451 26.138 25.825 25.512 25.198 24.883 24.569 24.253 23.938 23.621 23.305 22.987 22.670 22.351 22.033 21.714 21.394 21.074 20.753 20.432 20.110 19.788 19.465 19.141 18.817 18.493 18.168 17.842 17.516 17.189 16.862 16.534 16.205 15.876 15.546 15.215 14.884 14.552 14.220 13.887 13.553 13.218 12.883 12.547 12.210 11.873 11.534 11.195 10.855 10.515 10.173  9.831  9.488  9.144  8.800  8.454  8.107  7.760  7.412  7.063  6.713  6.361  6.009  5.657  5.303  4.948  4.592  4.235  3.877  3.518  3.158  2.797  2.434 
27.275 26.964 26.653 26.340 26.028 25.715 25.401 25.087 24.772 24.456 24.141 23.824 23.507 23.190 22.872 22.553 22.234 21.914 21.594 21.273 20.952 20.630 20.308 19.985 19.661 19.337 19.012 18.686 18.360 18.034 17.706 17.379 17.050 16.721 16.391 16.060 15.729 15.397 15.065 14.732 14.398 14.063 13.728 13.391 13.055 12.717 12.379 12.040 11.700 11.359 11.018 10.675 10.332  9.988  9.643  9.298  8.951  8.604  8.256  7.906  7.556  7.205  6.854  6.501  6.147  5.792  5.436  5.080  4.722  4.363  4.003  3.642  3.281  2.918  2.554  2.189 
27.153 26.842 26.530 26.218 25.905 25.591 25.277 24.963 24.647 24.332 24.015 23.698 23.381 23.063 22.744 22.425 22.105 21.784 21.463 21.141 20.819 20.496 20.172 19.848 19.523 19.198 18.872 18.545 18.217 17.889 17.560 17.231 16.901 16.570 16.238 15.906 15.573 15.240 14.905 14.570 14.234 13.898 13.560 13.222 12.883 12.544 12.203 11.862 11.520 11.177 10.833 10.489 10.143  9.797  9.450  9.102  8.753  8.404  8.053  7.701  7.349  6.995  6.641  6.286  5.929  5.572  5.214  4.854  4.494  4.133  3.770  3.407  3.043  2.677  2.311  1.943 
27.019 26.708 26.396 26.083 25.770 25.457 25.142 24.827 24.512 24.196 23.879 23.561 23.243 22.924 22.605 22.285 21.964 21.643 21.321 20.998 20.675 20.351 20.027 19.701 19.375 19.049 18.721 18.393 18.065 17.735 17.405 17.074 16.743 16.410 16.077 15.744 15.409 15.074 14.738 14.401 14.063 13.725 13.386 13.046 12.705 12.364 12.021 11.678 11.334 10.989 10.644 10.297  9.950  9.601  9.252  8.902  8.551  8.199  7.846  7.492  7.138  6.782  6.425  6.068  5.709  5.349  4.989  4.627  4.265  3.901  3.536  3.171  2.804  2.436  2.067  1.697 
26.874 26.563 26.251 25.939 25.625 25.312 24.997 24.682 24.366 24.049 23.732 23.414 23.096 22.776 22.456 22.136 21.814 21.492 21.170 20.846 20.522 20.197 19.872 19.545 19.218 18.891 18.562 18.233 17.903 17.573 17.241 16.909 16.576 16.243 15.908 15.573 15.237 14.900 14.563 14.225 13.885 13.545 13.205 12.863 12.521 12.177 11.833 11.488 11.143 10.796 10.448 10.100  9.751  9.400  9.049  8.697  8.344  7.990  7.636  7.280  6.923  6.565  6.207  5.847  5.486  5.125  4.762  4.398  4.034  3.668  3.301  2.933  2.565  2.195  1.824  1.451 
26.720 26.409 26.097 25.785 25.471 25.157 24.842 24.527 24.211 23.894 23.576 23.258 22.939 22.619 22.298 21.977 21.655 21.333 21.009 20.685 20.360 20.034 19.708 19.381 19.053 18.724 18.395 18.065 17.734 17.402 17.070 16.736 16.402 16.068 15.732 15.396 15.058 14.720 14.381 14.042 13.701 13.360 13.017 12.674 12.330 11.986 11.640 11.294 10.946 10.598 10.249  9.899  9.548  9.196  8.843  8.489  8.134  7.779  7.422  7.064  6.706  6.346  5.986  5.624  5.262  4.898  4.534  4.168  3.801  3.434  3.065  2.695  2.325  1.953  1.580  1.206 
26.558 26.247 25.935 25.622 25.308 24.994 24.679 24.363 24.047 23.730 23.412 23.093 22.774 22.453 22.132 21.811 21.488 21.165 20.841 20.516 20.190 19.864 19.537 19.209 18.880 18.551 18.220 17.889 17.558 17.225 16.891 16.557 16.222 15.886 15.549 15.212 14.873 14.534 14.194 13.853 13.511 13.168 12.825 12.480 12.135 11.789 11.442 11.094 10.745 10.395 10.044  9.693  9.340  8.987  8.632  8.277  7.921  7.563  7.205  6.846  6.486  6.125  5.762  5.399  5.035  4.670  4.304  3.936  3.568  3.199  2.828  2.457  2.084  1.711  1.336  0.960 
26.388 26.076 25.764 25.451 25.138 24.823 24.508 24.192 23.876 23.558 23.240 22.921 22.601 22.280 21.959 21.637 21.314 20.990 20.665 20.340 20.014 19.687 19.359 19.030 18.701 18.370 18.039 17.707 17.375 17.041 16.707 16.371 16.035 15.698 15.361 15.022 14.682 14.342 14.001 13.659 13.316 12.972 12.627 12.281 11.935 11.587 11.239 10.890 10.540 10.189  9.836  9.483  9.130  8.775  8.419  8.062  7.704  7.346  6.986  6.625  6.263  5.901  5.537  5.172  4.806  4.440  4.072  3.703  3.333  2.962  2.590  2.217  1.843  1.468  1.092  0.714 
26.210 25.899 25.587 25.274 24.960 24.646 24.330 24.014 23.697 23.380 23.061 22.742 22.421 22.100 21.779 21.456 21.132 20.808 20.483 20.157 19.830 19.503 19.174 18.845 18.515 18.184 17.852 17.519 17.186 16.851 16.516 16.180 15.843 15.505 15.167 14.827 14.487 14.145 13.803 13.460 13.116 12.771 12.425 12.078 11.731 11.382 11.032 10.682 10.331  9.978  9.625  9.271  8.916  8.559  8.202  7.844  7.485  7.125  6.764  6.402  6.039  5.675  5.310  4.944  4.576  4.208  3.839  3.469  3.098  2.725  2.352  1.977  1.602  1.225  0.847  0.469 
26.026 25.715 25.403 25.090 24.776 24.462 24.146 23.830 23.513 23.195 22.876 22.556 22.236 21.914 21.592 21.269 20.945 20.620 20.295 19.968 19.641 19.313 18.984 18.654 18.323 17.992 17.659 17.326 16.992 16.657 16.321 15.984 15.646 15.307 14.968 14.627 14.286 13.944 13.601 13.257 12.912 12.566 12.219 11.871 11.522 11.173 10.822 10.471 10.118  9.765  9.410  9.055  8.699  8.341  7.983  7.624  7.263  6.902  6.540  6.176  5.812  5.447  5.081  4.713  4.345  3.975  3.605  3.233  2.861  2.487  2.113  1.737  1.360  0.982  0.603  0.223 
25.837 25.526 25.213 24.900 24.587 24.272 23.956 23.640 23.322 23.004 22.685 22.365 22.044 21.723 21.400 21.077 20.753 20.427 20.101 19.775 19.447 19.118 18.789 18.458 18.127 17.795 17.462 17.128 16.793 16.457 16.120 15.783 15.444 15.105 14.765 14.423 14.081 13.738 13.394 13.049 12.703 12.357 12.009 11.660 11.311 10.960 10.608 10.256  9.902  9.548  9.193  8.836  8.479  8.120  7.761  7.401  7.039  6.677  6.314  5.949  5.584  5.217  4.850  4.481  4.112  3.741  3.370  2.997  2.623  2.249  1.873  1.496  1.118  0.739  0.358 -0.023 
25.642 25.331 25.019 24.705 24.392 24.077 23.761 23.444 23.127 22.808 22.489 22.169 21.848 21.526 21.203 20.880 20.555 20.229 19.903 19.576 19.248 18.918 18.588 18.258 17.926 17.593 17.259 16.925 16.589 16.253 15.916 15.578 15.239 14.898 14.557 14.216 13.873 13.529 13.184 12.838 12.492 12.144 11.796 11.446 11.096 10.744 10.392 10.038  9.684  9.329  8.972  8.615  8.257  7.898  7.537  7.176  6.814  6.451  6.086  5.721  5.355  4.988  4.619  4.250  3.880  3.509  3.136  2.763  2.389  2.013  1.637  1.260  0.881  0.502  0.122 -0.269 
25.443 25.131 24.819 24.506 24.192 23.877 23.561 23.244 22.927 22.608 22.289 21.968 21.647 21.325 21.002 20.678 20.353 20.027 19.700 19.372 19.044 18.714 18.384 18.052 17.720 17.387 17.052 16.717 16.381 16.044 15.706 15.367 15.027 14.686 14.344 14.001 13.657 13.312 12.966 12.619 12.272 11.923 11.573 11.222 10.869 10.516 10.162  9.807  9.451  9.093  8.735  8.375  8.014  7.653  7.290  6.926  6.560  6.194  5.827  5.458  5.089  4.718  4.346  3.973  3.599  3.223  2.847  2.469  2.089  1.709  1.327  0.944  0.559  0.173 -0.176 -0.514 
25.237 24.926 24.614 24.301 23.986 23.671 23.355 23.038 22.720 22.402 22.082 21.761 21.440 21.117 20.793 20.469 20.144 19.817 19.490 19.162 18.832 18.502 18.171 17.839 17.506 17.172 16.837 16.501 16.164 15.827 15.488 15.148 14.807 14.466 14.123 13.779 13.435 13.089 12.743 12.395 12.047 11.697 11.347 10.996 10.643 10.290  9.936  9.580  9.224  8.867  8.509  8.150  7.789  7.428  7.065  6.702  6.337  5.971  5.603  5.234  4.863  4.491  4.117  3.741  3.363  2.984  2.602  2.219  1.833  1.445  1.056  0.665  0.272 -0.123 -0.441 -0.760 
25.026 24.715 24.403 24.089 23.775 23.460 23.144 22.827 22.509 22.190 21.870 21.549 21.227 20.904 20.580 20.255 19.930 19.603 19.275 18.947 18.617 18.286 17.955 17.622 17.288 16.954 16.618 16.282 15.944 15.605 15.266 14.925 14.583 14.240 13.897 13.552 13.206 12.859 12.511 12.162 11.812 11.461 11.109 10.756 10.402 10.047  9.690  9.333  8.975  8.616  8.255  7.894  7.532  7.169  6.805  6.440  6.074  5.707  5.339  4.970  4.601  4.231  3.860  3.488  3.116  2.743  2.369  1.995  1.620  1.244  0.868  0.492  0.114 -0.229 -0.617 -1.006 
24.810 24.498 24.186 23.873 23.558 23.243 22.927 22.610 22.291 21.972 21.652 21.331 21.009 20.686 20.361 20.036 19.710 19.383 19.055 18.726 18.396 18.065 17.733 17.400 17.066 16.731 16.395 16.058 15.720 15.381 15.041 14.700 14.358 14.015 13.671 13.326 12.979 12.632 12.284 11.934 11.584 11.232 10.879 10.525 10.170  9.813  9.456  9.097  8.737  8.376  8.014  7.650  7.285  6.919  6.552  6.183  5.813  5.442  5.070  4.697  4.323  3.947  3.571  3.193  2.815  2.436  2.056  1.676  1.295  0.913  0.531  0.148 -0.182 -0.538 -0.894 -1.251 
24.589 24.277 23.965 23.651 23.337 23.022 22.705 22.388 22.069 21.750 21.430 21.108 20.786 20.462 20.138 19.812 19.486 19.159 18.830 18.501 18.170 17.839 17.506 17.172 16.838 16.502 16.166 15.828 15.489 15.150 14.809 14.467 14.125 13.781 13.436 13.091 12.744 12.396 12.048 11.698 11.347 10.996 10.643 10.290  9.935  9.580  9.223  8.866  8.508  8.148  7.788  7.427  7.064  6.701  6.336  5.971  5.604  5.235  4.865  4.494  4.120  3.745  3.367  2.986  2.603  2.217  1.827  1.434  1.037  0.637  0.234 -0.173 -0.501 -0.832 -1.164 -1.497 
24.363 24.052 23.739 23.426 23.112 22.796 22.480 22.162 21.844 21.524 21.204 20.882 20.559 20.236 19.911 19.585 19.259 18.931 18.602 18.273 17.942 17.610 17.277 16.943 16.608 16.272 15.935 15.596 15.257 14.917 14.576 14.233 13.890 13.545 13.199 12.853 12.505 12.156 11.806 11.455 11.103 10.750 10.395 10.040  9.684  9.326  8.968  8.608  8.248  7.887  7.524  7.161  6.796  6.431  6.065  5.698  5.330  4.961  4.592  4.221  3.850  3.478  3.106  2.733  2.359  1.984  1.609  1.234  0.857  0.481  0.104 -0.234 -0.611 -0.988 -1.365 -1.743 
24.134 23.822 23.510 23.196 22.882 22.566 22.250 21.932 21.613 21.294 20.973 20.651 20.329 20.005 19.680 19.354 19.027 18.700 18.371 18.041 17.710 17.378 17.045 16.710 16.375 16.039 15.702 15.363 15.024 14.684 14.342 13.999 13.656 13.311 12.965 12.618 12.270 11.921 11.570 11.219 10.866 10.512 10.157  9.801  9.443  9.085  8.725  8.364  8.001  7.638  7.273  6.907  6.540  6.171  5.801  5.431  5.059  4.686  4.311  3.936  3.560  3.183  2.805  2.426  2.047  1.667  1.286  0.905  0.523  0.141 -0.191 -0.550 -0.909 -1.268 -1.628 -1.989 
23.901 23.590 23.277 22.964 22.649 22.333 22.017 21.699 21.380 21.060 20.740 20.418 20.095 19.771 19.446 19.119 18.792 18.464 18.135 17.804 17.473 17.140 16.807 16.472 16.137 15.800 15.462 15.124 14.784 14.443 14.101 13.758 13.414 13.069 12.723 12.376 12.028 11.679 11.329 10.978 10.626 10.272  9.918  9.563  9.207  8.850  8.492  8.133  7.773  7.412  7.050  6.686  6.322  5.956  5.588  5.220  4.849  4.477  4.102  3.726  3.346  2.964  2.579  2.191  1.800  1.405  1.006  0.604  0.198 -0.200 -0.539 -0.877 -1.215 -1.554 -1.894 -2.234 
23.665 23.354 23.042 22.728 22.413 22.098 21.781 21.463 21.144 20.825 20.504 20.182 19.858 19.534 19.209 18.883 18.555 18.227 17.897 17.567 17.235 16.902 16.569 16.234 15.898 15.560 15.222 14.883 14.543 14.201 13.858 13.515 13.170 12.824 12.477 12.129 11.780 11.429 11.078 10.726 10.372 10.017  9.662  9.305  8.947  8.588  8.229  7.868  7.506  7.143  6.779  6.415  6.049  5.683  5.315  4.947  4.578  4.208  3.838  3.466  3.094  2.722  2.348  1.974  1.600  1.225  0.849  0.473  0.097 -0.240 -0.612 -0.985 -1.358 -1.731 -2.105 -2.480 
23.427 23.115 22.803 22.489 22.174 21.859 21.542 21.224 20.905 20.585 20.264 19.942 19.619 19.295 18.970 18.643 18.316 17.987 17.658 17.327 16.995 16.662 16.328 15.993 15.657 15.320 14.982 14.643 14.302 13.961 13.618 13.274 12.929 12.583 12.236 11.888 11.538 11.187 10.835 10.482 10.128  9.772  9.416  9.058  8.699  8.338  7.977  7.614  7.250  6.884  6.518  6.150  5.781  5.411  5.040  4.668  4.295  3.921  3.546  3.170  2.793  2.415  2.036  1.657  1.278  0.897  0.517  0.136 -0.197 -0.557 -0.917 -1.278 -1.639 -2.001 -2.363 -2.726 
23.186 22.874 22.562 22.248 21.933 21.618 21.301 20.983 20.664 20.344 20.022 19.700 19.377 19.052 18.727 18.400 18.072 17.744 17.414 17.083 16.751 16.418 16.083 15.748 15.412 15.074 14.736 14.396 14.056 13.714 13.371 13.027 12.683 12.337 11.990 11.642 11.293 10.943 10.592 10.240  9.886  9.532  9.177  8.821  8.464  8.105  7.746  7.385  7.023  6.660  6.296  5.930  5.562  5.193  4.822  4.449  4.074  3.696  3.316  2.933  2.548  2.160  1.769  1.376  0.980  0.581  0.181 -0.185 -0.534 -0.883 -1.231 -1.578 -1.926 -2.274 -2.623 -2.971 
22.943 22.631 22.319 22.005 21.690 21.375 21.058 20.740 20.421 20.101 19.779 19.457 19.133 18.809 18.483 18.156 17.829 17.500 17.169 16.838 16.506 16.173 15.838 15.502 15.166 14.828 14.489 14.149 13.808 13.466 13.123 12.778 12.433 12.087 11.739 11.391 11.042 10.692 10.341  9.989  9.636  9.283  8.929  8.574  8.219  7.864  7.508  7.151  6.795  6.438  6.081  5.724  5.367  5.011  4.654  4.298  3.942  3.587  3.232  2.878  2.525  2.172  1.820  1.468  1.118  0.768  0.419  0.071 -0.129 -0.245 -0.351 -0.456 -0.560 -0.661 -0.761 -0.859 
22.702 22.391 22.078 21.765 21.450 21.135 20.818 20.501 20.183 19.863 19.543 19.221 18.899 18.576 18.251 17.926 17.600 17.273 16.945 16.617 16.287 15.957 15.626 15.294 14.961 14.628 14.294 13.959 13.624 13.288 12.952 12.615 12.278 11.941 11.603 11.265 10.927 10.588 10.250  9.911  9.573  9.235  8.896  8.559  8.221  7.884  7.548  7.212  6.876  6.542  6.208  5.875  5.543  5.213  4.883  4.554  4.227  3.900  3.575  3.252  2.929  2.608  2.288  1.969  1.651  1.335  1.020  0.706  0.393  0.081 -0.084 -0.162 -0.237 -0.308 -0.378 -0.448 
22.504 22.193 21.881 21.568 21.254 20.940 20.625 20.310 19.994 19.677 19.359 19.041 18.722 18.402 18.082 17.762 17.440 17.119 16.796 16.473 16.150 15.827 15.503 15.178 14.853 14.528 14.203 13.878 13.552 13.226 12.901 12.575 12.249 11.923 11.598 11.272 10.947 10.622 10.297  9.973  9.649  9.326  9.003  8.681  8.360  8.039  7.720  7.401  7.083  6.765  6.449  6.134  5.821  5.508  5.196  4.886  4.577  4.270  3.964  3.660  3.357  3.057  2.760  2.465  2.173  1.885  1.601  1.321  1.045  0.773  0.504  0.239 -0.025 -0.146 -0.206 -0.263 
22.379 22.068 21.756 21.444 21.132 20.820 20.507 20.193 19.880 19.566 19.251 18.937 18.622 18.306 17.991 17.675 17.359 17.043 16.727 16.410 16.093 15.777 15.460 15.143 14.826 14.510 14.193 13.876 13.560 13.243 12.927 12.611 12.296 11.981 11.666 11.351 11.037 10.724 10.411 10.099  9.787  9.476  9.166  8.857  8.548  8.240  7.934  7.628  7.323  7.020  6.717  6.416  6.116  5.817  5.520  5.224  4.930  4.637  4.346  4.056  3.769  3.484  3.200  2.919  2.641  2.364  2.091  1.820  1.551  1.285  1.021  0.760  0.501  0.243 -0.012 -0.131 
22.328 22.017 21.706 21.395 21.083 20.772 20.461 20.150 19.838 19.527 19.215 18.904 18.593 18.281 17.970 17.658 17.347 17.036 16.725 16.414 16.103 15.792 15.482 15.172 14.862 14.552 14.243 13.934 13.626 13.318 13.010 12.703 12.397 12.091 11.786 11.481 11.177 10.874 10.572 10.271  9.970  9.671  9.373  9.076  8.779  8.485  8.191  7.899  7.608  7.318  7.030  6.743  6.458  6.174  5.892  5.612  5.333  5.055  4.779  4.505  4.232  3.961  3.691  3.423  3.156  2.890  2.626  2.363  2.101  1.840  1.580  1.320  1.061  0.803  0.545  0.288 
22.343 22.032 21.721 21.411 21.101 20.791 20.481 20.172 19.862 19.553 19.244 18.936 18.628 18.320 18.012 17.705 17.398 17.091 16.784 16.478 16.173 15.868 15.563 15.258 14.954 14.651 14.348 14.046 13.744 13.442 13.142 12.841 12.542 12.243 11.944 11.647 11.350 11.054 10.758 10.463 10.169  9.875  9.583  9.291  9.000  8.709  8.420  8.131  7.843  7.556  7.269  6.983  6.698  6.414  6.131  5.848  5.566  5.284  5.004  4.724  4.444  4.166  3.887  3.610  3.332  3.056  2.780  2.504  2.228  1.953  1.679  1.404  1.130  0.856  0.582  0.308 
22.410 22.099 21.789 21.479 21.169 20.860 20.551 20.243 19.935 19.627 19.320 19.013 18.706 18.400 18.095 17.789 17.484 17.180 16.876 16.572 16.269 15.967 15.664 15.363 15.061 14.760 14.460 14.160 13.861 13.562 13.264 12.966 12.668 12.371 12.075 11.779 11.484 11.189 10.895 10.601 10.308 10.015  9.723  9.431  9.140  8.849  8.559  8.269  7.980  7.692  7.403  7.116  6.828  6.542  6.255  5.969  5.684  5.399  5.114  4.830  4.546  4.262  3.979  3.696  3.413  3.131  2.849  2.567  2.285  2.003  1.722  1.441  1.160  0.879  0.598  0.317 
22.501 22.190 21.880 21.570 21.260 20.951 20.643 20.335 20.027 19.720 19.413 19.107 18.801 18.495 18.190 17.885 17.581 17.277 16.974 16.671 16.369 16.067 15.765 15.464 15.163 14.863 14.563 14.263 13.964 13.666 13.368 13.070 12.773 12.476 12.180 11.884 11.588 11.293 10.998 10.704 10.410 10.117  9.823  9.531  9.239  8.947  8.655  8.364  8.073  7.783  7.493  7.203  6.913  6.624  6.335  6.047  5.759  5.471  5.183  4.896  4.609  4.322  4.035  3.749  3.462  3.176  2.890  2.604  2.319  2.033  1.748  1.463  1.177  0.892  0.607  0.322 
22.596 22.286 21.976 21.666 21.356 21.047 20.739 20.431 20.123 19.816 19.509 19.202 18.896 18.591 18.286 17.981 17.677 17.373 17.069 16.766 16.464 16.161 15.859 15.558 15.257 14.956 14.656 14.356 14.057 13.758 13.459 13.161 12.863 12.565 12.268 11.971 11.675 11.379 11.083 10.788 10.493 10.198  9.904  9.610  9.316  9.023  8.729  8.437  8.144  7.852  7.560  7.268  6.977  6.686  6.395  6.104  5.814  5.524  5.234  4.944  4.654  4.365  4.075  3.786  3.497  3.209  2.920  2.631  2.343  2.054  1.766  1.478  1.190  0.902  0.613  0.325 
22.689 22.379 22.069 21.759 21.449 21.140 20.831 20.523 20.215 19.908 19.601 19.294 18.988 18.682 18.376 18.071 17.767 17.462 17.158 16.855 16.552 16.249 15.946 15.644 15.343 15.041 14.741 14.440 14.140 13.840 13.540 13.241 12.942 12.644 12.346 12.048 11.750 11.453 11.156 10.860 10.563 10.267  9.972  9.676  9.381  9.086  8.791  8.497  8.203  7.909  7.616  7.322  7.029  6.736  6.443  6.151  5.858  5.566  5.274  4.982  4.691  4.399  4.108  3.816  3.525  3.234  2.943  2.652  2.362  2.071  1.780  1.490  1.199  0.909  0.618  0.328 
22.776 22.466 22.155 21.846 21.536 21.227 20.918 20.609 20.301 19.994 19.686 19.379 19.073 18.766 18.461 18.155 17.850 17.545 17.241 16.936 16.633 16.329 16.026 15.723 15.421 15.119 14.817 14.516 14.215 13.914 13.614 13.313 13.014 12.714 12.415 12.116 11.817 11.519 11.221 10.923 10.625 10.328 10.031  9.734  9.438  9.142  8.845  8.550  8.254  7.959  7.663  7.368  7.074  6.779  6.485  6.190  5.896  5.602  5.309  5.015  4.722  4.428  4.135  3.842  3.549  3.256  2.963  2.670  2.378  2.085  1.792  1.500  1.208  0.915  0.623  0.330 
22.857 22.546 22.236 21.926 21.616 21.307 20.998 20.689 20.381 20.073 19.765 19.458 19.151 18.844 18.538 18.232 17.926 17.621 17.316 17.011 16.707 16.403 16.099 15.795 15.492 15.190 14.887 14.585 14.283 13.981 13.680 13.379 13.078 12.778 12.477 12.177 11.878 11.578 11.279 10.980 10.681 10.383 10.084  9.786  9.489  9.191  8.894  8.596  8.299  8.003  7.706  7.410  7.113  6.817  6.521  6.226  5.930  5.634  5.339  5.044  4.749  4.454  4.159  3.864  3.570  3.275  2.980  2.686  2.392  2.097  1.803  1.509  1.215  0.921  0.626  0.332 
22.930 22.619 22.309 21.999 21.689 21.379 21.070 20.761 20.453 20.145 19.837 19.529 19.222 18.915 18.608 18.302 17.996 17.690 17.384 17.079 16.774 16.469 16.165 15.861 15.557 15.254 14.950 14.647 14.345 14.042 13.740 13.438 13.136 12.835 12.534 12.233 11.932 11.632 11.331 11.031 10.732 10.432 10.133  9.833  9.534  9.236  8.937  8.639  8.340  8.042  7.744  7.447  7.149  6.852  6.554  6.257  5.960  5.663  5.366  5.070  4.773  4.477  4.180  3.884  3.588  3.292  2.996  2.700  2.404  2.108  1.813  1.517  1.221  0.925  0.630  0.334 
22.997 22.686 22.376 22.065 21.756 21.446 21.137 20.828 20.519 20.210 19.902 19.594 19.287 18.979 18.672 18.365 18.059 17.753 17.447 17.141 16.835 16.530 16.225 15.921 15.616 15.312 15.008 14.704 14.401 14.098 13.795 13.492 13.189 12.887 12.585 12.283 11.982 11.680 11.379 11.078 10.777 10.476 10.176  9.876  9.576  9.276  8.976  8.677  8.377  8.078  7.779  7.480  7.181  6.883  6.584  6.286  5.987  5.689  5.391  5.093  4.795  4.498  4.200  3.902  3.605  3.307  3.010  2.713  2.415  2.118  1.821  1.524  1.227  0.930  0.633  0.336 
23.058 22.747 22.436 22.126 21.816 21.507 21.197 20.888 20.579 20.270 19.962 19.654 19.346 19.038 18.731 18.423 18.117 17.810 17.503 17.197 16.891 16.586 16.280 15.975 15.670 15.365 15.060 14.756 14.452 14.148 13.844 13.541 13.238 12.935 12.632 12.329 12.027 11.724 11.422 11.120 10.819 10.517 10.216  9.914  9.613  9.312  9.012  8.711  8.411  8.110  7.810  7.510  7.210  6.911  6.611  6.311  6.012  5.713  5.413  5.114  4.815  4.516  4.217  3.919  3.620  3.321  3.023  2.724  2.426  2.127  1.829  1.530  1.232  0.934  0.635  0.337 
23.113 22.802 22.492 22.181 21.871 21.562 21.252 20.943 20.634 20.325 20.016 19.708 19.399 19.091 18.784 18.476 18.169 17.862 17.555 17.248 16.942 16.636 16.330 16.024 15.718 15.413 15.108 14.803 14.498 14.194 13.889 13.585 13.281 12.978 12.674 12.371 12.067 11.764 11.461 11.159 10.856 10.554 10.251  9.949  9.647  9.346  9.044  8.742  8.441  8.140  7.839  7.538  7.237  6.936  6.635  6.335  6.034  5.734  5.434  5.134  4.833  4.533  4.233  3.934  3.634  3.334  3.034  2.735  2.435  2.135  1.836  1.536  1.237  0.937  0.638  0.338 
23.163 22.853 22.542 22.232 21.922 21.612 21.302 20.993 20.683 20.374 20.065 19.757 19.448 19.140 18.832 18.524 18.217 17.909 17.602 17.295 16.988 16.681 16.375 16.069 15.763 15.457 15.151 14.846 14.541 14.235 13.930 13.626 13.321 13.017 12.712 12.408 12.104 11.801 11.497 11.194 10.890 10.587 10.284  9.981  9.678  9.376  9.073  8.771  8.469  8.167  7.865  7.563  7.261  6.959  6.658  6.356  6.055  5.753  5.452  5.151  4.850  4.549  4.248  3.947  3.646  3.345  3.045  2.744  2.443  2.143  1.842  1.542  1.241  0.941  0.640  0.340 
23.209 22.898 22.588 22.277 21.967 21.657 21.347 21.038 20.728 20.419 20.110 19.801 19.493 19.184 18.876 18.568 18.260 17.952 17.645 17.337 17.030 16.723 16.416 16.110 15.803 15.497 15.191 14.885 14.579 14.273 13.968 13.662 13.357 13.052 12.747 12.443 12.138 11.834 11.530 11.225 10.921 10.617 10.314 10.010  9.707  9.403  9.100  8.797  8.494  8.191  7.888  7.585  7.283  6.980  6.678  6.375  6.073  5.771  5.469  5.167  4.865  4.563  4.261  3.959  3.658  3.356  3.054  2.753  2.451  2.149  1.848  1.546  1.245  0.944  0.642  0.341 
23.251 22.940 22.629 22.319 22.009 21.699 21.389 21.079 20.769 20.460 20.151 19.842 19.533 19.224 18.916 18.607 18.299 17.991 17.683 17.376 17.068 16.761 16.454 16.147 15.840 15.533 15.226 14.920 14.614 14.308 14.002 13.696 13.390 13.085 12.779 12.474 12.169 11.864 11.559 11.254 10.950 10.645 10.341 10.036  9.732  9.428  9.124  8.820  8.517  8.213  7.910  7.606  7.303  6.999  6.696  6.393  6.090  5.787  5.484  5.181  4.878  4.576  4.273  3.970  3.668  3.365  3.063  2.760  2.458  2.156  1.853  1.551  1.249  0.946  0.644  0.342 
23.289 22.978 22.667 22.357 22.046 21.736 21.426 21.116 20.807 20.497 20.188 19.879 19.570 19.261 18.952 18.643 18.335 18.027 17.719 17.411 17.103 16.795 16.488 16.180 15.873 15.566 15.259 14.952 14.645 14.339 14.033 13.726 13.420 13.114 12.808 12.502 12.197 11.891 11.586 11.280 10.975 10.670 10.365 10.060  9.756  9.451  9.146  8.842  8.537  8.233  7.929  7.625  7.321  7.017  6.713  6.409  6.105  5.802  5.498  5.194  4.891  4.587  4.284  3.981  3.677  3.374  3.071  2.767  2.464  2.161  1.858  1.555  1.252  0.949  0.646  0.343 
23.323 23.012 22.702 22.391 22.081 21.771 21.460 21.151 20.841 20.531 20.222 19.912 19.603 19.294 18.985 18.676 18.368 18.059 17.751 17.442 17.134 16.826 16.519 16.211 15.903 15.596 15.289 14.981 14.674 14.367 14.061 13.754 13.447 13.141 12.834 12.528 12.222 11.916 11.610 11.304 10.999 10.693 10.388 10.082  9.777  9.472  9.166  8.861  8.556  8.251  7.947  7.642  7.337  7.033  6.728  6.424  6.119  5.815  5.511  5.206  4.902  4.598  4.294  3.990  3.686  3.382  3.078  2.774  2.470  2.166  1.862  1.559  1.255  0.951  0.647  0.343 
23.354 23.044 22.733 22.422 22.112 21.802 21.492 21.181 20.872 20.562 20.252 19.943 19.633 19.324 19.015 18.706 18.397 18.088 17.780 17.471 17.163 16.855 16.547 16.239 15.931 15.623 15.315 15.008 14.701 14.393 14.086 13.779 13.472 13.165 12.858 12.552 12.245 11.939 11.632 11.326 11.020 10.714 10.408 10.102  9.796  9.490  9.185  8.879  8.573  8.268  7.963  7.657  7.352  7.047  6.742  6.437  6.132  5.827  5.522  5.217  4.912  4.608  4.303  3.998  3.694  3.389  3.084  2.780  2.475  2.171  1.866  1.562  1.257  0.953  0.648  0.344 
23.383 23.072 22.761 22.451 22.140 21.830 21.520 21.210 20.900 20.590 20.280 19.970 19.661 19.352 19.042 18.733 18.424 18.115 17.806 17.498 17.189 16.881 16.572 16.264 15.956 15.648 15.340 15.032 14.724 14.417 14.109 13.802 13.494 13.187 12.880 12.573 12.266 11.959 11.652 11.346 11.039 10.733 10.426 10.120  9.814  9.507  9.201  8.895  8.589  8.283  7.977  7.671  7.366  7.060  6.754  6.449  6.143  5.838  5.532  5.227  4.922  4.616  4.311  4.006  3.701  3.395  3.090  2.785  2.480  2.175  1.870  1.565  1.260  0.955  0.650  0.345 
23.409 23.098 22.787 22.477 22.166 21.856 21.545 21.235 20.925 20.615 20.305 19.996 19.686 19.376 19.067 18.758 18.449 18.139 17.830 17.522 17.213 16.904 16.596 16.287 15.979 15.670 15.362 15.054 14.746 14.438 14.130 13.823 13.515 13.207 12.900 12.592 12.285 11.978 11.671 11.364 11.057 10.750 10.443 10.136  9.829  9.523  9.216  8.910  8.603  8.297  7.991  7.684  7.378  7.072  6.766  6.460  6.154  5.848  5.542  5.236  4.930  4.624  4.318  4.013  3.707  3.401  3.096  2.790  2.484  2.179  1.873  1.568  1.262  0.956  0.651  0.345 
23.432 23.121 22.811 22.500 22.189 21.879 21.569 21.258 20.948 20.638 20.328 20.019 19.709 19.399 19.090 18.780 18.471 18.162 17.852 17.543 17.234 16.925 16.617 16.308 15.999 15.691 15.382 15.074 14.766 14.458 14.149 13.841 13.533 13.226 12.918 12.610 12.302 11.995 11.687 11.380 11.073 10.765 10.458 10.151  9.844  9.537  9.230  8.923  8.616  8.309  8.003  7.696  7.389  7.083  6.776  6.470  6.163  5.857  5.550  5.244  4.938  4.631  4.325  4.019  3.713  3.407  3.100  2.794  2.488  2.182  1.876  1.570  1.264  0.958  0.652  0.346 
23.454 23.143 22.832 22.521 22.211 21.900 21.590 21.280 20.969 20.659 20.349 20.039 19.730 19.420 19.110 18.801 18.491 18.182 17.872 17.563 17.254 16.945 16.636 16.327 16.018 15.709 15.401 15.092 14.784 14.475 14.167 13.859 13.550 13.242 12.934 12.626 12.318 12.010 11.703 11.395 11.087 10.780 10.472 10.164  9.857  9.550  9.242  8.935  8.628  8.321  8.014  7.707  7.400  7.093  6.786  6.479  6.172  5.865  5.558  5.251  4.945  4.638  4.331  4.025  3.718  3.412  3.105  2.798  2.492  2.185  1.879  1.572  1.266  0.959  0.653  0.346 
23.473 23.162 22.851 22.541 22.230 21.920 21.609 21.299 20.989 20.678 20.368 20.058 19.748 19.439 19.129 18.819 18.509 18.200 17.890 17.581 17.272 16.962 16.653 16.344 16.035 15.726 15.417 15.109 14.800 14.491 14.183 13.874 13.566 13.257 12.949 12.641 12.333 12.024 11.716 11.408 11.100 10.792 10.485 10.177  9.869  9.561  9.254  8.946  8.639  8.331  8.024  7.716  7.409  7.101  6.794  6.487  6.180  5.872  5.565  5.258  4.951  4.644  4.337  4.030  3.723  3.416  3.109  2.802  2.495  2.188  1.881  1.574  1.267  0.961  0.654  0.347 
23.491 23.180 22.869 22.558 22.248 21.937 21.627 21.316 21.006 20.696 20.386 20.076 19.765 19.456 19.146 18.836 18.526 18.216 17.907 17.597 17.288 16.979 16.669 16.360 16.051 15.742 15.433 15.124 14.815 14.506 14.197 13.888 13.580 13.271 12.962 12.654 12.346 12.037 11.729 11.421 11.112 10.804 10.496 10.188  9.880  9.572  9.264  8.956  8.648  8.340  8.033  7.725  7.417  7.110  6.802  6.494  6.187  5.879  5.572  5.264  4.957  4.649  4.342  4.035  3.727  3.420  3.113  2.805  2.498  2.191  1.883  1.576  1.269  0.962  0.654  0.347 
23.507 23.196 22.885 22.574 22.264 21.953 21.643 21.332 21.022 20.712 20.401 20.091 19.781 19.471 19.161 18.851 18.541 18.232 17.922 17.612 17.303 16.993 16.684 16.374 16.065 15.756 15.446 15.137 14.828 14.519 14.210 13.901 13.592 13.284 12.975 12.666 12.357 12.049 11.740 11.432 11.123 10.815 10.506 10.198  9.890  9.582  9.273  8.965  8.657  8.349  8.041  7.733  7.425  7.117  6.809  6.501  6.193  5.885  5.578  5.270  4.962  4.654  4.347  4.039  3.731  3.424  3.116  2.808  2.501  2.193  1.886  1.578  1.270  0.963  0.655  0.348 
23.521 23.210 22.900 22.589 22.278 21.968 21.657 21.347 21.036 20.726 20.416 20.105 19.795 19.485 19.175 18.865 18.555 18.245 17.935 17.626 17.316 17.006 16.697 16.387 16.078 15.768 15.459 15.150 14.840 14.531 14.222 13.913 13.604 13.295 12.986 12.677 12.368 12.059 11.751 11.442 11.133 10.824 10.516 10.207  9.899  9.590  9.282  8.973  8.665  8.357  8.048  7.740  7.432  7.124  6.815  6.507  6.199  5.891  5.583  5.275  4.967  4.659  4.351  4.043  3.735  3.427  3.119  2.811  2.503  2.195  1.887  1.579  1.272  0.964  0.656  0.348 
23.535 23.224 22.913 22.602 22.292 21.981 21.670 21.360 21.049 20.739 20.429 20.118 19.808 19.498 19.188 18.878 18.568 18.258 17.948 17.638 17.328 17.018 16.709 16.399 16.089 15.780 15.470 15.161 14.852 14.542 14.233 13.924 13.614 13.305 12.996 12.687 12.378 12.069 11.760 11.451 11.142 10.833 10.524 10.216  9.907  9.598  9.290  8.981  8.672  8.364  8.055  7.747  7.438  7.130  6.821  6.513  6.205  5.896  5.588  5.279  4.971  4.663  4.355  4.046  3.738  3.430  3.122  2.814  2.505  2.197  1.889  1.581  1.273  0.965  0.656  0.348 
23.547 23.236 22.925 22.614 22.304 21.993 21.682 21.372 21.061 20.751 20.440 20.130 19.820 19.510 19.199 18.889 18.579 18.269 17.959 17.649 17.339 17.029 16.720 16.410 16.100 15.790 15.481 15.171 14.862 14.552 14.243 13.933 13.624 13.315 13.005 12.696 12.387 12.078 11.768 11.459 11.150 10.841 10.532 10.223  9.914  9.605  9.297  8.988  8.679  8.370  8.061  7.753  7.444  7.135  6.827  6.518  6.209  5.901  5.592  5.284  4.975  4.667  4.358  4.050  3.741  3.433  3.124  2.816  2.507  2.199  1.891  1.582  1.274  0.965  0.657  0.349 
23.558 23.247 22.936 22.625 22.315 22.004 21.693 21.383 21.072 20.762 20.451 20.141 19.830 19.520 19.210 18.900 18.589 18.279 17.969 17.659 17.349 17.039 16.729 16.420 16.110 15.800 15.490 15.180 14.871 14.561 14.252 13.942 13.633 13.323 13.014 12.704 12.395 12.086 11.776 11.467 11.158 10.849 10.539 10.230  9.921  9.612  9.303  8.994  8.685  8.376  8.067  7.758  7.449  7.140  6.831  6.523  6.214  5.905  5.596  5.287  4.979  4.670  4.361  4.053  3.744  3.435  3.127  2.818  2.509  2.201  1.892  1.583  1.275  0.966  0.657  0.349 
23.568 23.257 22.946 22.635 22.324 22.014 21.703 21.393 21.082 20.771 20.461 20.151 19.840 19.530 19.219 18.909 18.599 18.289 17.979 17.668 17.358 17.048 16.738 16.428 16.118 15.809 15.499 15.189 14.879 14.569 14.260 13.950 13.640 13.331 13.021 12.712 12.402 12.093 11.783 11.474 11.165 10.855 10.546 10.237  9.927  9.618  9.309  9.000  8.690  8.381  8.072  7.763  7.454  7.145  6.836  6.527  6.218  5.909  5.600  5.291  4.982  4.673  4.364  4.055  3.746  3.437  3.129  2.820  2.511  2.202  1.893  1.584  1.276  0.967  0.658  0.349 
23.577 23.266 22.955 22.644 22.333 22.023 21.712 21.401 21.091 20.780 20.470 20.159 19.849 19.538 19.228 18.918 18.608 18.297 17.987 17.677 17.367 17.057 16.747 16.436 16.126 15.816 15.507 15.197 14.887 14.577 14.267 13.957 13.648 13.338 13.028 12.719 12.409 12.099 11.790 11.480 11.171 10.861 10.552 10.242  9.933  9.623  9.314  9.005  8.695  8.386  8.077  7.768  7.458  7.149  6.840  6.531  6.221  5.912  5.603  5.294  4.985  4.676  4.367  4.058  3.749  3.440  3.130  2.821  2.512  2.203  1.894  1.585  1.276  0.967  0.658  0.349 
23.585 23.274 22.963 22.652 22.342 22.031 21.720 21.410 21.099 20.788 20.478 20.167 19.857 19.546 19.236 18.926 18.615 18.305 17.995 17.684 17.374 17.064 16.754 16.444 16.134 15.824 15.514 15.204 14.894 14.584 14.274 13.964 13.654 13.344 13.034 12.725 12.415 12.105 11.796 11.486 11.176 10.867 10.557 10.247  9.938  9.628  9.319  9.009  8.700  8.390  8.081  7.772  7.462  7.153  6.843  6.534  6.225  5.915  5.606  5.297  4.988  4.678  4.369  4.060  3.751  3.441  3.132  2.823  2.514  2.205  1.895  1.586  1.277  0.968  0.659  0.349 
23.592 23.282 22.971 22.660 22.349 22.038 21.728 21.417 21.106 20.796 20.485 20.175 19.864 19.554 19.243 18.933 18.622 18.312 18.002 17.691 17.381 17.071 16.761 16.450 16.140 15.830 15.520 15.210 14.900 14.590 14.280 13.970 13.660 13.350 13.040 12.730 12.420 12.111 11.801 11.491 11.181 10.872 10.562 10.252  9.943  9.633  9.323  9.014  8.704  8.394  8.085  7.775  7.466  7.156  6.847  6.537  6.228  5.918  5.609  5.299  4.990  4.681  4.371  4.062  3.752  3.443  3.134  2.824  2.515  2.206  1.896  1.587  1.278  0.968  0.659  0.350 
23.599 23.288 22.978 22.667 22.356 22.045 21.734 21.424 21.113 20.802 20.492 20.181 19.871 19.560 19.250 18.939 18.629 18.318 18.008 17.698 17.387 17.077 16.767 16.457 16.146 15.836 15.526 15.216 14.906 14.596 14.285 13.975 13.665 13.355 13.045 12.735 12.425 12.116 11.806 11.496 11.186 10.876 10.566 10.256  9.947  9.637  9.327  9.017  8.708  8.398  8.088  7.779  7.469  7.159  6.850  6.540  6.231  5.921  5.611  5.302  4.992  4.683  4.373  4.064  3.754  3.445  3.135  2.826  2.516  2.207  1.897  1.588  1.278  0.969  0.659  0.350 
23.605 23.295 22.984 22.673 22.362 22.051 21.741 21.430 21.119 20.809 20.498 20.187 19.877 19.566 19.256 18.945 18.635 18.324 18.014 17.703 17.393 17.083 16.772 16.462 16.152 15.841 15.531 15.221 14.911 14.601 14.291 13.980 13.670 13.360 13.050 12.740 12.430 12.120 11.810 11.500 11.190 10.880 10.570 10.260  9.951  9.641  9.331  9.021  8.711  8.401  8.092  7.782  7.472  7.162  6.853  6.543  6.233  5.923  5.614  5.304  4.994  4.685  4.375  4.065  3.756  3.446  3.136  2.827  2.517  2.208  1.898  1.588  1.279  0.969  0.660  0.350 
23.611 23.300 22.989 22.679 22.368 22.057 21.746 21.435 21.125 20.814 20.503 20.193 19.882 19.572 19.261 18.951 18.640 18.330 18.019 17.709 17.398 17.088 16.777 16.467 16.157 15.846 15.536 15.226 14.916 14.605 14.295 13.985 13.675 13.365 13.054 12.744 12.434 12.124 11.814 11.504 11.194 10.884 10.574 10.264  9.954  9.644  9.334  9.024  8.714  8.404  8.094  7.785  7.475  7.165  6.855  6.545  6.235  5.926  5.616  5.306  4.996  4.686  4.377  4.067  3.757  3.447  3.138  2.828  2.518  2.208  1.899  1.589  1.279  0.969  0.660  0.350 
23.616 23.305 22.994 22.684 22.373 22.062 21.751 21.441 21.130 20.819 20.508 20.198 19.887 19.577 19.266 18.955 18.645 18.334 18.024 17.713 17.403 17.092 16.782 16.472 16.161 15.851 15.540 15.230 14.920 14.610 14.299 13.989 13.679 13.369 13.058 12.748 12.438 12.128 11.818 11.508 11.197 10.887 10.577 10.267  9.957  9.647  9.337  9.027  8.717  8.407  8.097  7.787  7.477  7.167  6.857  6.547  6.237  5.928  5.618  5.308  4.998  4.688  4.378  4.068  3.758  3.448  3.139  2.829  2.519  2.209  1.899  1.589  1.280  0.970  0.660  0.350 
23.621 23.310 22.999 22.688 22.377 22.067 21.756 21.445 21.134 20.824 20.513 20.202 19.892 19.581 19.270 18.960 18.649 18.339 18.028 17.718 17.407 17.097 16.786 16.476 16.165 15.855 15.544 15.234 14.924 14.613 14.303 13.993 13.682 13.372 13.062 12.752 12.441 12.131 11.821 11.511 11.201 10.890 10.580 10.270  9.960  9.650  9.340  9.030  8.720  8.410  8.099  7.789  7.479  7.169  6.859  6.549  6.239  5.929  5.619  5.309  4.999  4.689  4.379  4.069  3.759  3.450  3.140  2.830  2.520  2.210  1.900  1.590  1.280  0.970  0.660  0.350 
23.625 23.314 23.003 22.693 22.382 22.071 21.760 21.449 21.139 20.828 20.517 20.206 19.896 19.585 19.275 18.964 18.653 18.343 18.032 17.722 17.411 17.100 16.790 16.479 16.169 15.859 15.548 15.238 14.927 14.617 14.307 13.996 13.686 13.375 13.065 12.755 12.445 12.134 11.824 11.514 11.203 10.893 10.583 10.273  9.963  9.652  9.342  9.032  8.722  8.412  8.102  7.792  7.481  7.171  6.861  6.551  6.241  5.931  5.621  5.311  5.001  4.691  4.381  4.071  3.761  3.451  3.140  2.830  2.520  2.210  1.900  1.590  1.280  0.970  0.660  0.350 
23.629 23.318 23.007 22.696 22.386 22.075 21.764 21.453 21.142 20.832 20.521 20.210 19.900 19.589 19.278 18.968 18.657 18.346 18.036 17.725 17.415 17.104 16.793 16.483 16.172 15.862 15.551 15.241 14.931 14.620 14.310 13.999 13.689 13.378 13.068 12.758 12.447 12.137 11.827 11.516 11.206 10.896 10.585 10.275  9.965  9.655  9.344  9.034  8.724  8.414  8.104  7.793  7.483  7.173  6.863  6.553  6.243  5.932  5.622  5.312  5.002  4.692  4.382  4.072  3.762  3.451  3.141  2.831  2.521  2.211  1.901  1.591  1.281  0.971  0.661  0.350 
23.632 23.322 23.011 22.700 22.389 22.078 21.767 21.457 21.146 20.835 20.524 20.214 19.903 19.592 19.282 18.971 18.660 18.350 18.039 17.728 17.418 17.107 16.797 16.486 16.175 15.865 15.554 15.244 14.933 14.623 14.312 14.002 13.692 13.381 13.071 12.760 12.450 12.140 11.829 11.519 11.208 10.898 10.588 10.277  9.967  9.657  9.347  9.036  8.726  8.416  8.105  7.795  7.485  7.175  6.864  6.554  6.244  5.934  5.624  5.313  5.003  4.693  4.383  4.073  3.762  3.452  3.142  2.832  2.522  2.212  1.901  1.591  1.281  0.971  0.661  0.351 
23.636 23.325 23.014 22.703 22.392 22.081 21.771 21.460 21.149 20.838 20.527 20.217 19.906 19.595 19.285 18.974 18.663 18.353 18.042 17.731 17.421 17.110 16.799 16.489 16.178 15.867 15.557 15.246 14.935 14.624 14.313 14.002 13.691 13.380 13.068 12.756 12.444 12.131 11.818 11.505 11.191 10.875 10.559 10.242  9.924  9.604  9.282  8.959  8.633  8.304  7.973  7.638  7.300  6.958  6.611  6.259  5.901  5.538  5.169  4.792  4.409  4.019  3.621  3.216  2.803  2.384  1.958  1.526  1.089  0.647  0.202 -0.286 -0.837 -1.388 -1.936 -2.480 
23.626 23.315 23.004 22.693 22.381 22.069 21.757 21.445 21.133 20.820 20.507 20.194 19.880 19.567 19.252 18.938 18.623 18.307 17.991 17.675 17.358 17.040 16.722 16.403 16.084 15.763 15.442 15.120 14.797 14.473 14.148 13.822 13.495 13.166 12.837 12.506 12.174 11.840 11.505 11.169 10.830 10.491 10.150  9.807  9.463  9.117  8.769  8.420  8.070  7.717  7.363  7.008  6.651  6.293  5.933  5.572  5.210  4.846  4.482  4.116  3.749  3.382  3.014  2.646  2.276  1.907  1.537  1.167  0.797  0.428  0.058 -0.177 -0.328 -0.476 -0.621 -0.760 
23.538 23.227 22.915 22.603 22.290 21.977 21.663 21.348 21.033 20.718 20.401 20.084 19.767 19.449 19.130 18.811 18.491 18.170 17.849 17.527 17.204 16.881 16.557 16.232 15.907 15.581 15.254 14.926 14.598 14.269 13.940 13.609 13.278 12.947 12.615 12.282 11.949 11.615 11.281 10.946 10.611 10.276  9.940  9.604  9.269  8.933  8.597  8.262  7.928  7.594  7.262  6.930  6.601  6.274  5.950  5.629  5.311  4.999  4.692  4.391  4.098  3.812  3.535  3.268  3.012  2.766  2.533  2.311  2.102  1.905  1.720  1.547  1.386  1.234  1.093  0.960 
23.410 23.099 22.788 22.476 22.163 21.850 21.537 21.223 20.909 20.594 20.279 19.963 19.647 19.331 19.015 18.698 18.381 18.064 17.747 17.429 17.112 16.794 16.477 16.160 15.843 15.526 15.209 14.893 14.577 14.262 13.947 13.634 13.321 13.009 12.698 12.388 12.080 11.773 11.467 11.163 10.861 10.561 10.263  9.968  9.674  9.384  9.096  8.811  8.528  8.250  7.974  7.702  7.434  7.170  6.909  6.653  6.401  6.154  5.912  5.675  5.442  5.215  4.993  4.777  4.567  4.363  4.164  3.972  3.786  3.607  3.435  3.270  3.111  2.960  2.816  2.680 
23.368 23.058 22.747 22.436 22.126 21.816 21.506 21.196 20.886 20.577 20.268 19.959 19.651 19.343 19.035 18.728 18.421 18.115 17.809 17.504 17.200 16.896 16.593 16.291 15.991 15.691 15.392 15.095 14.798 14.503 14.210 13.918 13.628 13.339 13.052 12.768 12.485 12.204 11.926 11.650 11.376 11.105 10.837 10.572 10.309 10.050  9.794  9.541  9.291  9.046  8.804  8.566  8.332  8.102  7.876  7.655  7.439  7.227  7.020  6.818  6.622  6.430  6.244  6.064  5.890  5.722  5.559  5.403  5.254  5.111  4.975  4.845  4.723  4.608  4.500  4.400 
23.477 23.166 22.857 22.548 22.240 21.933 21.627 21.321 21.017 20.713 20.410 20.108 19.808 19.508 19.209 18.912 18.615 18.320 18.026 17.733 17.441 17.151 16.862 16.575 16.289 16.004 15.722 15.441 15.161 14.883 14.608 14.334 14.062 13.791 13.523 13.257 12.994 12.732 12.472 12.215 11.960 11.708 11.457 11.210 10.964 10.721 10.481 10.242 10.007  9.774  9.543  9.314  9.088  8.865  8.644  8.425  8.208  7.993  7.781  7.570  7.362  7.155  6.951  6.748  6.546  6.346  6.148  5.950  5.754  5.559  5.364  5.171  4.977  4.785  4.592  4.400 
23.718 23.408 23.099 22.791 22.485 22.179 21.876 21.573 21.272 20.972 20.673 20.376 20.080 19.786 19.492 19.201 18.910 18.621 18.334 18.048 17.763 17.480 17.198 16.918 16.639 16.362 16.087 15.813 15.540 15.270 15.000 14.733 14.467 14.203 13.940 13.679 13.420 13.162 12.906 12.652 12.399 12.148 11.899 11.651 11.405 11.161 10.918 10.677 10.437 10.199  9.962  9.727  9.493  9.261  9.030  8.800  8.572  8.344  8.118  7.894  7.670  7.447  7.225  7.004  6.784  6.565  6.346  6.128  5.911  5.694  5.478  5.262  5.046  4.831  4.615  4.400 
24.024 23.713 23.405 23.097 22.791 22.487 22.184 21.882 21.582 21.283 20.986 20.690 20.395 20.102 19.810 19.520 19.231 18.944 18.658 18.373 18.090 17.809 17.528 17.249 16.972 16.696 16.422 16.148 15.877 15.606 15.338 15.070 14.804 14.539 14.276 14.014 13.753 13.494 13.236 12.980 12.724 12.470 12.218 11.966 11.716 11.467 11.219 10.972 10.726 10.482 10.239  9.996  9.755  9.515  9.275  9.037  8.799  8.563  8.327  8.092  7.857  7.623  7.390  7.158  6.926  6.695  6.464  6.234  6.003  5.774  5.544  5.315  5.086  4.857  4.629  4.400 
24.340 24.030 23.721 23.414 23.108 22.803 22.500 22.198 21.898 21.599 21.301 21.005 20.710 20.416 20.124 19.833 19.544 19.256 18.969 18.684 18.400 18.117 17.836 17.556 17.277 17.000 16.724 16.449 16.175 15.903 15.632 15.362 15.093 14.826 14.560 14.295 14.031 13.768 13.506 13.246 12.986 12.728 12.471 12.215 11.959 11.705 11.452 11.200 10.948 10.698 10.448 10.199  9.951  9.704  9.458  9.212  8.967  8.723  8.479  8.236  7.993  7.751  7.510  7.269  7.028  6.788  6.548  6.308  6.069  5.830  5.592  5.353  5.115  4.876  4.638  4.400 
24.644 24.334 24.025 23.717 23.411 23.106 22.802 22.500 22.199 21.899 21.601 21.303 21.008 20.713 20.420 20.128 19.837 19.547 19.259 18.972 18.686 18.401 18.118 17.836 17.555 17.275 16.996 16.719 16.442 16.167 15.893 15.620 15.348 15.077 14.808 14.539 14.271 14.005 13.739 13.474 13.211 12.948 12.686 12.425 12.165 11.905 11.647 11.389 11.133 10.876 10.621 10.366 10.113  9.859  9.607  9.355  9.103  8.852  8.602  8.352  8.103  7.854  7.605  7.357  7.110  6.862  6.615  6.368  6.122  5.875  5.629  5.383  5.137  4.891  4.646  4.400 
24.926 24.616 24.307 23.999 23.692 23.387 23.083 22.780 22.478 22.177 21.878 21.579 21.282 20.986 20.692 20.398 20.106 19.814 19.524 19.235 18.947 18.661 18.375 18.090 17.807 17.524 17.243 16.963 16.684 16.405 16.128 15.852 15.577 15.302 15.029 14.757 14.485 14.215 13.945 13.676 13.408 13.141 12.875 12.609 12.344 12.080 11.817 11.555 11.293 11.031 10.771 10.511 10.252  9.993  9.735  9.477  9.220  8.964  8.708  8.452  8.197  7.942  7.687  7.433  7.179  6.926  6.672  6.419  6.166  5.914  5.661  5.409  5.156  4.904  4.652  4.400 
25.185 24.875 24.566 24.257 23.950 23.644 23.340 23.036 22.733 22.432 22.131 21.832 21.534 21.236 20.940 20.645 20.351 20.058 19.766 19.475 19.185 18.896 18.608 18.322 18.036 17.751 17.467 17.184 16.902 16.620 16.340 16.061 15.782 15.505 15.228 14.952 14.677 14.403 14.129 13.857 13.585 13.314 13.043 12.773 12.504 12.236 11.968 11.701 11.435 11.169 10.904 10.639 10.375 10.112  9.848  9.586  9.324  9.062  8.801  8.540  8.279  8.019  7.759  7.500  7.240  6.981  6.722  6.464  6.205  5.947  5.689  5.431  5.173  4.915  4.658  4.400 
25.421 25.110 24.801 24.493 24.185 23.879 23.574 23.269 22.966 22.663 22.362 22.062 21.762 21.464 21.166 20.870 20.574 20.280 19.986 19.693 19.401 19.110 18.820 18.531 18.243 17.956 17.669 17.384 17.099 16.815 16.532 16.250 15.968 15.688 15.408 15.129 14.850 14.573 14.296 14.020 13.744 13.469 13.195 12.921 12.649 12.376 12.105 11.833 11.563 11.293 11.023 10.754 10.486 10.218  9.950  9.683  9.416  9.150  8.884  8.618  8.353  8.088  7.824  7.559  7.295  7.031  6.767  6.504  6.240  5.977  5.714  5.451  5.188  4.926  4.663  4.400 
25.635 25.325 25.015 24.707 24.399 24.092 23.786 23.481 23.177 22.874 22.572 22.270 21.970 21.670 21.371 21.074 20.777 20.481 20.185 19.891 19.597 19.304 19.013 18.721 18.431 18.142 17.853 17.565 17.278 16.991 16.706 16.421 16.137 15.853 15.570 15.288 15.007 14.726 14.446 14.167 13.888 13.610 13.332 13.055 12.779 12.503 12.227 11.953 11.678 11.404 11.131 10.858 10.586 10.314 10.042  9.771  9.500  9.229  8.959  8.689  8.420  8.151  7.882  7.613  7.344  7.076  6.808  6.540  6.272  6.004  5.737  5.469  5.202  4.935  4.667  4.400 
25.830 25.519 25.209 24.901 24.593 24.285 23.979 23.674 23.369 23.065 22.762 22.460 22.158 21.858 21.558 21.259 20.960 20.663 20.366 20.070 19.775 19.480 19.187 18.894 18.602 18.310 18.019 17.729 17.440 17.151 16.863 16.576 16.289 16.003 15.718 15.433 15.149 14.865 14.582 14.300 14.018 13.737 13.456 13.176 12.897 12.617 12.339 12.060 11.783 11.505 11.229 10.952 10.676 10.400 10.125  9.850  9.576  9.301  9.027  8.754  8.480  8.207  7.934  7.661  7.389  7.116  6.844  6.572  6.301  6.029  5.757  5.486  5.214  4.943  4.671  4.400 
26.006 25.695 25.386 25.077 24.768 24.461 24.154 23.848 23.543 23.238 22.934 22.631 22.329 22.027 21.726 21.426 21.127 20.828 20.530 20.233 19.936 19.640 19.345 19.050 18.756 18.463 18.170 17.878 17.587 17.296 17.006 16.716 16.428 16.139 15.851 15.564 15.278 14.991 14.706 14.421 14.136 13.852 13.569 13.286 13.003 12.721 12.439 12.158 11.877 11.597 11.317 11.037 10.758 10.479 10.200  9.922  9.644  9.366  9.089  8.812  8.535  8.258  7.981  7.705  7.429  7.153  6.877  6.602  6.326  6.051  5.776  5.500  5.225  4.950  4.675  4.400 
26.166 25.855 25.545 25.236 24.928 24.620 24.313 24.006 23.700 23.395 23.091 22.787 22.484 22.181 21.880 21.578 21.278 20.978 20.679 20.380 20.082 19.785 19.488 19.192 18.896 18.601 18.307 18.013 17.720 17.427 17.135 16.844 16.553 16.262 15.972 15.683 15.394 15.106 14.818 14.530 14.243 13.957 13.671 13.385 13.100 12.815 12.531 12.247 11.963 11.680 11.397 11.114 10.832 10.550 10.268  9.987  9.706  9.425  9.145  8.864  8.584  8.304  8.025  7.745  7.466  7.186  6.907  6.628  6.350  6.071  5.792  5.514  5.235  4.957  4.678  4.400 
26.311 26.000 25.690 25.381 25.072 24.764 24.456 24.150 23.843 23.538 23.233 22.928 22.624 22.321 22.018 21.716 21.415 21.114 20.813 20.514 20.215 19.916 19.618 19.320 19.023 18.727 18.431 18.136 17.841 17.546 17.253 16.959 16.666 16.374 16.082 15.791 15.500 15.209 14.919 14.630 14.340 14.052 13.763 13.475 13.188 12.900 12.613 12.327 12.041 11.755 11.469 11.184 10.899 10.614 10.330 10.046  9.762  9.478  9.195  8.912  8.629  8.346  8.063  7.781  7.499  7.217  6.935  6.653  6.371  6.089  5.807  5.526  5.244  4.963  4.681  4.400 
26.442 26.131 25.821 25.512 25.203 24.895 24.587 24.280 23.973 23.667 23.361 23.056 22.751 22.447 22.144 21.841 21.539 21.237 20.936 20.635 20.335 20.035 19.736 19.437 19.138 18.841 18.543 18.247 17.950 17.654 17.359 17.064 16.769 16.475 16.182 15.888 15.596 15.303 15.011 14.720 14.428 14.137 13.847 13.557 13.267 12.978 12.688 12.400 12.111 11.823 11.535 11.247 10.960 10.673 10.386 10.099  9.813  9.527  9.241  8.955  8.670  8.384  8.099  7.814  7.529  7.244  6.959  6.675  6.390  6.106  5.821  5.537  5.253  4.968  4.684  4.400 
26.561 26.250 25.940 25.631 25.322 25.013 24.705 24.397 24.090 23.784 23.478 23.172 22.867 22.562 22.258 21.954 21.651 21.349 21.046 20.745 20.443 20.143 19.842 19.542 19.243 18.944 18.645 18.347 18.049 17.752 17.455 17.159 16.863 16.567 16.272 15.977 15.682 15.388 15.095 14.801 14.508 14.215 13.923 13.631 13.339 13.048 12.756 12.466 12.175 11.885 11.595 11.305 11.015 10.726 10.437 10.148  9.859  9.571  9.282  8.994  8.706  8.419  8.131  7.843  7.556  7.269  6.982  6.694  6.407  6.121  5.834  5.547  5.260  4.973  4.687  4.400 
26.669 26.358 26.048 25.739 25.429 25.120 24.812 24.504 24.197 23.890 23.583 23.277 22.971 22.666 22.361 22.057 21.753 21.450 21.147 20.844 20.542 20.240 19.939 19.638 19.337 19.037 18.738 18.438 18.139 17.841 17.543 17.245 16.947 16.650 16.354 16.057 15.761 15.465 15.170 14.875 14.580 14.286 13.992 13.698 13.404 13.111 12.818 12.525 12.233 11.941 11.649 11.357 11.065 10.774 10.483 10.192  9.901  9.610  9.320  9.030  8.740  8.450  8.160  7.870  7.581  7.291  7.002  6.712  6.423  6.134  5.845  5.556  5.267  4.978  4.689  4.400 
26.767 26.456 26.146 25.836 25.527 25.218 24.909 24.601 24.293 23.986 23.679 23.372 23.066 22.760 22.455 22.150 21.846 21.542 21.238 20.934 20.631 20.329 20.027 19.725 19.423 19.122 18.821 18.521 18.221 17.921 17.622 17.323 17.024 16.726 16.428 16.130 15.833 15.535 15.239 14.942 14.646 14.350 14.054 13.759 13.463 13.169 12.874 12.579 12.285 11.991 11.697 11.404 11.111 10.817 10.524 10.232  9.939  9.646  9.354  9.062  8.770  8.478  8.186  7.895  7.603  7.311  7.020  6.729  6.438  6.146  5.855  5.564  5.273  4.982  4.691  4.400 
26.856 26.545 26.235 25.925 25.615 25.306 24.997 24.689 24.381 24.073 23.766 23.459 23.152 22.846 22.540 22.235 21.929 21.625 21.320 21.016 20.712 20.409 20.106 19.803 19.501 19.199 18.897 18.596 18.295 17.994 17.694 17.393 17.094 16.794 16.495 16.196 15.897 15.599 15.301 15.003 14.705 14.408 14.111 13.814 13.517 13.221 12.925 12.629 12.333 12.037 11.742 11.447 11.152 10.857 10.562 10.268  9.973  9.679  9.385  9.091  8.797  8.504  8.210  7.917  7.623  7.330  7.037  6.744  6.450  6.157  5.864  5.572  5.279  4.986  4.693  4.400 
26.936 26.625 26.315 26.005 25.695 25.386 25.077 24.768 24.460 24.152 23.844 23.537 23.230 22.923 22.617 22.311 22.005 21.700 21.395 21.090 20.786 20.482 20.178 19.875 19.571 19.269 18.966 18.664 18.362 18.060 17.759 17.458 17.157 16.856 16.556 16.256 15.956 15.656 15.357 15.058 14.759 14.460 14.162 13.864 13.566 13.268 12.970 12.673 12.376 12.079 11.782 11.485 11.189 10.893 10.596 10.300 10.005  9.709  9.413  9.118  8.822  8.527  8.232  7.937  7.642  7.347  7.052  6.757  6.462  6.168  5.873  5.578  5.284  4.989  4.695  4.400 
27.009 26.698 26.388 26.078 25.768 25.459 25.149 24.840 24.532 24.224 23.916 23.608 23.301 22.994 22.687 22.380 22.074 21.768 21.463 21.158 20.853 20.548 20.243 19.939 19.635 19.332 19.028 18.725 18.423 18.120 17.818 17.516 17.214 16.912 16.611 16.310 16.009 15.708 15.408 15.108 14.808 14.508 14.208 13.909 13.610 13.311 13.012 12.713 12.415 12.117 11.819 11.521 11.223 10.925 10.627 10.330 10.033  9.736  9.439  9.142  8.845  8.548  8.251  7.955  7.658  7.362  7.065  6.769  6.473  6.177  5.881  5.584  5.288  4.992  4.696  4.400 
