27.316 27.005 26.694 26.383 26.073 25.762 25.451 25.140 24.829 24.518 24.207 23.896 23.585 23.274 22.964 22.653 22.342 22.031 21.720 21.409 21.098 20.787 20.476 20.165 19.854 19.543 19.232 18.921 18.610 18.299 17.988 17.677 17.365 17.054 16.743 16.431 16.120 15.808 15.497 15.185 14.873 14.562 14.250 13.937 13.625 13.313 13.000 12.687 12.374 12.061 11.748 11.434 11.120 10.806 10.491 10.176  9.861  9.545  9.229  8.913  8.596  8.278  7.960  7.641  7.322  7.002  6.681  6.359  6.037  5.714  5.390  5.066  4.740  4.413  4.086  3.757 
27.314 27.003 26.692 26.381 26.070 25.759 25.448 25.137 24.826 24.515 24.204 23.892 23.581 23.270 22.959 22.647 22.336 22.024 21.713 21.401 21.089 20.778 20.466 20.154 19.842 19.530 19.218 18.905 18.593 18.280 17.968 17.655 17.342 17.029 16.715 16.402 16.088 15.774 15.460 15.146 14.831 14.516 14.201 13.886 13.570 13.254 12.937 12.620 12.303 11.986 11.668 11.349 11.030 10.711 10.391 10.071  9.750  9.428  9.106  8.783  8.460  8.136  7.811  7.486  7.160  6.833  6.505  6.176  5.847  5.517  5.185  4.853  4.520  4.186  3.851  3.514 
27.301 26.990 26.679 26.368 26.057 25.746 25.435 25.123 24.811 24.500 24.188 23.876 23.564 23.252 22.940 22.628 22.315 22.003 21.690 21.377 21.064 20.751 20.437 20.124 19.810 19.496 19.182 18.868 18.554 18.239 17.924 17.609 17.293 16.978 16.662 16.346 16.029 15.712 15.395 15.077 14.760 14.441 14.123 13.804 13.484 13.164 12.844 12.523 12.202 11.880 11.558 11.235 10.911 10.587 10.263  9.938  9.612  9.285  8.958  8.630  8.302  7.972  7.642  7.311  6.980  6.647  6.314  5.980  5.644  5.308  4.971  4.633  4.294  3.955  3.613  3.271 
27.273 26.962 26.651 26.340 26.028 25.717 25.405 25.093 24.781 24.468 24.156 23.843 23.530 23.217 22.904 22.591 22.277 21.963 21.649 21.335 21.020 20.705 20.390 20.075 19.759 19.444 19.127 18.811 18.494 18.177 17.860 17.543 17.225 16.906 16.588 16.269 15.949 15.629 15.309 14.988 14.667 14.346 14.024 13.701 13.378 13.055 12.731 12.406 12.081 11.756 11.429 11.102 10.775 10.447 10.118  9.789  9.458  9.128  8.796  8.464  8.131  7.797  7.462  7.126  6.790  6.453  6.115  5.776  5.436  5.095  4.753  4.410  4.066  3.721  3.376  3.029 
27.227 26.916 26.605 26.293 25.982 25.670 25.357 25.045 24.732 24.419 24.106 23.792 23.479 23.165 22.850 22.536 22.221 21.906 21.590 21.274 20.958 20.642 20.325 20.008 19.691 19.373 19.055 18.736 18.418 18.098 17.779 17.459 17.138 16.818 16.496 16.175 15.853 15.530 15.207 14.883 14.559 14.235 13.910 13.584 13.258 12.931 12.603 12.276 11.947 11.618 11.288 10.957 10.626 10.294  9.962  9.629  9.295  8.960  8.624  8.288  7.951  7.613  7.274  6.934  6.594  6.252  5.910  5.567  5.223  4.878  4.532  4.184  3.836  3.487  3.137  2.786 
27.164 26.853 26.541 26.230 25.918 25.605 25.293 24.980 24.666 24.353 24.039 23.724 23.410 23.095 22.779 22.464 22.148 21.831 21.515 21.197 20.880 20.562 20.244 19.925 19.606 19.286 18.966 18.646 18.325 18.004 17.682 17.360 17.037 16.714 16.390 16.066 15.742 15.416 15.091 14.764 14.438 14.110 13.782 13.454 13.125 12.795 12.464 12.133 11.802 11.469 11.136 10.802 10.468 10.132  9.797  9.460  9.122  8.784  8.445  8.105  7.764  7.423  7.080  6.737  6.393  6.048  5.702  5.355  5.007  4.658  4.308  3.957  3.605  3.252  2.898  2.543 
27.084 26.773 26.461 26.150 25.837 25.525 25.212 24.898 24.584 24.270 23.956 23.640 23.325 23.009 22.693 22.376 22.059 21.741 21.423 21.105 20.786 20.467 20.147 19.827 19.506 19.185 18.863 18.541 18.218 17.895 17.572 17.247 16.923 16.597 16.271 15.945 15.618 15.291 14.962 14.634 14.304 13.974 13.644 13.313 12.981 12.648 12.315 11.981 11.647 11.311 10.975 10.638 10.301  9.963  9.624  9.284  8.943  8.602  8.259  7.916  7.572  7.227  6.882  6.535  6.187  5.839  5.489  5.139  4.788  4.435  4.082  3.728  3.372  3.016  2.659  2.300 
26.989 26.678 26.367 26.054 25.742 25.429 25.116 24.802 24.488 24.173 23.857 23.542 23.226 22.909 22.592 22.274 21.956 21.637 21.318 20.999 20.679 20.358 20.037 19.715 19.393 19.070 18.747 18.423 18.099 17.774 17.449 17.123 16.796 16.469 16.141 15.812 15.483 15.154 14.823 14.492 14.161 13.829 13.496 13.162 12.828 12.493 12.157 11.820 11.483 11.145 10.807 10.467 10.127  9.786  9.444  9.101  8.758  8.413  8.068  7.722  7.375  7.027  6.679  6.329  5.978  5.627  5.274  4.921  4.567  4.211  3.855  3.497  3.139  2.779  2.419  2.057 
26.881 26.569 26.258 25.946 25.633 25.320 25.006 24.692 24.377 24.062 23.746 23.430 23.113 22.795 22.477 22.159 21.840 21.520 21.200 20.880 20.558 20.237 19.914 19.591 19.268 18.944 18.619 18.294 17.968 17.642 17.314 16.987 16.658 16.329 16.000 15.669 15.338 15.007 14.675 14.342 14.008 13.674 13.338 13.003 12.666 12.329 11.991 11.652 11.312 10.972 10.631 10.289  9.946  9.603  9.258  8.913  8.567  8.220  7.872  7.524  7.174  6.823  6.472  6.120  5.766  5.412  5.057  4.701  4.343  3.985  3.626  3.266  2.904  2.542  2.179  1.814 
26.759 26.448 26.137 25.824 25.511 25.198 24.884 24.569 24.254 23.938 23.622 23.305 22.988 22.670 22.351 22.032 21.712 21.392 21.071 20.749 20.427 20.104 19.781 19.456 19.132 18.806 18.480 18.154 17.827 17.499 17.170 16.841 16.511 16.180 15.849 15.517 15.184 14.851 14.517 14.182 13.847 13.510 13.173 12.835 12.497 12.158 11.817 11.477 11.135 10.792 10.449 10.105  9.760  9.414  9.067  8.720  8.371  8.022  7.672  7.321  6.969  6.616  6.262  5.907  5.551  5.195  4.837  4.478  4.118  3.758  3.396  3.033  2.669  2.304  1.938  1.571 
26.627 26.316 26.004 25.692 25.378 25.065 24.751 24.436 24.120 23.804 23.487 23.170 22.852 22.533 22.214 21.894 21.573 21.252 20.930 20.608 20.285 19.961 19.637 19.311 18.986 18.659 18.332 18.004 17.676 17.346 17.016 16.686 16.355 16.022 15.690 15.356 15.022 14.687 14.351 14.015 13.678 13.339 13.001 12.661 12.321 11.980 11.638 11.295 10.951 10.607 10.261  9.915  9.568  9.220  8.871  8.522  8.171  7.820  7.467  7.114  6.760  6.405  6.049  5.692  5.334  4.975  4.615  4.254  3.892  3.529  3.165  2.799  2.433  2.066  1.698  1.329 
26.484 26.173 25.861 25.549 25.235 24.921 24.607 24.292 23.976 23.659 23.342 23.024 22.706 22.387 22.067 21.746 21.425 21.103 20.781 20.457 20.133 19.809 19.483 19.157 18.830 18.503 18.175 17.846 17.516 17.186 16.855 16.523 16.190 15.857 15.523 15.188 14.852 14.516 14.178 13.840 13.502 13.162 12.822 12.480 12.138 11.795 11.452 11.107 10.762 10.416 10.068  9.720  9.372  9.022  8.671  8.320  7.967  7.614  7.259  6.904  6.548  6.191  5.833  5.474  5.114  4.753  4.390  4.027  3.663  3.298  2.932  2.565  2.197  1.827  1.457  1.086 
26.332 26.021 25.709 25.396 25.083 24.769 24.454 24.139 23.823 23.506 23.188 22.870 22.551 22.231 21.911 21.590 21.268 20.945 20.622 20.298 19.973 19.648 19.322 18.995 18.667 18.339 18.009 17.679 17.349 17.017 16.685 16.352 16.018 15.684 15.348 15.012 14.675 14.338 13.999 13.660 13.319 12.978 12.637 12.294 11.950 11.606 11.261 10.915 10.568 10.220  9.871  9.521  9.171  8.819  8.467  8.114  7.759  7.404  7.048  6.691  6.333  5.974  5.614  5.253  4.891  4.529  4.165  3.800  3.434  3.067  2.699  2.330  1.960  1.588  1.216  0.843 
26.171 25.860 25.548 25.235 24.922 24.608 24.293 23.977 23.661 23.344 23.026 22.707 22.388 22.068 21.747 21.425 21.103 20.780 20.456 20.131 19.806 19.479 19.152 18.825 18.496 18.167 17.837 17.506 17.174 16.842 16.509 16.175 15.840 15.504 15.168 14.830 14.492 14.153 13.814 13.473 13.132 12.789 12.446 12.102 11.757 11.411 11.065 10.717 10.369 10.019  9.669  9.318  8.966  8.613  8.259  7.904  7.548  7.192  6.834  6.475  6.116  5.755  5.394  5.031  4.667  4.303  3.937  3.571  3.203  2.834  2.465  2.094  1.722  1.349  0.975  0.600 
26.003 25.692 25.380 25.067 24.753 24.439 24.124 23.808 23.491 23.174 22.856 22.537 22.217 21.896 21.575 21.253 20.930 20.607 20.282 19.957 19.631 19.304 18.976 18.648 18.319 17.989 17.658 17.326 16.994 16.660 16.326 15.991 15.655 15.319 14.981 14.643 14.304 13.964 13.623 13.281 12.939 12.595 12.251 11.906 11.559 11.212 10.864 10.516 10.166  9.815  9.464  9.111  8.758  8.403  8.048  7.692  7.335  6.976  6.617  6.257  5.896  5.534  5.171  4.807  4.442  4.075  3.708  3.340  2.971  2.601  2.229  1.857  1.484  1.109  0.734  0.357 
25.828 25.516 25.204 24.891 24.578 24.263 23.948 23.632 23.315 22.997 22.679 22.360 22.040 21.719 21.397 21.074 20.751 20.427 20.102 19.776 19.450 19.122 18.794 18.465 18.135 17.804 17.473 17.140 16.807 16.473 16.138 15.802 15.466 15.128 14.790 14.450 14.110 13.769 13.427 13.085 12.741 12.396 12.051 11.705 11.357 11.009 10.660 10.310  9.959  9.607  9.255  8.901  8.546  8.191  7.834  7.476  7.118  6.758  6.398  6.036  5.674  5.310  4.946  4.581  4.214  3.847  3.478  3.109  2.738  2.366  1.994  1.620  1.245  0.869  0.492  0.114 
25.646 25.335 25.023 24.710 24.396 24.081 23.766 23.450 23.133 22.815 22.496 22.176 21.856 21.535 21.213 20.890 20.566 20.242 19.916 19.590 19.263 18.935 18.606 18.276 17.946 17.614 17.282 16.949 16.615 16.280 15.945 15.608 15.271 14.932 14.593 14.253 13.912 13.570 13.227 12.884 12.539 12.194 11.847 11.500 11.152 10.802 10.452 10.101  9.749  9.396  9.042  8.687  8.332  7.975  7.617  7.258  6.899  6.538  6.176  5.814  5.450  5.085  4.720  4.353  3.985  3.616  3.247  2.876  2.504  2.131  1.757  1.382  1.006  0.629  0.251 -0.129 
25.459 25.147 24.835 24.522 24.208 23.894 23.578 23.262 22.945 22.626 22.307 21.988 21.667 21.345 21.023 20.700 20.376 20.051 19.725 19.398 19.071 18.742 18.413 18.083 17.752 17.420 17.087 16.753 16.419 16.083 15.747 15.410 15.071 14.732 14.392 14.052 13.710 13.367 13.023 12.679 12.333 11.987 11.640 11.291 10.942 10.592 10.241  9.888  9.535  9.181  8.826  8.469  8.112  7.753  7.393  7.033  6.671  6.308  5.943  5.578  5.211  4.843  4.474  4.103  3.731  3.358  2.983  2.607  2.230  1.852  1.471  1.090  0.707  0.323 -0.062 -0.371 
25.266 24.955 24.642 24.329 24.015 23.701 23.385 23.068 22.751 22.433 22.113 21.793 21.472 21.150 20.828 20.504 20.179 19.854 19.528 19.200 18.872 18.543 18.213 17.882 17.550 17.218 16.884 16.549 16.214 15.878 15.540 15.202 14.863 14.522 14.181 13.839 13.496 13.152 12.807 12.460 12.113 11.765 11.416 11.066 10.715 10.363 10.010  9.656  9.301  8.945  8.588  8.230  7.871  7.511  7.150  6.788  6.425  6.061  5.696  5.331  4.964  4.597  4.228  3.859  3.489  3.119  2.747  2.375  2.003  1.629  1.255  0.881  0.506  0.130 -0.216 -0.614 
25.066 24.755 24.443 24.130 23.816 23.501 23.185 22.868 22.550 22.232 21.912 21.592 21.271 20.948 20.625 20.301 19.976 19.650 19.323 18.996 18.667 18.338 18.007 17.676 17.343 17.010 16.676 16.341 16.005 15.668 15.330 14.991 14.651 14.310 13.968 13.625 13.282 12.937 12.591 12.244 11.896 11.547 11.198 10.847 10.495 10.141  9.787  9.432  9.075  8.718  8.359  7.999  7.638  7.275  6.912  6.547  6.181  5.813  5.445  5.075  4.703  4.331  3.957  3.582  3.206  2.828  2.449  2.070  1.689  1.308  0.925  0.542  0.159 -0.169 -0.513 -0.857 
24.861 24.550 24.237 23.924 23.610 23.295 22.979 22.662 22.344 22.025 21.705 21.385 21.063 20.740 20.417 20.092 19.767 19.441 19.113 18.785 18.456 18.126 17.794 17.462 17.129 16.795 16.460 16.124 15.787 15.449 15.110 14.771 14.430 14.088 13.745 13.402 13.057 12.711 12.365 12.017 11.669 11.319 10.969 10.617 10.265  9.912  9.558  9.203  8.847  8.490  8.132  7.774  7.414  7.054  6.693  6.331  5.968  5.604  5.239  4.873  4.507  4.139  3.769  3.399  3.026  2.652  2.276  1.897  1.515  1.130  0.739  0.341 -0.067 -0.404 -0.749 -1.100 
24.650 24.338 24.026 23.713 23.399 23.083 22.767 22.450 22.132 21.813 21.493 21.172 20.851 20.528 20.204 19.879 19.553 19.227 18.899 18.570 18.241 17.910 17.579 17.246 16.912 16.578 16.242 15.906 15.568 15.229 14.890 14.549 14.207 13.865 13.521 13.176 12.830 12.484 12.136 11.787 11.437 11.086 10.734 10.380 10.026  9.671  9.315  8.957  8.599  8.240  7.879  7.518  7.156  6.792  6.428  6.063  5.697  5.330  4.962  4.593  4.224  3.854  3.483  3.111  2.739  2.366  1.993  1.618  1.244  0.869  0.493  0.117 -0.219 -0.593 -0.968 -1.343 
24.433 24.122 23.810 23.496 23.182 22.867 22.551 22.233 21.915 21.596 21.276 20.955 20.632 20.309 19.985 19.660 19.334 19.007 18.679 18.350 18.020 17.689 17.357 17.025 16.691 16.356 16.020 15.683 15.345 15.006 14.667 14.326 13.984 13.641 13.297 12.952 12.606 12.259 11.911 11.562 11.211 10.860 10.507 10.154  9.799  9.443  9.085  8.727  8.367  8.006  7.644  7.280  6.916  6.549  6.182  5.813  5.443  5.072  4.699  4.325  3.950  3.574  3.197  2.819  2.440  2.060  1.679  1.297  0.915  0.533  0.150 -0.178 -0.530 -0.881 -1.233 -1.586 
24.213 23.902 23.589 23.276 22.962 22.646 22.330 22.012 21.694 21.375 21.054 20.733 20.411 20.087 19.763 19.437 19.111 18.784 18.455 18.126 17.795 17.464 17.131 16.798 16.463 16.128 15.791 15.454 15.115 14.776 14.435 14.093 13.751 13.407 13.062 12.717 12.370 12.023 11.674 11.324 10.974 10.622 10.270  9.916  9.562  9.207  8.850  8.493  8.135  7.776  7.416  7.056  6.694  6.332  5.969  5.605  5.240  4.874  4.507  4.139  3.770  3.400  3.028  2.655  2.280  1.902  1.523  1.140  0.754  0.366 -0.026 -0.365 -0.728 -1.094 -1.461 -1.829 
23.989 23.677 23.365 23.051 22.737 22.422 22.105 21.788 21.469 21.150 20.829 20.508 20.185 19.862 19.537 19.212 18.885 18.557 18.229 17.899 17.568 17.237 16.904 16.570 16.235 15.899 15.562 15.224 14.885 14.545 14.204 13.861 13.518 13.174 12.828 12.481 12.134 11.785 11.435 11.084 10.732 10.379 10.025  9.670  9.314  8.956  8.598  8.238  7.878  7.516  7.154  6.791  6.426  6.061  5.695  5.327  4.959  4.591  4.221  3.851  3.479  3.107  2.735  2.362  1.988  1.613  1.239  0.863  0.487  0.111 -0.223 -0.592 -0.961 -1.331 -1.701 -2.071 
23.760 23.449 23.136 22.823 22.508 22.193 21.876 21.559 21.240 20.921 20.600 20.278 19.956 19.632 19.307 18.981 18.655 18.327 17.998 17.668 17.337 17.005 16.672 16.339 16.004 15.668 15.330 14.992 14.653 14.313 13.972 13.630 13.286 12.942 12.596 12.250 11.902 11.553 11.203 10.852 10.500 10.147  9.792  9.436  9.079  8.721  8.362  8.001  7.639  7.275  6.910  6.544  6.177  5.808  5.438  5.067  4.695  4.321  3.946  3.570  3.193  2.815  2.436  2.056  1.675  1.294  0.912  0.529  0.146 -0.184 -0.538 -0.892 -1.247 -1.602 -1.958 -2.314 
23.529 23.218 22.905 22.592 22.277 21.962 21.645 21.327 21.009 20.689 20.368 20.046 19.723 19.399 19.074 18.748 18.421 18.093 17.764 17.434 17.102 16.770 16.436 16.102 15.767 15.430 15.092 14.754 14.414 14.073 13.731 13.389 13.045 12.700 12.354 12.007 11.659 11.310 10.960 10.609 10.257  9.904  9.550  9.195  8.840  8.483  8.125  7.767  7.407  7.047  6.686  6.324  5.961  5.597  5.232  4.866  4.500  4.132  3.763  3.393  3.021  2.648  2.273  1.895  1.516  1.133  0.749  0.361 -0.030 -0.367 -0.728 -1.091 -1.456 -1.822 -2.189 -2.557 
23.295 22.984 22.671 22.358 22.043 21.728 21.411 21.093 20.774 20.455 20.134 19.812 19.489 19.165 18.840 18.513 18.186 17.858 17.529 17.198 16.867 16.534 16.200 15.866 15.530 15.193 14.855 14.516 14.176 13.834 13.492 13.148 12.804 12.458 12.111 11.763 11.414 11.064 10.713 10.360 10.007  9.652  9.297  8.940  8.583  8.224  7.865  7.505  7.144  6.783  6.421  6.058  5.696  5.334  4.972  4.610  4.249  3.889  3.530  3.173  2.817  2.463  2.110  1.759  1.410  1.063  0.717  0.372  0.028 -0.174 -0.295 -0.415 -0.533 -0.648 -0.759 -0.868 
23.059 22.748 22.436 22.122 21.808 21.492 21.176 20.858 20.540 20.220 19.900 19.578 19.256 18.932 18.608 18.282 17.956 17.628 17.300 16.971 16.641 16.310 15.978 15.646 15.312 14.978 14.643 14.308 13.971 13.634 13.297 12.958 12.620 12.280 11.941 11.601 11.260 10.919 10.578 10.237  9.896  9.554  9.213  8.872  8.530  8.190  7.849  7.509  7.170  6.831  6.493  6.156  5.820  5.485  5.152  4.819  4.489  4.159  3.832  3.506  3.182  2.860  2.539  2.221  1.904  1.589  1.275  0.964  0.653  0.344  0.037 -0.125 -0.199 -0.268 -0.335 -0.402 
22.853 22.542 22.230 21.917 21.604 21.289 20.974 20.658 20.341 20.024 19.706 19.387 19.068 18.747 18.426 18.105 17.783 17.460 17.137 16.813 16.488 16.163 15.838 15.512 15.186 14.859 14.533 14.205 13.878 13.550 13.223 12.895 12.567 12.239 11.911 11.583 11.255 10.928 10.601 10.274  9.947  9.621  9.295  8.970  8.646  8.323  8.000  7.678  7.357  7.037  6.718  6.400  6.083  5.768  5.454  5.141  4.830  4.520  4.212  3.905  3.600  3.297  2.995  2.695  2.396  2.099  1.803  1.509  1.216  0.924  0.634  0.345  0.057 -0.091 -0.159 -0.219 
22.715 22.404 22.092 21.780 21.468 21.155 20.841 20.528 20.213 19.899 19.584 19.269 18.953 18.637 18.320 18.004 17.687 17.369 17.052 16.734 16.416 16.098 15.780 15.462 15.144 14.825 14.507 14.189 13.870 13.552 13.234 12.916 12.599 12.282 11.965 11.648 11.332 11.016 10.701 10.386 10.072  9.759  9.446  9.134  8.823  8.513  8.204  7.896  7.589  7.283  6.978  6.674  6.371  6.070  5.770  5.471  5.174  4.879  4.584  4.291  4.000  3.710  3.422  3.135  2.850  2.566  2.285  2.005  1.730  1.459  1.197  0.946  0.713  0.502  0.316  0.154 
22.650 22.339 22.027 21.716 21.405 21.093 20.782 20.470 20.158 19.847 19.535 19.223 18.911 18.599 18.287 17.974 17.662 17.350 17.038 16.727 16.415 16.103 15.792 15.481 15.170 14.859 14.549 14.239 13.929 13.620 13.311 13.003 12.695 12.388 12.082 11.776 11.470 11.166 10.862 10.559 10.257  9.956  9.655  9.356  9.057  8.760  8.463  8.168  7.874  7.580  7.288  6.997  6.707  6.418  6.130  5.844  5.558  5.274  4.991  4.709  4.428  4.147  3.868  3.590  3.313  3.036  2.761  2.486  2.211  1.938  1.665  1.392  1.120  0.848  0.576  0.305 
22.653 22.342 22.032 21.721 21.411 21.101 20.791 20.481 20.171 19.862 19.552 19.243 18.934 18.625 18.317 18.008 17.700 17.393 17.085 16.778 16.471 16.164 15.858 15.552 15.246 14.941 14.636 14.332 14.028 13.724 13.421 13.118 12.816 12.514 12.213 11.912 11.612 11.312 11.013 10.715 10.417 10.119  9.822  9.526  9.231  8.935  8.641  8.347  8.054  7.761  7.469  7.178  6.887  6.596  6.306  6.017  5.729  5.440  5.153  4.865  4.579  4.292  4.007  3.721  3.436  3.151  2.867  2.583  2.299  2.016  1.733  1.450  1.167  0.884  0.601  0.319 
22.704 22.393 22.083 21.772 21.463 21.153 20.844 20.535 20.226 19.917 19.609 19.302 18.994 18.687 18.380 18.073 17.767 17.461 17.155 16.850 16.545 16.241 15.936 15.632 15.329 15.026 14.723 14.420 14.118 13.817 13.515 13.214 12.914 12.614 12.314 12.014 11.716 11.417 11.119 10.821 10.524 10.227  9.930  9.634  9.338  9.043  8.748  8.453  8.159  7.865  7.572  7.279  6.986  6.694  6.401  6.110  5.818  5.527  5.236  4.946  4.656  4.366  4.076  3.786  3.497  3.208  2.919  2.631  2.342  2.054  1.765  1.477  1.189  0.901  0.613  0.325 
22.773 22.463 22.152 21.842 21.532 21.223 20.914 20.605 20.297 19.989 19.681 19.373 19.066 18.759 18.453 18.147 17.841 17.536 17.231 16.926 16.621 16.317 16.013 15.710 15.407 15.104 14.802 14.500 14.198 13.896 13.595 13.294 12.994 12.694 12.394 12.095 11.796 11.497 11.198 10.900 10.602 10.305 10.007  9.711  9.414  9.118  8.822  8.526  8.230  7.935  7.640  7.345  7.051  6.757  6.463  6.169  5.876  5.582  5.289  4.996  4.704  4.411  4.119  3.827  3.535  3.243  2.951  2.659  2.368  2.076  1.785  1.494  1.202  0.911  0.620  0.329 
22.847 22.536 22.226 21.916 21.606 21.296 20.987 20.679 20.370 20.062 19.754 19.447 19.140 18.833 18.526 18.220 17.914 17.609 17.304 16.999 16.694 16.390 16.086 15.782 15.479 15.176 14.873 14.571 14.269 13.967 13.665 13.364 13.063 12.762 12.462 12.162 11.862 11.563 11.263 10.964 10.666 10.367 10.069  9.771  9.473  9.176  8.878  8.581  8.285  7.988  7.692  7.396  7.100  6.804  6.508  6.213  5.918  5.623  5.328  5.033  4.738  4.444  4.150  3.856  3.561  3.267  2.974  2.680  2.386  2.092  1.799  1.505  1.212  0.918  0.625  0.332 
22.918 22.607 22.297 21.987 21.677 21.368 21.058 20.749 20.441 20.133 19.825 19.517 19.210 18.903 18.596 18.289 17.983 17.677 17.372 17.067 16.762 16.457 16.153 15.848 15.545 15.241 14.938 14.635 14.332 14.030 13.727 13.426 13.124 12.823 12.521 12.220 11.920 11.619 11.319 11.019 10.720 10.420 10.121  9.822  9.523  9.224  8.926  8.628  8.330  8.032  7.734  7.437  7.139  6.842  6.545  6.248  5.952  5.655  5.359  5.063  4.766  4.470  4.174  3.878  3.583  3.287  2.991  2.696  2.400  2.105  1.810  1.514  1.219  0.924  0.629  0.334 
22.985 22.674 22.364 22.053 21.744 21.434 21.125 20.816 20.507 20.198 19.890 19.582 19.275 18.967 18.660 18.354 18.047 17.741 17.435 17.129 16.824 16.519 16.214 15.909 15.605 15.301 14.997 14.693 14.390 14.087 13.784 13.481 13.179 12.876 12.574 12.273 11.971 11.670 11.369 11.068 10.767 10.467 10.167  9.867  9.567  9.267  8.967  8.668  8.369  8.070  7.771  7.472  7.174  6.875  6.577  6.279  5.981  5.683  5.385  5.088  4.790  4.493  4.195  3.898  3.601  3.304  3.007  2.710  2.413  2.116  1.819  1.522  1.225  0.929  0.632  0.335 
23.046 22.735 22.425 22.115 21.805 21.495 21.186 20.876 20.568 20.259 19.950 19.642 19.334 19.027 18.719 18.412 18.105 17.799 17.492 17.186 16.880 16.575 16.269 15.964 15.659 15.355 15.050 14.746 14.442 14.138 13.834 13.531 13.228 12.925 12.622 12.320 12.017 11.715 11.413 11.112 10.810 10.509 10.207  9.906  9.606  9.305  9.004  8.704  8.404  8.104  7.804  7.504  7.204  6.905  6.605  6.306  6.007  5.708  5.409  5.110  4.811  4.512  4.214  3.915  3.617  3.318  3.020  2.722  2.423  2.125  1.827  1.529  1.231  0.933  0.635  0.337 
23.102 22.792 22.481 22.171 21.861 21.551 21.241 20.932 20.623 20.314 20.006 19.697 19.389 19.081 18.773 18.466 18.159 17.852 17.545 17.238 16.932 16.626 16.320 16.014 15.709 15.404 15.099 14.794 14.489 14.185 13.881 13.577 13.273 12.969 12.666 12.362 12.059 11.756 11.454 11.151 10.849 10.546 10.244  9.942  9.641  9.339  9.037  8.736  8.435  8.134  7.833  7.532  7.231  6.931  6.630  6.330  6.030  5.730  5.430  5.130  4.830  4.530  4.230  3.930  3.631  3.331  3.032  2.732  2.433  2.134  1.834  1.535  1.236  0.937  0.637  0.338 
23.154 22.843 22.532 22.222 21.912 21.602 21.292 20.983 20.674 20.364 20.056 19.747 19.439 19.131 18.823 18.515 18.207 17.900 17.593 17.286 16.979 16.673 16.366 16.060 15.754 15.448 15.143 14.837 14.532 14.227 13.922 13.618 13.313 13.009 12.705 12.401 12.097 11.793 11.490 11.187 10.884 10.580 10.278  9.975  9.672  9.370  9.068  8.765  8.463  8.161  7.859  7.558  7.256  6.955  6.653  6.352  6.051  5.750  5.448  5.147  4.847  4.546  4.245  3.944  3.644  3.343  3.043  2.742  2.442  2.141  1.841  1.541  1.240  0.940  0.640  0.339 
23.200 22.889 22.579 22.268 21.958 21.648 21.339 21.029 20.720 20.410 20.101 19.793 19.484 19.175 18.867 18.559 18.251 17.944 17.636 17.329 17.022 16.715 16.408 16.102 15.795 15.489 15.183 14.877 14.571 14.266 13.960 13.655 13.350 13.045 12.741 12.436 12.132 11.827 11.523 11.219 10.915 10.612 10.308 10.004  9.701  9.398  9.095  8.792  8.489  8.186  7.883  7.581  7.278  6.976  6.674  6.372  6.070  5.768  5.466  5.164  4.862  4.560  4.258  3.957  3.655  3.354  3.052  2.751  2.450  2.148  1.847  1.546  1.244  0.943  0.642  0.340 
23.243 22.932 22.621 22.311 22.001 21.691 21.381 21.071 20.761 20.452 20.143 19.834 19.525 19.216 18.908 18.600 18.292 17.984 17.676 17.368 17.061 16.753 16.446 16.139 15.833 15.526 15.219 14.913 14.607 14.301 13.995 13.689 13.384 13.078 12.773 12.468 12.163 11.858 11.553 11.249 10.944 10.640 10.335 10.031  9.727  9.423  9.120  8.816  8.512  8.209  7.905  7.602  7.299  6.996  6.693  6.390  6.087  5.784  5.481  5.178  4.876  4.573  4.271  3.968  3.666  3.363  3.061  2.759  2.457  2.154  1.852  1.550  1.248  0.946  0.644  0.341 
23.281 22.970 22.660 22.349 22.039 21.729 21.419 21.109 20.799 20.490 20.181 19.871 19.562 19.254 18.945 18.636 18.328 18.020 17.712 17.404 17.096 16.788 16.481 16.174 15.867 15.559 15.253 14.946 14.639 14.333 14.026 13.720 13.414 13.108 12.802 12.497 12.191 11.886 11.581 11.275 10.970 10.665 10.360 10.056  9.751  9.446  9.142  8.838  8.533  8.229  7.925  7.621  7.317  7.013  6.710  6.406  6.102  5.799  5.495  5.192  4.888  4.585  4.282  3.979  3.675  3.372  3.069  2.766  2.463  2.160  1.857  1.554  1.251  0.948  0.645  0.342 
23.316 23.006 22.695 22.384 22.074 21.764 21.454 21.144 20.834 20.524 20.215 19.906 19.596 19.287 18.979 18.670 18.361 18.053 17.744 17.436 17.128 16.820 16.513 16.205 15.897 15.590 15.283 14.976 14.669 14.362 14.055 13.748 13.442 13.136 12.829 12.523 12.217 11.911 11.605 11.300 10.994 10.689 10.383 10.078  9.773  9.467  9.162  8.857  8.553  8.248  7.943  7.639  7.334  7.029  6.725  6.421  6.116  5.812  5.508  5.204  4.900  4.596  4.292  3.988  3.684  3.380  3.076  2.773  2.469  2.165  1.861  1.558  1.254  0.950  0.647  0.343 
23.348 23.037 22.727 22.416 22.106 21.796 21.485 21.175 20.866 20.556 20.246 19.937 19.627 19.318 19.009 18.700 18.391 18.083 17.774 17.466 17.157 16.849 16.541 16.233 15.925 15.618 15.310 15.003 14.695 14.388 14.081 13.774 13.467 13.160 12.854 12.547 12.241 11.934 11.628 11.322 11.016 10.710 10.404 10.098  9.792  9.487  9.181  8.876  8.570  8.265  7.960  7.654  7.349  7.044  6.739  6.434  6.129  5.824  5.520  5.215  4.910  4.606  4.301  3.997  3.692  3.388  3.083  2.779  2.474  2.170  1.866  1.561  1.257  0.953  0.648  0.344 
23.377 23.066 22.756 22.445 22.135 21.824 21.514 21.204 20.894 20.584 20.275 19.965 19.656 19.346 19.037 18.728 18.419 18.110 17.801 17.493 17.184 16.876 16.567 16.259 15.951 15.643 15.335 15.027 14.720 14.412 14.105 13.797 13.490 13.183 12.876 12.569 12.262 11.955 11.649 11.342 11.035 10.729 10.423 10.116  9.810  9.504  9.198  8.892  8.586  8.280  7.974  7.669  7.363  7.057  6.752  6.446  6.141  5.836  5.530  5.225  4.920  4.615  4.309  4.004  3.699  3.394  3.089  2.784  2.479  2.174  1.869  1.564  1.259  0.954  0.650  0.345 
23.404 23.093 22.782 22.471 22.161 21.851 21.540 21.230 20.920 20.610 20.300 19.991 19.681 19.372 19.062 18.753 18.444 18.135 17.826 17.517 17.208 16.900 16.591 16.283 15.974 15.666 15.358 15.050 14.742 14.434 14.126 13.818 13.511 13.203 12.896 12.589 12.281 11.974 11.667 11.360 11.053 10.746 10.440 10.133  9.826  9.520  9.213  8.907  8.600  8.294  7.988  7.682  7.376  7.070  6.764  6.458  6.152  5.846  5.540  5.234  4.928  4.623  4.317  4.011  3.706  3.400  3.095  2.789  2.484  2.178  1.873  1.567  1.262  0.956  0.651  0.345 
23.428 23.117 22.806 22.495 22.185 21.874 21.564 21.254 20.944 20.634 20.324 20.014 19.704 19.395 19.085 18.776 18.466 18.157 17.848 17.539 17.230 16.921 16.613 16.304 15.995 15.687 15.378 15.070 14.762 14.454 14.146 13.838 13.530 13.222 12.914 12.607 12.299 11.992 11.684 11.377 11.070 10.762 10.455 10.148  9.841  9.534  9.227  8.920  8.614  8.307  8.000  7.694  7.387  7.081  6.774  6.468  6.161  5.855  5.549  5.242  4.936  4.630  4.324  4.018  3.712  3.406  3.100  2.794  2.488  2.182  1.876  1.570  1.264  0.958  0.652  0.346 
23.449 23.139 22.828 22.517 22.207 21.896 21.586 21.275 20.965 20.655 20.345 20.035 19.725 19.416 19.106 18.797 18.487 18.178 17.868 17.559 17.250 16.941 16.632 16.323 16.014 15.706 15.397 15.089 14.780 14.472 14.163 13.855 13.547 13.239 12.931 12.623 12.315 12.007 11.700 11.392 11.084 10.777 10.469 10.162  9.854  9.547  9.240  8.933  8.626  8.319  8.011  7.704  7.398  7.091  6.784  6.477  6.170  5.863  5.557  5.250  4.943  4.637  4.330  4.024  3.717  3.411  3.104  2.798  2.491  2.185  1.878  1.572  1.265  0.959  0.653  0.346 
23.469 23.158 22.848 22.537 22.226 21.916 21.605 21.295 20.985 20.675 20.365 20.055 19.745 19.435 19.125 18.815 18.506 18.196 17.887 17.578 17.268 16.959 16.650 16.341 16.032 15.723 15.414 15.105 14.797 14.488 14.180 13.871 13.563 13.254 12.946 12.638 12.330 12.022 11.714 11.406 11.098 10.790 10.482 10.174  9.867  9.559  9.251  8.944  8.636  8.329  8.022  7.714  7.407  7.100  6.792  6.485  6.178  5.871  5.564  5.257  4.950  4.643  4.336  4.029  3.722  3.415  3.108  2.801  2.494  2.188  1.881  1.574  1.267  0.960  0.654  0.347 
23.487 23.176 22.866 22.555 22.244 21.934 21.623 21.313 21.003 20.692 20.382 20.072 19.762 19.452 19.142 18.833 18.523 18.213 17.904 17.594 17.285 16.975 16.666 16.357 16.048 15.739 15.430 15.121 14.812 14.503 14.194 13.886 13.577 13.268 12.960 12.651 12.343 12.035 11.726 11.418 11.110 10.802 10.494 10.186  9.878  9.570  9.262  8.954  8.646  8.339  8.031  7.723  7.416  7.108  6.800  6.493  6.185  5.878  5.571  5.263  4.956  4.648  4.341  4.034  3.726  3.419  3.112  2.805  2.497  2.190  1.883  1.576  1.269  0.962  0.654  0.347 
23.504 23.193 22.882 22.571 22.261 21.950 21.640 21.329 21.019 20.708 20.398 20.088 19.778 19.468 19.158 18.848 18.538 18.229 17.919 17.609 17.300 16.990 16.681 16.371 16.062 15.753 15.444 15.135 14.826 14.517 14.208 13.899 13.590 13.281 12.972 12.664 12.355 12.046 11.738 11.429 11.121 10.813 10.504 10.196  9.888  9.580  9.272  8.963  8.655  8.347  8.039  7.731  7.423  7.116  6.808  6.500  6.192  5.884  5.576  5.269  4.961  4.653  4.346  4.038  3.730  3.423  3.115  2.808  2.500  2.193  1.885  1.578  1.270  0.963  0.655  0.348 
23.518 23.208 22.897 22.586 22.275 21.965 21.654 21.344 21.033 20.723 20.413 20.103 19.792 19.482 19.172 18.862 18.552 18.243 17.933 17.623 17.313 17.004 16.694 16.385 16.075 15.766 15.457 15.147 14.838 14.529 14.220 13.911 13.602 13.293 12.984 12.675 12.366 12.057 11.749 11.440 11.131 10.823 10.514 10.205  9.897  9.589  9.280  8.972  8.663  8.355  8.047  7.739  7.431  7.122  6.814  6.506  6.198  5.890  5.582  5.274  4.966  4.658  4.350  4.042  3.734  3.426  3.118  2.811  2.503  2.195  1.887  1.579  1.271  0.964  0.656  0.348 
23.532 23.221 22.910 22.600 22.289 21.978 21.668 21.357 21.047 20.736 20.426 20.116 19.806 19.495 19.185 18.875 18.565 18.255 17.945 17.636 17.326 17.016 16.706 16.397 16.087 15.778 15.468 15.159 14.849 14.540 14.231 13.921 13.612 13.303 12.994 12.685 12.376 12.067 11.758 11.449 11.140 10.832 10.523 10.214  9.905  9.597  9.288  8.979  8.671  8.362  8.054  7.745  7.437  7.129  6.820  6.512  6.203  5.895  5.587  5.279  4.970  4.662  4.354  4.046  3.738  3.429  3.121  2.813  2.505  2.197  1.889  1.581  1.273  0.964  0.656  0.348 
23.544 23.233 22.923 22.612 22.301 21.991 21.680 21.369 21.059 20.749 20.438 20.128 19.818 19.507 19.197 18.887 18.577 18.267 17.957 17.647 17.337 17.027 16.717 16.408 16.098 15.788 15.479 15.169 14.860 14.550 14.241 13.931 13.622 13.313 13.003 12.694 12.385 12.076 11.767 11.458 11.149 10.840 10.531 10.222  9.913  9.604  9.295  8.986  8.678  8.369  8.060  7.752  7.443  7.134  6.826  6.517  6.208  5.900  5.591  5.283  4.974  4.666  4.357  4.049  3.741  3.432  3.124  2.815  2.507  2.199  1.890  1.582  1.274  0.965  0.657  0.349 
23.556 23.245 22.934 22.623 22.312 22.002 21.691 21.381 21.070 20.760 20.449 20.139 19.828 19.518 19.208 18.898 18.587 18.277 17.967 17.657 17.347 17.037 16.727 16.418 16.108 15.798 15.488 15.179 14.869 14.559 14.250 13.940 13.631 13.321 13.012 12.703 12.393 12.084 11.775 11.465 11.156 10.847 10.538 10.229  9.920  9.611  9.302  8.993  8.684  8.375  8.066  7.757  7.448  7.139  6.831  6.522  6.213  5.904  5.595  5.287  4.978  4.669  4.361  4.052  3.743  3.435  3.126  2.817  2.509  2.200  1.892  1.583  1.274  0.966  0.657  0.349 
23.566 23.255 22.944 22.633 22.323 22.012 21.701 21.391 21.080 20.770 20.459 20.149 19.838 19.528 19.218 18.907 18.597 18.287 17.977 17.667 17.357 17.047 16.737 16.427 16.117 15.807 15.497 15.187 14.878 14.568 14.258 13.948 13.639 13.329 13.020 12.710 12.401 12.091 11.782 11.473 11.163 10.854 10.545 10.235  9.926  9.617  9.308  8.998  8.689  8.380  8.071  7.762  7.453  7.144  6.835  6.526  6.217  5.908  5.599  5.290  4.981  4.672  4.364  4.055  3.746  3.437  3.128  2.819  2.511  2.202  1.893  1.584  1.275  0.967  0.658  0.349 
23.575 23.264 22.953 22.642 22.332 22.021 21.710 21.400 21.089 20.779 20.468 20.158 19.847 19.537 19.226 18.916 18.606 18.296 17.985 17.675 17.365 17.055 16.745 16.435 16.125 15.815 15.505 15.195 14.885 14.575 14.266 13.956 13.646 13.336 13.027 12.717 12.408 12.098 11.788 11.479 11.169 10.860 10.551 10.241  9.932  9.622  9.313  9.004  8.694  8.385  8.076  7.767  7.457  7.148  6.839  6.530  6.221  5.912  5.603  5.293  4.984  4.675  4.366  4.057  3.748  3.439  3.130  2.821  2.512  2.203  1.894  1.585  1.276  0.967  0.658  0.349 
23.583 23.272 22.962 22.651 22.340 22.029 21.719 21.408 21.097 20.787 20.476 20.166 19.855 19.545 19.234 18.924 18.614 18.303 17.993 17.683 17.373 17.063 16.752 16.442 16.132 15.822 15.512 15.202 14.892 14.582 14.273 13.963 13.653 13.343 13.033 12.724 12.414 12.104 11.794 11.485 11.175 10.866 10.556 10.246  9.937  9.627  9.318  9.008  8.699  8.390  8.080  7.771  7.461  7.152  6.843  6.533  6.224  5.915  5.606  5.296  4.987  4.678  4.369  4.059  3.750  3.441  3.132  2.823  2.513  2.204  1.895  1.586  1.277  0.968  0.659  0.349 
23.591 23.280 22.969 22.658 22.348 22.037 21.726 21.416 21.105 20.794 20.484 20.173 19.863 19.552 19.242 18.931 18.621 18.311 18.000 17.690 17.380 17.070 16.759 16.449 16.139 15.829 15.519 15.209 14.899 14.589 14.279 13.969 13.659 13.349 13.039 12.729 12.419 12.110 11.800 11.490 11.180 10.871 10.561 10.251  9.942  9.632  9.322  9.013  8.703  8.394  8.084  7.775  7.465  7.156  6.846  6.537  6.227  5.918  5.608  5.299  4.990  4.680  4.371  4.061  3.752  3.443  3.133  2.824  2.515  2.205  1.896  1.587  1.278  0.968  0.659  0.350 
23.598 23.287 22.976 22.665 22.355 22.044 21.733 21.422 21.112 20.801 20.491 20.180 19.869 19.559 19.248 18.938 18.628 18.317 18.007 17.696 17.386 17.076 16.766 16.455 16.145 15.835 15.525 15.215 14.905 14.594 14.284 13.974 13.664 13.354 13.044 12.734 12.425 12.115 11.805 11.495 11.185 10.875 10.565 10.256  9.946  9.636  9.326  9.017  8.707  8.397  8.088  7.778  7.468  7.159  6.849  6.540  6.230  5.920  5.611  5.301  4.992  4.682  4.373  4.063  3.754  3.444  3.135  2.825  2.516  2.206  1.897  1.588  1.278  0.969  0.659  0.350 
23.604 23.293 22.983 22.672 22.361 22.050 21.739 21.429 21.118 20.807 20.497 20.186 19.876 19.565 19.255 18.944 18.634 18.323 18.013 17.702 17.392 17.082 16.771 16.461 16.151 15.840 15.530 15.220 14.910 14.600 14.290 13.979 13.669 13.359 13.049 12.739 12.429 12.119 11.809 11.499 11.189 10.879 10.570 10.260  9.950  9.640  9.330  9.020  8.711  8.401  8.091  7.781  7.471  7.162  6.852  6.542  6.233  5.923  5.613  5.304  4.994  4.684  4.375  4.065  3.755  3.446  3.136  2.827  2.517  2.207  1.898  1.588  1.279  0.969  0.659  0.350 
23.610 23.299 22.988 22.677 22.367 22.056 21.745 21.434 21.124 20.813 20.502 20.192 19.881 19.571 19.260 18.950 18.639 18.329 18.018 17.708 17.397 17.087 16.776 16.466 16.156 15.845 15.535 15.225 14.915 14.604 14.294 13.984 13.674 13.364 13.054 12.743 12.433 12.123 11.813 11.503 11.193 10.883 10.573 10.263  9.953  9.643  9.333  9.024  8.714  8.404  8.094  7.784  7.474  7.164  6.855  6.545  6.235  5.925  5.615  5.306  4.996  4.686  4.376  4.067  3.757  3.447  3.137  2.828  2.518  2.208  1.899  1.589  1.279  0.969  0.660  0.350 
23.615 23.304 22.993 22.683 22.372 22.061 21.750 21.440 21.129 20.818 20.508 20.197 19.886 19.576 19.265 18.954 18.644 18.333 18.023 17.712 17.402 17.092 16.781 16.471 16.160 15.850 15.540 15.229 14.919 14.609 14.298 13.988 13.678 13.368 13.058 12.747 12.437 12.127 11.817 11.507 11.197 10.887 10.577 10.267  9.957  9.647  9.336  9.026  8.717  8.407  8.097  7.787  7.477  7.167  6.857  6.547  6.237  5.927  5.617  5.307  4.998  4.688  4.378  4.068  3.758  3.448  3.138  2.829  2.519  2.209  1.899  1.589  1.280  0.970  0.660  0.350 
23.620 23.309 22.998 22.687 22.377 22.066 21.755 21.444 21.134 20.823 20.512 20.201 19.891 19.580 19.270 18.959 18.648 18.338 18.027 17.717 17.406 17.096 16.785 16.475 16.165 15.854 15.544 15.233 14.923 14.613 14.302 13.992 13.682 13.371 13.061 12.751 12.441 12.131 11.820 11.510 11.200 10.890 10.580 10.270  9.959  9.649  9.339  9.029  8.719  8.409  8.099  7.789  7.479  7.169  6.859  6.549  6.239  5.929  5.619  5.309  4.999  4.689  4.379  4.069  3.759  3.449  3.139  2.830  2.520  2.210  1.900  1.590  1.280  0.970  0.660  0.350 
23.624 23.313 23.003 22.692 22.381 22.070 21.759 21.449 21.138 20.827 20.516 20.206 19.895 19.584 19.274 18.963 18.652 18.342 18.031 17.721 17.410 17.100 16.789 16.479 16.168 15.858 15.547 15.237 14.927 14.616 14.306 13.995 13.685 13.375 13.065 12.754 12.444 12.134 11.823 11.513 11.203 10.893 10.582 10.272  9.962  9.652  9.342  9.032  8.721  8.411  8.101  7.791  7.481  7.171  6.861  6.551  6.241  5.931  5.621  5.311  5.000  4.690  4.380  4.070  3.760  3.450  3.140  2.830  2.520  2.210  1.900  1.590  1.280  0.970  0.660  0.350 
23.628 23.317 23.006 22.696 22.385 22.074 21.763 21.452 21.142 20.831 20.520 20.210 19.899 19.588 19.277 18.967 18.656 18.346 18.035 17.724 17.414 17.103 16.793 16.482 16.172 15.861 15.551 15.240 14.930 14.619 14.309 13.999 13.688 13.378 13.067 12.757 12.447 12.136 11.826 11.516 11.206 10.895 10.585 10.275  9.965  9.654  9.344  9.034  8.724  8.413  8.103  7.793  7.483  7.173  6.863  6.552  6.242  5.932  5.622  5.312  5.002  4.692  4.382  4.071  3.761  3.451  3.141  2.831  2.521  2.211  1.901  1.591  1.281  0.971  0.661  0.350 
23.632 23.321 23.010 22.699 22.388 22.078 21.767 21.456 21.145 20.834 20.524 20.213 19.902 19.592 19.281 18.970 18.660 18.349 18.038 17.728 17.417 17.107 16.796 16.485 16.175 15.864 15.554 15.243 14.933 14.622 14.312 14.001 13.691 13.381 13.070 12.760 12.449 12.139 11.829 11.518 11.208 10.898 10.587 10.277  9.967  9.656  9.346  9.036  8.726  8.415  8.105  7.795  7.485  7.174  6.864  6.554  6.244  5.933  5.623  5.313  5.003  4.693  4.383  4.072  3.762  3.452  3.142  2.832  2.522  2.211  1.901  1.591  1.281  0.971  0.661  0.351 
23.635 23.324 23.013 22.702 22.392 22.081 21.770 21.459 21.148 20.838 20.527 20.216 19.905 19.595 19.284 18.973 18.663 18.352 18.041 17.731 17.420 17.109 16.799 16.488 16.178 15.867 15.557 15.246 14.936 14.625 14.315 14.004 13.694 13.383 13.073 12.762 12.452 12.141 11.831 11.521 11.210 10.900 10.589 10.279  9.969  9.658  9.348  9.038  8.727  8.417  8.107  7.796  7.486  7.176  6.866  6.555  6.245  5.935  5.624  5.314  5.004  4.694  4.383  4.073  3.763  3.453  3.143  2.832  2.522  2.212  1.902  1.591  1.281  0.971  0.661  0.351 
23.638 23.327 23.016 22.705 22.395 22.084 21.773 21.462 21.151 20.841 20.530 20.219 19.908 19.598 19.287 18.976 18.665 18.355 18.044 17.733 17.423 17.112 16.802 16.491 16.180 15.870 15.559 15.249 14.938 14.628 14.317 14.006 13.696 13.385 13.075 12.764 12.454 12.144 11.833 11.523 11.212 10.902 10.591 10.281  9.971  9.660  9.350  9.039  8.729  8.419  8.108  7.798  7.488  7.177  6.867  6.557  6.246  5.936  5.626  5.315  5.005  4.695  4.384  4.074  3.764  3.453  3.143  2.833  2.523  2.212  1.902  1.592  1.281  0.971  0.661  0.351 
23.641 23.330 23.019 22.708 22.397 22.086 21.776 21.465 21.154 20.843 20.532 20.222 19.911 19.600 19.289 18.979 18.668 18.357 18.047 17.736 17.425 17.115 16.804 16.493 16.183 15.872 15.561 15.251 14.940 14.630 14.319 14.009 13.698 13.388 13.077 12.766 12.456 12.145 11.835 11.524 11.214 10.904 10.593 10.283  9.972  9.662  9.351  9.041  8.730  8.420  8.110  7.799  7.489  7.178  6.868  6.558  6.247  5.937  5.627  5.316  5.006  4.695  4.385  4.075  3.764  3.454  3.144  2.833  2.523  2.213  1.902  1.592  1.282  0.971  0.661  0.351 
23.643 23.332 23.021 22.710 22.400 22.089 21.778 21.467 21.156 20.846 20.535 20.224 19.913 19.602 19.292 18.981 18.670 18.360 18.049 17.738 17.427 17.117 16.806 16.495 16.185 15.874 15.564 15.253 14.942 14.632 14.321 14.011 13.700 13.389 13.079 12.768 12.458 12.147 11.837 11.526 11.216 10.905 10.595 10.284  9.974  9.663  9.353  9.042  8.732  8.421  8.111  7.800  7.490  7.180  6.869  6.559  6.248  5.938  5.627  5.317  5.007  4.696  4.386  4.075  3.765  3.455  3.144  2.834  2.523  2.213  1.903  1.592  1.282  0.972  0.661  0.351 
23.645 23.334 23.024 22.713 22.402 22.091 21.780 21.469 21.159 20.848 20.537 20.226 19.915 19.605 19.294 18.983 18.672 18.362 18.051 17.740 17.430 17.119 16.808 16.497 16.187 15.876 15.565 15.255 14.944 14.634 14.323 14.012 13.702 13.391 13.081 12.770 12.459 12.149 11.838 11.528 11.217 10.907 10.596 10.286  9.975  9.664  9.354  9.043  8.733  8.422  8.112  7.802  7.491  7.181  6.870  6.560  6.249  5.939  5.628  5.318  5.007  4.697  4.386  4.076  3.766  3.455  3.145  2.834  2.524  2.213  1.903  1.593  1.282  0.972  0.661  0.351 
23.647 23.336 23.026 22.715 22.404 22.093 21.782 21.471 21.160 20.850 20.539 20.228 19.917 19.607 19.296 18.985 18.674 18.364 18.053 17.742 17.431 17.121 16.810 16.499 16.189 15.878 15.567 15.257 14.946 14.635 14.325 14.014 13.703 13.393 13.082 12.771 12.461 12.150 11.840 11.529 11.219 10.908 10.597 10.287  9.976  9.666  9.355  9.045  8.734  8.424  8.113  7.802  7.492  7.181  6.871  6.560  6.250  5.939  5.629  5.318  5.008  4.697  4.387  4.077  3.766  3.456  3.145  2.835  2.524  2.214  1.903  1.593  1.282  0.972  0.661  0.351 
23.649 23.338 23.027 22.716 22.406 22.095 21.784 21.473 21.162 20.851 20.541 20.230 19.919 19.608 19.298 18.987 18.676 18.365 18.054 17.744 17.433 17.122 16.812 16.501 16.190 15.879 15.569 15.258 14.947 14.637 14.326 14.015 13.705 13.394 13.083 12.773 12.462 12.152 11.841 11.530 11.220 10.909 10.599 10.288  9.977  9.667  9.356  9.046  8.735  8.425  8.114  7.803  7.493  7.182  6.872  6.561  6.251  5.940  5.630  5.319  5.008  4.697  4.386  4.073  3.759  3.442  3.121  2.794  2.458  2.110  1.749  1.372  0.978  0.568 -0.772 -2.800 
23.649 23.338 23.027 22.716 22.405 22.094 21.783 21.472 21.160 20.849 20.538 20.226 19.914 19.603 19.291 18.979 18.666 18.354 18.041 17.728 17.415 17.101 16.787 16.472 16.157 15.842 15.526 15.209 14.892 14.574 14.255 13.935 13.615 13.293 12.970 12.646 12.321 11.994 11.666 11.336 11.005 10.672 10.337 10.000  9.662  9.321  8.978  8.634  8.286  7.937  7.585  7.231  6.875  6.516  6.155  5.791  5.425  5.057  4.687  4.315  3.940  3.564  3.185  2.806  2.424  2.042  1.658  1.273  0.888  0.501  0.115 -0.171 -0.409 -0.643 -0.874 -1.100 
23.599 23.288 22.976 22.664 22.352 22.039 21.726 21.412 21.098 20.784 20.469 20.153 19.837 19.521 19.204 18.886 18.568 18.249 17.930 17.610 17.289 16.968 16.646 16.324 16.001 15.677 15.352 15.027 14.700 14.374 14.046 13.717 13.388 13.058 12.728 12.396 12.064 11.731 11.397 11.063 10.728 10.392 10.056  9.720  9.382  9.045  8.707  8.369  8.030  7.692  7.353  7.015  6.677  6.339  6.001  5.664  5.327  4.992  4.657  4.324  3.992  3.662  3.336  3.015  2.701  2.396  2.105  1.831  1.579  1.353  1.156  0.990  0.856  0.750  0.667  0.600 
23.488 23.177 22.865 22.553 22.240 21.927 21.614 21.300 20.985 20.671 20.355 20.040 19.723 19.407 19.090 18.773 18.456 18.138 17.820 17.501 17.183 16.864 16.546 16.227 15.908 15.589 15.271 14.952 14.634 14.316 13.999 13.682 13.365 13.050 12.735 12.421 12.108 11.796 11.485 11.175 10.867 10.561 10.257  9.954  9.653  9.355  9.059  8.766  8.475  8.187  7.903  7.621  7.343  7.069  6.798  6.531  6.269  6.010  5.756  5.507  5.263  5.024  4.790  4.561  4.338  4.120  3.909  3.704  3.504  3.312  3.126  2.946  2.774  2.609  2.451  2.300 
23.430 23.119 22.808 22.497 22.187 21.876 21.565 21.255 20.944 20.634 20.324 20.014 19.704 19.394 19.085 18.776 18.467 18.159 17.851 17.543 17.236 16.930 16.625 16.320 16.016 15.712 15.410 15.109 14.809 14.510 14.212 13.915 13.620 13.327 13.035 12.745 12.457 12.170 11.886 11.604 11.324 11.046 10.771 10.499 10.229  9.962  9.698  9.438  9.180  8.926  8.676  8.429  8.186  7.947  7.712  7.481  7.255  7.033  6.816  6.604  6.397  6.195  5.999  5.807  5.622  5.442  5.268  5.101  4.940  4.785  4.636  4.495  4.360  4.233  4.113  4.000 
23.508 23.197 22.888 22.578 22.270 21.962 21.655 21.348 21.043 20.738 20.434 20.130 19.828 19.526 19.225 18.926 18.627 18.329 18.032 17.736 17.442 17.148 16.856 16.565 16.276 15.987 15.701 15.415 15.132 14.849 14.569 14.290 14.013 13.738 13.464 13.193 12.923 12.656 12.390 12.127 11.865 11.606 11.349 11.095 10.842 10.592 10.344 10.099  9.855  9.614  9.376  9.139  8.905  8.673  8.443  8.216  7.990  7.767  7.545  7.326  7.108  6.892  6.678  6.466  6.255  6.045  5.837  5.630  5.424  5.218  5.014  4.810  4.607  4.405  4.202  4.000 
23.714 23.404 23.095 22.787 22.480 22.174 21.869 21.566 21.263 20.962 20.662 20.363 20.065 19.769 19.473 19.179 18.886 18.595 18.304 18.015 17.728 17.441 17.156 16.873 16.590 16.309 16.030 15.752 15.475 15.200 14.926 14.654 14.383 14.114 13.846 13.580 13.315 13.052 12.790 12.530 12.272 12.015 11.759 11.505 11.252 11.001 10.752 10.503 10.257 10.011  9.767  9.525  9.284  9.044  8.805  8.568  8.331  8.096  7.862  7.629  7.398  7.167  6.936  6.707  6.479  6.251  6.024  5.798  5.572  5.346  5.121  4.897  4.672  4.448  4.224  4.000 
23.985 23.675 23.366 23.058 22.752 22.446 22.143 21.840 21.539 21.238 20.940 20.642 20.346 20.051 19.757 19.465 19.173 18.884 18.595 18.308 18.022 17.737 17.454 17.171 16.891 16.611 16.333 16.056 15.780 15.505 15.232 14.960 14.690 14.420 14.152 13.885 13.620 13.355 13.092 12.830 12.569 12.309 12.051 11.794 11.537 11.282 11.028 10.775 10.523 10.272 10.022  9.773  9.525  9.278  9.032  8.787  8.542  8.298  8.055  7.813  7.571  7.330  7.090  6.850  6.610  6.372  6.133  5.895  5.657  5.420  5.183  4.946  4.709  4.473  4.236  4.000 
24.269 23.959 23.650 23.342 23.035 22.730 22.426 22.123 21.822 21.522 21.223 20.925 20.629 20.333 20.039 19.746 19.455 19.164 18.875 18.587 18.301 18.015 17.731 17.448 17.166 16.885 16.605 16.327 16.050 15.774 15.499 15.225 14.952 14.680 14.409 14.140 13.871 13.604 13.337 13.072 12.808 12.544 12.282 12.020 11.759 11.500 11.241 10.983 10.726 10.469 10.214  9.959  9.705  9.451  9.199  8.947  8.695  8.445  8.194  7.945  7.696  7.447  7.199  6.951  6.704  6.457  6.210  5.964  5.718  5.472  5.226  4.981  4.736  4.490  4.245  4.000 
24.542 24.232 23.923 23.615 23.308 23.003 22.698 22.395 22.093 21.792 21.493 21.194 20.897 20.600 20.305 20.011 19.719 19.427 19.136 18.847 18.559 18.272 17.985 17.700 17.417 17.134 16.852 16.571 16.291 16.013 15.735 15.458 15.183 14.908 14.634 14.361 14.089 13.818 13.548 13.279 13.011 12.743 12.477 12.211 11.946 11.681 11.418 11.155 10.893 10.632 10.371 10.111  9.851  9.592  9.334  9.076  8.819  8.563  8.306  8.051  7.795  7.540  7.286  7.032  6.778  6.524  6.271  6.018  5.765  5.513  5.261  5.008  4.756  4.504  4.252  4.000 
24.797 24.487 24.177 23.869 23.562 23.256 22.951 22.647 22.345 22.043 21.743 21.443 21.145 20.847 20.551 20.256 19.961 19.668 19.376 19.085 18.795 18.506 18.217 17.930 17.644 17.359 17.075 16.791 16.509 16.228 15.947 15.668 15.389 15.111 14.834 14.558 14.283 14.008 13.734 13.461 13.189 12.918 12.647 12.377 12.108 11.840 11.572 11.305 11.038 10.772 10.507 10.242  9.977  9.714  9.450  9.188  8.925  8.663  8.402  8.141  7.880  7.620  7.360  7.100  6.841  6.582  6.323  6.064  5.806  5.548  5.289  5.031  4.773  4.516  4.258  4.000 
25.031 24.720 24.411 24.102 23.795 23.489 23.183 22.879 22.575 22.273 21.971 21.671 21.371 21.073 20.775 20.479 20.183 19.888 19.594 19.301 19.009 18.718 18.428 18.139 17.851 17.563 17.277 16.991 16.706 16.422 16.139 15.856 15.575 15.294 15.014 14.735 14.456 14.178 13.901 13.625 13.349 13.074 12.800 12.526 12.253 11.980 11.709 11.437 11.167 10.896 10.627 10.358 10.089  9.821  9.553  9.286  9.019  8.752  8.486  8.221  7.955  7.690  7.425  7.161  6.896  6.632  6.368  6.105  5.841  5.578  5.315  5.052  4.789  4.526  4.263  4.000 
25.243 24.933 24.623 24.315 24.007 23.700 23.394 23.089 22.785 22.482 22.180 21.878 21.578 21.278 20.979 20.681 20.384 20.088 19.793 19.498 19.205 18.912 18.620 18.328 18.038 17.748 17.460 17.172 16.884 16.598 16.312 16.027 15.743 15.459 15.176 14.894 14.613 14.332 14.051 13.772 13.493 13.215 12.937 12.660 12.383 12.107 11.832 11.557 11.282 11.008 10.735 10.462 10.189  9.917  9.645  9.374  9.103  8.832  8.562  8.292  8.022  7.753  7.483  7.214  6.946  6.677  6.409  6.141  5.873  5.605  5.337  5.070  4.802  4.535  4.267  4.000 
25.437 25.126 24.817 24.508 24.200 23.893 23.586 23.281 22.976 22.672 22.369 22.067 21.765 21.465 21.165 20.865 20.567 20.270 19.973 19.677 19.382 19.087 18.793 18.500 18.208 17.916 17.625 17.335 17.046 16.757 16.469 16.182 15.895 15.609 15.323 15.038 14.754 14.470 14.187 13.905 13.623 13.342 13.061 12.780 12.501 12.221 11.943 11.664 11.386 11.109 10.832 10.555 10.279 10.003  9.728  9.453  9.178  8.904  8.630  8.356  8.082  7.809  7.536  7.263  6.990  6.718  6.446  6.173  5.901  5.630  5.358  5.086  4.815  4.543  4.272  4.000 
25.612 25.302 24.992 24.683 24.375 24.067 23.761 23.454 23.149 22.845 22.541 22.238 21.935 21.634 21.333 21.033 20.733 20.434 20.136 19.839 19.542 19.246 18.951 18.656 18.362 18.069 17.776 17.484 17.192 16.901 16.611 16.322 16.033 15.744 15.456 15.169 14.882 14.596 14.310 14.025 13.741 13.457 13.173 12.890 12.607 12.325 12.043 11.762 11.481 11.200 10.920 10.640 10.361 10.082  9.803  9.525  9.246  8.969  8.691  8.414  8.137  7.860  7.583  7.307  7.031  6.754  6.479  6.203  5.927  5.652  5.376  5.101  4.826  4.550  4.275  4.000 
25.772 25.461 25.151 24.842 24.533 24.226 23.918 23.612 23.306 23.001 22.697 22.393 22.090 21.787 21.485 21.184 20.883 20.583 20.284 19.986 19.687 19.390 19.093 18.797 18.501 18.206 17.912 17.618 17.325 17.032 16.740 16.448 16.157 15.867 15.577 15.287 14.998 14.710 14.422 14.134 13.847 13.561 13.275 12.989 12.703 12.419 12.134 11.850 11.566 11.283 11.000 10.717 10.435 10.153  9.871  9.589  9.308  9.027  8.747  8.466  8.186  7.906  7.626  7.346  7.067  6.788  6.508  6.229  5.951  5.672  5.393  5.114  4.836  4.557  4.279  4.000 
25.916 25.605 25.295 24.986 24.677 24.369 24.062 23.755 23.449 23.143 22.838 22.533 22.229 21.926 21.623 21.321 21.020 20.719 20.418 20.119 19.819 19.521 19.223 18.925 18.628 18.332 18.036 17.740 17.445 17.151 16.857 16.564 16.271 15.978 15.686 15.395 15.104 14.813 14.523 14.233 13.944 13.655 13.367 13.078 12.791 12.503 12.216 11.930 11.644 11.358 11.072 10.787 10.502 10.217  9.932  9.648  9.364  9.080  8.797  8.514  8.231  7.948  7.665  7.382  7.100  6.818  6.536  6.254  5.972  5.690  5.408  5.126  4.845  4.563  4.282  4.000 
26.047 25.736 25.426 25.117 24.808 24.499 24.192 23.884 23.578 23.271 22.966 22.661 22.356 22.052 21.749 21.446 21.143 20.841 20.540 20.239 19.939 19.639 19.340 19.041 18.743 18.445 18.148 17.851 17.554 17.258 16.963 16.668 16.373 16.079 15.785 15.492 15.199 14.907 14.615 14.323 14.032 13.741 13.450 13.160 12.870 12.580 12.291 12.002 11.714 11.425 11.137 10.850 10.562 10.275  9.988  9.701  9.415  9.129  8.843  8.557  8.271  7.985  7.700  7.415  7.130  6.845  6.560  6.275  5.991  5.706  5.422  5.137  4.853  4.569  4.284  4.000 
26.166 25.855 25.545 25.235 24.926 24.617 24.309 24.002 23.695 23.388 23.082 22.776 22.471 22.166 21.862 21.559 21.255 20.953 20.650 20.349 20.047 19.747 19.446 19.146 18.847 18.548 18.249 17.951 17.653 17.356 17.059 16.762 16.466 16.170 15.875 15.580 15.286 14.991 14.698 14.404 14.111 13.818 13.526 13.234 12.942 12.650 12.359 12.068 11.777 11.487 11.197 10.907 10.617 10.328 10.039  9.750  9.461  9.172  8.884  8.596  8.308  8.020  7.732  7.444  7.157  6.870  6.582  6.295  6.008  5.721  5.434  5.147  4.860  4.574  4.287  4.000 
26.273 25.962 25.652 25.342 25.033 24.724 24.416 24.108 23.801 23.494 23.187 22.881 22.575 22.270 21.965 21.661 21.357 21.054 20.750 20.448 20.146 19.844 19.542 19.241 18.941 18.641 18.341 18.042 17.743 17.444 17.146 16.848 16.550 16.253 15.957 15.660 15.364 15.068 14.773 14.478 14.183 13.888 13.594 13.300 13.007 12.713 12.420 12.127 11.835 11.543 11.251 10.959 10.667 10.376 10.084  9.793  9.503  9.212  8.921  8.631  8.341  8.051  7.761  7.471  7.182  6.892  6.602  6.313  6.024  5.735  5.445  5.156  4.867  4.578  4.289  4.000 
26.371 26.060 25.750 25.440 25.130 24.821 24.513 24.205 23.897 23.589 23.282 22.976 22.670 22.364 22.059 21.754 21.449 21.145 20.841 20.538 20.235 19.932 19.630 19.328 19.026 18.725 18.424 18.124 17.824 17.524 17.225 16.926 16.627 16.328 16.030 15.733 15.435 15.138 14.841 14.544 14.248 13.952 13.656 13.361 13.066 12.771 12.476 12.181 11.887 11.593 11.299 11.006 10.712 10.419 10.126  9.833  9.540  9.248  8.955  8.663  8.371  8.079  7.787  7.495  7.204  6.912  6.621  6.329  6.038  5.747  5.456  5.164  4.873  4.582  4.291  4.000 
26.459 26.148 25.838 25.528 25.218 24.909 24.600 24.292 23.984 23.676 23.369 23.062 22.755 22.449 22.143 21.838 21.533 21.228 20.923 20.619 20.315 20.012 19.709 19.406 19.104 18.802 18.500 18.199 17.898 17.597 17.296 16.996 16.696 16.397 16.097 15.798 15.500 15.201 14.903 14.605 14.307 14.010 13.713 13.416 13.119 12.823 12.526 12.230 11.935 11.639 11.343 11.048 10.753 10.458 10.164  9.869  9.575  9.280  8.986  8.692  8.398  8.105  7.811  7.517  7.224  6.931  6.637  6.344  6.051  5.758  5.465  5.172  4.879  4.586  4.293  4.000 
26.539 26.228 25.918 25.608 25.298 24.989 24.680 24.371 24.063 23.755 23.447 23.140 22.833 22.526 22.220 21.914 21.608 21.303 20.998 20.693 20.389 20.085 19.781 19.477 19.174 18.871 18.569 18.266 17.964 17.663 17.361 17.060 16.759 16.458 16.158 15.858 15.558 15.258 14.959 14.660 14.361 14.062 13.764 13.466 13.168 12.870 12.572 12.275 11.977 11.680 11.384 11.087 10.790 10.494 10.198  9.902  9.606  9.310  9.014  8.719  8.423  8.128  7.833  7.537  7.242  6.947  6.652  6.357  6.063  5.768  5.473  5.179  4.884  4.589  4.295  4.000 
26.612 26.301 25.991 25.680 25.371 25.061 24.752 24.443 24.135 23.826 23.518 23.211 22.903 22.596 22.289 21.983 21.677 21.371 21.065 20.760 20.455 20.150 19.846 19.542 19.238 18.934 18.631 18.328 18.025 17.722 17.420 17.118 16.816 16.514 16.213 15.912 15.611 15.310 15.010 14.710 14.410 14.110 13.810 13.511 13.211 12.912 12.614 12.315 12.016 11.718 11.420 11.122 10.824 10.526 10.229  9.931  9.634  9.337  9.039  8.742  8.446  8.149  7.852  7.555  7.259  6.962  6.666  6.370  6.073  5.777  5.481  5.185  4.888  4.592  4.296  4.000 
26.678 26.367 26.056 25.746 25.436 25.127 24.817 24.508 24.199 23.891 23.583 23.275 22.967 22.660 22.353 22.046 21.739 21.433 21.127 20.821 20.515 20.210 19.905 19.600 19.295 18.991 18.687 18.383 18.080 17.776 17.473 17.170 16.868 16.565 16.263 15.961 15.659 15.357 15.056 14.755 14.454 14.153 13.852 13.552 13.251 12.951 12.651 12.351 12.052 11.752 11.453 11.154 10.854 10.555 10.257  9.958  9.659  9.361  9.062  8.764  8.466  8.168  7.870  7.572  7.274  6.976  6.678  6.381  6.083  5.785  5.488  5.190  4.893  4.595  4.298  4.000 
