29.116 28.805 28.494 28.183 27.873 27.562 27.251 26.940 26.629 26.318 26.007 25.696 25.385 25.074 24.764 24.453 24.142 23.831 23.520 23.209 22.898 22.587 22.276 21.965 21.654 21.343 21.032 20.721 20.410 20.099 19.788 19.476 19.165 18.854 18.543 18.231 17.920 17.608 17.297 16.985 16.673 16.361 16.049 15.737 15.425 15.112 14.799 14.486 14.173 13.860 13.547 13.233 12.919 12.604 12.289 11.974 11.659 11.343 11.026 10.709 10.392 10.074  9.755  9.436  9.116  8.796  8.475  8.153  7.830  7.506  7.182  6.856  6.530  6.202  5.874  5.544 
29.114 28.803 28.492 28.181 27.870 27.559 27.248 26.937 26.626 26.315 26.003 25.692 25.381 25.070 24.758 24.447 24.135 23.824 23.512 23.201 22.889 22.577 22.265 21.953 21.641 21.329 21.017 20.704 20.392 20.079 19.766 19.454 19.140 18.827 18.514 18.200 17.886 17.572 17.258 16.943 16.628 16.313 15.998 15.682 15.366 15.050 14.733 14.416 14.098 13.781 13.462 13.143 12.824 12.504 12.184 11.863 11.541 11.219 10.897 10.573 10.249  9.925  9.599  9.273  8.946  8.618  8.289  7.960  7.629  7.298  6.966  6.632  6.298  5.963  5.626  5.289 
29.101 28.790 28.479 28.168 27.856 27.545 27.234 26.922 26.611 26.299 25.987 25.675 25.363 25.051 24.739 24.426 24.114 23.801 23.488 23.175 22.862 22.549 22.235 21.922 21.608 21.294 20.980 20.665 20.351 20.036 19.721 19.405 19.090 18.774 18.457 18.141 17.824 17.507 17.189 16.871 16.553 16.234 15.915 15.596 15.276 14.956 14.635 14.313 13.992 13.669 13.346 13.023 12.699 12.374 12.049 11.723 11.396 11.069 10.741 10.412 10.083  9.752  9.421  9.089  8.756  8.423  8.088  7.753  7.416  7.079  6.741  6.401  6.061  5.719  5.377  5.033 
29.071 28.760 28.449 28.137 27.826 27.514 27.202 26.890 26.578 26.266 25.953 25.640 25.327 25.014 24.701 24.387 24.073 23.759 23.445 23.131 22.816 22.501 22.186 21.870 21.554 21.238 20.922 20.605 20.288 19.971 19.653 19.335 19.017 18.698 18.379 18.060 17.740 17.420 17.099 16.778 16.456 16.134 15.811 15.488 15.165 14.841 14.516 14.191 13.865 13.538 13.211 12.883 12.555 12.226 11.896 11.566 11.235 10.903 10.570 10.237  9.902  9.567  9.231  8.894  8.557  8.218  7.879  7.538  7.197  6.854  6.511  6.166  5.820  5.474  5.126  4.777 
29.022 28.711 28.400 28.089 27.777 27.465 27.153 26.840 26.527 26.214 25.901 25.587 25.273 24.959 24.644 24.329 24.014 23.699 23.383 23.067 22.751 22.434 22.117 21.800 21.482 21.164 20.845 20.527 20.207 19.888 19.568 19.247 18.926 18.605 18.283 17.961 17.638 17.315 16.991 16.667 16.342 16.017 15.691 15.365 15.038 14.710 14.382 14.053 13.723 13.393 13.062 12.731 12.398 12.066 11.732 11.397 11.062 10.726 10.389 10.052  9.713  9.374  9.033  8.692  8.350  8.007  7.663  7.318  6.972  6.625  6.277  5.928  5.578  5.227  4.875  4.521 
28.956 28.645 28.333 28.022 27.709 27.397 27.084 26.771 26.458 26.144 25.830 25.515 25.201 24.885 24.570 24.254 23.937 23.621 23.304 22.986 22.668 22.350 22.031 21.712 21.393 21.073 20.752 20.431 20.110 19.788 19.466 19.143 18.820 18.496 18.172 17.847 17.521 17.195 16.869 16.542 16.214 15.886 15.557 15.228 14.897 14.567 14.235 13.903 13.570 13.237 12.902 12.567 12.232 11.895 11.558 11.220 10.881 10.541 10.200  9.859  9.517  9.173  8.829  8.484  8.138  7.791  7.443  7.095  6.745  6.394  6.042  5.689  5.335  4.979  4.623  4.266 
28.872 28.561 28.249 27.937 27.625 27.312 26.999 26.685 26.371 26.057 25.742 25.427 25.111 24.795 24.479 24.162 23.844 23.526 23.208 22.889 22.570 22.250 21.930 21.609 21.288 20.966 20.644 20.321 19.998 19.674 19.349 19.024 18.699 18.373 18.046 17.719 17.391 17.063 16.734 16.404 16.074 15.743 15.411 15.079 14.746 14.412 14.078 13.743 13.407 13.070 12.733 12.395 12.056 11.716 11.376 11.034 10.692 10.349 10.005  9.660  9.314  8.968  8.620  8.272  7.922  7.572  7.220  6.868  6.514  6.160  5.804  5.448  5.090  4.731  4.371  4.010 
28.772 28.461 28.149 27.837 27.525 27.211 26.898 26.584 26.269 25.954 25.639 25.323 25.007 24.690 24.372 24.054 23.736 23.417 23.097 22.777 22.456 22.135 21.814 21.491 21.169 20.845 20.521 20.197 19.872 19.546 19.220 18.893 18.566 18.238 17.909 17.579 17.249 16.919 16.587 16.255 15.923 15.589 15.255 14.920 14.585 14.249 13.911 13.574 13.235 12.896 12.555 12.214 11.873 11.530 11.187 10.842 10.497 10.151  9.804  9.456  9.107  8.757  8.407  8.055  7.702  7.348  6.994  6.638  6.281  5.924  5.565  5.205  4.844  4.482  4.119  3.754 
28.658 28.346 28.035 27.722 27.410 27.096 26.782 26.468 26.153 25.838 25.522 25.205 24.888 24.570 24.252 23.933 23.613 23.293 22.973 22.652 22.330 22.008 21.685 21.361 21.037 20.712 20.387 20.061 19.734 19.407 19.079 18.750 18.421 18.091 17.760 17.429 17.097 16.764 16.431 16.097 15.762 15.426 15.090 14.753 14.415 14.076 13.737 13.396 13.055 12.713 12.371 12.027 11.683 11.337 10.991 10.644 10.296  9.947  9.597  9.247  8.895  8.542  8.189  7.834  7.479  7.122  6.765  6.406  6.046  5.686  5.324  4.961  4.597  4.232  3.866  3.499 
28.530 28.219 27.907 27.595 27.282 26.968 26.654 26.339 26.024 25.708 25.391 25.074 24.756 24.438 24.119 23.799 23.479 23.158 22.836 22.514 22.191 21.868 21.544 21.219 20.893 20.567 20.241 19.913 19.585 19.256 18.927 18.596 18.266 17.934 17.602 17.268 16.935 16.600 16.265 15.929 15.592 15.254 14.916 14.576 14.236 13.896 13.554 13.211 12.868 12.524 12.179 11.833 11.486 11.139 10.790 10.440 10.090  9.739  9.386  9.033  8.679  8.324  7.968  7.611  7.252  6.893  6.533  6.172  5.809  5.446  5.082  4.716  4.349  3.982  3.613  3.243 
28.390 28.079 27.767 27.455 27.142 26.828 26.513 26.198 25.883 25.566 25.249 24.931 24.613 24.294 23.974 23.654 23.333 23.011 22.689 22.365 22.042 21.717 21.392 21.066 20.740 20.412 20.084 19.756 19.426 19.096 18.765 18.433 18.101 17.768 17.434 17.099 16.764 16.427 16.090 15.752 15.414 15.074 14.734 14.393 14.051 13.708 13.365 13.020 12.675 12.328 11.981 11.633 11.284 10.935 10.584 10.232  9.879  9.526  9.171  8.816  8.459  8.102  7.743  7.384  7.023  6.662  6.299  5.935  5.571  5.205  4.838  4.470  4.101  3.731  3.360  2.987 
28.240 27.929 27.617 27.304 26.991 26.677 26.362 26.047 25.731 25.414 25.096 24.778 24.459 24.140 23.819 23.498 23.177 22.854 22.531 22.207 21.882 21.557 21.231 20.904 20.576 20.248 19.919 19.589 19.258 18.927 18.594 18.262 17.928 17.593 17.258 16.922 16.585 16.247 15.908 15.569 15.229 14.887 14.546 14.203 13.859 13.514 13.169 12.823 12.475 12.127 11.778 11.428 11.077 10.726 10.373 10.019  9.665  9.309  8.952  8.595  8.236  7.876  7.516  7.154  6.792  6.428  6.063  5.697  5.330  4.962  4.593  4.223  3.852  3.480  3.106  2.731 
28.080 27.769 27.457 27.144 26.830 26.516 26.201 25.886 25.569 25.252 24.934 24.616 24.296 23.976 23.655 23.333 23.011 22.688 22.364 22.039 21.714 21.388 21.061 20.733 20.404 20.075 19.745 19.414 19.082 18.749 18.416 18.082 17.747 17.411 17.074 16.737 16.399 16.059 15.719 15.379 15.037 14.694 14.351 14.006 13.661 13.315 12.968 12.620 12.271 11.921 11.570 11.219 10.866 10.512 10.158  9.802  9.446  9.088  8.730  8.370  8.010  7.648  7.286  6.922  6.558  6.192  5.825  5.457  5.089  4.719  4.348  3.975  3.602  3.228  2.852  2.476 
27.911 27.599 27.287 26.975 26.661 26.347 26.031 25.716 25.399 25.081 24.763 24.444 24.124 23.804 23.482 23.160 22.837 22.513 22.189 21.863 21.537 21.210 20.882 20.554 20.224 19.894 19.563 19.231 18.898 18.565 18.230 17.895 17.559 17.222 16.884 16.546 16.206 15.866 15.524 15.182 14.839 14.495 14.150 13.804 13.458 13.110 12.761 12.412 12.062 11.710 11.358 11.005 10.650 10.295  9.939  9.582  9.224  8.864  8.504  8.143  7.781  7.418  7.053  6.688  6.322  5.954  5.586  5.216  4.846  4.474  4.101  3.727  3.352  2.976  2.598  2.220 
27.733 27.422 27.110 26.797 26.483 26.169 25.854 25.537 25.221 24.903 24.584 24.265 23.945 23.623 23.302 22.979 22.655 22.331 22.006 21.680 21.353 21.025 20.697 20.368 20.037 19.706 19.374 19.042 18.708 18.373 18.038 17.702 17.365 17.027 16.688 16.348 16.007 15.666 15.323 14.980 14.636 14.291 13.944 13.597 13.249 12.900 12.551 12.200 11.848 11.495 11.141 10.787 10.431 10.074  9.717  9.358  8.998  8.638  8.276  7.913  7.549  7.185  6.819  6.452  6.084  5.715  5.345  4.974  4.601  4.228  3.853  3.478  3.101  2.723  2.344  1.964 
27.549 27.238 26.925 26.612 26.299 25.984 25.668 25.352 25.035 24.717 24.398 24.078 23.758 23.436 23.114 22.791 22.467 22.142 21.816 21.490 21.162 20.834 20.505 20.175 19.844 19.512 19.180 18.846 18.512 18.176 17.840 17.503 17.165 16.826 16.486 16.145 15.804 15.461 15.118 14.773 14.428 14.081 13.734 13.386 13.037 12.687 12.335 11.983 11.630 11.276 10.921 10.565 10.208  9.850  9.491  9.131  8.770  8.408  8.045  7.681  7.316  6.949  6.582  6.214  5.844  5.474  5.102  4.730  4.356  3.981  3.605  3.228  2.850  2.471  2.090  1.709 
27.358 27.046 26.734 26.421 26.107 25.792 25.477 25.160 24.843 24.525 24.205 23.885 23.564 23.243 22.920 22.597 22.272 21.947 21.621 21.294 20.966 20.637 20.307 19.976 19.645 19.312 18.979 18.645 18.310 17.973 17.636 17.298 16.960 16.620 16.279 15.938 15.595 15.251 14.907 14.561 14.215 13.868 13.519 13.170 12.820 12.469 12.117 11.763 11.409 11.054 10.698 10.341  9.982  9.623  9.263  8.902  8.539  8.176  7.812  7.446  7.080  6.712  6.344  5.974  5.603  5.232  4.859  4.485  4.110  3.733  3.356  2.978  2.598  2.218  1.836  1.453 
27.160 26.849 26.537 26.224 25.910 25.595 25.279 24.962 24.645 24.326 24.007 23.687 23.365 23.043 22.720 22.396 22.072 21.746 21.419 21.092 20.763 20.434 20.104 19.772 19.440 19.107 18.773 18.438 18.102 17.766 17.428 17.089 16.750 16.409 16.068 15.725 15.382 15.037 14.692 14.346 13.999 13.650 13.301 12.951 12.600 12.247 11.894 11.540 11.185 10.829 10.471 10.113  9.754  9.394  9.032  8.670  8.306  7.942  7.576  7.210  6.842  6.474  6.104  5.733  5.361  4.988  4.614  4.239  3.862  3.485  3.107  2.727  2.346  1.964  1.581  1.197 
26.958 26.646 26.334 26.021 25.707 25.392 25.076 24.759 24.441 24.123 23.803 23.482 23.161 22.839 22.515 22.191 21.866 21.540 21.213 20.885 20.556 20.226 19.895 19.564 19.231 18.897 18.563 18.227 17.891 17.554 17.215 16.876 16.536 16.194 15.852 15.509 15.165 14.820 14.473 14.126 13.778 13.429 13.079 12.728 12.376 12.023 11.669 11.314 10.957 10.600 10.242  9.883  9.523  9.161  8.799  8.436  8.071  7.706  7.339  6.972  6.603  6.233  5.862  5.490  5.117  4.743  4.368  3.992  3.614  3.236  2.856  2.476  2.094  1.711  1.327  0.941 
26.750 26.439 26.126 25.813 25.499 25.184 24.868 24.551 24.233 23.914 23.594 23.274 22.952 22.629 22.306 21.981 21.656 21.329 21.002 20.673 20.344 20.014 19.683 19.351 19.017 18.683 18.348 18.012 17.675 17.337 16.998 16.658 16.317 15.976 15.633 15.289 14.944 14.598 14.251 13.904 13.555 13.205 12.854 12.502 12.149 11.795 11.440 11.084 10.727 10.369 10.010  9.650  9.289  8.927  8.564  8.199  7.834  7.468  7.100  6.732  6.362  5.991  5.620  5.247  4.873  4.498  4.121  3.744  3.366  2.986  2.606  2.224  1.841  1.457  1.072  0.686 
26.538 26.226 25.914 25.601 25.287 24.971 24.655 24.338 24.020 23.701 23.381 23.060 22.738 22.415 22.092 21.767 21.441 21.114 20.787 20.458 20.128 19.798 19.466 19.133 18.800 18.465 18.130 17.793 17.456 17.117 16.778 16.437 16.096 15.753 15.410 15.066 14.720 14.374 14.026 13.678 13.328 12.978 12.626 12.273 11.920 11.565 11.210 10.853 10.495 10.136  9.776  9.416  9.054  8.691  8.327  7.961  7.595  7.228  6.860  6.490  6.120  5.748  5.376  5.002  4.627  4.251  3.874  3.496  3.116  2.736  2.355  1.972  1.588  1.203  0.817  0.430 
26.322 26.010 25.698 25.385 25.070 24.755 24.439 24.122 23.803 23.484 23.164 22.843 22.521 22.198 21.874 21.549 21.223 20.896 20.568 20.239 19.909 19.578 19.246 18.913 18.579 18.244 17.908 17.571 17.233 16.894 16.554 16.213 15.871 15.528 15.184 14.839 14.493 14.146 13.798 13.449 13.099 12.748 12.395 12.042 11.688 11.333 10.976 10.619 10.261  9.901  9.541  9.179  8.816  8.452  8.088  7.722  7.355  6.987  6.618  6.248  5.876  5.504  5.130  4.756  4.380  4.003  3.626  3.247  2.866  2.485  2.103  1.719  1.335  0.949  0.562  0.174 
26.102 25.790 25.478 25.165 24.850 24.535 24.219 23.901 23.583 23.264 22.943 22.622 22.300 21.976 21.652 21.327 21.001 20.673 20.345 20.016 19.686 19.354 19.022 18.689 18.354 18.019 17.683 17.345 17.007 16.668 16.327 15.986 15.643 15.300 14.956 14.610 14.264 13.916 13.567 13.218 12.867 12.515 12.163 11.809 11.454 11.098 10.741 10.383 10.024  9.664  9.303  8.940  8.577  8.213  7.847  7.481  7.113  6.744  6.374  6.004  5.632  5.259  4.884  4.509  4.133  3.755  3.377  2.997  2.616  2.234  1.851  1.467  1.081  0.695  0.307 -0.081 
25.878 25.567 25.255 24.941 24.627 24.311 23.995 23.678 23.359 23.040 22.719 22.398 22.075 21.752 21.428 21.102 20.776 20.448 20.120 19.790 19.459 19.128 18.795 18.462 18.127 17.791 17.455 17.117 16.778 16.439 16.098 15.756 15.413 15.069 14.724 14.378 14.032 13.683 13.334 12.984 12.633 12.281 11.928 11.573 11.218 10.862 10.504 10.146  9.786  9.426  9.064  8.701  8.337  7.972  7.606  7.239  6.870  6.501  6.130  5.757  5.384  5.009  4.632  4.254  3.874  3.493  3.110  2.726  2.339  1.951  1.562  1.170  0.777  0.383 -0.013 -0.337 
25.652 25.341 25.028 24.715 24.400 24.085 23.768 23.451 23.132 22.813 22.492 22.171 21.848 21.524 21.200 20.874 20.547 20.219 19.890 19.561 19.230 18.898 18.565 18.231 17.896 17.559 17.222 16.884 16.545 16.204 15.863 15.520 15.177 14.832 14.486 14.139 13.791 13.442 13.092 12.741 12.388 12.035 11.680 11.324 10.967 10.609 10.250  9.890  9.528  9.166  8.802  8.437  8.071  7.704  7.335  6.966  6.595  6.224  5.851  5.477  5.102  4.726  4.349  3.971  3.592  3.213  2.832  2.451  2.069  1.686  1.302  0.918  0.534  0.149 -0.199 -0.593 
25.421 25.110 24.797 24.484 24.169 23.853 23.537 23.219 22.901 22.581 22.260 21.938 21.615 21.291 20.966 20.640 20.313 19.985 19.656 19.326 18.994 18.662 18.329 17.994 17.659 17.322 16.984 16.646 16.306 15.965 15.623 15.281 14.937 14.591 14.245 13.898 13.550 13.200 12.850 12.498 12.146 11.792 11.437 11.081 10.723 10.365 10.005  9.644  9.282  8.919  8.554  8.189  7.821  7.453  7.083  6.712  6.339  5.965  5.590  5.213  4.835  4.455  4.074  3.691  3.307  2.921  2.534  2.145  1.755  1.363  0.970  0.575  0.178 -0.180 -0.514 -0.849 
25.186 24.874 24.562 24.248 23.934 23.618 23.301 22.984 22.665 22.345 22.024 21.702 21.379 21.054 20.729 20.403 20.075 19.747 19.417 19.087 18.755 18.422 18.088 17.753 17.417 17.080 16.742 16.402 16.062 15.720 15.378 15.034 14.689 14.343 13.996 13.648 13.299 12.949 12.598 12.245 11.892 11.537 11.181 10.825 10.467 10.108  9.748  9.388  9.026  8.663  8.299  7.934  7.569  7.202  6.834  6.466  6.096  5.726  5.355  4.983  4.610  4.236  3.862  3.486  3.110  2.734  2.356  1.978  1.599  1.219  0.836  0.446  0.047 -0.310 -0.704 -1.104 
24.946 24.635 24.322 24.009 23.694 23.378 23.062 22.744 22.425 22.105 21.784 21.461 21.138 20.814 20.488 20.162 19.834 19.505 19.176 18.845 18.513 18.180 17.846 17.510 17.174 16.836 16.498 16.158 15.817 15.475 15.132 14.788 14.442 14.096 13.748 13.399 13.049 12.698 12.346 11.993 11.638 11.282 10.925 10.567 10.208  9.847  9.486  9.123  8.759  8.394  8.028  7.661  7.292  6.923  6.553  6.181  5.809  5.435  5.061  4.686  4.309  3.932  3.555  3.176  2.797  2.417  2.036  1.655  1.273  0.890  0.508  0.124 -0.218 -0.598 -0.979 -1.360 
24.703 24.392 24.079 23.765 23.451 23.135 22.818 22.500 22.181 21.861 21.539 21.217 20.894 20.569 20.243 19.917 19.589 19.260 18.930 18.599 18.267 17.933 17.599 17.263 16.927 16.589 16.250 15.910 15.569 15.227 14.884 14.540 14.194 13.848 13.500 13.151 12.801 12.450 12.098 11.745 11.390 11.034 10.677 10.319  9.959  9.598  9.236  8.873  8.508  8.142  7.774  7.406  7.035  6.663  6.290  5.916  5.540  5.162  4.784  4.404  4.022  3.640  3.256  2.871  2.485  2.098  1.711  1.322  0.933  0.544  0.154 -0.181 -0.539 -0.897 -1.256 -1.616 
24.457 24.146 23.833 23.519 23.205 22.889 22.572 22.254 21.934 21.614 21.293 20.970 20.647 20.322 19.996 19.669 19.341 19.011 18.681 18.350 18.017 17.683 17.349 17.013 16.675 16.337 15.998 15.658 15.316 14.973 14.630 14.285 13.939 13.592 13.243 12.894 12.544 12.192 11.840 11.486 11.131 10.775 10.419 10.061  9.702  9.342  8.981  8.619  8.256  7.893  7.528  7.162  6.795  6.428  6.059  5.689  5.319  4.947  4.574  4.200  3.824  3.447  3.069  2.688  2.305  1.919  1.529  1.134  0.733  0.325 -0.091 -0.434 -0.787 -1.145 -1.507 -1.871 
24.208 23.897 23.584 23.270 22.956 22.640 22.323 22.005 21.685 21.365 21.043 20.721 20.397 20.072 19.746 19.419 19.091 18.761 18.431 18.099 17.767 17.433 17.098 16.761 16.424 16.086 15.746 15.405 15.063 14.720 14.376 14.030 13.684 13.336 12.987 12.637 12.286 11.933 11.580 11.225 10.869 10.512 10.153  9.794  9.434  9.072  8.709  8.345  7.980  7.614  7.247  6.879  6.510  6.140  5.769  5.397  5.024  4.650  4.275  3.900  3.524  3.147  2.769  2.390  2.011  1.632  1.252  0.871  0.489  0.108 -0.233 -0.611 -0.989 -1.368 -1.747 -2.127 
23.956 23.645 23.332 23.019 22.704 22.388 22.071 21.753 21.433 21.113 20.791 20.468 20.145 19.820 19.494 19.166 18.838 18.509 18.178 17.846 17.513 17.179 16.844 16.508 16.171 15.832 15.493 15.152 14.810 14.467 14.123 13.777 13.431 13.083 12.734 12.384 12.032 11.680 11.326 10.971 10.615 10.257  9.898  9.538  9.177  8.814  8.450  8.085  7.718  7.350  6.981  6.610  6.238  5.865  5.491  5.115  4.738  4.360  3.981  3.601  3.220  2.837  2.455  2.071  1.686  1.301  0.915  0.529  0.142 -0.194 -0.558 -0.922 -1.286 -1.651 -2.017 -2.383 
23.703 23.391 23.079 22.765 22.450 22.134 21.817 21.499 21.179 20.859 20.537 20.214 19.890 19.565 19.239 18.911 18.583 18.253 17.922 17.590 17.257 16.922 16.587 16.250 15.913 15.574 15.234 14.893 14.551 14.207 13.863 13.517 13.171 12.823 12.474 12.124 11.773 11.421 11.067 10.713 10.358 10.001  9.644  9.285  8.925  8.565  8.203  7.840  7.476  7.111  6.744  6.376  6.007  5.636  5.264  4.889  4.513  4.135  3.754  3.370  2.984  2.594  2.202  1.806  1.407  1.004  0.599  0.192 -0.195 -0.545 -0.894 -1.242 -1.591 -1.940 -2.289 -2.639 
23.447 23.136 22.823 22.510 22.195 21.879 21.562 21.243 20.924 20.603 20.281 19.958 19.634 19.309 18.983 18.655 18.326 17.996 17.665 17.333 17.000 16.665 16.330 15.993 15.655 15.316 14.975 14.634 14.291 13.947 13.602 13.256 12.908 12.560 12.210 11.859 11.507 11.154 10.799 10.444 10.087  9.729  9.370  9.010  8.649  8.287  7.924  7.560  7.194  6.828  6.461  6.092  5.723  5.353  4.982  4.610  4.238  3.864  3.490  3.115  2.739  2.363  1.986  1.608  1.230  0.851  0.472  0.093 -0.247 -0.624 -1.001 -1.379 -1.757 -2.135 -2.514 -2.894 
23.190 22.878 22.566 22.252 21.937 21.621 21.304 20.985 20.666 20.345 20.023 19.700 19.376 19.051 18.725 18.397 18.068 17.739 17.407 17.075 16.742 16.407 16.072 15.735 15.397 15.058 14.717 14.376 14.033 13.689 13.344 12.997 12.650 12.301 11.951 11.600 11.247 10.893 10.538 10.182  9.825  9.466  9.106  8.744  8.382  8.018  7.653  7.287  6.919  6.550  6.180  5.809  5.437  5.064  4.689  4.314  3.937  3.560  3.182  2.803  2.423  2.042  1.661  1.279  0.896  0.513  0.130 -0.207 -0.573 -0.940 -1.307 -1.675 -2.043 -2.411 -2.780 -3.150 
22.931 22.619 22.306 21.993 21.678 21.362 21.044 20.726 20.406 20.085 19.764 19.440 19.116 18.791 18.464 18.136 17.808 17.477 17.146 16.814 16.480 16.146 15.810 15.473 15.135 14.796 14.455 14.114 13.771 13.427 13.082 12.736 12.389 12.041 11.692 11.341 10.989 10.636 10.282  9.927  9.571  9.213  8.854  8.494  8.133  7.770  7.405  7.040  6.672  6.303  5.933  5.560  5.186  4.810  4.432  4.053  3.671  3.288  2.902  2.515  2.126  1.736  1.344  0.951  0.558  0.163 -0.180 -0.537 -0.895 -1.253 -1.611 -1.969 -2.327 -2.686 -3.046 -3.406 
22.670 22.359 22.046 21.732 21.417 21.101 20.784 20.465 20.146 19.825 19.503 19.180 18.855 18.530 18.203 17.875 17.546 17.216 16.885 16.552 16.218 15.883 15.547 15.210 14.871 14.531 14.191 13.849 13.505 13.161 12.815 12.469 12.121 11.772 11.422 11.070 10.718 10.364 10.009  9.654  9.297  8.939  8.580  8.220  7.859  7.496  7.133  6.769  6.404  6.038  5.671  5.304  4.935  4.565  4.195  3.824  3.452  3.080  2.707  2.333  1.958  1.583  1.207  0.831  0.454  0.077 -0.261 -0.637 -1.014 -1.390 -1.768 -2.145 -2.523 -2.902 -3.281 -3.661 
22.408 22.097 21.784 21.470 21.155 20.839 20.522 20.204 19.884 19.563 19.241 18.918 18.594 18.268 17.941 17.613 17.284 16.954 16.623 16.290 15.956 15.621 15.285 14.948 14.609 14.269 13.928 13.586 13.243 12.898 12.552 12.205 11.857 11.507 11.156 10.804 10.451 10.096  9.741  9.384  9.026  8.666  8.306  7.944  7.581  7.217  6.852  6.485  6.118  5.749  5.379  5.009  4.637  4.265  3.891  3.517  3.142  2.766  2.389  2.012  1.634  1.255  0.876  0.496  0.116 -0.220 -0.587 -0.956 -1.324 -1.693 -2.063 -2.432 -2.803 -3.174 -3.545 -3.917 
22.145 21.833 21.521 21.207 20.892 20.576 20.258 19.940 19.620 19.299 18.977 18.654 18.330 18.004 17.677 17.349 17.020 16.690 16.359 16.026 15.692 15.357 15.021 14.684 14.346 14.006 13.666 13.324 12.981 12.636 12.291 11.944 11.596 11.247 10.897 10.545 10.193  9.839  9.483  9.126  8.768  8.409  8.048  7.686  7.322  6.957  6.590  6.222  5.852  5.481  5.108  4.734  4.359  3.982  3.603  3.224  2.843  2.461  2.077  1.693  1.308  0.922  0.536  0.149 -0.187 -0.547 -0.908 -1.269 -1.631 -1.992 -2.355 -2.717 -3.080 -3.444 -3.808 -4.173 
21.881 21.569 21.257 20.943 20.628 20.312 19.994 19.676 19.356 19.035 18.713 18.389 18.065 17.739 17.412 17.084 16.755 16.424 16.093 15.760 15.426 15.090 14.754 14.416 14.078 13.738 13.397 13.054 12.711 12.366 12.021 11.674 11.326 10.977 10.626 10.275  9.923  9.569  9.215  8.859  8.502  8.145  7.786  7.426  7.066  6.704  6.342  5.978  5.614  5.248  4.882  4.514  4.146  3.776  3.405  3.033  2.658  2.282  1.904  1.524  1.141  0.755  0.367 -0.025 -0.362 -0.723 -1.086 -1.451 -1.819 -2.187 -2.558 -2.930 -3.303 -3.677 -4.052 -4.429 
21.617 21.305 20.993 20.679 20.364 20.048 19.730 19.412 19.092 18.772 18.450 18.127 17.802 17.477 17.151 16.823 16.494 16.164 15.833 15.501 15.168 14.833 14.498 14.162 13.824 13.485 13.146 12.805 12.464 12.121 11.777 11.433 11.087 10.741 10.394 10.046  9.697  9.347  8.997  8.646  8.294  7.942  7.589  7.236  6.882  6.529  6.175  5.821  5.468  5.115  4.763  4.411  4.061  3.713  3.366  3.021  2.678  2.338  2.000  1.664  1.330  0.999  0.669  0.341  0.015 -0.179 -0.306 -0.431 -0.554 -0.677 -0.797 -0.915 -1.032 -1.146 -1.258 -1.369 
21.370 21.058 20.746 20.433 20.118 19.803 19.486 19.169 18.851 18.532 18.211 17.890 17.568 17.245 16.921 16.597 16.271 15.945 15.617 15.289 14.961 14.631 14.301 13.970 13.639 13.307 12.974 12.641 12.307 11.973 11.639 11.304 10.969 10.634 10.299  9.963  9.628  9.292  8.957  8.622  8.287  7.952  7.617  7.283  6.949  6.616  6.283  5.951  5.620  5.289  4.959  4.631  4.304  3.978  3.654  3.332  3.012  2.695  2.381  2.071  1.764  1.461  1.162  0.866  0.574  0.283 -0.005 -0.159 -0.253 -0.345 -0.436 -0.526 -0.615 -0.703 -0.790 -0.875 
21.182 20.871 20.559 20.247 19.934 19.620 19.305 18.990 18.674 18.358 18.041 17.724 17.406 17.087 16.768 16.448 16.128 15.808 15.487 15.165 14.844 14.522 14.199 13.877 13.554 13.231 12.908 12.585 12.261 11.938 11.615 11.292 10.969 10.646 10.323 10.001  9.679  9.357  9.036  8.715  8.395  8.076  7.757  7.439  7.121  6.805  6.489  6.174  5.860  5.547  5.235  4.925  4.615  4.307  4.000  3.694  3.390  3.089  2.790  2.493  2.199  1.909  1.623  1.340  1.061  0.786  0.515  0.246 -0.021 -0.154 -0.232 -0.308 -0.382 -0.457 -0.530 -0.603 
21.075 20.764 20.453 20.141 19.830 19.517 19.205 18.892 18.579 18.266 17.952 17.638 17.325 17.010 16.696 16.382 16.067 15.752 15.437 15.123 14.808 14.493 14.178 13.863 13.548 13.234 12.919 12.605 12.291 11.977 11.663 11.350 11.038 10.725 10.413 10.102  9.791  9.481  9.172  8.863  8.555  8.247  7.941  7.635  7.331  7.027  6.724  6.423  6.122  5.823  5.524  5.227  4.931  4.637  4.343  4.051  3.760  3.470  3.182  2.895  2.610  2.328  2.048  1.772  1.499  1.232  0.969  0.713  0.461  0.213 -0.032 -0.150 -0.220 -0.287 -0.353 -0.419 
21.044 20.733 20.422 20.111 19.800 19.490 19.179 18.868 18.557 18.247 17.936 17.626 17.315 17.005 16.694 16.384 16.074 15.765 15.455 15.146 14.836 14.527 14.219 13.910 13.602 13.295 12.988 12.681 12.374 12.068 11.763 11.458 11.154 10.850 10.547 10.245  9.943  9.642  9.342  9.043  8.744  8.447  8.150  7.855  7.560  7.266  6.974  6.683  6.393  6.104  5.816  5.530  5.244  4.960  4.678  4.397  4.117  3.838  3.561  3.285  3.010  2.737  2.465  2.194  1.924  1.656  1.389  1.123  0.858  0.594  0.331  0.068 -0.073 -0.146 -0.213 -0.274 
21.075 20.765 20.454 20.144 19.834 19.524 19.215 18.906 18.597 18.288 17.980 17.672 17.365 17.057 16.750 16.444 16.138 15.832 15.527 15.222 14.917 14.613 14.309 14.006 13.704 13.402 13.100 12.799 12.499 12.200 11.901 11.602 11.305 11.008 10.712 10.417 10.122  9.829  9.536  9.244  8.953  8.663  8.374  8.087  7.800  7.514  7.230  6.946  6.664  6.384  6.104  5.826  5.549  5.273  4.999  4.726  4.455  4.184  3.916  3.649  3.383  3.119  2.856  2.594  2.334  2.075  1.818  1.561  1.306  1.052  0.799  0.548  0.297  0.047 -0.084 -0.144 
21.158 20.847 20.537 20.227 19.918 19.609 19.301 18.993 18.686 18.379 18.073 17.767 17.462 17.157 16.852 16.549 16.246 15.943 15.641 15.340 15.039 14.739 14.439 14.140 13.842 13.544 13.248 12.951 12.656 12.361 12.068 11.775 11.483 11.191 10.901 10.611 10.323 10.035  9.748  9.463  9.178  8.895  8.613  8.331  8.052  7.773  7.496  7.220  6.945  6.673  6.401  6.132  5.864  5.598  5.333  5.071  4.811  4.553  4.296  4.042  3.791  3.541  3.294  3.049  2.806  2.565  2.326  2.090  1.855  1.622  1.390  1.160  0.931  0.704  0.476  0.250 
21.282 20.971 20.662 20.352 20.044 19.736 19.428 19.122 18.816 18.510 18.206 17.902 17.599 17.296 16.994 16.693 16.393 16.093 15.794 15.496 15.199 14.902 14.606 14.311 14.017 13.724 13.432 13.140 12.849 12.560 12.271 11.983 11.696 11.410 11.125 10.842 10.559 10.277  9.996  9.716  9.437  9.160  8.883  8.607  8.333  8.059  7.787  7.516  7.246  6.977  6.709  6.442  6.176  5.911  5.647  5.384  5.122  4.861  4.601  4.341  4.083  3.825  3.568  3.312  3.057  2.802  2.548  2.295  2.041  1.789  1.537  1.285  1.033  0.782  0.531  0.280 
21.443 21.132 20.822 20.513 20.205 19.898 19.591 19.285 18.980 18.676 18.372 18.070 17.768 17.467 17.166 16.867 16.568 16.270 15.973 15.676 15.381 15.086 14.792 14.499 14.207 13.916 13.625 13.335 13.046 12.758 12.471 12.185 11.899 11.614 11.331 11.048 10.765 10.484 10.203  9.924  9.645  9.367  9.090  8.813  8.537  8.263  7.988  7.715  7.442  7.171  6.899  6.629  6.359  6.090  5.822  5.554  5.287  5.020  4.754  4.488  4.223  3.959  3.695  3.431  3.168  2.905  2.643  2.381  2.119  1.857  1.596  1.335  1.074  0.813  0.553  0.292 
21.619 21.309 20.999 20.690 20.382 20.075 19.768 19.462 19.157 18.853 18.550 18.247 17.946 17.645 17.345 17.045 16.747 16.449 16.152 15.855 15.560 15.265 14.971 14.678 14.386 14.094 13.803 13.513 13.224 12.935 12.648 12.360 12.074 11.788 11.504 11.219 10.936 10.653 10.371 10.090  9.809  9.529  9.249  8.971  8.693  8.415  8.138  7.862  7.586  7.311  7.036  6.762  6.489  6.216  5.943  5.671  5.400  5.128  4.858  4.587  4.317  4.048  3.779  3.510  3.241  2.973  2.705  2.437  2.169  1.902  1.634  1.367  1.100  0.833  0.566  0.300 
21.794 21.484 21.174 20.865 20.557 20.249 19.943 19.637 19.331 19.027 18.723 18.420 18.118 17.817 17.516 17.216 16.917 16.619 16.321 16.024 15.728 15.432 15.138 14.843 14.550 14.257 13.965 13.674 13.384 13.094 12.804 12.516 12.228 11.940 11.654 11.368 11.082 10.798 10.513 10.230  9.947  9.664  9.382  9.101  8.820  8.540  8.260  7.981  7.702  7.424  7.146  6.869  6.592  6.315  6.039  5.763  5.488  5.213  4.938  4.664  4.390  4.116  3.843  3.570  3.297  3.024  2.752  2.479  2.207  1.935  1.663  1.392  1.120  0.848  0.577  0.305 
21.959 21.649 21.339 21.030 20.722 20.414 20.107 19.801 19.495 19.190 18.886 18.583 18.280 17.978 17.677 17.376 17.076 16.777 16.478 16.180 15.883 15.586 15.290 14.995 14.700 14.406 14.113 13.820 13.528 13.236 12.945 12.655 12.365 12.076 11.787 11.499 11.212 10.925 10.638 10.352 10.067  9.782  9.498  9.214  8.931  8.648  8.365  8.083  7.802  7.520  7.240  6.959  6.679  6.399  6.120  5.841  5.562  5.284  5.006  4.728  4.451  4.174  3.897  3.620  3.343  3.067  2.791  2.515  2.239  1.963  1.687  1.412  1.136  0.861  0.585  0.310 
22.113 21.802 21.492 21.183 20.874 20.566 20.259 19.952 19.646 19.341 19.036 18.732 18.429 18.126 17.824 17.522 17.222 16.921 16.622 16.323 16.024 15.726 15.429 15.133 14.837 14.541 14.246 13.952 13.658 13.365 13.072 12.780 12.489 12.198 11.907 11.617 11.328 11.039 10.750 10.462 10.174  9.887  9.601  9.314  9.029  8.743  8.458  8.173  7.889  7.605  7.322  7.039  6.756  6.473  6.191  5.909  5.628  5.346  5.065  4.784  4.504  4.223  3.943  3.663  3.384  3.104  2.824  2.545  2.266  1.987  1.708  1.429  1.150  0.872  0.593  0.314 
22.253 21.942 21.632 21.323 21.014 20.706 20.398 20.091 19.785 19.479 19.174 18.869 18.565 18.262 17.959 17.657 17.355 17.054 16.753 16.453 16.153 15.854 15.556 15.258 14.961 14.664 14.368 14.072 13.777 13.482 13.188 12.894 12.601 12.308 12.016 11.724 11.432 11.142 10.851 10.561 10.271  9.982  9.693  9.405  9.117  8.829  8.542  8.255  7.968  7.682  7.396  7.110  6.825  6.539  6.255  5.970  5.686  5.402  5.118  4.834  4.551  4.268  3.985  3.702  3.419  3.137  2.855  2.572  2.290  2.008  1.726  1.445  1.163  0.881  0.599  0.318 
22.381 22.070 21.760 21.451 21.142 20.833 20.525 20.218 19.911 19.605 19.299 18.994 18.689 18.385 18.082 17.779 17.476 17.174 16.873 16.572 16.271 15.971 15.672 15.372 15.074 14.776 14.478 14.181 13.885 13.588 13.293 12.997 12.703 12.408 12.114 11.821 11.527 11.235 10.942 10.650 10.359 10.068  9.777  9.486  9.196  8.906  8.617  8.328  8.039  7.750  7.462  7.174  6.886  6.599  6.312  6.025  5.738  5.452  5.165  4.879  4.594  4.308  4.022  3.737  3.452  3.167  2.882  2.597  2.312  2.028  1.743  1.458  1.174  0.890  0.605  0.321 
22.498 22.187 21.877 21.567 21.258 20.949 20.641 20.334 20.026 19.720 19.414 19.108 18.803 18.498 18.194 17.890 17.587 17.284 16.981 16.679 16.378 16.077 15.777 15.476 15.177 14.878 14.579 14.280 13.983 13.685 13.388 13.091 12.795 12.499 12.204 11.908 11.614 11.319 11.025 10.732 10.438 10.145  9.853  9.560  9.268  8.977  8.685  8.394  8.103  7.813  7.522  7.232  6.943  6.653  6.364  6.075  5.786  5.497  5.208  4.920  4.632  4.344  4.056  3.769  3.481  3.194  2.906  2.619  2.332  2.045  1.758  1.471  1.184  0.897  0.611  0.324 
22.604 22.293 21.983 21.673 21.364 21.055 20.747 20.439 20.131 19.824 19.518 19.211 18.906 18.600 18.295 17.991 17.687 17.384 17.080 16.778 16.475 16.173 15.872 15.571 15.270 14.970 14.670 14.371 14.072 13.773 13.475 13.177 12.879 12.582 12.285 11.988 11.692 11.396 11.101 10.805 10.510 10.216  9.922  9.628  9.334  9.040  8.747  8.454  8.162  7.869  7.577  7.285  6.993  6.702  6.411  6.120  5.829  5.538  5.247  4.957  4.667  4.377  4.087  3.797  3.507  3.218  2.928  2.639  2.350  2.061  1.771  1.482  1.193  0.904  0.615  0.326 
22.700 22.390 22.079 21.770 21.460 21.151 20.842 20.534 20.226 19.919 19.612 19.305 18.999 18.693 18.388 18.083 17.778 17.474 17.170 16.867 16.564 16.261 15.959 15.657 15.355 15.054 14.753 14.453 14.153 13.853 13.553 13.254 12.955 12.657 12.359 12.061 11.763 11.466 11.169 10.872 10.576 10.280  9.984  9.689  9.393  9.098  8.804  8.509  8.215  7.921  7.627  7.333  7.040  6.746  6.453  6.160  5.868  5.575  5.283  4.991  4.698  4.407  4.115  3.823  3.531  3.240  2.948  2.657  2.366  2.075  1.784  1.493  1.202  0.911  0.620  0.329 
22.788 22.477 22.167 21.857 21.548 21.238 20.930 20.621 20.313 20.005 19.698 19.391 19.084 18.778 18.472 18.167 17.862 17.557 17.252 16.948 16.644 16.341 16.038 15.735 15.433 15.131 14.829 14.527 14.226 13.925 13.625 13.325 13.025 12.725 12.426 12.127 11.828 11.530 11.231 10.933 10.636 10.338 10.041  9.744  9.447  9.151  8.855  8.559  8.263  7.967  7.672  7.377  7.082  6.787  6.492  6.198  5.903  5.609  5.315  5.021  4.727  4.434  4.140  3.847  3.553  3.260  2.967  2.674  2.381  2.088  1.795  1.502  1.209  0.916  0.623  0.331 
22.868 22.557 22.247 21.937 21.627 21.318 21.009 20.700 20.392 20.084 19.776 19.469 19.162 18.855 18.549 18.243 17.937 17.632 17.327 17.022 16.718 16.413 16.110 15.806 15.503 15.200 14.897 14.595 14.293 13.991 13.690 13.389 13.088 12.787 12.487 12.187 11.887 11.587 11.288 10.989 10.690 10.391 10.093  9.795  9.497  9.199  8.901  8.604  8.307  8.010  7.713  7.416  7.120  6.823  6.527  6.231  5.935  5.640  5.344  5.049  4.753  4.458  4.163  3.868  3.573  3.278  2.983  2.689  2.394  2.099  1.805  1.510  1.216  0.921  0.627  0.333 
22.941 22.630 22.320 22.009 21.700 21.390 21.081 20.772 20.464 20.155 19.847 19.540 19.232 18.925 18.618 18.312 18.006 17.700 17.394 17.089 16.784 16.479 16.175 15.871 15.567 15.263 14.960 14.657 14.354 14.051 13.749 13.447 13.145 12.844 12.542 12.241 11.940 11.640 11.339 11.039 10.739 10.439 10.140  9.840  9.541  9.242  8.944  8.645  8.347  8.048  7.750  7.452  7.154  6.857  6.559  6.262  5.965  5.668  5.371  5.074  4.777  4.480  4.184  3.887  3.591  3.295  2.998  2.702  2.406  2.110  1.814  1.518  1.222  0.926  0.630  0.334 
23.007 22.696 22.385 22.075 21.765 21.456 21.146 20.837 20.529 20.220 19.912 19.604 19.296 18.989 18.682 18.375 18.068 17.762 17.456 17.150 16.845 16.539 16.234 15.929 15.625 15.321 15.017 14.713 14.409 14.106 13.803 13.500 13.197 12.895 12.593 12.291 11.989 11.687 11.386 11.085 10.784 10.483 10.183  9.882  9.582  9.282  8.982  8.682  8.383  8.083  7.784  7.485  7.186  6.887  6.588  6.290  5.991  5.693  5.395  5.097  4.799  4.501  4.203  3.905  3.607  3.310  3.012  2.715  2.417  2.120  1.822  1.525  1.228  0.930  0.633  0.336 
23.067 22.756 22.445 22.135 21.825 21.516 21.206 20.897 20.588 20.279 19.971 19.662 19.354 19.047 18.739 18.432 18.125 17.818 17.512 17.206 16.900 16.594 16.288 15.983 15.678 15.373 15.068 14.764 14.460 14.156 13.852 13.548 13.245 12.942 12.639 12.336 12.033 11.731 11.429 11.127 10.825 10.523 10.221  9.920  9.619  9.318  9.017  8.716  8.416  8.115  7.815  7.515  7.215  6.915  6.615  6.315  6.016  5.716  5.417  5.117  4.818  4.519  4.220  3.921  3.622  3.323  3.025  2.726  2.427  2.128  1.830  1.531  1.233  0.934  0.636  0.337 
23.121 22.811 22.500 22.190 21.880 21.570 21.260 20.951 20.642 20.333 20.024 19.716 19.407 19.099 18.792 18.484 18.177 17.870 17.563 17.256 16.950 16.643 16.337 16.031 15.726 15.420 15.115 14.810 14.505 14.201 13.896 13.592 13.288 12.984 12.680 12.377 12.073 11.770 11.467 11.164 10.862 10.559 10.257  9.955  9.653  9.351  9.049  8.747  8.446  8.144  7.843  7.542  7.241  6.940  6.639  6.338  6.038  5.737  5.437  5.136  4.836  4.536  4.236  3.936  3.636  3.336  3.036  2.736  2.436  2.137  1.837  1.537  1.237  0.938  0.638  0.339 
23.171 22.860 22.550 22.239 21.929 21.619 21.309 21.000 20.691 20.382 20.073 19.764 19.455 19.147 18.839 18.531 18.224 17.916 17.609 17.302 16.995 16.688 16.382 16.076 15.769 15.463 15.158 14.852 14.547 14.242 13.937 13.632 13.327 13.023 12.718 12.414 12.110 11.806 11.502 11.199 10.895 10.592 10.289  9.986  9.683  9.380  9.078  8.775  8.473  8.171  7.868  7.566  7.264  6.963  6.661  6.359  6.058  5.756  5.455  5.154  4.852  4.551  4.250  3.949  3.648  3.347  3.046  2.745  2.445  2.144  1.843  1.542  1.242  0.941  0.640  0.340 
23.216 22.905 22.595 22.284 21.974 21.664 21.354 21.045 20.735 20.426 20.117 19.808 19.499 19.191 18.882 18.574 18.266 17.959 17.651 17.344 17.036 16.729 16.422 16.116 15.809 15.503 15.197 14.890 14.585 14.279 13.973 13.668 13.363 13.058 12.753 12.448 12.143 11.839 11.534 11.230 10.926 10.622 10.318 10.014  9.711  9.407  9.104  8.801  8.498  8.195  7.892  7.589  7.286  6.983  6.681  6.378  6.076  5.774  5.471  5.169  4.867  4.565  4.263  3.961  3.659  3.357  3.056  2.754  2.452  2.150  1.849  1.547  1.246  0.944  0.642  0.341 
23.257 22.946 22.636 22.325 22.015 21.705 21.395 21.085 20.776 20.466 20.157 19.848 19.539 19.230 18.922 18.613 18.305 17.997 17.689 17.381 17.074 16.766 16.459 16.152 15.845 15.538 15.232 14.925 14.619 14.313 14.007 13.701 13.395 13.089 12.784 12.479 12.173 11.868 11.563 11.258 10.954 10.649 10.345 10.040  9.736  9.432  9.128  8.824  8.520  8.216  7.913  7.609  7.306  7.002  6.699  6.396  6.092  5.789  5.486  5.183  4.880  4.578  4.275  3.972  3.669  3.367  3.064  2.761  2.459  2.156  1.854  1.551  1.249  0.947  0.644  0.342 
23.294 22.984 22.673 22.362 22.052 21.742 21.432 21.122 20.812 20.503 20.193 19.884 19.575 19.266 18.957 18.649 18.340 18.032 17.724 17.416 17.108 16.800 16.493 16.185 15.878 15.571 15.264 14.957 14.650 14.344 14.037 13.731 13.425 13.118 12.812 12.507 12.201 11.895 11.590 11.284 10.979 10.674 10.369 10.064  9.759  9.454  9.150  8.845  8.541  8.236  7.932  7.628  7.323  7.019  6.715  6.411  6.107  5.804  5.500  5.196  4.893  4.589  4.286  3.982  3.679  3.375  3.072  2.768  2.465  2.162  1.859  1.555  1.252  0.949  0.646  0.343 
23.328 23.017 22.707 22.396 22.086 21.776 21.466 21.156 20.846 20.536 20.227 19.917 19.608 19.299 18.990 18.681 18.372 18.064 17.755 17.447 17.139 16.831 16.523 16.215 15.908 15.600 15.293 14.986 14.679 14.372 14.065 13.758 13.451 13.145 12.838 12.532 12.226 11.920 11.614 11.308 11.002 10.696 10.391 10.085  9.780  9.475  9.169  8.864  8.559  8.254  7.949  7.644  7.340  7.035  6.730  6.426  6.121  5.817  5.512  5.208  4.904  4.599  4.295  3.991  3.687  3.383  3.079  2.775  2.471  2.167  1.863  1.559  1.255  0.951  0.647  0.343 
23.359 23.048 22.738 22.427 22.117 21.806 21.496 21.186 20.876 20.566 20.257 19.947 19.638 19.329 19.019 18.710 18.402 18.093 17.784 17.476 17.167 16.859 16.551 16.243 15.935 15.627 15.319 15.012 14.704 14.397 14.090 13.783 13.476 13.169 12.862 12.555 12.249 11.942 11.636 11.329 11.023 10.717 10.411 10.105  9.799  9.493  9.187  8.882  8.576  8.270  7.965  7.660  7.354  7.049  6.744  6.439  6.134  5.829  5.524  5.219  4.914  4.609  4.304  3.999  3.695  3.390  3.085  2.781  2.476  2.171  1.867  1.562  1.258  0.953  0.649  0.344 
23.387 23.076 22.766 22.455 22.144 21.834 21.524 21.214 20.904 20.594 20.284 19.975 19.665 19.356 19.046 18.737 18.428 18.119 17.810 17.502 17.193 16.884 16.576 16.268 15.960 15.651 15.344 15.036 14.728 14.420 14.113 13.805 13.498 13.190 12.883 12.576 12.269 11.962 11.655 11.349 11.042 10.735 10.429 10.122  9.816  9.510  9.204  8.897  8.591  8.285  7.979  7.674  7.368  7.062  6.756  6.451  6.145  5.839  5.534  5.228  4.923  4.618  4.312  4.007  3.702  3.396  3.091  2.786  2.481  2.175  1.870  1.565  1.260  0.955  0.650  0.345 
23.413 23.102 22.791 22.480 22.170 21.859 21.549 21.239 20.929 20.619 20.309 19.999 19.690 19.380 19.071 18.761 18.452 18.143 17.834 17.525 17.216 16.908 16.599 16.290 15.982 15.674 15.365 15.057 14.749 14.441 14.133 13.826 13.518 13.210 12.903 12.595 12.288 11.981 11.673 11.366 11.059 10.752 10.445 10.139  9.832  9.525  9.218  8.912  8.605  8.299  7.992  7.686  7.380  7.074  6.767  6.461  6.155  5.849  5.543  5.237  4.931  4.625  4.319  4.014  3.708  3.402  3.096  2.791  2.485  2.179  1.874  1.568  1.262  0.957  0.651  0.345 
23.436 23.125 22.814 22.503 22.193 21.882 21.572 21.262 20.952 20.642 20.332 20.022 19.712 19.402 19.093 18.783 18.474 18.165 17.856 17.547 17.237 16.929 16.620 16.311 16.002 15.694 15.385 15.077 14.769 14.460 14.152 13.844 13.536 13.228 12.920 12.613 12.305 11.997 11.690 11.382 11.075 10.768 10.460 10.153  9.846  9.539  9.232  8.925  8.618  8.311  8.004  7.698  7.391  7.084  6.778  6.471  6.165  5.858  5.552  5.245  4.939  4.632  4.326  4.020  3.714  3.407  3.101  2.795  2.489  2.183  1.876  1.570  1.264  0.958  0.652  0.346 
23.457 23.146 22.835 22.524 22.214 21.903 21.593 21.283 20.973 20.662 20.352 20.042 19.733 19.423 19.113 18.804 18.494 18.185 17.875 17.566 17.257 16.948 16.639 16.330 16.021 15.712 15.403 15.095 14.786 14.478 14.169 13.861 13.553 13.245 12.937 12.628 12.320 12.013 11.705 11.397 11.089 10.782 10.474 10.166  9.859  9.552  9.244  8.937  8.630  8.322  8.015  7.708  7.401  7.094  6.787  6.480  6.173  5.866  5.559  5.253  4.946  4.639  4.332  4.026  3.719  3.412  3.106  2.799  2.492  2.186  1.879  1.573  1.266  0.960  0.653  0.346 
23.475 23.164 22.854 22.543 22.232 21.922 21.611 21.301 20.990 20.680 20.369 20.059 19.748 19.438 19.127 18.817 18.506 18.195 17.884 17.573 17.262 16.951 16.639 16.327 16.015 15.702 15.388 15.074 14.760 14.444 14.128 13.811 13.492 13.173 12.852 12.529 12.205 11.879 11.551 11.221 10.889 10.554 10.217  9.876  9.533  9.186  8.836  8.482  8.125  7.763  7.398  7.028  6.654  6.275  5.893  5.505  5.114  4.717  4.317  3.913  3.504  3.091  2.675  2.256  1.833  1.408  0.981  0.551  0.119 -0.305 -0.784 -1.262 -1.738 -2.212 -2.683 -3.150 
23.438 23.127 22.815 22.503 22.191 21.878 21.564 21.250 20.935 20.620 20.305 19.988 19.671 19.353 19.035 18.716 18.396 18.075 17.754 17.431 17.108 16.783 16.458 16.131 15.804 15.475 15.145 14.813 14.480 14.146 13.811 13.473 13.135 12.795 12.453 12.110 11.765 11.418 11.070 10.720 10.368 10.015  9.660  9.303  8.945  8.585  8.224  7.861  7.497  7.132  6.765  6.397  6.028  5.658  5.288  4.916  4.544  4.171  3.797  3.424  3.049  2.675  2.300  1.926  1.551  1.176  0.802  0.427  0.053 -0.205 -0.404 -0.602 -0.797 -0.989 -1.176 -1.360 
23.278 22.967 22.655 22.342 22.028 21.713 21.397 21.081 20.763 20.445 20.126 19.806 19.485 19.163 18.840 18.516 18.191 17.866 17.539 17.212 16.883 16.554 16.224 15.892 15.560 15.227 14.893 14.558 14.222 13.885 13.548 13.209 12.870 12.530 12.189 11.847 11.505 11.162 10.818 10.474 10.130  9.785  9.439  9.093  8.747  8.401  8.055  7.709  7.364  7.018  6.673  6.329  5.985  5.643  5.301  4.961  4.621  4.284  3.947  3.613  3.280  2.949  2.620  2.293  1.967  1.644  1.323  1.004  0.687  0.371  0.057 -0.085 -0.107 -0.105  0.028  0.430 
23.084 22.773 22.461 22.148 21.834 21.520 21.204 20.888 20.572 20.254 19.936 19.617 19.297 18.977 18.656 18.334 18.012 17.689 17.365 17.041 16.717 16.392 16.067 15.741 15.415 15.089 14.763 14.437 14.110 13.784 13.458 13.133 12.808 12.484 12.160 11.837 11.516 11.195 10.876 10.559 10.243  9.930  9.619  9.310  9.004  8.701  8.401  8.105  7.813  7.525  7.241  6.961  6.687  6.418  6.154  5.896  5.644  5.398  5.158  4.926  4.700  4.481  4.269  4.065  3.868  3.678  3.497  3.323  3.157  2.999  2.850  2.708  2.574  2.448  2.330  2.220 
22.966 22.655 22.344 22.033 21.722 21.410 21.099 20.787 20.475 20.163 19.852 19.540 19.228 18.917 18.605 18.294 17.983 17.673 17.363 17.053 16.744 16.436 16.128 15.821 15.515 15.210 14.906 14.603 14.302 14.002 13.703 13.406 13.111 12.817 12.525 12.236 11.949 11.664 11.381 11.102 10.825 10.551 10.279 10.012  9.747  9.486  9.228  8.975  8.725  8.479  8.238  8.001  7.768  7.540  7.317  7.099  6.886  6.678  6.476  6.279  6.088  5.903  5.724  5.551  5.385  5.225  5.071  4.925  4.785  4.652  4.526  4.408  4.297  4.193  4.098  4.010 
23.029 22.718 22.408 22.099 21.791 21.483 21.176 20.870 20.565 20.260 19.956 19.653 19.351 19.050 18.750 18.451 18.153 17.857 17.561 17.267 16.974 16.682 16.392 16.104 15.817 15.532 15.248 14.966 14.687 14.409 14.134 13.860 13.589 13.321 13.055 12.791 12.531 12.273 12.018 11.766 11.517 11.272 11.030 10.791 10.556 10.325 10.098  9.875  9.656  9.441  9.231  9.025  8.824  8.628  8.436  8.250  8.069  7.893  7.723  7.558  7.399  7.246  7.099  6.958  6.824  6.696  6.574  6.459  6.351  6.251  6.157  6.070  5.991  5.920  5.856  5.800 
23.269 22.959 22.650 22.343 22.037 21.733 21.430 21.128 20.828 20.530 20.233 19.938 19.644 19.352 19.061 18.773 18.486 18.200 17.917 17.636 17.356 17.078 16.803 16.529 16.257 15.988 15.721 15.456 15.194 14.933 14.676 14.420 14.168 13.918 13.670 13.425 13.183 12.944 12.707 12.473 12.243 12.015 11.790 11.567 11.348 11.132 10.919 10.709 10.501 10.297 10.096  9.897  9.702  9.509  9.319  9.131  8.947  8.764  8.585  8.408  8.233  8.060  7.889  7.721  7.554  7.389  7.225  7.063  6.902  6.743  6.584  6.426  6.269  6.112  5.956  5.800 
23.647 23.337 23.029 22.723 22.418 22.116 21.815 21.517 21.220 20.925 20.632 20.341 20.052 19.765 19.480 19.197 18.916 18.637 18.360 18.085 17.812 17.541 17.272 17.005 16.741 16.478 16.217 15.959 15.703 15.449 15.197 14.947 14.700 14.454 14.211 13.970 13.731 13.495 13.260 13.028 12.798 12.569 12.343 12.120 11.898 11.678 11.460 11.244 11.031 10.819 10.609 10.401 10.194  9.990  9.787  9.586  9.386  9.188  8.991  8.796  8.602  8.409  8.218  8.027  7.838  7.650  7.462  7.275  7.089  6.904  6.719  6.535  6.351  6.167  5.983  5.800 
24.084 23.774 23.466 23.160 22.856 22.555 22.255 21.957 21.661 21.367 21.075 20.785 20.497 20.211 19.926 19.644 19.364 19.086 18.810 18.536 18.264 17.993 17.725 17.459 17.194 16.932 16.671 16.413 16.156 15.901 15.648 15.397 15.148 14.901 14.656 14.412 14.170 13.930 13.692 13.456 13.221 12.988 12.756 12.527 12.298 12.072 11.847 11.623 11.401 11.181 10.962 10.744 10.527 10.312 10.098  9.885  9.674  9.463  9.254  9.045  8.838  8.631  8.425  8.220  8.016  7.812  7.609  7.407  7.205  7.003  6.802  6.601  6.401  6.200  6.000  5.800 
24.524 24.214 23.906 23.600 23.295 22.993 22.693 22.394 22.098 21.803 21.511 21.220 20.931 20.644 20.359 20.076 19.794 19.515 19.237 18.961 18.687 18.415 18.145 17.876 17.609 17.344 17.081 16.819 16.560 16.302 16.045 15.790 15.537 15.286 15.036 14.788 14.541 14.296 14.052 13.810 13.569 13.330 13.092 12.856 12.621 12.387 12.154 11.923 11.693 11.464 11.237 11.010 10.785 10.560 10.337 10.114  9.893  9.672  9.452  9.233  9.015  8.797  8.580  8.364  8.148  7.933  7.719  7.504  7.290  7.077  6.864  6.651  6.438  6.225  6.013  5.800 
24.940 24.630 24.322 24.016 23.711 23.408 23.107 22.808 22.510 22.215 21.921 21.629 21.338 21.049 20.763 20.477 20.194 19.912 19.632 19.354 19.077 18.802 18.529 18.257 17.987 17.718 17.451 17.186 16.922 16.660 16.399 16.140 15.882 15.626 15.371 15.118 14.865 14.615 14.365 14.117 13.871 13.625 13.381 13.138 12.896 12.655 12.416 12.177 11.940 11.703 11.468 11.233 11.000 10.767 10.535 10.304 10.074  9.845  9.616  9.388  9.161  8.934  8.708  8.482  8.257  8.032  7.808  7.584  7.360  7.137  6.913  6.691  6.468  6.245  6.023  5.800 
25.325 25.015 24.707 24.400 24.095 23.791 23.490 23.189 22.891 22.594 22.298 22.005 21.713 21.422 21.133 20.846 20.560 20.276 19.993 19.712 19.433 19.155 18.878 18.603 18.329 18.057 17.787 17.517 17.249 16.983 16.718 16.454 16.192 15.931 15.671 15.412 15.155 14.899 14.644 14.390 14.138 13.886 13.636 13.387 13.139 12.891 12.645 12.400 12.156 11.912 11.670 11.428 11.187 10.947 10.708 10.470 10.232  9.995  9.758  9.522  9.287  9.052  8.818  8.584  8.350  8.117  7.884  7.652  7.420  7.188  6.956  6.725  6.493  6.262  6.031  5.800 
25.677 25.367 25.059 24.752 24.446 24.142 23.839 23.538 23.238 22.940 22.643 22.348 22.054 21.762 21.471 21.182 20.894 20.607 20.322 20.038 19.756 19.475 19.195 18.917 18.640 18.364 18.090 17.817 17.545 17.275 17.006 16.738 16.471 16.205 15.941 15.677 15.415 15.154 14.894 14.635 14.377 14.120 13.864 13.609 13.355 13.102 12.850 12.599 12.348 12.099 11.850 11.602 11.354 11.108 10.862 10.616 10.372 10.128  9.884  9.641  9.399  9.157  8.915  8.674  8.433  8.192  7.952  7.712  7.473  7.233  6.994  6.755  6.516  6.277  6.039  5.800 
25.998 25.688 25.379 25.071 24.765 24.461 24.157 23.855 23.555 23.255 22.957 22.661 22.365 22.071 21.778 21.487 21.197 20.908 20.621 20.334 20.049 19.766 19.483 19.202 18.922 18.643 18.365 18.089 17.814 17.539 17.266 16.994 16.723 16.454 16.185 15.917 15.650 15.385 15.120 14.856 14.593 14.331 14.070 13.810 13.551 13.292 13.035 12.778 12.522 12.266 12.012 11.758 11.505 11.252 11.000 10.748 10.497 10.247  9.997  9.748  9.499  9.250  9.002  8.754  8.507  8.260  8.013  7.767  7.520  7.274  7.028  6.782  6.537  6.291  6.046  5.800 
26.289 25.979 25.670 25.362 25.056 24.750 24.446 24.143 23.842 23.541 23.242 22.944 22.647 22.352 22.057 21.764 21.472 21.181 20.892 20.603 20.316 20.029 19.744 19.460 19.177 18.896 18.615 18.335 18.056 17.779 17.502 17.227 16.952 16.678 16.406 16.134 15.863 15.593 15.324 15.056 14.789 14.522 14.257 13.992 13.728 13.464 13.202 12.940 12.679 12.418 12.158 11.899 11.640 11.382 11.124 10.867 10.611 10.355 10.099  9.844  9.589  9.335  9.081  8.827  8.574  8.321  8.068  7.815  7.563  7.311  7.059  6.807  6.555  6.303  6.052  5.800 
26.553 26.243 25.934 25.626 25.319 25.013 24.708 24.405 24.102 23.801 23.500 23.201 22.903 22.606 22.310 22.015 21.722 21.429 21.137 20.847 20.557 20.269 19.981 19.695 19.409 19.124 18.841 18.558 18.277 17.996 17.716 17.437 17.159 16.882 16.606 16.331 16.056 15.782 15.509 15.237 14.966 14.695 14.425 14.156 13.888 13.620 13.353 13.086 12.820 12.555 12.290 12.026 11.763 11.500 11.237 10.975 10.713 10.452 10.191  9.931  9.671  9.411  9.152  8.893  8.634  8.376  8.118  7.860  7.602  7.344  7.086  6.829  6.572  6.314  6.057  5.800 
26.793 26.482 26.173 25.865 25.557 25.251 24.946 24.642 24.338 24.036 23.735 23.434 23.135 22.837 22.540 22.243 21.948 21.654 21.360 21.068 20.776 20.485 20.196 19.907 19.619 19.332 19.046 18.761 18.476 18.193 17.910 17.628 17.347 17.067 16.787 16.509 16.231 15.953 15.677 15.401 15.126 14.852 14.578 14.305 14.033 13.761 13.490 13.219 12.949 12.679 12.410 12.142 11.874 11.606 11.339 11.073 10.806 10.541 10.275 10.010  9.745  9.481  9.217  8.953  8.689  8.426  8.163  7.900  7.637  7.374  7.112  6.849  6.587  6.324  6.062  5.800 
27.010 26.700 26.390 26.081 25.774 25.467 25.161 24.856 24.552 24.249 23.947 23.646 23.346 23.046 22.748 22.450 22.153 21.857 21.562 21.268 20.974 20.682 20.390 20.099 19.809 19.520 19.232 18.944 18.657 18.371 18.086 17.801 17.517 17.234 16.952 16.670 16.389 16.109 15.829 15.550 15.272 14.994 14.717 14.440 14.164 13.888 13.614 13.339 13.065 12.792 12.519 12.246 11.974 11.703 11.432 11.161 10.891 10.621 10.351 10.081  9.812  9.544  9.275  9.007  8.739  8.471  8.203  7.936  7.668  7.401  7.134  6.867  6.600  6.334  6.067  5.800 
27.207 26.896 26.587 26.278 25.970 25.663 25.357 25.051 24.747 24.443 24.140 23.838 23.536 23.236 22.936 22.637 22.339 22.042 21.745 21.449 21.154 20.860 20.567 20.274 19.982 19.691 19.400 19.110 18.821 18.533 18.245 17.958 17.672 17.386 17.101 16.816 16.533 16.249 15.967 15.685 15.403 15.122 14.842 14.562 14.283 14.004 13.726 13.448 13.171 12.894 12.617 12.341 12.066 11.790 11.516 11.241 10.967 10.693 10.419 10.146  9.873  9.601  9.328  9.056  8.784  8.512  8.240  7.969  7.697  7.426  7.155  6.884  6.613  6.342  6.071  5.800 
27.385 27.075 26.765 26.456 26.148 25.840 25.534 25.228 24.923 24.618 24.314 24.011 23.709 23.408 23.107 22.807 22.508 22.209 21.911 21.614 21.317 21.022 20.726 20.432 20.138 19.845 19.553 19.261 18.970 18.679 18.389 18.100 17.812 17.523 17.236 16.949 16.663 16.377 16.092 15.807 15.523 15.239 14.956 14.673 14.391 14.109 13.828 13.547 13.266 12.986 12.707 12.427 12.148 11.870 11.592 11.314 11.036 10.759 10.482 10.205  9.928  9.652  9.376  9.100  8.824  8.549  8.274  7.998  7.723  7.448  7.173  6.899  6.624  6.349  6.075  5.800 
27.547 27.237 26.927 26.618 26.309 26.001 25.694 25.388 25.082 24.777 24.473 24.169 23.866 23.563 23.262 22.961 22.660 22.361 22.061 21.763 21.465 21.168 20.871 20.575 20.280 19.985 19.691 19.398 19.105 18.812 18.520 18.229 17.938 17.648 17.358 17.069 16.781 16.493 16.205 15.918 15.631 15.345 15.059 14.774 14.489 14.204 13.920 13.636 13.353 13.070 12.788 12.505 12.223 11.942 11.660 11.379 11.099 10.818 10.538 10.258  9.978  9.699  9.420  9.140  8.861  8.583  8.304  8.025  7.747  7.469  7.190  6.912  6.634  6.356  6.078  5.800 
27.694 27.383 27.073 26.764 26.455 26.147 25.840 25.533 25.227 24.921 24.616 24.312 24.008 23.705 23.402 23.100 22.799 22.498 22.198 21.898 21.599 21.301 21.003 20.705 20.409 20.112 19.817 19.521 19.227 18.933 18.639 18.346 18.053 17.761 17.469 17.178 16.888 16.597 16.308 16.018 15.729 15.441 15.152 14.865 14.577 14.290 14.004 13.718 13.432 13.146 12.861 12.576 12.291 12.007 11.723 11.439 11.156 10.872 10.589 10.306 10.024  9.741  9.459  9.177  8.895  8.613  8.331  8.050  7.768  7.487  7.206  6.925  6.643  6.362  6.081  5.800 
27.827 27.516 27.206 26.897 26.588 26.279 25.972 25.664 25.358 25.052 24.746 24.441 24.137 23.833 23.529 23.227 22.924 22.623 22.321 22.021 21.721 21.421 21.122 20.823 20.525 20.227 19.930 19.634 19.338 19.042 18.747 18.452 18.157 17.864 17.570 17.277 16.985 16.692 16.401 16.109 15.818 15.528 15.237 14.947 14.658 14.369 14.080 13.791 13.503 13.215 12.927 12.640 12.353 12.066 11.780 11.493 11.207 10.921 10.636 10.350 10.065  9.780  9.495  9.210  8.925  8.641  8.356  8.072  7.788  7.504  7.220  6.936  6.652  6.368  6.084  5.800 
27.947 27.637 27.327 27.017 26.708 26.399 26.091 25.784 25.477 25.170 24.864 24.559 24.253 23.949 23.645 23.341 23.038 22.736 22.434 22.132 21.831 21.530 21.230 20.930 20.631 20.332 20.033 19.735 19.438 19.141 18.844 18.548 18.252 17.956 17.661 17.367 17.072 16.778 16.485 16.192 15.899 15.606 15.314 15.022 14.731 14.439 14.149 13.858 13.568 13.277 12.988 12.698 12.409 12.120 11.831 11.542 11.254 10.966 10.678 10.390 10.102  9.815  9.527  9.240  8.953  8.666  8.379  8.092  7.805  7.519  7.232  6.946  6.659  6.373  6.086  5.800 
28.057 27.746 27.436 27.126 26.817 26.508 26.200 25.892 25.584 25.277 24.971 24.665 24.359 24.054 23.749 23.445 23.141 22.838 22.535 22.233 21.931 21.629 21.328 21.027 20.727 20.427 20.127 19.828 19.529 19.231 18.933 18.635 18.338 18.041 17.744 17.448 17.152 16.857 16.561 16.266 15.972 15.678 15.384 15.090 14.797 14.504 14.211 13.918 13.626 13.334 13.042 12.751 12.459 12.168 11.877 11.587 11.296 11.006 10.716 10.426 10.136  9.846  9.557  9.267  8.978  8.689  8.399  8.110  7.821  7.532  7.244  6.955  6.666  6.377  6.089  5.800 
28.156 27.845 27.535 27.225 26.915 26.606 26.298 25.990 25.682 25.375 25.068 24.761 24.455 24.150 23.844 23.539 23.235 22.931 22.627 22.324 22.021 21.719 21.416 21.115 20.813 20.512 20.212 19.911 19.611 19.312 19.013 18.714 18.415 18.117 17.819 17.522 17.224 16.927 16.631 16.334 16.038 15.742 15.447 15.152 14.857 14.562 14.267 13.973 13.679 13.385 13.092 12.798 12.505 12.212 11.920 11.627 11.335 11.042 10.750 10.458 10.166  9.875  9.583  9.292  9.000  8.709  8.418  8.127  7.836  7.545  7.254  6.963  6.672  6.382  6.091  5.800 
