21.416 21.105 20.794 20.483 20.172 19.861 19.550 19.239 18.928 18.618 18.307 17.996 17.685 17.374 17.062 16.751 16.440 16.129 15.818 15.507 15.196 14.884 14.573 14.262 13.950 13.639 13.327 13.015 12.704 12.392 12.080 11.768 11.456 11.144 10.831 10.519 10.206  9.893  9.580  9.267  8.954  8.640  8.327  8.013  7.699  7.384  7.070  6.755  6.440  6.125  5.809  5.493  5.177  4.861  4.544  4.227  3.910  3.592  3.274  2.956  2.638  2.319  2.000  1.680  1.360  1.040  0.719  0.398  0.077 -0.214 -0.541 -0.868 -1.195 -1.523 -1.852 -2.181 
21.409 21.098 20.787 20.476 20.165 19.854 19.543 19.232 18.920 18.609 18.298 17.986 17.675 17.363 17.051 16.739 16.427 16.115 15.803 15.491 15.179 14.866 14.554 14.241 13.928 13.615 13.302 12.989 12.675 12.362 12.048 11.733 11.419 11.104 10.789 10.474 10.158  9.842  9.525  9.208  8.891  8.573  8.255  7.936  7.617  7.297  6.977  6.656  6.335  6.013  5.690  5.367  5.043  4.718  4.393  4.067  3.740  3.413  3.086  2.757  2.428  2.099  1.769  1.439  1.108  0.777  0.445  0.113 -0.182 -0.506 -0.831 -1.156 -1.482 -1.808 -2.135 -2.463 
21.388 21.077 20.766 20.454 20.143 19.832 19.520 19.208 18.896 18.584 18.272 17.959 17.647 17.334 17.021 16.708 16.394 16.081 15.767 15.453 15.139 14.825 14.510 14.195 13.880 13.565 13.250 12.934 12.618 12.301 11.985 11.668 11.351 11.033 10.715 10.397 10.079  9.760  9.440  9.121  8.800  8.480  8.159  7.837  7.514  7.191  6.868  6.543  6.218  5.891  5.564  5.236  4.906  4.575  4.243  3.909  3.574  3.237  2.899  2.560  2.218  1.876  1.532  1.186  0.840  0.493  0.145 -0.162 -0.483 -0.805 -1.127 -1.450 -1.773 -2.096 -2.420 -2.744 
21.346 21.035 20.724 20.412 20.100 19.788 19.476 19.164 18.851 18.538 18.225 17.911 17.598 17.284 16.969 16.655 16.340 16.025 15.709 15.393 15.077 14.761 14.444 14.127 13.809 13.492 13.173 12.855 12.536 12.216 11.896 11.576 11.256 10.934 10.613 10.291  9.968  9.645  9.322  8.998  8.673  8.348  8.023  7.697  7.371  7.044  6.716  6.388  6.059  5.730  5.401  5.071  4.740  4.409  4.077  3.745  3.412  3.079  2.746  2.412  2.077  1.742  1.406  1.070  0.734  0.397  0.060 -0.248 -0.593 -0.939 -1.285 -1.632 -1.980 -2.328 -2.676 -3.026 
21.282 20.971 20.660 20.348 20.036 19.724 19.411 19.098 18.785 18.471 18.157 17.843 17.528 17.213 16.898 16.582 16.266 15.949 15.632 15.315 14.998 14.680 14.362 14.043 13.724 13.405 13.085 12.765 12.444 12.123 11.802 11.480 11.158 10.836 10.513 10.190  9.866  9.542  9.218  8.894  8.569  8.244  7.918  7.592  7.266  6.940  6.614  6.287  5.960  5.633  5.306  4.979  4.652  4.325  3.998  3.671  3.344  3.017  2.691  2.364  2.038  1.713  1.387  1.063  0.738  0.415  0.091 -0.113 -0.257 -0.394 -0.530 -0.665 -0.799 -0.932 -1.064 -1.194 
21.207 20.896 20.584 20.273 19.961 19.648 19.336 19.023 18.709 18.396 18.082 17.768 17.453 17.139 16.824 16.508 16.193 15.877 15.561 15.244 14.928 14.611 14.294 13.977 13.659 13.342 13.024 12.706 12.388 12.070 11.752 11.434 11.116 10.797 10.479 10.161  9.843  9.525  9.207  8.890  8.572  8.255  7.938  7.622  7.306  6.991  6.676  6.362  6.048  5.735  5.424  5.113  4.803  4.495  4.187  3.881  3.576  3.273  2.971  2.671  2.372  2.074  1.778  1.483  1.189  0.897  0.605  0.315  0.025 -0.148 -0.263 -0.377 -0.491 -0.604 -0.716 -0.827 
21.150 20.839 20.528 20.216 19.905 19.593 19.281 18.969 18.657 18.345 18.033 17.720 17.407 17.095 16.782 16.469 16.156 15.843 15.530 15.217 14.904 14.590 14.277 13.964 13.651 13.338 13.025 12.713 12.400 12.088 11.776 11.464 11.152 10.841 10.530 10.220  9.909  9.600  9.290  8.982  8.673  8.366  8.059  7.752  7.446  7.141  6.837  6.534  6.231  5.929  5.628  5.328  5.028  4.730  4.432  4.136  3.840  3.545  3.251  2.958  2.667  2.375  2.085  1.796  1.508  1.220  0.933  0.647  0.362  0.078 -0.092 -0.200 -0.304 -0.408 -0.510 -0.612 
21.134 20.823 20.512 20.201 19.890 19.580 19.269 18.958 18.648 18.337 18.027 17.716 17.406 17.096 16.786 16.476 16.166 15.856 15.547 15.237 14.928 14.619 14.310 14.002 13.694 13.386 13.078 12.771 12.464 12.157 11.851 11.545 11.240 10.935 10.630 10.326 10.023  9.720  9.418  9.117  8.816  8.516  8.216  7.917  7.620  7.323  7.027  6.732  6.438  6.145  5.853  5.562  5.272  4.984  4.697  4.411  4.127  3.844  3.562  3.282  3.003  2.726  2.450  2.176  1.903  1.631  1.361  1.091  0.823  0.556  0.290  0.025 -0.134 -0.236 -0.334 -0.431 
21.162 20.851 20.541 20.231 19.920 19.611 19.301 18.992 18.682 18.373 18.065 17.756 17.448 17.140 16.833 16.525 16.219 15.912 15.606 15.300 14.994 14.689 14.384 14.080 13.776 13.472 13.169 12.866 12.564 12.263 11.962 11.661 11.361 11.062 10.763 10.465 10.168  9.871  9.576  9.281  8.986  8.693  8.400  8.108  7.817  7.527  7.238  6.950  6.663  6.377  6.091  5.807  5.524  5.242  4.961  4.681  4.402  4.124  3.847  3.571  3.296  3.022  2.749  2.477  2.207  1.937  1.668  1.399  1.132  0.866  0.600  0.335  0.071 -0.085 -0.183 -0.277 
21.231 20.920 20.610 20.300 19.990 19.681 19.372 19.064 18.756 18.448 18.141 17.835 17.528 17.222 16.917 16.612 16.308 16.004 15.700 15.397 15.094 14.792 14.491 14.190 13.889 13.590 13.290 12.992 12.694 12.396 12.099 11.803 11.508 11.213 10.919 10.626 10.333 10.042  9.751  9.460  9.171  8.883  8.595  8.308  8.022  7.737  7.454  7.171  6.889  6.608  6.328  6.049  5.772  5.495  5.220  4.947  4.674  4.403  4.133  3.865  3.598  3.333  3.069  2.807  2.546  2.287  2.029  1.772  1.517  1.264  1.011  0.760  0.509  0.260  0.011 -0.133 
21.332 21.022 20.712 20.402 20.093 19.785 19.477 19.169 18.862 18.556 18.250 17.945 17.640 17.336 17.032 16.729 16.427 16.125 15.823 15.523 15.223 14.923 14.625 14.326 14.029 13.732 13.436 13.141 12.846 12.553 12.260 11.967 11.676 11.385 11.096 10.807 10.519 10.232  9.946  9.661  9.377  9.094  8.812  8.532  8.252  7.974  7.697  7.421  7.147  6.874  6.602  6.332  6.063  5.796  5.530  5.265  5.003  4.741  4.482  4.224  3.967  3.712  3.458  3.205  2.955  2.705  2.456  2.209  1.963  1.718  1.473  1.230  0.987  0.745  0.503  0.261 
21.464 21.153 20.844 20.534 20.226 19.918 19.611 19.304 18.998 18.693 18.388 18.084 17.781 17.479 17.177 16.876 16.576 16.276 15.977 15.679 15.382 15.085 14.789 14.494 14.200 13.906 13.614 13.322 13.031 12.740 12.451 12.163 11.875 11.588 11.302 11.017 10.733 10.450 10.168  9.886  9.606  9.326  9.047  8.770  8.493  8.217  7.942  7.668  7.394  7.122  6.850  6.580  6.310  6.041  5.773  5.506  5.239  4.973  4.708  4.444  4.180  3.917  3.654  3.392  3.131  2.870  2.610  2.350  2.090  1.831  1.572  1.314  1.055  0.797  0.539  0.281 
21.622 21.311 21.002 20.693 20.384 20.077 19.770 19.464 19.159 18.854 18.550 18.247 17.945 17.643 17.342 17.042 16.743 16.444 16.146 15.849 15.553 15.257 14.963 14.669 14.375 14.083 13.791 13.500 13.210 12.920 12.632 12.344 12.056 11.770 11.484 11.199 10.915 10.632 10.349 10.067  9.786  9.505  9.225  8.946  8.667  8.390  8.112  7.836  7.560  7.285  7.010  6.736  6.463  6.190  5.918  5.646  5.375  5.104  4.834  4.564  4.295  4.026  3.757  3.489  3.221  2.954  2.686  2.420  2.153  1.886  1.620  1.354  1.088  0.822  0.557  0.291 
21.789 21.478 21.168 20.859 20.551 20.243 19.937 19.631 19.325 19.021 18.717 18.414 18.111 17.810 17.509 17.208 16.909 16.610 16.312 16.015 15.718 15.422 15.127 14.833 14.539 14.246 13.954 13.662 13.371 13.081 12.791 12.502 12.214 11.926 11.639 11.353 11.067 10.782 10.498 10.214  9.931  9.648  9.366  9.085  8.804  8.523  8.244  7.964  7.685  7.407  7.129  6.852  6.575  6.299  6.023  5.747  5.472  5.198  4.923  4.649  4.375  4.102  3.829  3.556  3.284  3.011  2.739  2.467  2.196  1.924  1.653  1.382  1.110  0.839  0.568  0.297 
21.951 21.640 21.330 21.021 20.713 20.405 20.098 19.792 19.486 19.181 18.877 18.573 18.270 17.968 17.667 17.366 17.066 16.766 16.468 16.170 15.872 15.575 15.279 14.984 14.689 14.395 14.101 13.808 13.516 13.224 12.933 12.643 12.353 12.064 11.775 11.487 11.199 10.912 10.626 10.340 10.054  9.770  9.485  9.201  8.918  8.635  8.353  8.071  7.789  7.508  7.227  6.947  6.667  6.387  6.108  5.829  5.551  5.272  4.995  4.717  4.440  4.163  3.886  3.609  3.333  3.057  2.781  2.505  2.229  1.954  1.678  1.403  1.128  0.853  0.578  0.303 
22.102 21.792 21.482 21.173 20.864 20.556 20.249 19.942 19.636 19.331 19.026 18.722 18.419 18.116 17.814 17.512 17.211 16.911 16.611 16.312 16.014 15.716 15.419 15.122 14.826 14.530 14.235 13.941 13.647 13.354 13.061 12.769 12.478 12.187 11.896 11.606 11.317 11.028 10.739 10.451 10.163  9.876  9.590  9.303  9.018  8.732  8.447  8.163  7.879  7.595  7.311  7.028  6.745  6.463  6.181  5.899  5.618  5.336  5.055  4.775  4.494  4.214  3.934  3.654  3.375  3.095  2.816  2.537  2.258  1.979  1.700  1.421  1.142  0.864  0.585  0.307 
22.242 21.932 21.622 21.312 21.004 20.695 20.388 20.081 19.774 19.469 19.163 18.859 18.555 18.251 17.948 17.646 17.344 17.043 16.742 16.442 16.143 15.844 15.546 15.248 14.950 14.654 14.357 14.062 13.766 13.472 13.177 12.884 12.590 12.298 12.005 11.714 11.422 11.131 10.841 10.551 10.261  9.972  9.683  9.395  9.107  8.819  8.532  8.245  7.958  7.672  7.386  7.100  6.815  6.530  6.245  5.961  5.677  5.393  5.109  4.825  4.542  4.259  3.976  3.694  3.411  3.129  2.846  2.564  2.282  2.000  1.719  1.437  1.155  0.874  0.592  0.311 
22.370 22.060 21.750 21.440 21.131 20.823 20.515 20.208 19.901 19.595 19.289 18.984 18.679 18.375 18.071 17.768 17.466 17.164 16.862 16.561 16.261 15.961 15.661 15.362 15.064 14.766 14.468 14.171 13.874 13.578 13.283 12.987 12.693 12.398 12.104 11.811 11.518 11.225 10.933 10.641 10.349 10.058  9.767  9.477  9.187  8.897  8.607  8.318  8.030  7.741  7.453  7.165  6.877  6.590  6.303  6.016  5.729  5.443  5.157  4.871  4.585  4.300  4.014  3.729  3.444  3.159  2.874  2.589  2.304  2.020  1.735  1.451  1.167  0.882  0.598  0.314 
22.487 22.177 21.867 21.557 21.248 20.939 20.631 20.323 20.016 19.710 19.403 19.098 18.792 18.488 18.183 17.880 17.576 17.274 16.971 16.669 16.368 16.067 15.767 15.466 15.167 14.868 14.569 14.271 13.973 13.675 13.378 13.082 12.785 12.489 12.194 11.899 11.604 11.310 11.016 10.722 10.429 10.136  9.843  9.551  9.259  8.967  8.676  8.385  8.094  7.804  7.514  7.224  6.934  6.644  6.355  6.066  5.777  5.489  5.200  4.912  4.624  4.336  4.048  3.761  3.473  3.186  2.899  2.611  2.324  2.037  1.751  1.464  1.177  0.890  0.604  0.317 
22.594 22.283 21.973 21.663 21.354 21.045 20.737 20.429 20.121 19.814 19.508 19.201 18.896 18.590 18.286 17.981 17.677 17.374 17.071 16.768 16.466 16.164 15.862 15.561 15.261 14.960 14.661 14.361 14.062 13.763 13.465 13.167 12.870 12.572 12.275 11.979 11.683 11.387 11.091 10.796 10.501 10.207  9.913  9.619  9.325  9.032  8.738  8.446  8.153  7.861  7.569  7.277  6.985  6.694  6.402  6.111  5.820  5.530  5.239  4.949  4.659  4.369  4.079  3.789  3.500  3.210  2.921  2.632  2.342  2.053  1.764  1.475  1.186  0.897  0.608  0.320 
22.691 22.380 22.070 21.760 21.450 21.141 20.833 20.525 20.217 19.909 19.602 19.296 18.990 18.684 18.378 18.073 17.769 17.465 17.161 16.857 16.554 16.252 15.949 15.647 15.346 15.045 14.744 14.443 14.143 13.843 13.544 13.245 12.946 12.648 12.350 12.052 11.754 11.457 11.160 10.864 10.567 10.271  9.975  9.680  9.385  9.090  8.795  8.501  8.206  7.912  7.618  7.325  7.031  6.738  6.445  6.152  5.860  5.567  5.275  4.983  4.691  4.399  4.107  3.815  3.524  3.233  2.941  2.650  2.359  2.068  1.777  1.486  1.195  0.904  0.613  0.322 
22.779 22.468 22.158 21.848 21.538 21.229 20.920 20.612 20.304 19.996 19.689 19.382 19.075 18.769 18.463 18.157 17.852 17.547 17.243 16.939 16.635 16.332 16.029 15.726 15.423 15.121 14.820 14.518 14.217 13.916 13.616 13.316 13.016 12.716 12.417 12.118 11.819 11.521 11.223 10.925 10.627 10.330 10.033  9.736  9.439  9.143  8.846  8.550  8.255  7.959  7.664  7.369  7.074  6.779  6.484  6.190  5.895  5.601  5.307  5.013  4.720  4.426  4.133  3.839  3.546  3.253  2.960  2.667  2.374  2.081  1.788  1.495  1.202  0.910  0.617  0.324 
22.859 22.548 22.238 21.928 21.618 21.309 21.000 20.691 20.383 20.075 19.767 19.460 19.153 18.846 18.540 18.234 17.928 17.623 17.318 17.013 16.709 16.404 16.101 15.797 15.494 15.191 14.889 14.586 14.284 13.983 13.681 13.380 13.079 12.779 12.478 12.178 11.878 11.579 11.279 10.980 10.682 10.383 10.085  9.786  9.488  9.191  8.893  8.596  8.299  8.002  7.705  7.408  7.112  6.816  6.520  6.224  5.928  5.632  5.337  5.041  4.746  4.451  4.156  3.861  3.566  3.271  2.976  2.682  2.387  2.093  1.798  1.504  1.209  0.915  0.621  0.326 
22.932 22.621 22.311 22.000 21.691 21.381 21.072 20.763 20.455 20.146 19.838 19.531 19.223 18.916 18.610 18.303 17.997 17.691 17.386 17.080 16.775 16.471 16.166 15.862 15.558 15.255 14.951 14.648 14.345 14.043 13.741 13.439 13.137 12.835 12.534 12.233 11.932 11.631 11.331 11.031 10.731 10.431 10.132  9.833  9.533  9.234  8.936  8.637  8.339  8.041  7.743  7.445  7.147  6.849  6.552  6.255  5.957  5.660  5.363  5.067  4.770  4.473  4.177  3.880  3.584  3.288  2.992  2.696  2.399  2.103  1.807  1.512  1.216  0.920  0.624  0.328 
22.998 22.687 22.377 22.067 21.757 21.447 21.138 20.829 20.520 20.211 19.903 19.595 19.288 18.980 18.673 18.366 18.060 17.753 17.447 17.142 16.836 16.531 16.226 15.921 15.616 15.312 15.008 14.704 14.401 14.098 13.795 13.492 13.189 12.887 12.585 12.283 11.981 11.679 11.378 11.077 10.776 10.475 10.175  9.874  9.574  9.274  8.974  8.675  8.375  8.076  7.777  7.478  7.179  6.880  6.581  6.283  5.984  5.686  5.388  5.090  4.792  4.494  4.196  3.898  3.601  3.303  3.005  2.708  2.411  2.113  1.816  1.519  1.221  0.924  0.627  0.330 
23.058 22.747 22.437 22.127 21.817 21.507 21.198 20.888 20.579 20.271 19.962 19.654 19.346 19.038 18.731 18.424 18.117 17.810 17.503 17.197 16.891 16.585 16.280 15.975 15.669 15.365 15.060 14.756 14.451 14.147 13.844 13.540 13.237 12.934 12.631 12.328 12.025 11.723 11.421 11.119 10.817 10.515 10.214  9.913  9.611  9.310  9.010  8.709  8.408  8.108  7.808  7.507  7.207  6.908  6.608  6.308  6.009  5.709  5.410  5.111  4.811  4.512  4.213  3.914  3.616  3.317  3.018  2.719  2.421  2.122  1.824  1.525  1.227  0.928  0.630  0.331 
23.113 22.802 22.492 22.181 21.871 21.562 21.252 20.943 20.633 20.324 20.016 19.707 19.399 19.091 18.783 18.476 18.169 17.861 17.555 17.248 16.941 16.635 16.329 16.023 15.718 15.412 15.107 14.802 14.497 14.193 13.888 13.584 13.280 12.976 12.673 12.369 12.066 11.763 11.460 11.157 10.854 10.552 10.249  9.947  9.645  9.343  9.041  8.740  8.438  8.137  7.836  7.535  7.234  6.933  6.632  6.331  6.031  5.730  5.430  5.130  4.829  4.529  4.229  3.929  3.629  3.329  3.030  2.730  2.430  2.130  1.831  1.531  1.231  0.932  0.632  0.333 
23.163 22.852 22.541 22.231 21.921 21.611 21.301 20.992 20.683 20.373 20.065 19.756 19.447 19.139 18.831 18.523 18.216 17.908 17.601 17.294 16.987 16.680 16.374 16.068 15.762 15.456 15.150 14.844 14.539 14.234 13.929 13.624 13.319 13.015 12.711 12.406 12.102 11.799 11.495 11.191 10.888 10.585 10.282  9.979  9.676  9.373  9.071  8.768  8.466  8.164  7.861  7.559  7.258  6.956  6.654  6.352  6.051  5.750  5.448  5.147  4.846  4.545  4.244  3.943  3.642  3.341  3.040  2.739  2.438  2.138  1.837  1.536  1.236  0.935  0.635  0.334 
23.208 22.897 22.587 22.276 21.966 21.656 21.346 21.037 20.727 20.418 20.109 19.800 19.491 19.183 18.875 18.566 18.259 17.951 17.643 17.336 17.029 16.722 16.415 16.108 15.801 15.495 15.189 14.883 14.577 14.271 13.966 13.660 13.355 13.050 12.745 12.440 12.136 11.831 11.527 11.223 10.919 10.615 10.311 10.007  9.704  9.400  9.097  8.794  8.491  8.188  7.885  7.582  7.279  6.977  6.674  6.372  6.069  5.767  5.465  5.163  4.861  4.559  4.257  3.955  3.653  3.351  3.049  2.748  2.446  2.144  1.843  1.541  1.240  0.938  0.637  0.335 
23.249 22.939 22.628 22.317 22.007 21.697 21.387 21.077 20.768 20.458 20.149 19.840 19.531 19.223 18.914 18.606 18.298 17.989 17.682 17.374 17.066 16.759 16.452 16.145 15.838 15.531 15.224 14.918 14.612 14.305 13.999 13.694 13.388 13.082 12.777 12.471 12.166 11.861 11.556 11.251 10.947 10.642 10.338 10.033  9.729  9.425  9.121  8.817  8.513  8.210  7.906  7.602  7.299  6.996  6.692  6.389  6.086  5.783  5.480  5.177  4.874  4.571  4.269  3.966  3.663  3.361  3.058  2.756  2.453  2.151  1.848  1.546  1.243  0.941  0.638  0.336 
23.287 22.976 22.665 22.355 22.045 21.734 21.424 21.115 20.805 20.495 20.186 19.877 19.568 19.259 18.950 18.641 18.333 18.025 17.717 17.409 17.101 16.793 16.485 16.178 15.871 15.564 15.257 14.950 14.643 14.336 14.030 13.724 13.417 13.111 12.805 12.500 12.194 11.888 11.583 11.277 10.972 10.667 10.362 10.057  9.752  9.447  9.143  8.838  8.534  8.229  7.925  7.621  7.317  7.013  6.709  6.405  6.101  5.797  5.494  5.190  4.886  4.583  4.279  3.976  3.673  3.369  3.066  2.763  2.459  2.156  1.853  1.550  1.246  0.943  0.640  0.337 
23.321 23.010 22.699 22.389 22.079 21.768 21.458 21.148 20.838 20.529 20.219 19.910 19.601 19.292 18.983 18.674 18.365 18.057 17.748 17.440 17.132 16.824 16.516 16.208 15.901 15.593 15.286 14.979 14.672 14.365 14.058 13.751 13.444 13.138 12.831 12.525 12.219 11.913 11.607 11.301 10.995 10.690 10.384 10.079  9.773  9.468  9.163  8.858  8.553  8.248  7.943  7.638  7.333  7.029  6.724  6.419  6.115  5.811  5.506  5.202  4.898  4.593  4.289  3.985  3.681  3.377  3.073  2.769  2.465  2.161  1.857  1.553  1.249  0.946  0.642  0.338 
23.352 23.041 22.730 22.420 22.109 21.799 21.489 21.179 20.869 20.559 20.250 19.940 19.631 19.321 19.012 18.703 18.394 18.086 17.777 17.469 17.160 16.852 16.544 16.236 15.928 15.620 15.312 15.005 14.697 14.390 14.083 13.776 13.469 13.162 12.855 12.548 12.242 11.935 11.629 11.323 11.016 10.710 10.404 10.098  9.792  9.487  9.181  8.875  8.570  8.264  7.959  7.653  7.348  7.043  6.738  6.433  6.127  5.822  5.518  5.213  4.908  4.603  4.298  3.993  3.689  3.384  3.079  2.775  2.470  2.166  1.861  1.557  1.252  0.948  0.643  0.339 
23.380 23.069 22.758 22.448 22.137 21.827 21.517 21.207 20.897 20.587 20.277 19.968 19.658 19.349 19.039 18.730 18.421 18.112 17.803 17.495 17.186 16.878 16.569 16.261 15.953 15.645 15.337 15.029 14.721 14.413 14.106 13.798 13.491 13.184 12.877 12.570 12.263 11.956 11.649 11.342 11.035 10.729 10.422 10.116  9.810  9.503  9.197  8.891  8.585  8.279  7.973  7.667  7.362  7.056  6.750  6.444  6.139  5.833  5.528  5.222  4.917  4.612  4.306  4.001  3.696  3.391  3.085  2.780  2.475  2.170  1.865  1.560  1.255  0.950  0.644  0.339 
23.406 23.095 22.784 22.473 22.163 21.853 21.542 21.232 20.922 20.612 20.302 19.993 19.683 19.373 19.064 18.755 18.445 18.136 17.827 17.518 17.210 16.901 16.592 16.284 15.975 15.667 15.359 15.051 14.743 14.435 14.127 13.819 13.511 13.204 12.896 12.589 12.281 11.974 11.667 11.360 11.053 10.746 10.439 10.132  9.825  9.519  9.212  8.906  8.599  8.293  7.986  7.680  7.374  7.068  6.761  6.455  6.149  5.843  5.537  5.231  4.925  4.620  4.314  4.008  3.702  3.396  3.091  2.785  2.479  2.174  1.868  1.562  1.257  0.951  0.646  0.340 
23.429 23.118 22.807 22.497 22.186 21.876 21.565 21.255 20.945 20.635 20.325 20.015 19.705 19.396 19.086 18.777 18.467 18.158 17.849 17.540 17.231 16.922 16.613 16.304 15.996 15.687 15.379 15.070 14.762 14.454 14.146 13.838 13.530 13.222 12.914 12.606 12.299 11.991 11.683 11.376 11.069 10.761 10.454 10.147  9.840  9.533  9.226  8.919  8.612  8.305  7.998  7.692  7.385  7.078  6.772  6.465  6.159  5.852  5.546  5.239  4.933  4.627  4.320  4.014  3.708  3.402  3.096  2.789  2.483  2.177  1.871  1.565  1.259  0.953  0.647  0.341 
23.450 23.139 22.829 22.518 22.207 21.897 21.586 21.276 20.966 20.656 20.346 20.036 19.726 19.416 19.107 18.797 18.487 18.178 17.869 17.559 17.250 16.941 16.632 16.323 16.014 15.706 15.397 15.088 14.780 14.471 14.163 13.855 13.546 13.238 12.930 12.622 12.314 12.006 11.699 11.391 11.083 10.775 10.468 10.160  9.853  9.545  9.238  8.931  8.624  8.316  8.009  7.702  7.395  7.088  6.781  6.474  6.167  5.860  5.554  5.247  4.940  4.633  4.327  4.020  3.713  3.407  3.100  2.793  2.487  2.180  1.874  1.567  1.261  0.954  0.648  0.341 
23.469 23.159 22.848 22.537 22.226 21.916 21.606 21.295 20.985 20.675 20.365 20.055 19.745 19.435 19.125 18.815 18.506 18.196 17.887 17.577 17.268 16.959 16.649 16.340 16.031 15.722 15.414 15.105 14.796 14.487 14.179 13.870 13.562 13.253 12.945 12.637 12.328 12.020 11.712 11.404 11.096 10.788 10.480 10.172  9.865  9.557  9.249  8.942  8.634  8.327  8.019  7.712  7.404  7.097  6.790  6.482  6.175  5.868  5.561  5.253  4.946  4.639  4.332  4.025  3.718  3.411  3.104  2.797  2.490  2.183  1.876  1.569  1.262  0.955  0.649  0.342 
23.487 23.176 22.865 22.555 22.244 21.933 21.623 21.313 21.002 20.692 20.382 20.072 19.762 19.452 19.142 18.832 18.522 18.213 17.903 17.593 17.284 16.975 16.665 16.356 16.047 15.738 15.429 15.120 14.811 14.502 14.193 13.884 13.576 13.267 12.958 12.650 12.341 12.033 11.725 11.416 11.108 10.800 10.492 10.184  9.876  9.568  9.260  8.952  8.644  8.336  8.028  7.720  7.413  7.105  6.797  6.490  6.182  5.875  5.567  5.260  4.952  4.645  4.337  4.030  3.722  3.415  3.108  2.800  2.493  2.186  1.878  1.571  1.264  0.957  0.649  0.342 
23.503 23.192 22.881 22.570 22.260 21.949 21.639 21.328 21.018 20.708 20.397 20.087 19.777 19.467 19.157 18.847 18.537 18.228 17.918 17.608 17.299 16.989 16.680 16.370 16.061 15.752 15.442 15.133 14.824 14.515 14.206 13.897 13.588 13.279 12.970 12.662 12.353 12.044 11.736 11.427 11.119 10.810 10.502 10.194  9.885  9.577  9.269  8.961  8.652  8.344  8.036  7.728  7.420  7.112  6.804  6.496  6.189  5.881  5.573  5.265  4.957  4.650  4.342  4.034  3.726  3.419  3.111  2.803  2.496  2.188  1.880  1.573  1.265  0.958  0.650  0.342 
23.517 23.206 22.896 22.585 22.274 21.964 21.653 21.343 21.032 20.722 20.412 20.101 19.791 19.481 19.171 18.861 18.551 18.241 17.931 17.622 17.312 17.002 16.693 16.383 16.074 15.764 15.455 15.145 14.836 14.527 14.218 13.909 13.600 13.291 12.982 12.673 12.364 12.055 11.746 11.437 11.129 10.820 10.511 10.203  9.894  9.586  9.277  8.969  8.660  8.352  8.044  7.735  7.427  7.119  6.811  6.503  6.194  5.886  5.578  5.270  4.962  4.654  4.346  4.038  3.730  3.422  3.114  2.806  2.498  2.190  1.882  1.574  1.266  0.959  0.651  0.343 
23.530 23.220 22.909 22.598 22.287 21.977 21.666 21.356 21.045 20.735 20.424 20.114 19.804 19.494 19.184 18.873 18.563 18.253 17.944 17.634 17.324 17.014 16.704 16.395 16.085 15.776 15.466 15.157 14.847 14.538 14.228 13.919 13.610 13.301 12.992 12.683 12.373 12.064 11.755 11.447 11.138 10.829 10.520 10.211  9.902  9.594  9.285  8.976  8.668  8.359  8.051  7.742  7.433  7.125  6.817  6.508  6.200  5.891  5.583  5.275  4.966  4.658  4.350  4.041  3.733  3.425  3.117  2.809  2.500  2.192  1.884  1.576  1.268  0.959  0.651  0.343 
23.542 23.232 22.921 22.610 22.299 21.989 21.678 21.367 21.057 20.747 20.436 20.126 19.816 19.505 19.195 18.885 18.575 18.265 17.955 17.645 17.335 17.025 16.715 16.405 16.096 15.786 15.476 15.167 14.857 14.548 14.238 13.929 13.619 13.310 13.001 12.691 12.382 12.073 11.764 11.455 11.146 10.837 10.528 10.219  9.910  9.601  9.292  8.983  8.674  8.365  8.057  7.748  7.439  7.131  6.822  6.513  6.205  5.896  5.587  5.279  4.970  4.662  4.353  4.045  3.736  3.428  3.119  2.811  2.502  2.194  1.885  1.577  1.269  0.960  0.652  0.343 
23.553 23.242 22.932 22.621 22.310 21.999 21.689 21.378 21.068 20.757 20.447 20.136 19.826 19.516 19.205 18.895 18.585 18.275 17.965 17.655 17.345 17.035 16.725 16.415 16.105 15.795 15.486 15.176 14.866 14.557 14.247 13.938 13.628 13.319 13.009 12.700 12.390 12.081 11.772 11.462 11.153 10.844 10.535 10.226  9.916  9.607  9.298  8.989  8.680  8.371  8.062  7.753  7.444  7.136  6.827  6.518  6.209  5.900  5.591  5.283  4.974  4.665  4.356  4.048  3.739  3.430  3.122  2.813  2.504  2.196  1.887  1.578  1.270  0.961  0.652  0.344 
23.563 23.252 22.942 22.631 22.320 22.009 21.699 21.388 21.078 20.767 20.456 20.146 19.836 19.525 19.215 18.905 18.594 18.284 17.974 17.664 17.354 17.044 16.734 16.424 16.114 15.804 15.494 15.184 14.875 14.565 14.255 13.945 13.636 13.326 13.017 12.707 12.398 12.088 11.779 11.469 11.160 10.850 10.541 10.232  9.923  9.613  9.304  8.995  8.686  8.377  8.067  7.758  7.449  7.140  6.831  6.522  6.213  5.904  5.595  5.286  4.977  4.668  4.359  4.050  3.741  3.432  3.124  2.815  2.506  2.197  1.888  1.579  1.270  0.962  0.653  0.344 
23.572 23.261 22.951 22.640 22.329 22.018 21.708 21.397 21.086 20.776 20.465 20.155 19.844 19.534 19.224 18.913 18.603 18.293 17.982 17.672 17.362 17.052 16.742 16.432 16.122 15.812 15.502 15.192 14.882 14.572 14.262 13.953 13.643 13.333 13.024 12.714 12.404 12.095 11.785 11.475 11.166 10.856 10.547 10.238  9.928  9.619  9.309  9.000  8.691  8.381  8.072  7.763  7.453  7.144  6.835  6.526  6.217  5.907  5.598  5.289  4.980  4.671  4.362  4.053  3.744  3.435  3.125  2.816  2.507  2.198  1.889  1.580  1.271  0.962  0.653  0.344 
23.580 23.270 22.959 22.648 22.337 22.026 21.716 21.405 21.094 20.784 20.473 20.163 19.852 19.542 19.231 18.921 18.611 18.300 17.990 17.680 17.370 17.059 16.749 16.439 16.129 15.819 15.509 15.199 14.889 14.579 14.269 13.959 13.649 13.340 13.030 12.720 12.410 12.101 11.791 11.481 11.172 10.862 10.552 10.243  9.933  9.624  9.314  9.005  8.695  8.386  8.076  7.767  7.457  7.148  6.839  6.529  6.220  5.911  5.601  5.292  4.983  4.673  4.364  4.055  3.746  3.436  3.127  2.818  2.509  2.200  1.890  1.581  1.272  0.963  0.654  0.344 
23.588 23.277 22.966 22.655 22.345 22.034 21.723 21.412 21.102 20.791 20.481 20.170 19.860 19.549 19.239 18.928 18.618 18.307 17.997 17.687 17.376 17.066 16.756 16.446 16.136 15.826 15.515 15.205 14.895 14.585 14.275 13.965 13.655 13.345 13.035 12.726 12.416 12.106 11.796 11.486 11.177 10.867 10.557 10.247  9.938  9.628  9.318  9.009  8.699  8.390  8.080  7.770  7.461  7.151  6.842  6.532  6.223  5.913  5.604  5.295  4.985  4.676  4.366  4.057  3.748  3.438  3.129  2.819  2.510  2.201  1.891  1.582  1.273  0.963  0.654  0.345 
23.595 23.284 22.973 22.662 22.351 22.041 21.730 21.419 21.108 20.798 20.487 20.177 19.866 19.556 19.245 18.935 18.624 18.314 18.003 17.693 17.383 17.072 16.762 16.452 16.142 15.831 15.521 15.211 14.901 14.591 14.281 13.971 13.661 13.351 13.041 12.731 12.421 12.111 11.801 11.491 11.181 10.871 10.561 10.252  9.942  9.632  9.322  9.013  8.703  8.393  8.084  7.774  7.464  7.155  6.845  6.535  6.226  5.916  5.607  5.297  4.987  4.678  4.368  4.059  3.749  3.440  3.130  2.821  2.511  2.202  1.892  1.583  1.273  0.964  0.654  0.345 
23.601 23.290 22.979 22.668 22.357 22.047 21.736 21.425 21.115 20.804 20.493 20.183 19.872 19.562 19.251 18.940 18.630 18.320 18.009 17.699 17.388 17.078 16.768 16.457 16.147 15.837 15.527 15.216 14.906 14.596 14.286 13.976 13.666 13.355 13.045 12.735 12.425 12.115 11.805 11.495 11.185 10.875 10.565 10.256  9.946  9.636  9.326  9.016  8.706  8.396  8.087  7.777  7.467  7.157  6.848  6.538  6.228  5.918  5.609  5.299  4.989  4.680  4.370  4.060  3.751  3.441  3.131  2.822  2.512  2.203  1.893  1.583  1.274  0.964  0.654  0.345 
23.606 23.295 22.985 22.674 22.363 22.052 21.741 21.431 21.120 20.809 20.499 20.188 19.877 19.567 19.256 18.946 18.635 18.325 18.014 17.704 17.393 17.083 16.773 16.462 16.152 15.842 15.531 15.221 14.911 14.601 14.290 13.980 13.670 13.360 13.050 12.740 12.429 12.119 11.809 11.499 11.189 10.879 10.569 10.259  9.949  9.639  9.329  9.019  8.709  8.399  8.090  7.780  7.470  7.160  6.850  6.540  6.230  5.921  5.611  5.301  4.991  4.681  4.372  4.062  3.752  3.442  3.133  2.823  2.513  2.203  1.894  1.584  1.274  0.964  0.655  0.345 
23.611 23.301 22.990 22.679 22.368 22.057 21.747 21.436 21.125 20.814 20.504 20.193 19.882 19.572 19.261 18.951 18.640 18.330 18.019 17.709 17.398 17.088 16.777 16.467 16.156 15.846 15.536 15.225 14.915 14.605 14.294 13.984 13.674 13.364 13.054 12.743 12.433 12.123 11.813 11.503 11.193 10.882 10.572 10.262  9.952  9.642  9.332  9.022  8.712  8.402  8.092  7.782  7.472  7.162  6.852  6.542  6.232  5.923  5.613  5.303  4.993  4.683  4.373  4.063  3.753  3.444  3.134  2.824  2.514  2.204  1.894  1.584  1.275  0.965  0.655  0.345 
23.616 23.305 22.994 22.684 22.373 22.062 21.751 21.440 21.130 20.819 20.508 20.198 19.887 19.576 19.266 18.955 18.644 18.334 18.023 17.713 17.402 17.092 16.781 16.471 16.160 15.850 15.540 15.229 14.919 14.609 14.298 13.988 13.678 13.367 13.057 12.747 12.437 12.126 11.816 11.506 11.196 10.886 10.575 10.265  9.955  9.645  9.335  9.025  8.715  8.405  8.095  7.785  7.474  7.164  6.854  6.544  6.234  5.924  5.614  5.304  4.994  4.684  4.374  4.064  3.755  3.445  3.135  2.825  2.515  2.205  1.895  1.585  1.275  0.965  0.655  0.345 
23.620 23.309 22.999 22.688 22.377 22.066 21.755 21.445 21.134 20.823 20.512 20.202 19.891 19.580 19.270 18.959 18.648 18.338 18.027 17.717 17.406 17.096 16.785 16.475 16.164 15.854 15.543 15.233 14.922 14.612 14.302 13.991 13.681 13.371 13.060 12.750 12.440 12.129 11.819 11.509 11.199 10.888 10.578 10.268  9.958  9.648  9.337  9.027  8.717  8.407  8.097  7.787  7.476  7.166  6.856  6.546  6.236  5.926  5.616  5.306  4.996  4.686  4.376  4.066  3.756  3.446  3.136  2.825  2.515  2.205  1.895  1.585  1.275  0.965  0.655  0.345 
23.624 23.313 23.002 22.692 22.381 22.070 21.759 21.448 21.138 20.827 20.516 20.205 19.895 19.584 19.273 18.963 18.652 18.341 18.031 17.720 17.410 17.099 16.789 16.478 16.168 15.857 15.547 15.236 14.926 14.615 14.305 13.994 13.684 13.374 13.063 12.753 12.442 12.132 11.822 11.511 11.201 10.891 10.581 10.270  9.960  9.650  9.340  9.029  8.719  8.409  8.099  7.788  7.478  7.168  6.858  6.548  6.238  5.927  5.617  5.307  4.997  4.687  4.377  4.067  3.757  3.446  3.136  2.826  2.516  2.206  1.896  1.586  1.276  0.966  0.656  0.345 
23.628 23.317 23.006 22.695 22.384 22.073 21.763 21.452 21.141 20.830 20.520 20.209 19.898 19.587 19.277 18.966 18.655 18.345 18.034 17.723 17.413 17.102 16.792 16.481 16.171 15.860 15.550 15.239 14.929 14.618 14.308 13.997 13.687 13.376 13.066 12.755 12.445 12.135 11.824 11.514 11.204 10.893 10.583 10.273  9.962  9.652  9.342  9.031  8.721  8.411  8.100  7.790  7.480  7.170  6.859  6.549  6.239  5.929  5.619  5.308  4.998  4.688  4.378  4.068  3.757  3.447  3.137  2.827  2.517  2.207  1.896  1.586  1.276  0.966  0.656  0.346 
23.631 23.320 23.009 22.698 22.387 22.077 21.766 21.455 21.144 20.833 20.523 20.212 19.901 19.590 19.280 18.969 18.658 18.348 18.037 17.726 17.416 17.105 16.795 16.484 16.173 15.863 15.552 15.242 14.931 14.621 14.310 14.000 13.689 13.379 13.068 12.758 12.447 12.137 11.827 11.516 11.206 10.895 10.585 10.275  9.964  9.654  9.343  9.033  8.723  8.412  8.102  7.792  7.481  7.171  6.861  6.551  6.240  5.930  5.620  5.309  4.999  4.689  4.379  4.068  3.758  3.448  3.138  2.827  2.517  2.207  1.897  1.587  1.276  0.966  0.656  0.346 
23.634 23.323 23.012 22.701 22.390 22.079 21.769 21.458 21.147 20.836 20.525 20.215 19.904 19.593 19.282 18.972 18.661 18.350 18.040 17.729 17.418 17.108 16.797 16.487 16.176 15.865 15.555 15.244 14.934 14.623 14.313 14.002 13.691 13.381 13.070 12.760 12.449 12.139 11.829 11.518 11.208 10.897 10.587 10.276  9.966  9.656  9.345  9.035  8.724  8.414  8.104  7.793  7.483  7.172  6.862  6.552  6.241  5.931  5.621  5.310  5.000  4.690  4.380  4.069  3.759  3.449  3.138  2.828  2.518  2.207  1.897  1.587  1.277  0.966  0.656  0.346 
23.636 23.325 23.014 22.704 22.393 22.082 21.771 21.460 21.150 20.839 20.528 20.217 19.906 19.596 19.285 18.974 18.664 18.353 18.042 17.731 17.421 17.110 16.800 16.489 16.178 15.868 15.557 15.246 14.936 14.625 14.315 14.004 13.694 13.383 13.072 12.762 12.451 12.141 11.830 11.520 11.209 10.899 10.588 10.278  9.968  9.657  9.347  9.036  8.726  8.415  8.105  7.795  7.484  7.174  6.863  6.553  6.243  5.932  5.622  5.311  5.001  4.691  4.380  4.070  3.760  3.449  3.139  2.828  2.518  2.208  1.897  1.587  1.277  0.966  0.656  0.346 
23.639 23.328 23.017 22.706 22.395 22.084 21.774 21.463 21.152 20.841 20.530 20.220 19.909 19.598 19.287 18.977 18.666 18.355 18.044 17.734 17.423 17.112 16.802 16.491 16.180 15.870 15.559 15.248 14.938 14.627 14.317 14.006 13.695 13.385 13.074 12.764 12.453 12.143 11.832 11.522 11.211 10.901 10.590 10.279  9.969  9.659  9.348  9.038  8.727  8.417  8.106  7.796  7.485  7.175  6.864  6.554  6.243  5.933  5.623  5.312  5.002  4.691  4.381  4.071  3.760  3.450  3.139  2.829  2.519  2.208  1.898  1.587  1.277  0.967  0.656  0.346 
23.641 23.330 23.019 22.708 22.397 22.086 21.776 21.465 21.154 20.843 20.532 20.222 19.911 19.600 19.289 18.979 18.668 18.357 18.046 17.736 17.425 17.114 16.804 16.493 16.182 15.872 15.561 15.250 14.940 14.629 14.318 14.008 13.697 13.387 13.076 12.765 12.455 12.144 11.834 11.523 11.212 10.902 10.591 10.281  9.970  9.660  9.349  9.039  8.728  8.418  8.107  7.797  7.486  7.176  6.865  6.555  6.244  5.934  5.623  5.313  5.002  4.692  4.382  4.071  3.761  3.450  3.140  2.829  2.519  2.208  1.898  1.588  1.277  0.967  0.656  0.346 
23.643 23.332 23.021 22.710 22.399 22.088 21.778 21.467 21.156 20.845 20.534 20.224 19.913 19.602 19.291 18.980 18.670 18.359 18.048 17.737 17.427 17.116 16.805 16.495 16.184 15.873 15.563 15.252 14.941 14.631 14.320 14.009 13.699 13.388 13.077 12.767 12.456 12.146 11.835 11.524 11.214 10.903 10.593 10.282  9.972  9.661  9.350  9.040  8.729  8.419  8.108  7.798  7.487  7.177  6.866  6.556  6.245  5.935  5.624  5.314  5.003  4.693  4.382  4.072  3.761  3.451  3.140  2.830  2.519  2.209  1.898  1.588  1.277  0.967  0.656  0.346 
23.645 23.334 23.023 22.712 22.401 22.090 21.779 21.469 21.158 20.847 20.536 20.225 19.914 19.604 19.293 18.982 18.671 18.361 18.050 17.739 17.428 17.118 16.807 16.496 16.186 15.875 15.564 15.253 14.943 14.632 14.321 14.011 13.700 13.389 13.079 12.768 12.458 12.147 11.836 11.526 11.215 10.904 10.594 10.283  9.973  9.662  9.351  9.041  8.730  8.420  8.109  7.799  7.488  7.177  6.867  6.556  6.246  5.935  5.625  5.314  5.004  4.693  4.383  4.072  3.762  3.451  3.141  2.830  2.520  2.209  1.898  1.588  1.277  0.967  0.656  0.346 
23.646 23.335 23.024 22.714 22.403 22.092 21.781 21.470 21.159 20.848 20.538 20.227 19.916 19.605 19.294 18.984 18.673 18.362 18.051 17.741 17.430 17.119 16.808 16.498 16.187 15.876 15.566 15.255 14.944 14.633 14.323 14.012 13.701 13.391 13.080 12.769 12.459 12.148 11.837 11.527 11.216 10.906 10.595 10.284  9.974  9.663  9.352  9.042  8.731  8.421  8.110  7.799  7.489  7.178  6.868  6.557  6.247  5.936  5.625  5.315  5.004  4.694  4.383  4.073  3.762  3.451  3.141  2.830  2.520  2.209  1.899  1.588  1.278  0.967  0.656  0.346 
23.648 23.337 23.026 22.715 22.404 22.093 21.782 21.472 21.161 20.850 20.539 20.228 19.918 19.607 19.296 18.985 18.674 18.364 18.053 17.742 17.431 17.120 16.810 16.499 16.188 15.878 15.567 15.256 14.945 14.635 14.324 14.013 13.703 13.392 13.081 12.770 12.460 12.149 11.838 11.528 11.217 10.906 10.596 10.285  9.975  9.664  9.353  9.043  8.732  8.421  8.111  7.800  7.490  7.179  6.868  6.558  6.247  5.936  5.626  5.315  5.005  4.694  4.384  4.073  3.762  3.452  3.141  2.831  2.520  2.209  1.899  1.588  1.278  0.967  0.657  0.346 
23.649 23.338 23.027 22.716 22.405 22.095 21.784 21.473 21.162 20.851 20.540 20.230 19.919 19.608 19.297 18.986 18.676 18.365 18.054 17.743 17.432 17.122 16.811 16.500 16.189 15.879 15.568 15.257 14.946 14.636 14.325 14.014 13.704 13.393 13.082 12.771 12.461 12.150 11.839 11.529 11.218 10.907 10.597 10.286  9.975  9.665  9.354  9.043  8.733  8.422  8.111  7.801  7.490  7.180  6.869  6.558  6.248  5.937  5.626  5.316  5.005  4.695  4.384  4.073  3.763  3.452  3.141  2.831  2.520  2.210  1.899  1.588  1.278  0.967  0.657  0.346 
23.650 23.339 23.028 22.718 22.407 22.096 21.785 21.474 21.163 20.852 20.542 20.231 19.920 19.609 19.298 18.988 18.677 18.366 18.055 17.744 17.434 17.123 16.812 16.501 16.191 15.880 15.569 15.258 14.947 14.637 14.326 14.015 13.705 13.394 13.083 12.772 12.462 12.151 11.840 11.530 11.219 10.908 10.597 10.287  9.976  9.665  9.355  9.044  8.733  8.423  8.112  7.801  7.491  7.180  6.869  6.559  6.248  5.937  5.627  5.316  5.006  4.695  4.384  4.074  3.763  3.452  3.142  2.831  2.520  2.210  1.899  1.589  1.278  0.967  0.657  0.346 
23.651 23.340 23.030 22.719 22.408 22.097 21.786 21.475 21.164 20.854 20.543 20.232 19.921 19.610 19.299 18.989 18.678 18.367 18.056 17.745 17.435 17.124 16.813 16.502 16.191 15.881 15.570 15.259 14.948 14.638 14.327 14.016 13.705 13.395 13.084 12.773 12.463 12.152 11.841 11.530 11.220 10.909 10.598 10.287  9.977  9.666  9.355  9.045  8.734  8.423  8.113  7.802  7.491  7.181  6.870  6.559  6.249  5.938  5.627  5.317  5.006  4.695  4.385  4.074  3.763  3.453  3.142  2.831  2.521  2.210  1.899  1.589  1.278  0.967  0.657  0.346 
23.652 23.341 23.031 22.720 22.409 22.098 21.787 21.476 21.165 20.855 20.544 20.233 19.922 19.611 19.300 18.990 18.679 18.368 18.057 17.746 17.436 17.125 16.814 16.503 16.192 15.882 15.571 15.260 14.949 14.639 14.328 14.017 13.706 13.395 13.085 12.774 12.463 12.153 11.842 11.531 11.220 10.910 10.599 10.288  9.977  9.667  9.356  9.045  8.735  8.424  8.113  7.802  7.492  7.181  6.870  6.560  6.249  5.938  5.628  5.317  5.006  4.696  4.385  4.074  3.764  3.453  3.142  2.831  2.521  2.210  1.899  1.589  1.278  0.967  0.657  0.346 
23.653 23.342 23.031 22.721 22.410 22.099 21.788 21.477 21.166 20.855 20.545 20.234 19.923 19.612 19.301 18.990 18.680 18.369 18.058 17.747 17.436 17.126 16.815 16.504 16.193 15.882 15.572 15.261 14.950 14.639 14.328 14.018 13.707 13.396 13.085 12.775 12.464 12.153 11.842 11.532 11.221 10.910 10.599 10.289  9.978  9.667  9.357  9.046  8.735  8.424  8.114  7.803  7.492  7.181  6.871  6.560  6.249  5.939  5.628  5.317  5.007  4.696  4.385  4.074  3.764  3.453  3.142  2.832  2.521  2.210  1.900  1.589  1.278  0.967  0.657  0.346 
23.654 23.343 23.032 22.721 22.411 22.100 21.789 21.478 21.167 20.856 20.545 20.235 19.924 19.613 19.302 18.991 18.680 18.370 18.059 17.748 17.437 17.126 16.816 16.505 16.194 15.883 15.572 15.262 14.951 14.640 14.329 14.018 13.708 13.397 13.086 12.775 12.465 12.154 11.843 11.532 11.221 10.911 10.600 10.289  9.978  9.668  9.357  9.046  8.736  8.425  8.114  7.803  7.493  7.182  6.871  6.560  6.250  5.939  5.628  5.318  5.007  4.696  4.385  4.075  3.764  3.453  3.142  2.832  2.521  2.210  1.900  1.589  1.278  0.968  0.657  0.346 
23.655 23.344 23.033 22.722 22.411 22.100 21.790 21.479 21.168 20.857 20.546 20.235 19.924 19.614 19.303 18.992 18.681 18.370 18.059 17.749 17.438 17.127 16.816 16.505 16.195 15.884 15.573 15.262 14.951 14.641 14.330 14.019 13.708 13.397 13.087 12.776 12.465 12.154 11.844 11.533 11.222 10.911 10.600 10.290  9.979  9.668  9.357  9.047  8.736  8.425  8.114  7.804  7.493  7.182  6.871  6.561  6.250  5.939  5.629  5.318  5.007  4.696  4.386  4.075  3.764  3.453  3.143  2.832  2.521  2.210  1.900  1.589  1.278  0.968  0.657  0.346 
23.655 23.345 23.034 22.723 22.412 22.101 21.790 21.479 21.169 20.858 20.547 20.236 19.925 19.614 19.303 18.993 18.682 18.371 18.060 17.749 17.438 17.128 16.817 16.506 16.195 15.884 15.574 15.263 14.952 14.641 14.330 14.020 13.709 13.398 13.087 12.776 12.466 12.155 11.844 11.533 11.222 10.912 10.601 10.290  9.979  9.669  9.358  9.047  8.736  8.426  8.115  7.804  7.493  7.183  6.872  6.561  6.250  5.939  5.629  5.318  5.007  4.696  4.386  4.075  3.764  3.454  3.143  2.832  2.521  2.211  1.900  1.589  1.278  0.968  0.657  0.346 
23.656 23.345 23.034 22.723 22.413 22.102 21.791 21.480 21.169 20.858 20.547 20.237 19.926 19.615 19.304 18.993 18.682 18.372 18.061 17.750 17.439 17.128 16.817 16.507 16.196 15.885 15.574 15.263 14.952 14.642 14.331 14.020 13.709 13.398 13.088 12.777 12.466 12.155 11.844 11.534 11.223 10.912 10.601 10.291  9.980  9.669  9.358  9.047  8.737  8.426  8.115  7.804  7.494  7.183  6.872  6.561  6.250  5.940  5.629  5.318  5.007  4.697  4.386  4.075  3.764  3.454  3.143  2.832  2.521  2.211  1.900  1.589  1.278  0.968  0.657  0.346 
23.657 23.346 23.035 22.724 22.413 22.102 21.791 21.481 21.170 20.859 20.548 20.237 19.926 19.615 19.305 18.994 18.683 18.372 18.061 17.750 17.440 17.129 16.818 16.507 16.196 15.885 15.575 15.264 14.953 14.642 14.331 14.020 13.710 13.399 13.088 12.777 12.466 12.156 11.845 11.534 11.223 10.912 10.602 10.291  9.980  9.669  9.358  9.048  8.737  8.426  8.115  7.805  7.494  7.183  6.872  6.561  6.251  5.940  5.629  5.318  5.008  4.697  4.386  4.075  3.764  3.454  3.143  2.832  2.521  2.211  1.900  1.589  1.278  0.967  0.657  0.346 
23.657 23.346 23.035 22.725 22.414 22.103 21.792 21.481 21.170 20.859 20.548 20.238 19.927 19.616 19.305 18.994 18.683 18.373 18.062 17.751 17.440 17.129 16.818 16.507 16.197 15.886 15.575 15.264 14.953 14.643 14.332 14.021 13.710 13.399 13.088 12.778 12.467 12.156 11.845 11.534 11.224 10.913 10.602 10.291  9.980  9.670  9.359  9.048  8.737  8.426  8.116  7.805  7.494  7.183  6.872  6.562  6.251  5.940  5.629  5.318  5.008  4.697  4.386  4.075  3.764  3.454  3.143  2.832  2.521  2.211  1.900  1.589  1.278  0.967  0.657  0.346 
23.658 23.347 23.036 22.725 22.414 22.103 21.792 21.482 21.171 20.860 20.549 20.238 19.927 19.616 19.305 18.995 18.684 18.373 18.062 17.751 17.440 17.130 16.819 16.508 16.197 15.886 15.575 15.265 14.954 14.643 14.332 14.021 13.710 13.400 13.089 12.778 12.467 12.156 11.845 11.535 11.224 10.913 10.602 10.291  9.981  9.670  9.359  9.048  8.737  8.427  8.116  7.805  7.494  7.183  6.873  6.562  6.251  5.940  5.629  5.318  5.008  4.697  4.386  4.075  3.764  3.454  3.143  2.832  2.521  2.210  1.900  1.589  1.278  0.967  0.656  0.346 
23.658 23.347 23.036 22.725 22.415 22.104 21.793 21.482 21.171 20.860 20.549 20.238 19.928 19.617 19.306 18.995 18.684 18.373 18.062 17.752 17.441 17.130 16.819 16.508 16.197 15.887 15.576 15.265 14.954 14.643 14.332 14.022 13.711 13.400 13.089 12.778 12.467 12.157 11.846 11.535 11.224 10.913 10.602 10.292  9.981  9.670  9.359  9.048  8.737  8.427  8.116  7.805  7.494  7.183  6.873  6.562  6.251  5.940  5.629  5.318  5.008  4.697  4.386  4.075  3.764  3.454  3.143  2.832  2.521  2.210  1.899  1.589  1.278  0.967  0.656  0.345 
23.658 23.348 23.037 22.726 22.415 22.104 21.793 21.482 21.171 20.861 20.550 20.239 19.928 19.617 19.306 18.995 18.684 18.374 18.063 17.752 17.441 17.130 16.819 16.508 16.198 15.887 15.576 15.265 14.954 14.643 14.333 14.022 13.711 13.400 13.089 12.778 12.467 12.157 11.846 11.535 11.224 10.913 10.602 10.291  9.980  9.670  9.359  9.048  8.737  8.426  8.114  7.803  7.492  7.181  6.869  6.557  6.245  5.932  5.618  5.304  4.988  4.671  4.351  4.029  3.704  3.376  3.043  2.705  2.362  2.014  1.661  1.303  0.941  0.577  0.212 -0.278 
23.657 23.346 23.035 22.724 22.413 22.102 21.791 21.479 21.168 20.856 20.545 20.233 19.921 19.609 19.297 18.985 18.672 18.359 18.046 17.733 17.419 17.104 16.790 16.475 16.159 15.842 15.525 15.207 14.889 14.569 14.249 13.927 13.604 13.280 12.955 12.628 12.299 11.969 11.637 11.303 10.967 10.629 10.288  9.946  9.600  9.253  8.902  8.549  8.193  7.834  7.472  7.108  6.740  6.369  5.995  5.618  5.239  4.856  4.471  4.082  3.692  3.298  2.903  2.505  2.105  1.704  1.301  0.896  0.491  0.085 -0.258 -0.592 -0.923 -1.253 -1.578 -1.900 
23.595 23.284 22.972 22.660 22.347 22.034 21.720 21.406 21.091 20.776 20.460 20.143 19.826 19.508 19.189 18.870 18.549 18.229 17.907 17.585 17.261 16.937 16.612 16.286 15.959 15.632 15.303 14.973 14.642 14.310 13.976 13.642 13.306 12.970 12.632 12.292 11.952 11.610 11.266 10.922 10.576 10.229  9.880  9.530  9.178  8.825  8.471  8.115  7.758  7.399  7.039  6.678  6.315  5.951  5.586  5.219  4.851  4.482  4.111  3.739  3.367  2.993  2.618  2.242  1.865  1.487  1.108  0.729  0.349 -0.031 -0.340 -0.651 -0.963 -1.275 -1.588 -1.900 
23.442 23.131 22.819 22.506 22.192 21.878 21.563 21.246 20.929 20.612 20.293 19.974 19.653 19.332 19.010 18.688 18.364 18.039 17.714 17.387 17.060 16.732 16.403 16.073 15.742 15.410 15.077 14.743 14.408 14.073 13.736 13.398 13.059 12.719 12.378 12.037 11.694 11.350 11.005 10.659 10.312  9.964  9.615  9.265  8.914  8.562  8.209  7.855  7.501  7.145  6.788  6.431  6.072  5.713  5.353  4.992  4.630  4.268  3.905  3.541  3.177  2.812  2.446  2.080  1.713  1.346  0.979  0.611  0.243 -0.126 -0.421 -0.717 -1.013 -1.308 -1.604 -1.900 
23.252 22.940 22.628 22.315 22.001 21.686 21.371 21.054 20.737 20.418 20.099 19.779 19.458 19.136 18.813 18.489 18.165 17.839 17.513 17.186 16.858 16.529 16.199 15.868 15.537 15.204 14.871 14.537 14.201 13.865 13.529 13.191 12.852 12.513 12.173 11.832 11.490 11.147 10.803 10.459 10.114  9.768  9.421  9.074  8.726  8.377  8.027  7.677  7.326  6.974  6.622  6.269  5.915  5.561  5.206  4.851  4.495  4.139  3.782  3.425  3.067  2.709  2.351  1.992  1.633  1.273  0.914  0.554  0.193 -0.167 -0.456 -0.744 -1.033 -1.322 -1.611 -1.900 
23.056 22.744 22.432 22.119 21.805 21.491 21.175 20.858 20.541 20.223 19.904 19.584 19.263 18.942 18.619 18.296 17.972 17.647 17.321 16.994 16.667 16.339 16.010 15.680 15.349 15.018 14.685 14.352 14.018 13.684 13.348 13.012 12.675 12.337 11.999 11.660 11.320 10.979 10.638 10.296  9.953  9.610  9.265  8.921  8.575  8.229  7.883  7.535  7.188  6.839  6.490  6.141  5.791  5.440  5.089  4.738  4.386  4.034  3.681  3.328  2.975  2.621  2.267  1.913  1.559  1.204  0.849  0.495  0.140 -0.149 -0.440 -0.732 -1.024 -1.316 -1.608 -1.900 
22.868 22.557 22.245 21.932 21.618 21.304 20.988 20.672 20.355 20.038 19.719 19.400 19.079 18.759 18.437 18.114 17.791 17.467 17.142 16.817 16.490 16.163 15.835 15.507 15.177 14.847 14.516 14.185 13.853 13.520 13.186 12.852 12.517 12.181 11.845 11.508 11.171 10.833 10.494 10.154  9.815  9.474  9.133  8.791  8.449  8.107  7.764  7.420  7.076  6.732  6.387  6.041  5.696  5.350  5.003  4.656  4.309  3.962  3.614  3.266  2.918  2.569  2.221  1.872  1.523  1.174  0.824  0.475  0.126 -0.160 -0.450 -0.740 -1.030 -1.320 -1.610 -1.900 
22.694 22.383 22.071 21.758 21.444 21.130 20.815 20.500 20.183 19.866 19.548 19.229 18.910 18.590 18.269 17.948 17.625 17.302 16.979 16.655 16.330 16.004 15.677 15.350 15.023 14.694 14.365 14.036 13.705 13.375 13.043 12.711 12.378 12.045 11.711 11.377 11.042 10.706 10.370 10.034  9.697  9.359  9.021  8.683  8.344  8.004  7.664  7.324  6.983  6.642  6.301  5.959  5.617  5.275  4.932  4.589  4.246  3.902  3.558  3.214  2.870  2.525  2.181  1.836  1.491  1.146  0.800  0.455  0.109 -0.173 -0.461 -0.749 -1.036 -1.324 -1.612 -1.900 
22.535 22.224 21.912 21.600 21.286 20.972 20.658 20.343 20.027 19.710 19.393 19.075 18.756 18.437 18.117 17.797 17.476 17.154 16.831 16.508 16.185 15.860 15.536 15.210 14.884 14.557 14.230 13.902 13.574 13.245 12.915 12.585 12.255 11.924 11.592 11.260 10.927 10.594 10.261  9.927  9.592  9.257  8.922  8.586  8.250  7.913  7.577  7.239  6.902  6.564  6.225  5.886  5.547  5.208  4.869  4.529  4.189  3.848  3.508  3.167  2.826  2.485  2.143  1.802  1.460  1.119  0.777  0.435  0.092 -0.187 -0.473 -0.758 -1.044 -1.329 -1.615 -1.900 
22.392 22.080 21.769 21.456 21.143 20.830 20.515 20.201 19.885 19.569 19.253 18.935 18.618 18.299 17.980 17.661 17.340 17.020 16.698 16.377 16.054 15.731 15.408 15.084 14.759 14.434 14.108 13.782 13.455 13.128 12.801 12.472 12.144 11.815 11.485 11.155 10.825 10.494 10.162  9.831  9.498  9.166  8.833  8.500  8.166  7.832  7.497  7.163  6.828  6.492  6.156  5.821  5.484  5.148  4.811  4.474  4.137  3.799  3.461  3.124  2.785  2.447  2.109  1.770  1.431  1.093  0.754  0.415  0.076 -0.202 -0.485 -0.768 -1.051 -1.334 -1.617 -1.900 
22.262 21.951 21.639 21.327 21.014 20.701 20.387 20.073 19.758 19.442 19.126 18.809 18.492 18.175 17.856 17.538 17.218 16.899 16.578 16.258 15.936 15.615 15.292 14.969 14.646 14.322 13.998 13.674 13.348 13.023 12.697 12.370 12.043 11.716 11.388 11.060 10.732 10.403 10.073  9.743  9.413  9.083  8.752  8.421  8.089  7.758  7.425  7.093  6.760  6.427  6.094  5.760  5.427  5.092  4.758  4.424  4.089  3.754  3.419  3.083  2.748  2.412  2.076  1.740  1.404  1.068  0.732  0.395  0.059 -0.216 -0.497 -0.777 -1.058 -1.339 -1.619 -1.900 
22.145 21.834 21.523 21.210 20.898 20.585 20.271 19.957 19.642 19.327 19.012 18.696 18.379 18.062 17.745 17.427 17.108 16.789 16.470 16.150 15.830 15.509 15.188 14.866 14.544 14.222 13.899 13.575 13.252 12.928 12.603 12.278 11.953 11.627 11.301 10.974 10.647 10.320  9.992  9.664  9.336  9.008  8.679  8.349  8.020  7.690  7.360  7.030  6.699  6.368  6.037  5.705  5.374  5.042  4.710  4.377  4.045  3.712  3.379  3.046  2.713  2.380  2.046  1.713  1.379  1.045  0.711  0.377  0.043 -0.230 -0.508 -0.787 -1.065 -1.343 -1.622 -1.900 
22.040 21.728 21.417 21.105 20.792 20.480 20.166 19.852 19.538 19.224 18.908 18.593 18.277 17.960 17.644 17.326 17.009 16.690 16.372 16.053 15.733 15.414 15.093 14.773 14.452 14.130 13.809 13.486 13.164 12.841 12.517 12.194 11.870 11.545 11.220 10.895 10.570 10.244  9.918  9.591  9.264  8.937  8.609  8.281  7.953  7.624  7.295  6.966  6.637  6.307  5.977  5.646  5.315  4.984  4.653  4.321  3.989  3.657  3.324  2.991  2.658  2.325  1.991  1.657  1.323  0.989  0.655  0.320 -0.015 -0.283 -0.553 -0.822 -1.091 -1.361 -1.630 -1.900 
21.943 21.632 21.321 21.009 20.697 20.384 20.071 19.757 19.443 19.129 18.814 18.499 18.183 17.867 17.551 17.234 16.917 16.599 16.281 15.963 15.644 15.325 15.005 14.685 14.365 14.044 13.723 13.401 13.080 12.757 12.435 12.112 11.789 11.465 11.141 10.817 10.492 10.167  9.842  9.516  9.190  8.864  8.538  8.211  7.884  7.556  7.229  6.901  6.572  6.244  5.915  5.586  5.257  4.928  4.598  4.268  3.938  3.608  3.277  2.947  2.616  2.285  1.954  1.623  1.291  0.960  0.628  0.297 -0.035 -0.301 -0.567 -0.834 -1.100 -1.367 -1.633 -1.900 
21.854 21.543 21.231 20.920 20.607 20.295 19.982 19.668 19.355 19.040 18.726 18.411 18.096 17.780 17.464 17.148 16.831 16.514 16.196 15.878 15.560 15.242 14.923 14.603 14.284 13.964 13.644 13.323 13.002 12.681 12.359 12.037 11.715 11.392 11.069 10.746 10.423 10.099  9.775  9.450  9.126  8.801  8.476  8.150  7.825  7.499  7.173  6.846  6.520  6.193  5.866  5.538  5.211  4.883  4.556  4.228  3.899  3.571  3.243  2.914  2.585  2.256  1.928  1.598  1.269  0.940  0.611  0.281 -0.048 -0.312 -0.577 -0.842 -1.106 -1.371 -1.635 -1.900 
21.771 21.460 21.149 20.837 20.525 20.213 19.900 19.587 19.273 18.959 18.645 18.330 18.015 17.700 17.385 17.069 16.752 16.436 16.119 15.802 15.484 15.166 14.848 14.529 14.210 13.891 13.572 13.252 12.932 12.612 12.291 11.970 11.649 11.327 11.005 10.683 10.361 10.038  9.715  9.392  9.069  8.745  8.422  8.097  7.773  7.449  7.124  6.799  6.474  6.149  5.823  5.498  5.172  4.846  4.520  4.193  3.867  3.540  3.214  2.887  2.560  2.233  1.906  1.578  1.251  0.924  0.596  0.269 -0.059 -0.322 -0.585 -0.848 -1.111 -1.374 -1.637 -1.900 
21.696 21.385 21.073 20.762 20.450 20.137 19.825 19.512 19.199 18.885 18.571 18.257 17.942 17.627 17.312 16.997 16.681 16.365 16.049 15.732 15.415 15.098 14.780 14.462 14.144 13.826 13.507 13.188 12.869 12.549 12.230 11.910 11.589 11.269 10.948 10.627 10.306  9.984  9.662  9.340  9.018  8.696  8.373  8.051  7.728  7.404  7.081  6.757  6.434  6.110  5.786  5.461  5.137  4.813  4.488  4.163  3.838  3.513  3.188  2.863  2.537  2.212  1.886  1.561  1.235  0.909  0.583  0.257 -0.068 -0.330 -0.591 -0.853 -1.115 -1.377 -1.638 -1.900 
21.627 21.316 21.005 20.693 20.382 20.069 19.757 19.444 19.131 18.818 18.504 18.190 17.876 17.562 17.247 16.932 16.616 16.301 15.985 15.669 15.352 15.036 14.719 14.402 14.084 13.766 13.448 13.130 12.812 12.493 12.174 11.855 11.536 11.216 10.896 10.576 10.256  9.935  9.615  9.294  8.972  8.651  8.330  8.008  7.686  7.364  7.042  6.719  6.397  6.074  5.751  5.428  5.105  4.782  4.458  4.135  3.811  3.487  3.164  2.840  2.516  2.191  1.867  1.543  1.218  0.894  0.569  0.245 -0.080 -0.340 -0.600 -0.860 -1.120 -1.380 -1.640 -1.900 
21.565 21.254 20.943 20.632 20.320 20.008 19.695 19.383 19.070 18.757 18.443 18.130 17.816 17.502 17.187 16.873 16.558 16.243 15.927 15.612 15.296 14.980 14.663 14.347 14.030 13.713 13.395 13.078 12.760 12.442 12.124 11.806 11.487 11.168 10.849 10.530 10.210  9.891  9.571  9.251  8.931  8.611  8.290  7.969  7.649  7.328  7.007  6.685  6.364  6.042  5.720  5.399  5.077  4.755  4.432  4.110  3.788  3.465  3.143  2.820  2.497  2.174  1.851  1.528  1.205  0.882  0.559  0.236 -0.087 -0.346 -0.605 -0.864 -1.123 -1.382 -1.641 -1.900 
21.509 21.198 20.887 20.575 20.264 19.952 19.639 19.327 19.014 18.701 18.388 18.075 17.761 17.448 17.133 16.819 16.505 16.190 15.875 15.560 15.244 14.929 14.613 14.297 13.981 13.664 13.347 13.030 12.713 12.396 12.079 11.761 11.443 11.125 10.807 10.488 10.170  9.851  9.532  9.213  8.894  8.574  8.255  7.935  7.615  7.295  6.975  6.655  6.334  6.014  5.693  5.372  5.051  4.730  4.409  4.088  3.767  3.445  3.124  2.802  2.481  2.159  1.837  1.516  1.194  0.872  0.550  0.228 -0.094 -0.352 -0.610 -0.868 -1.126 -1.384 -1.642 -1.900 
21.458 21.147 20.836 20.525 20.213 19.901 19.589 19.277 18.964 18.651 18.339 18.025 17.712 17.399 17.085 16.771 16.457 16.142 15.828 15.513 15.198 14.883 14.567 14.252 13.936 13.620 13.304 12.988 12.671 12.355 12.038 11.721 11.403 11.086 10.769 10.451 10.133  9.815  9.497  9.179  8.860  8.541  8.223  7.904  7.585  7.266  6.946  6.627  6.308  5.988  5.668  5.348  5.029  4.709  4.388  4.068  3.748  3.428  3.107  2.787  2.466  2.145  1.825  1.504  1.183  0.862  0.541  0.221 -0.100 -0.357 -0.614 -0.872 -1.129 -1.386 -1.643 -1.900 
21.412 21.101 20.790 20.479 20.167 19.855 19.543 19.231 18.919 18.606 18.294 17.981 17.668 17.354 17.041 16.727 16.413 16.099 15.785 15.471 15.156 14.841 14.526 14.211 13.896 13.580 13.265 12.949 12.633 12.317 12.001 11.684 11.368 11.051 10.734 10.417 10.100  9.783  9.465  9.147  8.830  8.512  8.194  7.876  7.558  7.239  6.921  6.602  6.284  5.965  5.646  5.327  5.008  4.689  4.370  4.050  3.731  3.412  3.092  2.772  2.453  2.133  1.813  1.494  1.174  0.854  0.534  0.214 -0.106 -0.362 -0.618 -0.875 -1.131 -1.387 -1.644 -1.900 
