22.816 22.505 22.194 21.883 21.573 21.262 20.951 20.640 20.329 20.018 19.707 19.396 19.085 18.774 18.464 18.153 17.842 17.531 17.220 16.909 16.598 16.287 15.976 15.665 15.354 15.043 14.732 14.421 14.110 13.799 13.488 13.176 12.865 12.554 12.242 11.931 11.619 11.307 10.996 10.684 10.372 10.059  9.747  9.434  9.121  8.807  8.494  8.180  7.865  7.551  7.235  6.920  6.603  6.287  5.969  5.651  5.332  5.013  4.692  4.371  4.050  3.727  3.404  3.080  2.755  2.429  2.103  1.776  1.448  1.120  0.792  0.462  0.133 -0.153 -0.466 -0.779 
22.813 22.502 22.191 21.880 21.569 21.258 20.947 20.636 20.325 20.013 19.702 19.391 19.079 18.768 18.456 18.145 17.833 17.521 17.209 16.897 16.585 16.273 15.961 15.649 15.336 15.024 14.711 14.398 14.085 13.772 13.459 13.145 12.832 12.518 12.204 11.889 11.575 11.260 10.945 10.630 10.315  9.999  9.683  9.367  9.050  8.733  8.416  8.098  7.780  7.462  7.143  6.823  6.503  6.182  5.861  5.539  5.215  4.891  4.566  4.239  3.911  3.581  3.249  2.915  2.579  2.241  1.900  1.557  1.212  0.864  0.515  0.163 -0.164 -0.462 -0.760 -1.057 
22.796 22.485 22.174 21.863 21.552 21.240 20.929 20.617 20.305 19.993 19.681 19.369 19.057 18.744 18.432 18.119 17.806 17.493 17.180 16.866 16.553 16.239 15.925 15.610 15.296 14.981 14.666 14.351 14.035 13.719 13.403 13.087 12.770 12.453 12.135 11.817 11.499 11.181 10.862 10.542 10.222  9.902  9.582  9.261  8.939  8.617  8.294  7.972  7.648  7.324  7.000  6.675  6.349  6.023  5.697  5.370  5.042  4.714  4.386  4.057  3.727  3.397  3.066  2.735  2.403  2.071  1.739  1.405  1.072  0.737  0.402  0.067 -0.247 -0.609 -0.972 -1.336 
22.760 22.449 22.138 21.826 21.515 21.203 20.891 20.579 20.266 19.953 19.640 19.327 19.014 18.700 18.386 18.072 17.758 17.443 17.128 16.813 16.498 16.182 15.866 15.549 15.233 14.916 14.598 14.280 13.962 13.643 13.324 13.005 12.685 12.365 12.044 11.723 11.401 11.079 10.756 10.432 10.108  9.784  9.459  9.133  8.807  8.480  8.152  7.824  7.495  7.165  6.835  6.504  6.173  5.841  5.508  5.174  4.840  4.505  4.169  3.833  3.497  3.159  2.821  2.483  2.144  1.804  1.464  1.123  0.782  0.441  0.099 -0.212 -0.562 -0.912 -1.263 -1.614 
22.702 22.391 22.080 21.768 21.456 21.144 20.831 20.518 20.205 19.892 19.578 19.264 18.949 18.634 18.319 18.004 17.688 17.372 17.055 16.738 16.421 16.103 15.785 15.467 15.148 14.829 14.509 14.189 13.868 13.547 13.225 12.903 12.581 12.258 11.934 11.610 11.285 10.959 10.633 10.306  9.979  9.651  9.322  8.992  8.662  8.331  7.999  7.666  7.332  6.997  6.662  6.325  5.988  5.650  5.310  4.970  4.629  4.287  3.945  3.601  3.256  2.911  2.565  2.218  1.871  1.523  1.174  0.825  0.475  0.125 -0.184 -0.525 -0.866 -1.208 -1.550 -1.893 
22.623 22.312 22.001 21.689 21.377 21.064 20.751 20.437 20.124 19.809 19.494 19.179 18.864 18.548 18.231 17.914 17.597 17.279 16.961 16.643 16.323 16.004 15.684 15.363 15.042 14.721 14.399 14.076 13.753 13.430 13.106 12.781 12.456 12.130 11.804 11.477 11.149 10.821 10.493 10.163  9.833  9.503  9.171  8.839  8.506  8.173  7.838  7.503  7.167  6.829  6.491  6.151  5.810  5.468  5.124  4.779  4.433  4.084  3.734  3.383  3.029  2.675  2.318  1.960  1.600  1.240  0.878  0.515  0.151 -0.167 -0.500 -0.833 -1.167 -1.501 -1.836 -2.171 
22.525 22.214 21.902 21.590 21.278 20.965 20.651 20.337 20.022 19.707 19.392 19.076 18.759 18.442 18.125 17.807 17.488 17.169 16.849 16.529 16.208 15.887 15.565 15.242 14.919 14.595 14.271 13.946 13.621 13.295 12.968 12.640 12.312 11.984 11.654 11.324 10.994 10.662 10.330  9.998  9.664  9.330  8.995  8.660  8.324  7.987  7.649  7.311  6.972  6.633  6.292  5.952  5.610  5.268  4.925  4.581  4.237  3.892  3.547  3.201  2.854  2.506  2.158  1.809  1.459  1.109  0.758  0.406  0.053 -0.226 -0.439 -0.647 -0.850 -1.045 -1.230 -1.407 
22.408 22.097 21.786 21.473 21.161 20.847 20.533 20.219 19.904 19.588 19.272 18.956 18.638 18.321 18.002 17.684 17.364 17.044 16.724 16.403 16.081 15.759 15.436 15.113 14.789 14.465 14.140 13.815 13.489 13.163 12.836 12.509 12.181 11.853 11.524 11.195 10.866 10.537 10.207  9.877  9.546  9.216  8.885  8.555  8.224  7.893  7.562  7.232  6.902  6.571  6.242  5.912  5.583  5.254  4.926  4.598  4.271  3.945  3.619  3.294  2.969  2.646  2.323  2.001  1.680  1.359  1.040  0.721  0.403  0.086 -0.096 -0.198 -0.296 -0.392 -0.487 -0.581 
22.291 21.980 21.668 21.356 21.043 20.730 20.417 20.103 19.789 19.474 19.159 18.843 18.527 18.210 17.893 17.576 17.258 16.940 16.622 16.303 15.984 15.665 15.345 15.025 14.705 14.385 14.064 13.743 13.422 13.101 12.780 12.459 12.138 11.817 11.496 11.175 10.854 10.533 10.213  9.893  9.573  9.254  8.935  8.616  8.298  7.981  7.664  7.348  7.032  6.718  6.404  6.091  5.780  5.469  5.159  4.850  4.543  4.236  3.931  3.627  3.324  3.022  2.722  2.423  2.124  1.827  1.531  1.236  0.943  0.650  0.358  0.067 -0.094 -0.181 -0.263 -0.345 
22.208 21.897 21.586 21.274 20.963 20.651 20.338 20.026 19.713 19.400 19.087 18.774 18.460 18.146 17.832 17.518 17.204 16.890 16.576 16.261 15.947 15.632 15.317 15.003 14.688 14.374 14.059 13.745 13.431 13.117 12.803 12.490 12.176 11.864 11.551 11.239 10.927 10.615 10.304  9.994  9.684  9.375  9.067  8.759  8.452  8.145  7.840  7.535  7.232  6.929  6.628  6.327  6.028  5.730  5.433  5.138  4.844  4.551  4.259  3.969  3.680  3.393  3.107  2.822  2.539  2.257  1.977  1.697  1.419  1.143  0.867  0.592  0.319  0.046 -0.105 -0.184 
22.178 21.867 21.556 21.245 20.934 20.623 20.312 20.002 19.691 19.380 19.069 18.758 18.447 18.136 17.826 17.515 17.205 16.894 16.584 16.274 15.964 15.654 15.345 15.036 14.727 14.418 14.109 13.801 13.493 13.186 12.879 12.572 12.266 11.961 11.656 11.351 11.047 10.744 10.441 10.139  9.838  9.538  9.238  8.940  8.642  8.346  8.050  7.756  7.463  7.171  6.880  6.592  6.304  6.019  5.735  5.453  5.173  4.895  4.619  4.345  4.074  3.805  3.539  3.274  3.013  2.753  2.496  2.241  1.989  1.738  1.489  1.242  0.996  0.752  0.508  0.265 
22.200 21.890 21.579 21.269 20.959 20.649 20.339 20.030 19.720 19.411 19.103 18.794 18.486 18.178 17.871 17.564 17.257 16.950 16.644 16.338 16.033 15.728 15.424 15.120 14.816 14.513 14.210 13.908 13.607 13.306 13.006 12.706 12.407 12.109 11.811 11.514 11.218 10.923 10.628 10.334 10.041  9.749  9.458  9.167  8.878  8.589  8.301  8.014  7.728  7.443  7.159  6.875  6.593  6.311  6.031  5.751  5.472  5.194  4.917  4.640  4.365  4.090  3.816  3.542  3.269  2.997  2.725  2.454  2.183  1.913  1.643  1.373  1.104  0.835  0.566  0.297 
22.272 21.961 21.651 21.341 21.031 20.722 20.413 20.105 19.797 19.490 19.183 18.876 18.570 18.264 17.959 17.654 17.350 17.046 16.742 16.439 16.137 15.835 15.533 15.232 14.932 14.632 14.332 14.033 13.735 13.437 13.140 12.843 12.547 12.251 11.956 11.662 11.368 11.075 10.782 10.490 10.198  9.907  9.617  9.327  9.038  8.749  8.461  8.174  7.887  7.601  7.315  7.030  6.745  6.461  6.177  5.894  5.612  5.329  5.048  4.766  4.485  4.205  3.925  3.645  3.366  3.087  2.808  2.529  2.251  1.973  1.695  1.417  1.140  0.862  0.585  0.308 
22.370 22.059 21.749 21.439 21.130 20.821 20.513 20.205 19.898 19.591 19.284 18.978 18.673 18.368 18.063 17.759 17.456 17.153 16.850 16.548 16.246 15.945 15.644 15.344 15.044 14.745 14.446 14.148 13.850 13.553 13.256 12.960 12.664 12.368 12.073 11.779 11.485 11.191 10.898 10.606 10.314 10.022  9.731  9.440  9.150  8.860  8.570  8.281  7.993  7.705  7.417  7.129  6.842  6.555  6.269  5.983  5.697  5.412  5.127  4.842  4.558  4.274  3.990  3.706  3.422  3.139  2.856  2.573  2.290  2.007  1.725  1.443  1.160  0.878  0.596  0.314 
22.475 22.165 21.854 21.545 21.235 20.927 20.618 20.311 20.003 19.696 19.390 19.084 18.778 18.473 18.169 17.865 17.561 17.258 16.955 16.653 16.351 16.050 15.749 15.448 15.148 14.849 14.550 14.251 13.953 13.655 13.357 13.060 12.764 12.468 12.172 11.877 11.582 11.287 10.993 10.700 10.406 10.113  9.821  9.529  9.237  8.945  8.654  8.363  8.073  7.783  7.493  7.203  6.914  6.625  6.336  6.048  5.760  5.472  5.184  4.896  4.609  4.322  4.035  3.749  3.462  3.176  2.889  2.603  2.317  2.032  1.746  1.460  1.174  0.889  0.603  0.318 
22.578 22.267 21.957 21.647 21.338 21.029 20.721 20.413 20.105 19.798 19.491 19.185 18.879 18.574 18.269 17.965 17.661 17.357 17.054 16.751 16.449 16.147 15.845 15.544 15.243 14.943 14.643 14.344 14.045 13.746 13.448 13.150 12.852 12.555 12.258 11.962 11.666 11.370 11.075 10.780 10.485 10.191  9.896  9.603  9.309  9.016  8.723  8.431  8.139  7.847  7.555  7.263  6.972  6.681  6.390  6.100  5.809  5.519  5.229  4.940  4.650  4.361  4.071  3.782  3.493  3.205  2.916  2.627  2.339  2.050  1.762  1.474  1.186  0.897  0.609  0.321 
22.674 22.364 22.053 21.743 21.434 21.125 20.816 20.508 20.200 19.893 19.586 19.280 18.973 18.668 18.362 18.057 17.753 17.449 17.145 16.841 16.538 16.236 15.934 15.632 15.330 15.029 14.728 14.428 14.128 13.828 13.529 13.230 12.932 12.633 12.335 12.038 11.740 11.443 11.147 10.850 10.554 10.258  9.963  9.668  9.373  9.078  8.784  8.489  8.195  7.902  7.608  7.315  7.022  6.729  6.437  6.144  5.852  5.560  5.268  4.976  4.685  4.393  4.102  3.811  3.520  3.229  2.938  2.647  2.357  2.066  1.776  1.485  1.195  0.904  0.614  0.324 
22.763 22.452 22.142 21.832 21.523 21.213 20.905 20.596 20.288 19.981 19.673 19.366 19.060 18.754 18.448 18.142 17.837 17.533 17.228 16.924 16.621 16.317 16.014 15.712 15.409 15.107 14.806 14.505 14.204 13.903 13.603 13.303 13.003 12.704 12.405 12.106 11.807 11.509 11.211 10.914 10.616 10.319 10.022  9.726  9.429  9.133  8.837  8.541  8.246  7.951  7.656  7.361  7.066  6.772  6.478  6.183  5.889  5.596  5.302  5.009  4.715  4.422  4.129  3.836  3.543  3.250  2.958  2.665  2.372  2.080  1.788  1.495  1.203  0.911  0.618  0.326 
22.844 22.534 22.223 21.913 21.604 21.294 20.985 20.677 20.369 20.061 19.753 19.446 19.139 18.832 18.526 18.220 17.914 17.609 17.304 17.000 16.695 16.391 16.088 15.784 15.481 15.179 14.876 14.574 14.272 13.971 13.670 13.369 13.068 12.768 12.467 12.168 11.868 11.569 11.270 10.971 10.672 10.374 10.076  9.778  9.480  9.183  8.885  8.588  8.291  7.995  7.698  7.402  7.106  6.810  6.514  6.219  5.923  5.628  5.333  5.037  4.743  4.448  4.153  3.858  3.564  3.269  2.975  2.681  2.386  2.092  1.798  1.504  1.210  0.916  0.622  0.328 
22.919 22.608 22.298 21.987 21.678 21.368 21.059 20.750 20.442 20.134 19.826 19.518 19.211 18.904 18.597 18.291 17.985 17.679 17.374 17.068 16.764 16.459 16.155 15.851 15.547 15.243 14.940 14.637 14.335 14.032 13.730 13.428 13.127 12.825 12.524 12.224 11.923 11.623 11.322 11.022 10.723 10.423 10.124  9.825  9.526  9.227  8.929  8.631  8.332  8.035  7.737  7.439  7.142  6.844  6.547  6.250  5.953  5.657  5.360  5.063  4.767  4.471  4.175  3.878  3.582  3.287  2.991  2.695  2.399  2.103  1.808  1.512  1.217  0.921  0.626  0.330 
22.986 22.676 22.365 22.055 21.745 21.435 21.126 20.817 20.508 20.200 19.892 19.584 19.276 18.969 18.662 18.355 18.049 17.743 17.437 17.131 16.825 16.520 16.215 15.911 15.606 15.302 14.998 14.695 14.391 14.088 13.785 13.483 13.180 12.878 12.576 12.274 11.973 11.672 11.370 11.070 10.769 10.468 10.168  9.868  9.568  9.268  8.968  8.669  8.370  8.071  7.772  7.473  7.174  6.876  6.577  6.279  5.981  5.683  5.385  5.087  4.789  4.492  4.194  3.897  3.599  3.302  3.005  2.708  2.411  2.113  1.816  1.519  1.223  0.926  0.629  0.332 
23.048 22.737 22.427 22.116 21.806 21.497 21.187 20.878 20.569 20.260 19.952 19.644 19.336 19.028 18.721 18.414 18.107 17.800 17.494 17.188 16.882 16.576 16.271 15.966 15.661 15.356 15.051 14.747 14.443 14.139 13.836 13.532 13.229 12.926 12.623 12.321 12.018 11.716 11.414 11.112 10.811 10.509 10.208  9.907  9.606  9.305  9.004  8.704  8.404  8.103  7.803  7.503  7.204  6.904  6.604  6.305  6.006  5.707  5.407  5.108  4.810  4.511  4.212  3.913  3.615  3.316  3.018  2.719  2.421  2.123  1.824  1.526  1.228  0.930  0.631  0.333 
23.104 22.793 22.482 22.172 21.862 21.552 21.243 20.933 20.624 20.315 20.007 19.698 19.390 19.082 18.775 18.467 18.160 17.853 17.546 17.239 16.933 16.627 16.321 16.015 15.710 15.405 15.099 14.795 14.490 14.185 13.881 13.577 13.273 12.969 12.666 12.363 12.059 11.757 11.454 11.151 10.849 10.546 10.244  9.942  9.640  9.339  9.037  8.736  8.434  8.133  7.832  7.531  7.230  6.930  6.629  6.329  6.028  5.728  5.428  5.128  4.828  4.528  4.228  3.928  3.629  3.329  3.029  2.730  2.430  2.131  1.831  1.532  1.233  0.933  0.634  0.335 
23.155 22.844 22.533 22.223 21.913 21.603 21.293 20.984 20.674 20.365 20.057 19.748 19.440 19.131 18.823 18.516 18.208 17.901 17.593 17.286 16.980 16.673 16.367 16.061 15.755 15.449 15.143 14.838 14.533 14.227 13.923 13.618 13.313 13.009 12.705 12.401 12.097 11.793 11.490 11.186 10.883 10.580 10.277  9.974  9.672  9.369  9.067  8.764  8.462  8.160  7.858  7.556  7.255  6.953  6.652  6.350  6.049  5.748  5.447  5.146  4.845  4.544  4.243  3.942  3.641  3.341  3.040  2.739  2.439  2.138  1.838  1.538  1.237  0.937  0.636  0.336 
23.201 22.890 22.579 22.269 21.959 21.649 21.339 21.030 20.720 20.411 20.102 19.793 19.484 19.176 18.868 18.560 18.252 17.944 17.637 17.329 17.022 16.715 16.408 16.102 15.795 15.489 15.183 14.877 14.571 14.266 13.960 13.655 13.350 13.045 12.740 12.436 12.131 11.827 11.523 11.218 10.915 10.611 10.307 10.004  9.700  9.397  9.094  8.791  8.488  8.185  7.882  7.579  7.277  6.974  6.672  6.370  6.068  5.766  5.464  5.162  4.860  4.558  4.256  3.954  3.653  3.351  3.050  2.748  2.447  2.145  1.844  1.542  1.241  0.940  0.638  0.337 
23.243 22.932 22.622 22.311 22.001 21.691 21.381 21.071 20.762 20.452 20.143 19.834 19.525 19.217 18.908 18.600 18.292 17.984 17.676 17.368 17.061 16.753 16.446 16.139 15.832 15.526 15.219 14.913 14.607 14.301 13.995 13.689 13.383 13.078 12.772 12.467 12.162 11.857 11.552 11.248 10.943 10.639 10.334 10.030  9.726  9.422  9.118  8.814  8.511  8.207  7.904  7.600  7.297  6.994  6.691  6.388  6.085  5.782  5.479  5.176  4.874  4.571  4.268  3.966  3.663  3.361  3.058  2.756  2.454  2.151  1.849  1.547  1.245  0.942  0.640  0.338 
23.281 22.970 22.660 22.349 22.039 21.729 21.419 21.109 20.799 20.490 20.180 19.871 19.562 19.253 18.945 18.636 18.328 18.019 17.711 17.403 17.096 16.788 16.481 16.173 15.866 15.559 15.252 14.945 14.639 14.332 14.026 13.720 13.413 13.107 12.802 12.496 12.190 11.885 11.579 11.274 10.969 10.664 10.359 10.054  9.750  9.445  9.140  8.836  8.532  8.228  7.923  7.619  7.315  7.011  6.708  6.404  6.100  5.797  5.493  5.189  4.886  4.583  4.279  3.976  3.673  3.370  3.066  2.763  2.460  2.157  1.854  1.551  1.248  0.945  0.642  0.339 
23.316 23.005 22.694 22.384 22.074 21.763 21.453 21.143 20.834 20.524 20.215 19.905 19.596 19.287 18.978 18.669 18.361 18.052 17.744 17.436 17.128 16.820 16.512 16.204 15.897 15.589 15.282 14.975 14.668 14.361 14.054 13.747 13.441 13.134 12.828 12.522 12.216 11.910 11.604 11.298 10.993 10.687 10.382 10.076  9.771  9.466  9.161  8.856  8.551  8.246  7.941  7.637  7.332  7.027  6.723  6.419  6.114  5.810  5.506  5.202  4.897  4.593  4.289  3.985  3.681  3.378  3.074  2.770  2.466  2.162  1.858  1.555  1.251  0.947  0.644  0.340 
23.348 23.037 22.726 22.416 22.105 21.795 21.485 21.175 20.865 20.555 20.245 19.936 19.627 19.317 19.008 18.699 18.391 18.082 17.773 17.465 17.157 16.848 16.540 16.232 15.924 15.617 15.309 15.002 14.694 14.387 14.080 13.773 13.466 13.159 12.852 12.546 12.239 11.933 11.626 11.320 11.014 10.708 10.402 10.096  9.791  9.485  9.179  8.874  8.568  8.263  7.958  7.652  7.347  7.042  6.737  6.432  6.127  5.822  5.517  5.213  4.908  4.603  4.298  3.994  3.689  3.385  3.080  2.776  2.471  2.167  1.862  1.558  1.254  0.949  0.645  0.341 
23.376 23.066 22.755 22.444 22.134 21.823 21.513 21.203 20.893 20.583 20.274 19.964 19.655 19.345 19.036 18.727 18.418 18.109 17.800 17.491 17.183 16.874 16.566 16.258 15.950 15.642 15.334 15.026 14.718 14.411 14.103 13.796 13.489 13.181 12.874 12.567 12.260 11.954 11.647 11.340 11.034 10.727 10.421 10.114  9.808  9.502  9.196  8.890  8.584  8.278  7.972  7.667  7.361  7.055  6.750  6.444  6.139  5.833  5.528  5.222  4.917  4.612  4.307  4.002  3.696  3.391  3.086  2.781  2.476  2.171  1.866  1.561  1.256  0.951  0.646  0.341 
23.402 23.092 22.781 22.470 22.160 21.849 21.539 21.229 20.919 20.609 20.299 19.989 19.680 19.370 19.061 18.752 18.442 18.133 17.824 17.516 17.207 16.898 16.590 16.281 15.973 15.664 15.356 15.048 14.740 14.432 14.125 13.817 13.509 13.202 12.894 12.587 12.280 11.972 11.665 11.358 11.051 10.745 10.438 10.131  9.824  9.518  9.211  8.905  8.598  8.292  7.986  7.680  7.373  7.067  6.761  6.455  6.149  5.843  5.537  5.232  4.926  4.620  4.314  4.009  3.703  3.397  3.092  2.786  2.481  2.175  1.869  1.564  1.258  0.953  0.647  0.342 
23.426 23.115 22.805 22.494 22.184 21.873 21.563 21.253 20.942 20.632 20.322 20.013 19.703 19.393 19.084 18.774 18.465 18.156 17.847 17.538 17.229 16.920 16.611 16.302 15.994 15.685 15.377 15.068 14.760 14.452 14.144 13.836 13.528 13.220 12.912 12.605 12.297 11.990 11.682 11.375 11.068 10.760 10.453 10.146  9.839  9.532  9.225  8.918  8.611  8.305  7.998  7.691  7.385  7.078  6.772  6.465  6.159  5.852  5.546  5.240  4.934  4.627  4.321  4.015  3.709  3.403  3.097  2.791  2.484  2.178  1.872  1.566  1.260  0.954  0.648  0.343 
23.448 23.137 22.826 22.516 22.205 21.895 21.584 21.274 20.964 20.654 20.344 20.034 19.724 19.414 19.104 18.795 18.485 18.176 17.867 17.558 17.248 16.939 16.630 16.321 16.013 15.704 15.395 15.087 14.778 14.470 14.162 13.853 13.545 13.237 12.929 12.621 12.313 12.005 11.698 11.390 11.082 10.775 10.467 10.160  9.852  9.545  9.238  8.930  8.623  8.316  8.009  7.702  7.395  7.088  6.781  6.474  6.168  5.861  5.554  5.247  4.941  4.634  4.327  4.021  3.714  3.408  3.101  2.795  2.488  2.182  1.875  1.569  1.262  0.956  0.649  0.343 
23.467 23.157 22.846 22.535 22.225 21.914 21.604 21.293 20.983 20.673 20.363 20.053 19.743 19.433 19.123 18.814 18.504 18.194 17.885 17.576 17.266 16.957 16.648 16.339 16.030 15.721 15.412 15.103 14.795 14.486 14.178 13.869 13.561 13.252 12.944 12.636 12.328 12.019 11.711 11.403 11.096 10.788 10.480 10.172  9.864  9.557  9.249  8.942  8.634  8.327  8.019  7.712  7.404  7.097  6.790  6.483  6.175  5.868  5.561  5.254  4.947  4.640  4.333  4.026  3.719  3.412  3.105  2.798  2.491  2.185  1.878  1.571  1.264  0.957  0.650  0.343 
23.485 23.175 22.864 22.553 22.242 21.932 21.621 21.311 21.001 20.691 20.380 20.070 19.760 19.450 19.140 18.831 18.521 18.211 17.902 17.592 17.283 16.973 16.664 16.355 16.046 15.737 15.428 15.119 14.810 14.501 14.192 13.883 13.575 13.266 12.958 12.649 12.341 12.032 11.724 11.416 11.108 10.799 10.491 10.183  9.875  9.567  9.259  8.952  8.644  8.336  8.028  7.721  7.413  7.105  6.798  6.490  6.183  5.875  5.568  5.260  4.953  4.645  4.338  4.031  3.723  3.416  3.109  2.802  2.494  2.187  1.880  1.573  1.266  0.958  0.651  0.344 
23.502 23.191 22.880 22.569 22.259 21.948 21.638 21.327 21.017 20.706 20.396 20.086 19.776 19.466 19.156 18.846 18.536 18.227 17.917 17.607 17.298 16.988 16.679 16.369 16.060 15.751 15.442 15.132 14.823 14.514 14.205 13.896 13.588 13.279 12.970 12.661 12.353 12.044 11.736 11.427 11.119 10.810 10.502 10.194  9.885  9.577  9.269  8.961  8.653  8.345  8.037  7.729  7.421  7.113  6.805  6.497  6.189  5.881  5.574  5.266  4.958  4.650  4.343  4.035  3.728  3.420  3.112  2.805  2.497  2.190  1.882  1.574  1.267  0.959  0.652  0.344 
23.516 23.206 22.895 22.584 22.273 21.963 21.652 21.342 21.031 20.721 20.411 20.100 19.790 19.480 19.170 18.860 18.550 18.240 17.931 17.621 17.311 17.002 16.692 16.382 16.073 15.764 15.454 15.145 14.836 14.527 14.217 13.908 13.599 13.290 12.981 12.672 12.364 12.055 11.746 11.437 11.129 10.820 10.511 10.203  9.894  9.586  9.278  8.969  8.661  8.353  8.044  7.736  7.428  7.120  6.811  6.503  6.195  5.887  5.579  5.271  4.963  4.655  4.347  4.039  3.731  3.423  3.115  2.807  2.500  2.192  1.884  1.576  1.268  0.960  0.652  0.345 
23.530 23.219 22.908 22.597 22.287 21.976 21.666 21.355 21.045 20.734 20.424 20.114 19.803 19.493 19.183 18.873 18.563 18.253 17.943 17.633 17.323 17.014 16.704 16.394 16.085 15.775 15.466 15.156 14.847 14.538 14.228 13.919 13.610 13.301 12.992 12.683 12.373 12.064 11.756 11.447 11.138 10.829 10.520 10.211  9.903  9.594  9.285  8.977  8.668  8.360  8.051  7.743  7.434  7.126  6.817  6.509  6.201  5.892  5.584  5.276  4.967  4.659  4.351  4.043  3.734  3.426  3.118  2.810  2.502  2.194  1.886  1.577  1.269  0.961  0.653  0.345 
23.542 23.231 22.920 22.610 22.299 21.988 21.678 21.367 21.057 20.746 20.436 20.125 19.815 19.505 19.195 18.885 18.575 18.264 17.954 17.645 17.335 17.025 16.715 16.405 16.096 15.786 15.476 15.167 14.857 14.548 14.238 13.929 13.619 13.310 13.001 12.692 12.382 12.073 11.764 11.455 11.146 10.837 10.528 10.219  9.910  9.601  9.292  8.984  8.675  8.366  8.057  7.749  7.440  7.131  6.823  6.514  6.206  5.897  5.588  5.280  4.971  4.663  4.354  4.046  3.738  3.429  3.121  2.812  2.504  2.195  1.887  1.579  1.270  0.962  0.654  0.345 
23.553 23.242 22.931 22.621 22.310 21.999 21.689 21.378 21.068 20.757 20.447 20.136 19.826 19.516 19.205 18.895 18.585 18.275 17.965 17.655 17.345 17.035 16.725 16.415 16.105 15.796 15.486 15.176 14.866 14.557 14.247 13.938 13.628 13.319 13.009 12.700 12.391 12.081 11.772 11.463 11.154 10.844 10.535 10.226  9.917  9.608  9.299  8.990  8.681  8.372  8.063  7.754  7.445  7.136  6.828  6.519  6.210  5.901  5.592  5.284  4.975  4.666  4.358  4.049  3.740  3.432  3.123  2.814  2.506  2.197  1.888  1.580  1.271  0.963  0.654  0.345 
23.563 23.252 22.942 22.631 22.320 22.009 21.699 21.388 21.078 20.767 20.457 20.146 19.836 19.525 19.215 18.905 18.595 18.284 17.974 17.664 17.354 17.044 16.734 16.424 16.114 15.804 15.494 15.185 14.875 14.565 14.255 13.946 13.636 13.327 13.017 12.708 12.398 12.089 11.779 11.470 11.160 10.851 10.542 10.233  9.923  9.614  9.305  8.996  8.687  8.377  8.068  7.759  7.450  7.141  6.832  6.523  6.214  5.905  5.596  5.287  4.978  4.669  4.361  4.052  3.743  3.434  3.125  2.816  2.507  2.199  1.890  1.581  1.272  0.963  0.655  0.346 
23.572 23.262 22.951 22.640 22.329 22.018 21.708 21.397 21.087 20.776 20.466 20.155 19.845 19.534 19.224 18.914 18.603 18.293 17.983 17.673 17.362 17.052 16.742 16.432 16.122 15.812 15.502 15.192 14.883 14.573 14.263 13.953 13.643 13.334 13.024 12.714 12.405 12.095 11.786 11.476 11.167 10.857 10.548 10.238  9.929  9.620  9.310  9.001  8.692  8.382  8.073  7.764  7.455  7.145  6.836  6.527  6.218  5.909  5.600  5.290  4.981  4.672  4.363  4.054  3.745  3.436  3.127  2.818  2.509  2.200  1.891  1.582  1.273  0.964  0.655  0.346 
23.581 23.270 22.959 22.648 22.337 22.027 21.716 21.405 21.095 20.784 20.474 20.163 19.853 19.542 19.232 18.921 18.611 18.301 17.991 17.680 17.370 17.060 16.750 16.440 16.130 15.820 15.510 15.200 14.890 14.580 14.270 13.960 13.650 13.340 13.030 12.721 12.411 12.101 11.792 11.482 11.172 10.863 10.553 10.244  9.934  9.625  9.315  9.006  8.696  8.387  8.077  7.768  7.458  7.149  6.840  6.530  6.221  5.912  5.603  5.293  4.984  4.675  4.366  4.056  3.747  3.438  3.129  2.819  2.510  2.201  1.892  1.583  1.274  0.964  0.655  0.346 
23.588 23.277 22.967 22.656 22.345 22.034 21.724 21.413 21.102 20.792 20.481 20.171 19.860 19.550 19.239 18.929 18.618 18.308 17.998 17.687 17.377 17.067 16.757 16.446 16.136 15.826 15.516 15.206 14.896 14.586 14.276 13.966 13.656 13.346 13.036 12.726 12.417 12.107 11.797 11.487 11.177 10.868 10.558 10.248  9.939  9.629  9.319  9.010  8.700  8.391  8.081  7.772  7.462  7.153  6.843  6.534  6.224  5.915  5.605  5.296  4.986  4.677  4.368  4.058  3.749  3.440  3.130  2.821  2.512  2.202  1.893  1.584  1.274  0.965  0.656  0.346 
23.595 23.284 22.973 22.663 22.352 22.041 21.730 21.420 21.109 20.798 20.488 20.177 19.867 19.556 19.246 18.935 18.625 18.314 18.004 17.694 17.383 17.073 16.763 16.453 16.142 15.832 15.522 15.212 14.902 14.592 14.282 13.971 13.661 13.351 13.042 12.732 12.422 12.112 11.802 11.492 11.182 10.872 10.562 10.253  9.943  9.633  9.323  9.014  8.704  8.394  8.085  7.775  7.465  7.156  6.846  6.537  6.227  5.917  5.608  5.298  4.989  4.679  4.370  4.060  3.751  3.441  3.132  2.822  2.513  2.203  1.894  1.584  1.275  0.965  0.656  0.346 
23.601 23.291 22.980 22.669 22.358 22.047 21.737 21.426 21.115 20.805 20.494 20.183 19.873 19.562 19.252 18.941 18.631 18.320 18.010 17.699 17.389 17.079 16.768 16.458 16.148 15.838 15.527 15.217 14.907 14.597 14.287 13.977 13.666 13.356 13.046 12.736 12.426 12.116 11.806 11.496 11.186 10.876 10.567 10.257  9.947  9.637  9.327  9.017  8.707  8.398  8.088  7.778  7.468  7.159  6.849  6.539  6.229  5.920  5.610  5.300  4.991  4.681  4.371  4.062  3.752  3.443  3.133  2.823  2.514  2.204  1.895  1.585  1.275  0.966  0.656  0.347 
23.607 23.296 22.985 22.675 22.364 22.053 21.742 21.432 21.121 20.810 20.500 20.189 19.878 19.568 19.257 18.947 18.636 18.326 18.015 17.705 17.394 17.084 16.774 16.463 16.153 15.843 15.532 15.222 14.912 14.601 14.291 13.981 13.671 13.361 13.051 12.741 12.430 12.120 11.810 11.500 11.190 10.880 10.570 10.260  9.950  9.640  9.330  9.020  8.711  8.401  8.091  7.781  7.471  7.161  6.851  6.542  6.232  5.922  5.612  5.302  4.993  4.683  4.373  4.063  3.754  3.444  3.134  2.824  2.515  2.205  1.895  1.586  1.276  0.966  0.656  0.347 
23.612 23.301 22.991 22.680 22.369 22.058 21.747 21.437 21.126 20.815 20.505 20.194 19.883 19.573 19.262 18.952 18.641 18.330 18.020 17.710 17.399 17.089 16.778 16.468 16.157 15.847 15.537 15.226 14.916 14.606 14.295 13.985 13.675 13.365 13.055 12.744 12.434 12.124 11.814 11.504 11.194 10.884 10.574 10.264  9.953  9.643  9.333  9.023  8.713  8.403  8.093  7.784  7.474  7.164  6.854  6.544  6.234  5.924  5.614  5.304  4.994  4.684  4.375  4.065  3.755  3.445  3.135  2.825  2.516  2.206  1.896  1.586  1.276  0.966  0.657  0.347 
23.617 23.306 22.995 22.684 22.374 22.063 21.752 21.441 21.131 20.820 20.509 20.199 19.888 19.577 19.267 18.956 18.645 18.335 18.024 17.714 17.403 17.093 16.782 16.472 16.162 15.851 15.541 15.230 14.920 14.610 14.299 13.989 13.679 13.368 13.058 12.748 12.438 12.127 11.817 11.507 11.197 10.887 10.577 10.266  9.956  9.646  9.336  9.026  8.716  8.406  8.096  7.786  7.476  7.166  6.856  6.546  6.236  5.926  5.616  5.306  4.996  4.686  4.376  4.066  3.756  3.446  3.136  2.826  2.516  2.206  1.896  1.587  1.277  0.967  0.657  0.347 
23.621 23.310 23.000 22.689 22.378 22.067 21.756 21.446 21.135 20.824 20.513 20.203 19.892 19.581 19.271 18.960 18.650 18.339 18.028 17.718 17.407 17.097 16.786 16.476 16.165 15.855 15.544 15.234 14.924 14.613 14.303 13.992 13.682 13.372 13.061 12.751 12.441 12.131 11.820 11.510 11.200 10.890 10.579 10.269  9.959  9.649  9.339  9.028  8.718  8.408  8.098  7.788  7.478  7.168  6.858  6.548  6.237  5.927  5.617  5.307  4.997  4.687  4.377  4.067  3.757  3.447  3.137  2.827  2.517  2.207  1.897  1.587  1.277  0.967  0.657  0.347 
23.625 23.314 23.003 22.693 22.382 22.071 21.760 21.449 21.139 20.828 20.517 20.206 19.896 19.585 19.274 18.964 18.653 18.343 18.032 17.721 17.411 17.100 16.790 16.479 16.169 15.858 15.548 15.237 14.927 14.616 14.306 13.996 13.685 13.375 13.064 12.754 12.444 12.133 11.823 11.513 11.202 10.892 10.582 10.272  9.961  9.651  9.341  9.031  8.720  8.410  8.100  7.790  7.480  7.170  6.859  6.549  6.239  5.929  5.619  5.309  4.999  4.688  4.378  4.068  3.758  3.448  3.138  2.828  2.518  2.208  1.897  1.587  1.277  0.967  0.657  0.347 
23.629 23.318 23.007 22.696 22.385 22.074 21.764 21.453 21.142 20.831 20.521 20.210 19.899 19.589 19.278 18.967 18.657 18.346 18.035 17.725 17.414 17.103 16.793 16.482 16.172 15.861 15.551 15.240 14.930 14.619 14.309 13.998 13.688 13.378 13.067 12.757 12.446 12.136 11.826 11.515 11.205 10.895 10.584 10.274  9.964  9.653  9.343  9.033  8.722  8.412  8.102  7.792  7.481  7.171  6.861  6.551  6.240  5.930  5.620  5.310  5.000  4.689  4.379  4.069  3.759  3.449  3.139  2.828  2.518  2.208  1.898  1.588  1.278  0.967  0.657  0.347 
23.632 23.321 23.010 22.699 22.389 22.078 21.767 21.456 21.145 20.835 20.524 20.213 19.902 19.592 19.281 18.970 18.660 18.349 18.038 17.728 17.417 17.106 16.796 16.485 16.175 15.864 15.554 15.243 14.932 14.622 14.311 14.001 13.690 13.380 13.070 12.759 12.449 12.138 11.828 11.517 11.207 10.897 10.586 10.276  9.966  9.655  9.345  9.034  8.724  8.414  8.104  7.793  7.483  7.173  6.862  6.552  6.242  5.931  5.621  5.311  5.001  4.690  4.380  4.070  3.760  3.449  3.139  2.829  2.519  2.209  1.898  1.588  1.278  0.968  0.657  0.347 
23.635 23.324 23.013 22.702 22.391 22.081 21.770 21.459 21.148 20.837 20.527 20.216 19.905 19.594 19.284 18.973 18.662 18.352 18.041 17.730 17.420 17.109 16.798 16.488 16.177 15.867 15.556 15.245 14.935 14.624 14.314 14.003 13.693 13.382 13.072 12.761 12.451 12.140 11.830 11.519 11.209 10.899 10.588 10.278  9.967  9.657  9.347  9.036  8.726  8.415  8.105  7.795  7.484  7.174  6.864  6.553  6.243  5.933  5.622  5.312  5.002  4.691  4.381  4.071  3.760  3.450  3.140  2.830  2.519  2.209  1.899  1.588  1.278  0.968  0.658  0.347 
23.637 23.327 23.016 22.705 22.394 22.083 21.772 21.462 21.151 20.840 20.529 20.218 19.908 19.597 19.286 18.976 18.665 18.354 18.043 17.733 17.422 17.111 16.801 16.490 16.180 15.869 15.558 15.248 14.937 14.627 14.316 14.005 13.695 13.384 13.074 12.763 12.453 12.142 11.832 11.521 11.211 10.900 10.590 10.279  9.969  9.658  9.348  9.038  8.727  8.417  8.106  7.796  7.486  7.175  6.865  6.554  6.244  5.934  5.623  5.313  5.002  4.692  4.382  4.071  3.761  3.451  3.140  2.830  2.520  2.209  1.899  1.589  1.278  0.968  0.658  0.347 
23.640 23.329 23.018 22.707 22.396 22.086 21.775 21.464 21.153 20.842 20.532 20.221 19.910 19.599 19.289 18.978 18.667 18.356 18.046 17.735 17.424 17.114 16.803 16.492 16.182 15.871 15.560 15.250 14.939 14.629 14.318 14.007 13.697 13.386 13.076 12.765 12.455 12.144 11.833 11.523 11.212 10.902 10.591 10.281  9.970  9.660  9.349  9.039  8.729  8.418  8.108  7.797  7.487  7.176  6.866  6.555  6.245  5.935  5.624  5.314  5.003  4.693  4.382  4.072  3.762  3.451  3.141  2.830  2.520  2.210  1.899  1.589  1.279  0.968  0.658  0.347 
23.642 23.331 23.020 22.709 22.399 22.088 21.777 21.466 21.155 20.845 20.534 20.223 19.912 19.601 19.291 18.980 18.669 18.358 18.048 17.737 17.426 17.116 16.805 16.494 16.184 15.873 15.562 15.252 14.941 14.630 14.320 14.009 13.699 13.388 13.077 12.767 12.456 12.146 11.835 11.524 11.214 10.903 10.593 10.282  9.972  9.661  9.351  9.040  8.730  8.419  8.109  7.798  7.488  7.177  6.867  6.556  6.246  5.935  5.625  5.314  5.004  4.694  4.383  4.073  3.762  3.452  3.141  2.831  2.520  2.210  1.900  1.589  1.279  0.968  0.658  0.347 
23.644 23.333 23.022 22.711 22.401 22.090 21.779 21.468 21.157 20.846 20.536 20.225 19.914 19.603 19.293 18.982 18.671 18.360 18.050 17.739 17.428 17.117 16.807 16.496 16.185 15.875 15.564 15.253 14.943 14.632 14.321 14.011 13.700 13.389 13.079 12.768 12.458 12.147 11.836 11.526 11.215 10.905 10.594 10.284  9.973  9.662  9.352  9.041  8.731  8.420  8.110  7.799  7.489  7.178  6.868  6.557  6.247  5.936  5.626  5.315  5.005  4.694  4.384  4.073  3.763  3.452  3.142  2.831  2.521  2.210  1.900  1.589  1.279  0.968  0.658  0.347 
23.646 23.335 23.024 22.713 22.402 22.092 21.781 21.470 21.159 20.848 20.537 20.227 19.916 19.605 19.294 18.984 18.673 18.362 18.051 17.741 17.430 17.119 16.808 16.498 16.187 15.876 15.566 15.255 14.944 14.633 14.323 14.012 13.702 13.391 13.080 12.770 12.459 12.148 11.838 11.527 11.216 10.906 10.595 10.285  9.974  9.663  9.353  9.042  8.732  8.421  8.111  7.800  7.490  7.179  6.868  6.558  6.247  5.937  5.626  5.316  5.005  4.695  4.384  4.074  3.763  3.453  3.142  2.832  2.521  2.211  1.900  1.589  1.279  0.968  0.658  0.347 
23.648 23.337 23.026 22.715 22.404 22.093 21.782 21.472 21.161 20.850 20.539 20.228 19.917 19.607 19.296 18.985 18.674 18.364 18.053 17.742 17.431 17.121 16.810 16.499 16.188 15.878 15.567 15.256 14.946 14.635 14.324 14.013 13.703 13.392 13.081 12.771 12.460 12.149 11.839 11.528 11.218 10.907 10.596 10.286  9.975  9.664  9.354  9.043  8.733  8.422  8.111  7.801  7.490  7.180  6.869  6.559  6.248  5.937  5.627  5.316  5.006  4.695  4.385  4.074  3.763  3.453  3.142  2.832  2.521  2.211  1.900  1.590  1.279  0.969  0.658  0.347 
23.649 23.338 23.027 22.716 22.406 22.095 21.784 21.473 21.162 20.851 20.541 20.230 19.919 19.608 19.297 18.987 18.676 18.365 18.054 17.743 17.433 17.122 16.811 16.500 16.190 15.879 15.568 15.257 14.947 14.636 14.325 14.015 13.704 13.393 13.083 12.772 12.461 12.151 11.840 11.529 11.219 10.908 10.597 10.287  9.976  9.665  9.355  9.044  8.733  8.423  8.112  7.802  7.491  7.180  6.870  6.559  6.249  5.938  5.627  5.317  5.006  4.696  4.385  4.074  3.764  3.453  3.143  2.832  2.522  2.211  1.900  1.590  1.279  0.969  0.658  0.347 
23.650 23.340 23.029 22.718 22.407 22.096 21.785 21.474 21.164 20.853 20.542 20.231 19.920 19.609 19.299 18.988 18.677 18.366 18.055 17.745 17.434 17.123 16.812 16.502 16.191 15.880 15.569 15.259 14.948 14.637 14.326 14.016 13.705 13.394 13.084 12.773 12.462 12.152 11.841 11.530 11.220 10.909 10.598 10.287  9.977  9.666  9.356  9.045  8.734  8.424  8.113  7.802  7.492  7.181  6.870  6.560  6.249  5.938  5.628  5.317  5.007  4.696  4.385  4.075  3.764  3.454  3.143  2.832  2.522  2.211  1.901  1.590  1.279  0.969  0.658  0.348 
23.652 23.341 23.030 22.719 22.408 22.097 21.786 21.476 21.165 20.854 20.543 20.232 19.921 19.611 19.300 18.989 18.678 18.367 18.057 17.746 17.435 17.124 16.813 16.503 16.192 15.881 15.570 15.260 14.949 14.638 14.327 14.017 13.706 13.395 13.085 12.774 12.463 12.152 11.842 11.531 11.220 10.910 10.599 10.288  9.978  9.667  9.356  9.046  8.735  8.424  8.114  7.803  7.492  7.182  6.871  6.560  6.250  5.939  5.628  5.318  5.007  4.696  4.386  4.075  3.764  3.454  3.143  2.833  2.522  2.211  1.901  1.590  1.279  0.969  0.658  0.348 
23.653 23.342 23.031 22.720 22.409 22.098 21.788 21.477 21.166 20.855 20.544 20.233 19.922 19.612 19.301 18.990 18.679 18.368 18.058 17.747 17.436 17.125 16.814 16.504 16.193 15.882 15.571 15.261 14.950 14.639 14.328 14.018 13.707 13.396 13.085 12.775 12.464 12.153 11.843 11.532 11.221 10.910 10.600 10.289  9.978  9.668  9.357  9.046  8.735  8.425  8.114  7.803  7.493  7.182  6.871  6.561  6.250  5.939  5.629  5.318  5.007  4.697  4.386  4.075  3.765  3.454  3.143  2.833  2.522  2.211  1.901  1.590  1.279  0.969  0.658  0.348 
23.654 23.343 23.032 22.721 22.410 22.099 21.789 21.478 21.167 20.856 20.545 20.234 19.923 19.613 19.302 18.991 18.680 18.369 18.059 17.748 17.437 17.126 16.815 16.505 16.194 15.883 15.572 15.261 14.951 14.640 14.329 14.018 13.708 13.397 13.086 12.775 12.465 12.154 11.843 11.532 11.222 10.911 10.600 10.290  9.979  9.668  9.357  9.047  8.736  8.425  8.115  7.804  7.493  7.183  6.872  6.561  6.250  5.940  5.629  5.318  5.008  4.697  4.386  4.076  3.765  3.454  3.144  2.833  2.522  2.212  1.901  1.590  1.280  0.969  0.658  0.348 
23.655 23.344 23.033 22.722 22.411 22.100 21.789 21.479 21.168 20.857 20.546 20.235 19.924 19.614 19.303 18.992 18.681 18.370 18.059 17.749 17.438 17.127 16.816 16.505 16.195 15.884 15.573 15.262 14.951 14.641 14.330 14.019 13.708 13.398 13.087 12.776 12.465 12.155 11.844 11.533 11.222 10.912 10.601 10.290  9.979  9.669  9.358  9.047  8.737  8.426  8.115  7.804  7.494  7.183  6.872  6.562  6.251  5.940  5.629  5.319  5.008  4.697  4.387  4.076  3.765  3.455  3.144  2.833  2.522  2.212  1.901  1.590  1.280  0.969  0.658  0.348 
23.655 23.345 23.034 22.723 22.412 22.101 21.790 21.479 21.169 20.858 20.547 20.236 19.925 19.614 19.304 18.993 18.682 18.371 18.060 17.749 17.439 17.128 16.817 16.506 16.195 15.885 15.574 15.263 14.952 14.641 14.331 14.020 13.709 13.398 13.088 12.777 12.466 12.155 11.844 11.534 11.223 10.912 10.601 10.291  9.980  9.669  9.358  9.048  8.737  8.426  8.116  7.805  7.494  7.183  6.873  6.562  6.251  5.940  5.630  5.319  5.008  4.698  4.387  4.076  3.765  3.455  3.144  2.833  2.523  2.212  1.901  1.590  1.280  0.969  0.658  0.348 
23.656 23.345 23.035 22.724 22.413 22.102 21.791 21.480 21.169 20.858 20.548 20.237 19.926 19.615 19.304 18.993 18.683 18.372 18.061 17.750 17.439 17.128 16.818 16.507 16.196 15.885 15.574 15.264 14.953 14.642 14.331 14.020 13.710 13.399 13.088 12.777 12.467 12.156 11.845 11.534 11.223 10.913 10.602 10.291  9.980  9.670  9.359  9.048  8.737  8.427  8.116  7.805  7.494  7.184  6.873  6.562  6.251  5.941  5.630  5.319  5.008  4.698  4.387  4.076  3.766  3.455  3.144  2.833  2.523  2.212  1.901  1.590  1.280  0.969  0.658  0.348 
23.657 23.346 23.035 22.724 22.413 22.103 21.792 21.481 21.170 20.859 20.548 20.237 19.927 19.616 19.305 18.994 18.683 18.372 18.062 17.751 17.440 17.129 16.818 16.507 16.197 15.886 15.575 15.264 14.953 14.643 14.332 14.021 13.710 13.399 13.089 12.778 12.467 12.156 11.845 11.535 11.224 10.913 10.602 10.292  9.981  9.670  9.359  9.049  8.738  8.427  8.116  7.805  7.495  7.184  6.873  6.562  6.252  5.941  5.630  5.319  5.009  4.698  4.387  4.076  3.766  3.455  3.144  2.834  2.523  2.212  1.901  1.591  1.280  0.969  0.658  0.348 
23.658 23.347 23.036 22.725 22.414 22.103 21.792 21.481 21.171 20.860 20.549 20.238 19.927 19.616 19.305 18.995 18.684 18.373 18.062 17.751 17.440 17.130 16.819 16.508 16.197 15.886 15.576 15.265 14.954 14.643 14.332 14.021 13.711 13.400 13.089 12.778 12.468 12.157 11.846 11.535 11.224 10.914 10.603 10.292  9.981  9.670  9.360  9.049  8.738  8.427  8.117  7.806  7.495  7.184  6.873  6.563  6.252  5.941  5.630  5.320  5.009  4.698  4.387  4.077  3.766  3.455  3.144  2.834  2.523  2.212  1.901  1.591  1.280  0.969  0.658  0.348 
23.658 23.347 23.036 22.726 22.415 22.104 21.793 21.482 21.171 20.860 20.549 20.239 19.928 19.617 19.306 18.995 18.684 18.374 18.063 17.752 17.441 17.130 16.819 16.509 16.198 15.887 15.576 15.265 14.954 14.644 14.333 14.022 13.711 13.400 13.090 12.779 12.468 12.157 11.846 11.536 11.225 10.914 10.603 10.292  9.982  9.671  9.360  9.049  8.738  8.428  8.117  7.806  7.495  7.185  6.874  6.563  6.252  5.941  5.631  5.320  5.009  4.698  4.388  4.077  3.766  3.455  3.144  2.834  2.523  2.212  1.901  1.591  1.280  0.969  0.658  0.348 
23.659 23.348 23.037 22.726 22.415 22.104 21.793 21.483 21.172 20.861 20.550 20.239 19.928 19.617 19.307 18.996 18.685 18.374 18.063 17.752 17.441 17.131 16.820 16.509 16.198 15.887 15.576 15.266 14.955 14.644 14.333 14.022 13.712 13.401 13.090 12.779 12.468 12.157 11.847 11.536 11.225 10.914 10.603 10.293  9.982  9.671  9.360  9.049  8.739  8.428  8.117  7.806  7.496  7.185  6.874  6.563  6.252  5.942  5.631  5.320  5.009  4.698  4.388  4.077  3.766  3.455  3.145  2.834  2.523  2.212  1.901  1.591  1.280  0.969  0.658  0.348 
23.659 23.348 23.037 22.726 22.416 22.105 21.794 21.483 21.172 20.861 20.550 20.240 19.929 19.618 19.307 18.996 18.685 18.374 18.064 17.753 17.442 17.131 16.820 16.509 16.199 15.888 15.577 15.266 14.955 14.644 14.334 14.023 13.712 13.401 13.090 12.779 12.469 12.158 11.847 11.536 11.225 10.915 10.604 10.293  9.982  9.671  9.361  9.050  8.739  8.428  8.117  7.807  7.496  7.185  6.874  6.563  6.253  5.942  5.631  5.320  5.009  4.699  4.388  4.077  3.766  3.455  3.145  2.834  2.523  2.212  1.901  1.591  1.280  0.969  0.658  0.348 
23.660 23.349 23.038 22.727 22.416 22.105 21.794 21.483 21.173 20.862 20.551 20.240 19.929 19.618 19.307 18.997 18.686 18.375 18.064 17.753 17.442 17.131 16.821 16.510 16.199 15.888 15.577 15.266 14.956 14.645 14.334 14.023 13.712 13.401 13.091 12.780 12.469 12.158 11.847 11.536 11.226 10.915 10.604 10.293  9.982  9.672  9.361  9.050  8.739  8.428  8.118  7.807  7.496  7.185  6.874  6.563  6.253  5.942  5.631  5.320  5.009  4.699  4.388  4.077  3.766  3.455  3.145  2.834  2.523  2.212  1.901  1.591  1.280  0.969  0.658  0.347 
23.660 23.349 23.038 22.727 22.416 22.106 21.795 21.484 21.173 20.862 20.551 20.240 19.929 19.619 19.308 18.997 18.686 18.375 18.064 17.753 17.443 17.132 16.821 16.510 16.199 15.888 15.578 15.267 14.956 14.645 14.334 14.023 13.713 13.402 13.091 12.780 12.469 12.158 11.848 11.537 11.226 10.915 10.604 10.293  9.983  9.672  9.361  9.050  8.739  8.428  8.118  7.807  7.496  7.185  6.874  6.564  6.253  5.942  5.631  5.320  5.010  4.699  4.388  4.077  3.766  3.455  3.145  2.834  2.523  2.212  1.901  1.591  1.280  0.969  0.658  0.347 
23.660 23.349 23.038 22.728 22.417 22.106 21.795 21.484 21.173 20.862 20.552 20.241 19.930 19.619 19.308 18.997 18.686 18.375 18.065 17.754 17.443 17.132 16.821 16.510 16.200 15.889 15.578 15.267 14.956 14.645 14.334 14.024 13.713 13.402 13.091 12.780 12.469 12.159 11.848 11.537 11.226 10.915 10.604 10.294  9.983  9.672  9.361  9.050  8.739  8.429  8.118  7.807  7.496  7.185  6.875  6.564  6.253  5.942  5.631  5.320  5.010  4.699  4.388  4.077  3.766  3.455  3.145  2.834  2.523  2.212  1.901  1.591  1.280  0.969  0.658  0.347 
23.661 23.350 23.039 22.728 22.417 22.106 21.795 21.484 21.174 20.863 20.552 20.241 19.930 19.619 19.308 18.997 18.687 18.376 18.065 17.754 17.443 17.132 16.821 16.511 16.200 15.889 15.578 15.267 14.956 14.646 14.335 14.024 13.713 13.402 13.091 12.780 12.470 12.159 11.848 11.537 11.226 10.915 10.605 10.294  9.983  9.672  9.361  9.050  8.740  8.429  8.118  7.807  7.496  7.185  6.875  6.564  6.253  5.942  5.631  5.320  5.010  4.699  4.388  4.077  3.766  3.455  3.145  2.834  2.523  2.212  1.901  1.590  1.280  0.969  0.658  0.347 
23.661 23.350 23.039 22.728 22.417 22.106 21.796 21.485 21.174 20.863 20.552 20.241 19.930 19.619 19.309 18.998 18.687 18.376 18.065 17.754 17.443 17.133 16.822 16.511 16.200 15.889 15.578 15.267 14.957 14.646 14.335 14.024 13.713 13.402 13.091 12.781 12.470 12.159 11.848 11.537 11.226 10.916 10.605 10.294  9.983  9.672  9.361  9.050  8.740  8.429  8.118  7.807  7.496  7.185  6.875  6.564  6.253  5.942  5.631  5.320  5.010  4.699  4.388  4.077  3.766  3.455  3.144  2.834  2.523  2.212  1.901  1.590  1.279  0.969  0.658  0.347 
23.661 23.350 23.039 22.728 22.418 22.107 21.796 21.485 21.174 20.863 20.552 20.241 19.931 19.620 19.309 18.998 18.687 18.376 18.065 17.754 17.444 17.133 16.822 16.511 16.200 15.889 15.578 15.268 14.957 14.646 14.335 14.024 13.713 13.402 13.091 12.780 12.469 12.158 11.847 11.536 11.225 10.913 10.602 10.290  9.978  9.665  9.353  9.039  8.725  8.410  8.094  7.776  7.457  7.136  6.812  6.486  6.155  5.820  5.480  5.133  4.780  4.418  4.048  3.668  3.277  2.875  2.462  2.038  1.604  1.161  0.710  0.252 -0.348 -1.051 -1.752 -2.450 
23.656 23.345 23.034 22.723 22.412 22.100 21.789 21.477 21.165 20.853 20.541 20.229 19.916 19.603 19.290 18.977 18.663 18.349 18.035 17.720 17.405 17.090 16.774 16.457 16.140 15.822 15.503 15.184 14.864 14.543 14.221 13.898 13.574 13.249 12.923 12.595 12.266 11.936 11.605 11.272 10.937 10.601 10.264  9.924  9.583  9.240  8.896  8.550  8.202  7.852  7.501  7.149  6.794  6.439  6.083  5.725  5.367  5.008  4.649  4.289  3.930  3.571  3.213  2.855  2.499  2.143  1.788  1.434  1.082  0.730  0.379  0.029 -0.180 -0.291 -0.398 -0.500 
23.589 23.278 22.966 22.654 22.341 22.028 21.715 21.401 21.087 20.772 20.456 20.140 19.824 19.507 19.190 18.871 18.553 18.234 17.914 17.594 17.273 16.951 16.629 16.307 15.983 15.660 15.335 15.010 14.684 14.358 14.031 13.703 13.375 13.046 12.717 12.387 12.056 11.725 11.394 11.062 10.729 10.397 10.063  9.730  9.396  9.062  8.728  8.393  8.058  7.724  7.389  7.054  6.719  6.385  6.050  5.716  5.382  5.048  4.714  4.381  4.048  3.716  3.384  3.052  2.721  2.390  2.060  1.731  1.401  1.073  0.745  0.417  0.090 -0.131 -0.316 -0.500 
23.475 23.164 22.852 22.540 22.228 21.914 21.601 21.287 20.972 20.657 20.341 20.025 19.708 19.391 19.074 18.756 18.437 18.118 17.799 17.479 17.158 16.838 16.517 16.195 15.873 15.551 15.228 14.905 14.582 14.258 13.934 13.610 13.285 12.960 12.635 12.310 11.985 11.659 11.333 11.007 10.682 10.356 10.030  9.704  9.378  9.052  8.726  8.400  8.075  7.749  7.424  7.099  6.774  6.449  6.125  5.801  5.477  5.153  4.830  4.507  4.185  3.862  3.540  3.218  2.897  2.575  2.254  1.934  1.613  1.293  0.972  0.652  0.332  0.012 -0.244 -0.500 
23.373 23.062 22.750 22.439 22.126 21.814 21.501 21.187 20.873 20.559 20.244 19.929 19.614 19.298 18.982 18.666 18.349 18.032 17.714 17.397 17.079 16.760 16.442 16.123 15.803 15.484 15.164 14.844 14.524 14.203 13.883 13.562 13.241 12.919 12.598 12.276 11.954 11.633 11.310 10.988 10.666 10.344 10.021  9.699  9.376  9.053  8.731  8.408  8.085  7.762  7.439  7.117  6.794  6.471  6.148  5.825  5.502  5.179  4.857  4.534  4.211  3.888  3.566  3.243  2.920  2.597  2.275  1.952  1.629  1.307  0.984  0.662  0.339  0.017 -0.242 -0.500 
23.294 22.983 22.672 22.360 22.048 21.736 21.423 21.111 20.797 20.484 20.170 19.856 19.542 19.227 18.912 18.597 18.281 17.966 17.649 17.333 17.017 16.700 16.383 16.065 15.748 15.430 15.112 14.794 14.475 14.157 13.838 13.519 13.199 12.880 12.560 12.241 11.921 11.601 11.280 10.960 10.639 10.319  9.998  9.677  9.356  9.035  8.714  8.392  8.071  7.749  7.428  7.106  6.784  6.462  6.140  5.818  5.496  5.174  4.852  4.530  4.208  3.886  3.563  3.241  2.919  2.596  2.274  1.951  1.629  1.306  0.984  0.662  0.339  0.017 -0.242 -0.500 
23.231 22.920 22.609 22.298 21.986 21.674 21.361 21.049 20.736 20.423 20.110 19.796 19.482 19.168 18.854 18.540 18.225 17.910 17.595 17.279 16.963 16.648 16.331 16.015 15.699 15.382 15.065 14.748 14.430 14.113 13.795 13.477 13.159 12.841 12.522 12.204 11.885 11.566 11.247 10.928 10.608 10.289  9.969  9.649  9.329  9.009  8.689  8.369  8.049  7.728  7.407  7.087  6.766  6.445  6.124  5.803  5.482  5.161  4.840  4.518  4.197  3.875  3.554  3.232  2.911  2.589  2.268  1.946  1.624  1.303  0.981  0.659  0.337  0.015 -0.242 -0.500 
23.178 22.867 22.556 22.244 21.933 21.621 21.309 20.996 20.684 20.371 20.058 19.745 19.431 19.118 18.804 18.490 18.176 17.861 17.546 17.232 16.917 16.601 16.286 15.970 15.654 15.338 15.022 14.706 14.389 14.072 13.755 13.438 13.121 12.804 12.486 12.168 11.850 11.532 11.214 10.896 10.577 10.259  9.940  9.621  9.302  8.983  8.664  8.344  8.025  7.705  7.386  7.066  6.746  6.426  6.106  5.786  5.466  5.145  4.825  4.505  4.184  3.864  3.543  3.222  2.902  2.581  2.260  1.939  1.618  1.298  0.977  0.656  0.335  0.014 -0.243 -0.500 
23.131 22.820 22.509 22.197 21.886 21.574 21.262 20.950 20.638 20.325 20.012 19.699 19.386 19.073 18.759 18.446 18.132 17.818 17.504 17.189 16.874 16.560 16.245 15.930 15.614 15.299 14.983 14.667 14.351 14.035 13.719 13.402 13.086 12.769 12.452 12.135 11.818 11.501 11.183 10.866 10.548 10.230  9.912  9.594  9.276  8.957  8.639  8.320  8.002  7.683  7.364  7.045  6.726  6.407  6.088  5.769  5.449  5.130  4.810  4.491  4.171  3.852  3.532  3.212  2.892  2.572  2.253  1.933  1.613  1.293  0.973  0.653  0.333  0.013 -0.244 -0.500 
23.089 22.778 22.467 22.156 21.844 21.532 21.221 20.909 20.596 20.284 19.971 19.659 19.346 19.033 18.720 18.406 18.093 17.779 17.465 17.151 16.837 16.522 16.208 15.893 15.578 15.263 14.948 14.633 14.317 14.001 13.686 13.370 13.054 12.738 12.421 12.105 11.788 11.472 11.155 10.838 10.521 10.204  9.886  9.569  9.251  8.934  8.616  8.298  7.980  7.662  7.344  7.026  6.708  6.389  6.071  5.753  5.434  5.115  4.797  4.478  4.159  3.840  3.521  3.202  2.883  2.564  2.245  1.926  1.607  1.288  0.969  0.650  0.330  0.011 -0.244 -0.500 
23.051 22.740 22.429 22.118 21.807 21.495 21.183 20.871 20.559 20.247 19.935 19.622 19.309 18.997 18.684 18.370 18.057 17.744 17.430 17.116 16.802 16.488 16.174 15.860 15.545 15.231 14.916 14.601 14.286 13.971 13.656 13.340 13.025 12.709 12.393 12.077 11.761 11.445 11.129 10.812 10.496 10.179  9.863  9.546  9.229  8.912  8.595  8.278  7.961  7.643  7.326  7.008  6.691  6.373  6.055  5.738  5.420  5.102  4.784  4.466  4.148  3.830  3.512  3.193  2.875  2.557  2.239  1.920  1.602  1.284  0.965  0.647  0.328  0.010 -0.245 -0.500 
23.017 22.706 22.395 22.084 21.773 21.461 21.150 20.838 20.526 20.214 19.901 19.589 19.277 18.964 18.651 18.338 18.025 17.712 17.398 17.085 16.771 16.458 16.144 15.830 15.516 15.201 14.887 14.572 14.258 13.943 13.628 13.313 12.998 12.683 12.368 12.052 11.737 11.421 11.105 10.789 10.473 10.157  9.841  9.525  9.209  8.892  8.576  8.259  7.943  7.626  7.309  6.992  6.675  6.358  6.041  5.724  5.407  5.090  4.772  4.455  4.138  3.820  3.503  3.185  2.868  2.550  2.233  1.915  1.597  1.280  0.962  0.644  0.327  0.009 -0.246 -0.500 
22.987 22.676 22.365 22.053 21.742 21.431 21.119 20.807 20.495 20.184 19.871 19.559 19.247 18.934 18.622 18.309 17.996 17.683 17.370 17.057 16.743 16.430 16.116 15.803 15.489 15.175 14.861 14.547 14.232 13.918 13.603 13.289 12.974 12.659 12.344 12.029 11.714 11.399 11.084 10.768 10.453 10.137  9.822  9.506  9.190  8.874  8.558  8.242  7.926  7.610  7.294  6.978  6.661  6.345  6.028  5.712  5.395  5.079  4.762  4.445  4.128  3.812  3.495  3.178  2.861  2.544  2.227  1.910  1.593  1.276  0.959  0.642  0.325  0.008 -0.246 -0.500 
22.959 22.648 22.337 22.026 21.714 21.403 21.091 20.780 20.468 20.156 19.844 19.532 19.220 18.908 18.595 18.282 17.970 17.657 17.344 17.031 16.718 16.405 16.091 15.778 15.464 15.151 14.837 14.523 14.209 13.895 13.581 13.267 12.952 12.638 12.323 12.009 11.694 11.379 11.065 10.750 10.435 10.119  9.804  9.489  9.174  8.858  8.543  8.227  7.912  7.596  7.280  6.964  6.649  6.333  6.017  5.701  5.385  5.069  4.752  4.436  4.120  3.804  3.488  3.171  2.855  2.539  2.222  1.906  1.589  1.273  0.956  0.640  0.323  0.007 -0.247 -0.500 
22.934 22.623 22.312 22.001 21.689 21.378 21.066 20.755 20.443 20.131 19.820 19.508 19.195 18.883 18.571 18.259 17.946 17.633 17.321 17.008 16.695 16.382 16.069 15.756 15.442 15.129 14.816 14.502 14.188 13.875 13.561 13.247 12.933 12.619 12.304 11.990 11.676 11.361 11.047 10.732 10.418 10.103  9.788  9.473  9.159  8.844  8.528  8.213  7.898  7.583  7.268  6.952  6.637  6.322  6.006  5.691  5.375  5.059  4.744  4.428  4.112  3.797  3.481  3.165  2.849  2.533  2.218  1.902  1.586  1.270  0.954  0.638  0.322  0.006 -0.247 -0.500 
22.911 22.600 22.289 21.978 21.667 21.355 21.044 20.732 20.421 20.109 19.797 19.485 19.173 18.861 18.549 18.237 17.925 17.612 17.300 16.987 16.674 16.361 16.048 15.735 15.422 15.109 14.796 14.483 14.169 13.856 13.542 13.229 12.915 12.601 12.287 11.973 11.659 11.345 11.031 10.717 10.403 10.088  9.774  9.459  9.145  8.830  8.516  8.201  7.886  7.571  7.256  6.942  6.627  6.312  5.997  5.681  5.366  5.051  4.736  4.421  4.106  3.790  3.475  3.160  2.844  2.529  2.213  1.898  1.583  1.267  0.952  0.636  0.321  0.005 -0.247 -0.500 
22.890 22.579 22.268 21.957 21.646 21.335 21.023 20.712 20.400 20.089 19.777 19.465 19.153 18.841 18.529 18.217 17.905 17.593 17.280 16.968 16.655 16.343 16.030 15.717 15.404 15.091 14.778 14.465 14.152 13.839 13.526 13.212 12.899 12.585 12.272 11.958 11.644 11.331 11.017 10.703 10.389 10.075  9.761  9.447  9.132  8.818  8.504  8.190  7.875  7.561  7.246  6.932  6.617  6.303  5.988  5.673  5.358  5.044  4.729  4.414  4.099  3.784  3.470  3.155  2.840  2.525  2.210  1.895  1.580  1.265  0.950  0.635  0.320  0.005 -0.248 -0.500 
22.872 22.561 22.250 21.939 21.627 21.316 21.005 20.693 20.382 20.070 19.759 19.447 19.135 18.823 18.511 18.199 17.887 17.575 17.263 16.951 16.638 16.326 16.013 15.701 15.388 15.075 14.762 14.450 14.137 13.824 13.511 13.197 12.884 12.571 12.258 11.944 11.631 11.317 11.004 10.690 10.376 10.063  9.749  9.435  9.121  8.807  8.493  8.179  7.865  7.551  7.237  6.923  6.609  6.294  5.980  5.666  5.351  5.037  4.723  4.408  4.094  3.779  3.465  3.150  2.836  2.521  2.206  1.892  1.577  1.263  0.948  0.633  0.319  0.004 -0.248 -0.500 
22.855 22.544 22.233 21.922 21.611 21.299 20.988 20.677 20.365 20.054 19.742 19.431 19.119 18.807 18.495 18.183 17.871 17.559 17.247 16.935 16.623 16.310 15.998 15.686 15.373 15.061 14.748 14.435 14.123 13.810 13.497 13.184 12.871 12.558 12.245 11.932 11.618 11.305 10.992 10.679 10.365 10.052  9.738  9.425  9.111  8.797  8.484  8.170  7.856  7.542  7.229  6.915  6.601  6.287  5.973  5.659  5.345  5.031  4.717  4.403  4.089  3.774  3.460  3.146  2.832  2.518  2.203  1.889  1.575  1.261  0.946  0.632  0.318  0.003 -0.248 -0.500 
22.839 22.528 22.217 21.906 21.595 21.284 20.973 20.662 20.350 20.039 19.727 19.416 19.104 18.792 18.481 18.169 17.857 17.545 17.233 16.921 16.609 16.297 15.984 15.672 15.360 15.047 14.735 14.422 14.110 13.797 13.484 13.172 12.859 12.546 12.233 11.920 11.607 11.294 10.981 10.668 10.355 10.042  9.728  9.415  9.102  8.788  8.475  8.162  7.848  7.535  7.221  6.907  6.594  6.280  5.966  5.653  5.339  5.025  4.712  4.398  4.084  3.770  3.456  3.142  2.828  2.515  2.201  1.887  1.573  1.259  0.945  0.631  0.317  0.003 -0.249 -0.500 
22.825 22.514 22.204 21.892 21.581 21.270 20.959 20.648 20.336 20.025 19.714 19.402 19.091 18.779 18.467 18.156 17.844 17.532 17.220 16.908 16.596 16.284 15.972 15.660 15.348 15.035 14.723 14.411 14.098 13.786 13.473 13.161 12.848 12.535 12.223 11.910 11.597 11.284 10.972 10.659 10.346 10.033  9.720  9.407  9.093  8.780  8.467  8.154  7.841  7.527  7.214  6.901  6.587  6.274  5.961  5.647  5.334  5.020  4.707  4.393  4.080  3.766  3.453  3.139  2.825  2.512  2.198  1.884  1.571  1.257  0.943  0.630  0.316  0.002 -0.249 -0.500 
22.813 22.502 22.191 21.880 21.569 21.258 20.947 20.635 20.324 20.013 19.701 19.390 19.078 18.767 18.455 18.144 17.832 17.520 17.208 16.897 16.585 16.273 15.961 15.649 15.337 15.024 14.712 14.400 14.088 13.775 13.463 13.151 12.838 12.526 12.213 11.901 11.588 11.275 10.963 10.650 10.337 10.024  9.712  9.399  9.086  8.773  8.460  8.147  7.834  7.521  7.208  6.895  6.582  6.269  5.955  5.642  5.329  5.016  4.702  4.389  4.076  3.763  3.449  3.136  2.823  2.509  2.196  1.882  1.569  1.256  0.942  0.629  0.315  0.002 -0.249 -0.500 
