30.216 29.905 29.594 29.283 28.973 28.662 28.351 28.040 27.729 27.418 27.107 26.796 26.485 26.174 25.864 25.553 25.242 24.931 24.620 24.309 23.998 23.687 23.376 23.065 22.754 22.443 22.132 21.821 21.510 21.199 20.888 20.576 20.265 19.954 19.643 19.331 19.020 18.708 18.397 18.085 17.773 17.461 17.149 16.837 16.525 16.212 15.900 15.587 15.274 14.960 14.647 14.333 14.019 13.705 13.390 13.075 12.759 12.443 12.127 11.810 11.493 11.175 10.856 10.537 10.218  9.897  9.576  9.254  8.932  8.608  8.284  7.958  7.632  7.305  6.977  6.647 
30.214 29.903 29.592 29.281 28.970 28.659 28.348 28.037 27.726 27.415 27.103 26.792 26.481 26.170 25.858 25.547 25.235 24.924 24.612 24.301 23.989 23.677 23.365 23.053 22.741 22.429 22.117 21.805 21.492 21.180 20.867 20.554 20.241 19.927 19.614 19.300 18.987 18.673 18.358 18.044 17.729 17.414 17.099 16.783 16.467 16.151 15.834 15.517 15.200 14.882 14.563 14.245 13.925 13.606 13.285 12.965 12.643 12.321 11.999 11.676 11.352 11.027 10.702 10.376 10.049  9.721  9.393  9.064  8.733  8.402  8.070  7.737  7.403  7.068  6.732  6.394 
30.201 29.890 29.579 29.268 28.957 28.645 28.334 28.022 27.711 27.399 27.087 26.775 26.463 26.151 25.839 25.527 25.214 24.901 24.589 24.276 23.963 23.649 23.336 23.022 22.708 22.394 22.080 21.766 21.451 21.136 20.821 20.506 20.190 19.875 19.558 19.242 18.925 18.608 18.291 17.973 17.655 17.336 17.017 16.698 16.378 16.058 15.737 15.416 15.094 14.772 14.449 14.125 13.802 13.477 13.152 12.826 12.500 12.172 11.845 11.516 11.187 10.857 10.526 10.194  9.862  9.528  9.194  8.859  8.523  8.185  7.847  7.508  7.168  6.827  6.485  6.141 
30.171 29.860 29.549 29.238 28.926 28.615 28.303 27.991 27.679 27.366 27.054 26.741 26.428 26.115 25.802 25.488 25.174 24.860 24.546 24.232 23.917 23.602 23.287 22.971 22.655 22.339 22.023 21.707 21.390 21.072 20.755 20.437 20.119 19.800 19.481 19.162 18.842 18.522 18.201 17.880 17.559 17.237 16.914 16.591 16.268 15.944 15.619 15.294 14.968 14.642 14.315 13.988 13.660 13.331 13.001 12.671 12.340 12.008 11.676 11.343 11.009 10.674 10.338 10.002  9.664  9.326  8.987  8.646  8.305  7.963  7.620  7.276  6.931  6.584  6.237  5.889 
30.124 29.813 29.501 29.190 28.878 28.566 28.254 27.941 27.628 27.315 27.002 26.688 26.374 26.060 25.746 25.431 25.116 24.800 24.485 24.169 23.852 23.536 23.219 22.902 22.584 22.266 21.948 21.629 21.310 20.990 20.670 20.350 20.029 19.708 19.386 19.064 18.741 18.418 18.095 17.771 17.446 17.121 16.795 16.469 16.142 15.815 15.487 15.158 14.829 14.499 14.168 13.837 13.505 13.172 12.838 12.504 12.169 11.834 11.497 11.160 10.821 10.482 10.142  9.802  9.460  9.117  8.774  8.429  8.084  7.737  7.389  7.041  6.691  6.340  5.989  5.636 
30.058 29.746 29.435 29.123 28.811 28.499 28.186 27.873 27.560 27.246 26.932 26.617 26.303 25.987 25.672 25.356 25.040 24.723 24.406 24.089 23.771 23.453 23.134 22.815 22.496 22.176 21.855 21.535 21.213 20.892 20.569 20.247 19.924 19.600 19.276 18.951 18.626 18.300 17.974 17.647 17.319 16.991 16.663 16.333 16.003 15.673 15.342 15.010 14.677 14.344 14.010 13.675 13.340 13.003 12.666 12.329 11.990 11.651 11.310 10.969 10.627 10.284  9.941  9.596  9.250  8.904  8.556  8.208  7.858  7.508  7.156  6.804  6.450  6.096  5.740  5.383 
29.974 29.663 29.352 29.040 28.728 28.415 28.102 27.788 27.474 27.160 26.845 26.530 26.214 25.898 25.582 25.265 24.947 24.630 24.311 23.993 23.673 23.354 23.033 22.713 22.392 22.070 21.748 21.425 21.102 20.779 20.454 20.130 19.804 19.478 19.152 18.825 18.497 18.169 17.840 17.511 17.181 16.850 16.519 16.187 15.854 15.520 15.186 14.851 14.516 14.179 13.842 13.505 13.166 12.827 12.486 12.145 11.803 11.461 11.117 10.773 10.427 10.081  9.734  9.386  9.037  8.687  8.336  7.984  7.631  7.277  6.921  6.565  6.208  5.850  5.490  5.130 
29.876 29.565 29.253 28.941 28.628 28.315 28.002 27.688 27.373 27.059 26.743 26.427 26.111 25.794 25.476 25.159 24.840 24.521 24.202 23.882 23.561 23.240 22.919 22.597 22.274 21.951 21.627 21.303 20.978 20.652 20.326 20.000 19.672 19.344 19.016 18.687 18.357 18.027 17.695 17.364 17.031 16.698 16.364 16.030 15.694 15.358 15.022 14.684 14.346 14.007 13.667 13.326 12.985 12.642 12.299 11.955 11.610 11.265 10.918 10.571 10.222  9.873  9.523  9.171  8.819  8.466  8.112  7.757  7.400  7.043  6.685  6.325  5.965  5.603  5.241  4.877 
29.763 29.451 29.140 28.828 28.515 28.202 27.888 27.573 27.258 26.943 26.627 26.310 25.993 25.676 25.357 25.039 24.719 24.399 24.079 23.758 23.436 23.114 22.791 22.468 22.144 21.819 21.494 21.168 20.842 20.514 20.187 19.858 19.529 19.199 18.869 18.538 18.206 17.874 17.540 17.207 16.872 16.537 16.201 15.864 15.526 15.188 14.849 14.509 14.168 13.826 13.484 13.141 12.797 12.452 12.106 11.759 11.412 11.063 10.714 10.364 10.013  9.660  9.307  8.953  8.598  8.242  7.885  7.527  7.168  6.808  6.447  6.084  5.721  5.357  4.991  4.624 
29.637 29.325 29.014 28.701 28.388 28.075 27.761 27.446 27.131 26.815 26.498 26.181 25.863 25.545 25.226 24.906 24.586 24.265 23.944 23.622 23.299 22.976 22.652 22.327 22.002 21.676 21.349 21.022 20.694 20.366 20.036 19.706 19.376 19.044 18.712 18.379 18.046 17.711 17.376 17.040 16.704 16.367 16.028 15.690 15.350 15.009 14.668 14.326 13.983 13.639 13.295 12.949 12.603 12.255 11.907 11.558 11.208 10.857 10.505 10.153  9.799  9.444  9.089  8.732  8.374  8.016  7.656  7.295  6.934  6.571  6.207  5.842  5.476  5.109  4.741  4.371 
29.499 29.187 28.876 28.563 28.250 27.936 27.622 27.307 26.991 26.675 26.358 26.040 25.722 25.403 25.083 24.763 24.442 24.120 23.798 23.475 23.151 22.827 22.502 22.176 21.850 21.523 21.195 20.866 20.537 20.207 19.876 19.545 19.213 18.880 18.546 18.212 17.877 17.541 17.204 16.866 16.528 16.189 15.849 15.508 15.167 14.824 14.481 14.137 13.792 13.446 13.099 12.751 12.403 12.054 11.703 11.352 11.000 10.647 10.293  9.938  9.582  9.225  8.867  8.508  8.148  7.787  7.425  7.062  6.698  6.332  5.966  5.599  5.230  4.861  4.490  4.119 
29.350 29.039 28.727 28.414 28.101 27.787 27.472 27.157 26.841 26.524 26.207 25.889 25.570 25.250 24.930 24.609 24.287 23.965 23.642 23.318 22.994 22.668 22.342 22.016 21.688 21.360 21.031 20.701 20.371 20.040 19.708 19.375 19.042 18.707 18.372 18.036 17.700 17.362 17.024 16.685 16.345 16.004 15.662 15.320 14.977 14.632 14.287 13.941 13.595 13.247 12.898 12.549 12.198 11.847 11.495 11.142 10.787 10.432 10.076  9.719  9.361  9.002  8.642  8.281  7.919  7.556  7.191  6.826  6.460  6.093  5.724  5.355  4.984  4.612  4.240  3.866 
29.191 28.880 28.568 28.256 27.942 27.628 27.313 26.997 26.681 26.364 26.046 25.728 25.408 25.088 24.767 24.446 24.124 23.801 23.477 23.152 22.827 22.501 22.174 21.846 21.518 21.189 20.859 20.528 20.197 19.864 19.531 19.197 18.863 18.527 18.191 17.854 17.516 17.177 16.837 16.497 16.155 15.813 15.470 15.126 14.781 14.435 14.088 13.741 13.392 13.043 12.693 12.341 11.989 11.636 11.282 10.927 10.571 10.214  9.856  9.497  9.137  8.776  8.414  8.051  7.687  7.322  6.956  6.589  6.221  5.852  5.481  5.110  4.737  4.364  3.989  3.613 
29.024 28.713 28.401 28.088 27.775 27.460 27.145 26.829 26.513 26.195 25.877 25.558 25.238 24.918 24.597 24.274 23.952 23.628 23.304 22.978 22.652 22.326 21.998 21.669 21.340 21.010 20.679 20.348 20.015 19.682 19.348 19.013 18.677 18.340 18.003 17.664 17.325 16.985 16.644 16.302 15.960 15.616 15.271 14.926 14.580 14.233 13.884 13.535 13.185 12.834 12.483 12.130 11.776 11.421 11.066 10.709 10.351  9.993  9.633  9.272  8.911  8.548  8.185  7.820  7.454  7.087  6.719  6.350  5.980  5.609  5.237  4.864  4.490  4.114  3.738  3.360 
28.849 28.538 28.226 27.913 27.599 27.285 26.969 26.653 26.336 26.019 25.700 25.381 25.061 24.740 24.418 24.095 23.772 23.448 23.123 22.797 22.470 22.143 21.815 21.485 21.155 20.825 20.493 20.160 19.827 19.493 19.158 18.822 18.485 18.147 17.809 17.469 17.129 16.788 16.446 16.103 15.759 15.414 15.068 14.721 14.374 14.025 13.676 13.325 12.974 12.622 12.269 11.914 11.559 11.203 10.846 10.488 10.129  9.768  9.407  9.045  8.682  8.318  7.953  7.586  7.219  6.851  6.481  6.111  5.739  5.366  4.993  4.618  4.242  3.865  3.486  3.107 
28.666 28.355 28.043 27.730 27.416 27.102 26.786 26.470 26.153 25.835 25.516 25.196 24.876 24.555 24.232 23.909 23.586 23.261 22.935 22.609 22.282 21.954 21.625 21.295 20.964 20.633 20.300 19.967 19.633 19.298 18.962 18.625 18.287 17.949 17.609 17.269 16.927 16.585 16.242 15.898 15.553 15.207 14.860 14.512 14.164 13.814 13.463 13.112 12.759 12.405 12.051 11.695 11.339 10.981 10.623 10.263  9.903  9.541  9.179  8.815  8.451  8.085  7.719  7.351  6.982  6.612  6.241  5.869  5.496  5.122  4.747  4.371  3.993  3.615  3.235  2.854 
28.477 28.166 27.854 27.541 27.227 26.912 26.597 26.280 25.963 25.645 25.326 25.006 24.685 24.363 24.041 23.717 23.393 23.068 22.742 22.415 22.087 21.759 21.429 21.099 20.767 20.435 20.102 19.768 19.433 19.097 18.760 18.423 18.084 17.745 17.404 17.063 16.721 16.378 16.034 15.689 15.343 14.996 14.648 14.299 13.949 13.598 13.247 12.894 12.540 12.186 11.830 11.473 11.116 10.757 10.397 10.037  9.675  9.312  8.948  8.584  8.218  7.851  7.483  7.114  6.744  6.373  6.000  5.627  5.253  4.877  4.501  4.123  3.744  3.365  2.984  2.601 
28.282 27.971 27.659 27.346 27.032 26.717 26.401 26.084 25.767 25.449 25.129 24.809 24.488 24.166 23.843 23.519 23.195 22.869 22.543 22.215 21.887 21.558 21.228 20.897 20.565 20.232 19.898 19.564 19.228 18.892 18.554 18.216 17.877 17.537 17.195 16.853 16.510 16.166 15.821 15.475 15.128 14.781 14.432 14.082 13.731 13.380 13.027 12.673 12.318 11.963 11.606 11.248 10.890 10.530 10.169  9.807  9.444  9.081  8.716  8.350  7.983  7.615  7.246  6.875  6.504  6.132  5.758  5.384  5.008  4.632  4.254  3.875  3.495  3.114  2.732  2.349 
28.082 27.770 27.458 27.145 26.831 26.516 26.200 25.883 25.566 25.247 24.928 24.607 24.286 23.964 23.640 23.316 22.991 22.665 22.339 22.011 21.682 21.353 21.022 20.690 20.358 20.025 19.690 19.355 19.019 18.682 18.344 18.005 17.665 17.324 16.982 16.639 16.296 15.951 15.605 15.258 14.911 14.562 14.212 13.862 13.510 13.157 12.804 12.449 12.094 11.737 11.379 11.021 10.661 10.300  9.938  9.576  9.212  8.847  8.481  8.114  7.746  7.377  7.007  6.636  6.263  5.890  5.515  5.140  4.763  4.385  4.007  3.627  3.246  2.863  2.480  2.096 
27.876 27.565 27.253 26.940 26.626 26.310 25.994 25.678 25.360 25.041 24.721 24.401 24.079 23.756 23.433 23.109 22.783 22.457 22.130 21.802 21.473 21.143 20.812 20.480 20.147 19.813 19.478 19.142 18.806 18.468 18.129 17.790 17.449 17.108 16.765 16.422 16.077 15.732 15.385 15.038 14.690 14.340 13.990 13.638 13.286 12.933 12.578 12.223 11.866 11.509 11.150 10.791 10.430 10.068  9.706  9.342  8.977  8.612  8.245  7.877  7.508  7.138  6.767  6.395  6.021  5.647  5.271  4.895  4.517  4.139  3.759  3.378  2.996  2.613  2.228  1.843 
27.667 27.355 27.043 26.730 26.416 26.100 25.784 25.467 25.149 24.830 24.510 24.190 23.868 23.545 23.221 22.897 22.571 22.245 21.917 21.589 21.259 20.929 20.597 20.265 19.932 19.597 19.262 18.926 18.589 18.251 17.911 17.571 17.230 16.888 16.545 16.201 15.856 15.510 15.163 14.815 14.466 14.115 13.764 13.412 13.059 12.705 12.350 11.994 11.636 11.278 10.919 10.559 10.197  9.835  9.471  9.107  8.741  8.375  8.007  7.638  7.268  6.897  6.525  6.152  5.778  5.403  5.027  4.649  4.271  3.891  3.510  3.129  2.746  2.362  1.976  1.590 
27.453 27.141 26.829 26.516 26.202 25.886 25.570 25.253 24.935 24.616 24.296 23.975 23.653 23.330 23.006 22.681 22.355 22.028 21.701 21.372 21.042 20.711 20.379 20.047 19.713 19.378 19.043 18.706 18.368 18.030 17.690 17.350 17.008 16.665 16.322 15.977 15.631 15.285 14.937 14.589 14.239 13.888 13.536 13.184 12.830 12.475 12.119 11.762 11.404 11.046 10.686 10.325  9.962  9.599  9.235  8.870  8.503  8.136  7.768  7.398  7.028  6.656  6.283  5.909  5.534  5.158  4.781  4.403  4.024  3.643  3.262  2.879  2.495  2.110  1.724  1.337 
27.235 26.924 26.612 26.298 25.984 25.669 25.352 25.035 24.717 24.398 24.078 23.756 23.434 23.111 22.787 22.462 22.136 21.809 21.481 21.151 20.821 20.490 20.158 19.825 19.491 19.156 18.820 18.483 18.145 17.806 17.466 17.125 16.783 16.440 16.096 15.751 15.404 15.057 14.709 14.360 14.010 13.658 13.306 12.953 12.598 12.243 11.887 11.529 11.171 10.811 10.450 10.089  9.726  9.362  8.997  8.631  8.264  7.896  7.527  7.157  6.786  6.413  6.040  5.665  5.290  4.913  4.535  4.156  3.776  3.395  3.012  2.629  2.245  1.859  1.472  1.084 
27.015 26.703 26.391 26.077 25.763 25.448 25.131 24.814 24.496 24.176 23.856 23.535 23.212 22.889 22.565 22.239 21.913 21.586 21.258 20.928 20.598 20.267 19.934 19.601 19.266 18.931 18.595 18.257 17.919 17.580 17.239 16.898 16.555 16.212 15.867 15.522 15.175 14.827 14.479 14.129 13.778 13.427 13.074 12.720 12.365 12.009 11.652 11.294 10.935 10.575 10.214  9.851  9.488  9.124  8.758  8.392  8.024  7.655  7.285  6.915  6.543  6.170  5.796  5.420  5.044  4.667  4.288  3.908  3.528  3.146  2.763  2.379  1.994  1.607  1.220  0.831 
26.791 26.479 26.167 25.854 25.539 25.224 24.907 24.590 24.272 23.952 23.632 23.310 22.988 22.664 22.340 22.014 21.688 21.360 21.032 20.702 20.372 20.040 19.707 19.374 19.039 18.703 18.367 18.029 17.690 17.351 17.010 16.668 16.325 15.981 15.636 15.290 14.943 14.595 14.246 13.896 13.545 13.193 12.839 12.485 12.130 11.773 11.416 11.057 10.698 10.337  9.975  9.612  9.249  8.884  8.518  8.151  7.782  7.413  7.043  6.671  6.299  5.925  5.550  5.175  4.798  4.420  4.041  3.660  3.279  2.897  2.513  2.128  1.743  1.356  0.968  0.579 
26.564 26.253 25.941 25.627 25.313 24.997 24.681 24.363 24.045 23.725 23.405 23.083 22.760 22.437 22.112 21.786 21.460 21.132 20.803 20.474 20.143 19.811 19.478 19.144 18.809 18.473 18.136 17.798 17.459 17.119 16.778 16.436 16.093 15.749 15.403 15.057 14.710 14.361 14.012 13.661 13.310 12.957 12.603 12.249 11.893 11.536 11.178 10.819 10.459 10.098  9.736  9.372  9.008  8.642  8.276  7.908  7.540  7.170  6.799  6.427  6.054  5.680  5.305  4.928  4.551  4.172  3.793  3.412  3.030  2.647  2.263  1.878  1.491  1.104  0.715  0.326 
26.335 26.024 25.712 25.398 25.084 24.768 24.452 24.134 23.815 23.496 23.175 22.853 22.531 22.207 21.882 21.556 21.230 20.902 20.573 20.243 19.912 19.580 19.247 18.913 18.577 18.241 17.904 17.566 17.226 16.886 16.545 16.202 15.859 15.514 15.169 14.822 14.474 14.125 13.776 13.425 13.073 12.720 12.366 12.011 11.654 11.297 10.939 10.579 10.219  9.857  9.495  9.131  8.766  8.400  8.033  7.665  7.296  6.926  6.555  6.182  5.809  5.434  5.058  4.681  4.304  3.924  3.544  3.163  2.781  2.397  2.013  1.627  1.240  0.852  0.463  0.073 
26.104 25.793 25.480 25.167 24.852 24.537 24.220 23.903 23.584 23.264 22.943 22.622 22.299 21.975 21.650 21.324 20.997 20.669 20.340 20.010 19.679 19.346 19.013 18.679 18.344 18.007 17.670 17.331 16.992 16.651 16.309 15.967 15.623 15.278 14.932 14.585 14.237 13.888 13.538 13.187 12.834 12.481 12.127 11.771 11.415 11.057 10.698 10.338  9.978  9.616  9.253  8.889  8.523  8.157  7.790  7.421  7.052  6.681  6.309  5.936  5.562  5.187  4.811  4.434  4.056  3.676  3.296  2.914  2.531  2.147  1.762  1.376  0.989  0.600  0.211 -0.180 
25.871 25.560 25.247 24.934 24.619 24.303 23.987 23.669 23.350 23.031 22.710 22.388 22.065 21.741 21.416 21.090 20.763 20.435 20.105 19.775 19.444 19.111 18.778 18.443 18.108 17.771 17.434 17.095 16.755 16.414 16.072 15.729 15.385 15.040 14.694 14.347 13.998 13.649 13.298 12.946 12.594 12.240 11.885 11.528 11.171 10.813 10.453 10.092  9.730  9.367  9.003  8.637  8.271  7.903  7.533  7.163  6.791  6.418  6.044  5.669  5.292  4.914  4.534  4.154  3.772  3.389  3.004  2.619  2.232  1.843  1.454  1.063  0.671  0.278 -0.116 -0.433 
25.635 25.324 25.011 24.698 24.383 24.068 23.751 23.433 23.114 22.794 22.473 22.151 21.828 21.504 21.179 20.852 20.525 20.197 19.867 19.536 19.205 18.872 18.538 18.203 17.867 17.530 17.192 16.852 16.512 16.170 15.828 15.484 15.139 14.793 14.446 14.098 13.749 13.399 13.047 12.695 12.341 11.986 11.630 11.273 10.915 10.556 10.196  9.835  9.472  9.109  8.744  8.379  8.012  7.645  7.276  6.907  6.536  6.165  5.792  5.419  5.044  4.669  4.293  3.916  3.539  3.160  2.781  2.401  2.020  1.638  1.256  0.873  0.490  0.105 -0.259 -0.686 
25.396 25.084 24.772 24.458 24.144 23.828 23.511 23.193 22.874 22.554 22.233 21.911 21.588 21.263 20.938 20.611 20.284 19.955 19.625 19.295 18.963 18.630 18.296 17.960 17.624 17.287 16.948 16.609 16.268 15.926 15.583 15.239 14.894 14.547 14.200 13.851 13.502 13.151 12.799 12.445 12.091 11.735 11.378 11.020 10.661 10.301  9.939  9.576  9.212  8.847  8.481  8.113  7.744  7.374  7.002  6.630  6.256  5.881  5.505  5.128  4.750  4.371  3.991  3.610  3.228  2.845  2.462  2.077  1.693  1.307  0.921  0.535  0.148 -0.192 -0.565 -0.939 
25.153 24.842 24.529 24.215 23.901 23.585 23.268 22.950 22.631 22.311 21.989 21.667 21.344 21.019 20.693 20.367 20.039 19.710 19.380 19.048 18.716 18.383 18.048 17.713 17.376 17.038 16.700 16.360 16.019 15.676 15.333 14.989 14.644 14.297 13.949 13.601 13.251 12.900 12.548 12.195 11.841 11.486 11.130 10.772 10.414 10.054  9.693  9.331  8.968  8.603  8.237  7.870  7.502  7.132  6.760  6.387  6.013  5.637  5.259  4.879  4.498  4.115  3.730  3.343  2.954  2.564  2.171  1.777  1.380  0.982  0.582  0.180 -0.181 -0.518 -0.855 -1.191 
24.907 24.596 24.283 23.970 23.655 23.339 23.022 22.704 22.385 22.065 21.743 21.421 21.097 20.772 20.446 20.119 19.791 19.462 19.132 18.800 18.468 18.134 17.799 17.463 17.126 16.788 16.449 16.108 15.767 15.424 15.080 14.735 14.389 14.042 13.693 13.344 12.993 12.641 12.288 11.934 11.579 11.223 10.866 10.507 10.148  9.787  9.426  9.063  8.699  8.334  7.969  7.602  7.234  6.865  6.496  6.125  5.754  5.381  5.008  4.634  4.259  3.884  3.507  3.130  2.753  2.374  1.995  1.615  1.235  0.854  0.473  0.091 -0.258 -0.653 -1.048 -1.444 
24.658 24.347 24.034 23.721 23.406 23.090 22.773 22.455 22.136 21.815 21.494 21.171 20.848 20.523 20.197 19.870 19.542 19.212 18.882 18.550 18.218 17.884 17.549 17.213 16.876 16.538 16.198 15.857 15.516 15.173 14.829 14.483 14.137 13.789 13.441 13.091 12.740 12.387 12.034 11.679 11.323 10.966 10.608 10.248  9.887  9.525  9.162  8.797  8.432  8.065  7.697  7.328  6.958  6.586  6.214  5.840  5.465  5.089  4.713  4.335  3.957  3.577  3.197  2.816  2.434  2.052  1.669  1.285  0.901  0.516  0.131 -0.208 -0.579 -0.951 -1.324 -1.697 
24.407 24.096 23.783 23.470 23.155 22.839 22.522 22.204 21.884 21.564 21.242 20.919 20.596 20.271 19.944 19.617 19.289 18.959 18.629 18.297 17.964 17.630 17.295 16.959 16.621 16.283 15.943 15.603 15.261 14.918 14.574 14.229 13.883 13.535 13.187 12.837 12.486 12.134 11.781 11.427 11.072 10.716 10.358  9.999  9.639  9.277  8.915  8.551  8.185  7.818  7.450  7.080  6.709  6.336  5.962  5.586  5.208  4.828  4.447  4.064  3.680  3.294  2.906  2.517  2.127  1.736  1.343  0.950  0.555  0.161 -0.177 -0.531 -0.885 -1.239 -1.594 -1.950 
24.155 23.843 23.531 23.217 22.902 22.586 22.269 21.951 21.631 21.311 20.989 20.666 20.342 20.017 19.691 19.363 19.035 18.705 18.374 18.042 17.709 17.375 17.039 16.703 16.365 16.026 15.686 15.345 15.003 14.659 14.314 13.969 13.622 13.274 12.924 12.574 12.223 11.870 11.516 11.162 10.806 10.449 10.091  9.732  9.371  9.010  8.648  8.285  7.920  7.555  7.189  6.822  6.454  6.085  5.715  5.344  4.972  4.600  4.227  3.853  3.478  3.103  2.727  2.350  1.973  1.595  1.216  0.837  0.457  0.077 -0.267 -0.653 -1.040 -1.427 -1.815 -2.203 
23.900 23.588 23.276 22.962 22.647 22.331 22.014 21.696 21.376 21.056 20.734 20.411 20.087 19.762 19.436 19.108 18.780 18.450 18.119 17.787 17.454 17.119 16.784 16.447 16.109 15.770 15.430 15.089 14.746 14.403 14.058 13.712 13.364 13.016 12.666 12.315 11.963 11.610 11.255 10.900 10.543 10.185  9.825  9.465  9.103  8.740  8.376  8.011  7.645  7.277  6.909  6.539  6.168  5.796  5.424  5.050  4.675  4.300  3.923  3.546  3.168  2.789  2.409  2.029  1.648  1.267  0.885  0.502  0.119 -0.219 -0.591 -0.963 -1.335 -1.708 -2.082 -2.456 
23.643 23.331 23.019 22.705 22.390 22.074 21.757 21.439 21.119 20.798 20.477 20.154 19.830 19.504 19.178 18.850 18.522 18.192 17.861 17.529 17.196 16.861 16.526 16.189 15.851 15.512 15.172 14.831 14.489 14.145 13.801 13.455 13.108 12.760 12.410 12.060 11.708 11.355 11.001 10.646 10.290  9.932  9.573  9.212  8.850  8.487  8.123  7.757  7.389  7.020  6.650  6.278  5.905  5.530  5.154  4.777  4.398  4.017  3.635  3.252  2.868  2.483  2.096  1.709  1.321  0.932  0.542  0.152 -0.184 -0.544 -0.903 -1.263 -1.624 -1.985 -2.346 -2.709 
23.385 23.074 22.761 22.447 22.132 21.816 21.499 21.181 20.861 20.540 20.218 19.895 19.571 19.246 18.919 18.592 18.263 17.933 17.601 17.269 16.936 16.601 16.265 15.928 15.590 15.250 14.910 14.568 14.226 13.882 13.536 13.190 12.843 12.494 12.145 11.794 11.442 11.089 10.735 10.380 10.024  9.667  9.308  8.949  8.589  8.227  7.865  7.502  7.137  6.772  6.406  6.039  5.671  5.302  4.933  4.562  4.191  3.818  3.444  3.069  2.693  2.315  1.934  1.552  1.166  0.777  0.385 -0.010 -0.352 -0.718 -1.088 -1.459 -1.833 -2.208 -2.584 -2.961 
23.126 22.815 22.502 22.188 21.873 21.557 21.240 20.922 20.602 20.281 19.959 19.636 19.312 18.987 18.660 18.332 18.003 17.673 17.342 17.010 16.676 16.341 16.005 15.668 15.330 14.990 14.650 14.308 13.965 13.620 13.275 12.928 12.580 12.231 11.881 11.529 11.177 10.823 10.468 10.111  9.754  9.395  9.036  8.675  8.313  7.949  7.585  7.220  6.853  6.486  6.117  5.748  5.377  5.006  4.633  4.260  3.886  3.511  3.136  2.759  2.382  2.004  1.626  1.247  0.868  0.488  0.107 -0.230 -0.602 -0.973 -1.346 -1.718 -2.092 -2.465 -2.839 -3.214 
22.865 22.554 22.241 21.927 21.613 21.296 20.979 20.661 20.341 20.020 19.698 19.375 19.051 18.726 18.399 18.071 17.742 17.412 17.081 16.749 16.415 16.081 15.745 15.408 15.070 14.730 14.390 14.048 13.705 13.361 13.016 12.670 12.322 11.973 11.623 11.272 10.919 10.565 10.210  9.854  9.496  9.137  8.776  8.415  8.052  7.687  7.321  6.954  6.586  6.216  5.845  5.472  5.098  4.723  4.347  3.969  3.591  3.211  2.830  2.448  2.066  1.682  1.298  0.914  0.529  0.143 -0.193 -0.555 -0.917 -1.280 -1.644 -2.007 -2.371 -2.736 -3.101 -3.467 
22.604 22.293 21.980 21.666 21.351 21.035 20.718 20.399 20.079 19.759 19.437 19.113 18.789 18.463 18.137 17.809 17.480 17.149 16.818 16.485 16.152 15.817 15.481 15.143 14.805 14.465 14.125 13.783 13.440 13.096 12.750 12.404 12.056 11.708 11.358 11.007 10.655 10.302  9.948  9.593  9.237  8.880  8.521  8.162  7.802  7.440  7.078  6.714  6.350  5.984  5.617  5.248  4.878  4.507  4.133  3.758  3.380  3.000  2.617  2.230  1.840  1.445  1.045  0.640  0.230 -0.186 -0.524 -0.868 -1.215 -1.566 -1.919 -2.276 -2.634 -2.995 -3.357 -3.720 
22.342 22.031 21.718 21.404 21.089 20.773 20.456 20.137 19.817 19.497 19.174 18.851 18.527 18.201 17.874 17.546 17.217 16.887 16.555 16.223 15.889 15.554 15.217 14.880 14.541 14.201 13.860 13.518 13.174 12.830 12.484 12.137 11.789 11.439 11.088 10.737 10.384 10.030  9.674  9.318  8.960  8.602  8.242  7.881  7.519  7.156  6.792  6.427  6.061  5.694  5.326  4.957  4.587  4.217  3.845  3.473  3.100  2.727  2.352  1.977  1.602  1.226  0.849  0.472  0.094 -0.242 -0.613 -0.985 -1.357 -1.729 -2.102 -2.475 -2.848 -3.223 -3.597 -3.973 
22.078 21.767 21.454 21.141 20.826 20.509 20.192 19.874 19.554 19.233 18.911 18.588 18.263 17.938 17.611 17.283 16.954 16.624 16.293 15.960 15.626 15.291 14.955 14.618 14.279 13.939 13.598 13.256 12.913 12.568 12.222 11.875 11.527 11.177 10.826 10.474 10.121  9.766  9.410  9.053  8.694  8.334  7.973  7.611  7.247  6.882  6.516  6.149  5.780  5.410  5.039  4.667  4.294  3.919  3.544  3.168  2.791  2.413  2.034  1.655  1.275  0.894  0.513  0.132 -0.203 -0.567 -0.931 -1.295 -1.660 -2.025 -2.390 -2.756 -3.123 -3.490 -3.857 -4.226 
21.814 21.503 21.190 20.876 20.561 20.245 19.928 19.609 19.289 18.968 18.646 18.323 17.998 17.673 17.346 17.018 16.689 16.358 16.027 15.694 15.360 15.025 14.689 14.352 14.013 13.674 13.333 12.991 12.648 12.304 11.958 11.612 11.264 10.916 10.566 10.215  9.863  9.510  9.155  8.800  8.443  8.085  7.725  7.365  7.002  6.639  6.274  5.907  5.538  5.168  4.796  4.421  4.045  3.667  3.286  2.903  2.518  2.131  1.742  1.351  0.958  0.564  0.169 -0.181 -0.538 -0.895 -1.252 -1.610 -1.967 -2.325 -2.682 -3.041 -3.399 -3.758 -4.118 -4.479 
21.550 21.239 20.926 20.612 20.297 19.981 19.663 19.345 19.025 18.704 18.382 18.058 17.734 17.408 17.081 16.753 16.424 16.093 15.761 15.428 15.094 14.759 14.422 14.085 13.746 13.406 13.064 12.722 12.378 12.033 11.687 11.340 10.992 10.642 10.292  9.940  9.587  9.233  8.878  8.521  8.164  7.806  7.446  7.086  6.725  6.362  5.999  5.635  5.270  4.905  4.538  4.171  3.803  3.435  3.066  2.697  2.327  1.957  1.587  1.217  0.847  0.478  0.108 -0.137 -0.316 -0.493 -0.669 -0.842 -1.011 -1.178 -1.342 -1.502 -1.658 -1.810 -1.958 -2.101 
21.286 20.975 20.662 20.349 20.034 19.718 19.401 19.083 18.763 18.443 18.121 17.799 17.475 17.150 16.825 16.498 16.170 15.841 15.511 15.181 14.849 14.516 14.182 13.848 13.513 13.177 12.840 12.502 12.164 11.825 11.485 11.145 10.804 10.463 10.121  9.779  9.437  9.094  8.752  8.409  8.066  7.724  7.382  7.040  6.698  6.357  6.017  5.677  5.338  5.000  4.662  4.326  3.991  3.657  3.324  2.992  2.661  2.332  2.004  1.677  1.351  1.026  0.702  0.380  0.058 -0.129 -0.243 -0.350 -0.456 -0.561 -0.665 -0.767 -0.869 -0.968 -1.067 -1.164 
21.063 20.752 20.440 20.127 19.813 19.499 19.183 18.867 18.550 18.232 17.913 17.594 17.274 16.953 16.632 16.310 15.987 15.664 15.340 15.015 14.690 14.364 14.038 13.712 13.385 13.058 12.730 12.402 12.074 11.746 11.418 11.090 10.761 10.433 10.104  9.776  9.448  9.121  8.793  8.467  8.140  7.814  7.489  7.165  6.841  6.518  6.197  5.876  5.556  5.238  4.921  4.605  4.291  3.978  3.667  3.357  3.048  2.741  2.436  2.132  1.830  1.529  1.230  0.932  0.635  0.339  0.044 -0.122 -0.213 -0.299 -0.383 -0.466 -0.549 -0.631 -0.712 -0.791 
20.919 20.608 20.296 19.984 19.672 19.359 19.045 18.732 18.417 18.103 17.788 17.472 17.157 16.841 16.524 16.207 15.891 15.573 15.256 14.938 14.620 14.302 13.984 13.666 13.348 13.030 12.712 12.394 12.076 11.758 11.441 11.123 10.806 10.490 10.173  9.858  9.542  9.227  8.913  8.599  8.287  7.974  7.663  7.353  7.043  6.735  6.427  6.121  5.816  5.512  5.210  4.909  4.610  4.312  4.015  3.720  3.427  3.136  2.846  2.558  2.271  1.986  1.702  1.420  1.140  0.860  0.582  0.305  0.029 -0.121 -0.200 -0.273 -0.346 -0.417 -0.488 -0.558 
20.856 20.545 20.234 19.922 19.611 19.300 18.988 18.677 18.365 18.053 17.741 17.430 17.118 16.806 16.494 16.182 15.870 15.558 15.247 14.935 14.624 14.312 14.001 13.690 13.380 13.069 12.759 12.449 12.140 11.831 11.522 11.214 10.907 10.599 10.293  9.987  9.682  9.377  9.073  8.770  8.468  8.167  7.866  7.567  7.268  6.971  6.674  6.379  6.085  5.792  5.501  5.211  4.923  4.636  4.351  4.067  3.785  3.505  3.226  2.950  2.675  2.402  2.131  1.861  1.593  1.327  1.063  0.799  0.537  0.277  0.017 -0.122 -0.192 -0.258 -0.323 -0.387 
20.862 20.551 20.241 19.930 19.620 19.310 19.000 18.690 18.380 18.071 17.762 17.453 17.144 16.836 16.528 16.220 15.912 15.605 15.298 14.991 14.685 14.379 14.073 13.768 13.464 13.160 12.856 12.553 12.250 11.948 11.647 11.346 11.046 10.747 10.448 10.150  9.853  9.557  9.262  8.967  8.673  8.381  8.089  7.798  7.509  7.220  6.932  6.646  6.361  6.077  5.794  5.513  5.233  4.955  4.678  4.402  4.128  3.856  3.586  3.318  3.051  2.786  2.524  2.263  2.004  1.748  1.493  1.240  0.989  0.739  0.491  0.244 -0.001 -0.129 -0.192 -0.251 
20.925 20.615 20.304 19.994 19.685 19.376 19.067 18.759 18.451 18.143 17.836 17.530 17.224 16.918 16.613 16.308 16.004 15.700 15.397 15.094 14.792 14.490 14.189 13.889 13.589 13.290 12.992 12.694 12.397 12.100 11.805 11.510 11.216 10.923 10.630 10.339 10.048  9.758  9.470  9.182  8.895  8.609  8.325  8.041  7.758  7.477  7.196  6.917  6.639  6.362  6.087  5.813  5.539  5.268  4.997  4.728  4.460  4.194  3.929  3.665  3.403  3.143  2.885  2.629  2.375  2.123  1.874  1.627  1.383  1.141  0.902  0.666  0.432  0.200 -0.030 -0.136 
21.034 20.723 20.413 20.104 19.795 19.487 19.179 18.872 18.565 18.259 17.954 17.649 17.345 17.042 16.739 16.437 16.135 15.834 15.534 15.234 14.936 14.638 14.340 14.044 13.748 13.453 13.158 12.865 12.572 12.280 11.990 11.700 11.410 11.122 10.835 10.549 10.264  9.980  9.697  9.416  9.135  8.856  8.578  8.301  8.026  7.752  7.479  7.208  6.938  6.670  6.404  6.139  5.876  5.614  5.354  5.096  4.840  4.585  4.332  4.081  3.832  3.584  3.338  3.093  2.851  2.609  2.369  2.131  1.893  1.657  1.422  1.188  0.954  0.721  0.489  0.257 
21.181 20.870 20.560 20.251 19.943 19.635 19.329 19.023 18.717 18.413 18.109 17.806 17.504 17.202 16.902 16.602 16.303 16.005 15.707 15.411 15.115 14.820 14.526 14.233 13.941 13.650 13.359 13.070 12.781 12.494 12.207 11.922 11.637 11.353 11.071 10.789 10.508 10.229  9.950  9.673  9.396  9.121  8.846  8.573  8.300  8.029  7.759  7.489  7.221  6.954  6.687  6.422  6.158  5.894  5.632  5.370  5.110  4.850  4.591  4.333  4.075  3.819  3.563  3.307  3.053  2.799  2.545  2.292  2.039  1.787  1.535  1.284  1.033  0.782  0.531  0.280 
21.359 21.048 20.739 20.430 20.122 19.815 19.508 19.203 18.898 18.595 18.292 17.990 17.688 17.388 17.088 16.790 16.492 16.195 15.899 15.603 15.309 15.015 14.723 14.431 14.140 13.850 13.560 13.272 12.985 12.698 12.412 12.127 11.843 11.560 11.277 10.996 10.715 10.435 10.156  9.878  9.601  9.324  9.048  8.773  8.499  8.226  7.953  7.681  7.410  7.139  6.870  6.600  6.332  6.064  5.797  5.531  5.265  4.999  4.734  4.470  4.206  3.943  3.680  3.418  3.156  2.894  2.633  2.372  2.111  1.850  1.590  1.330  1.070  0.810  0.551  0.291 
21.547 21.237 20.927 20.618 20.310 20.003 19.697 19.391 19.087 18.783 18.480 18.178 17.877 17.576 17.277 16.978 16.680 16.383 16.086 15.791 15.496 15.202 14.909 14.617 14.325 14.035 13.745 13.456 13.167 12.880 12.593 12.307 12.022 11.737 11.453 11.170 10.888 10.606 10.325 10.045  9.765  9.487  9.208  8.931  8.654  8.378  8.102  7.827  7.552  7.278  7.005  6.732  6.460  6.188  5.917  5.646  5.376  5.106  4.836  4.567  4.298  4.030  3.762  3.494  3.227  2.960  2.693  2.426  2.160  1.893  1.627  1.361  1.095  0.830  0.564  0.298 
21.730 21.420 21.110 20.801 20.493 20.186 19.879 19.574 19.269 18.965 18.661 18.359 18.057 17.756 17.456 17.156 16.857 16.560 16.262 15.966 15.670 15.375 15.081 14.788 14.495 14.203 13.912 13.621 13.332 13.043 12.754 12.466 12.179 11.893 11.607 11.322 11.037 10.754 10.470 10.188  9.906  9.624  9.343  9.063  8.783  8.504  8.226  7.947  7.670  7.392  7.116  6.840  6.564  6.288  6.013  5.739  5.465  5.191  4.917  4.644  4.371  4.099  3.826  3.554  3.283  3.011  2.740  2.469  2.198  1.927  1.656  1.386  1.115  0.845  0.574  0.304 
21.902 21.592 21.282 20.973 20.665 20.357 20.050 19.744 19.439 19.134 18.830 18.527 18.225 17.923 17.622 17.322 17.022 16.723 16.425 16.127 15.831 15.535 15.239 14.944 14.650 14.357 14.064 13.772 13.480 13.189 12.899 12.610 12.321 12.032 11.744 11.457 11.170 10.884 10.599 10.314 10.029  9.745  9.462  9.179  8.896  8.614  8.333  8.052  7.771  7.491  7.211  6.932  6.653  6.374  6.096  5.818  5.540  5.263  4.986  4.709  4.433  4.157  3.881  3.605  3.330  3.054  2.779  2.504  2.230  1.955  1.680  1.406  1.132  0.857  0.583  0.309 
22.061 21.750 21.440 21.131 20.823 20.515 20.208 19.901 19.595 19.290 18.986 18.682 18.379 18.076 17.775 17.473 17.173 16.873 16.574 16.275 15.977 15.680 15.383 15.087 14.791 14.496 14.202 13.908 13.615 13.323 13.031 12.739 12.448 12.158 11.868 11.579 11.290 11.002 10.714 10.427 10.140  9.854  9.568  9.282  8.997  8.713  8.428  8.145  7.861  7.578  7.296  7.014  6.732  6.450  6.169  5.888  5.607  5.327  5.047  4.767  4.487  4.208  3.929  3.650  3.371  3.093  2.814  2.536  2.258  1.980  1.702  1.424  1.146  0.868  0.591  0.313 
22.206 21.895 21.585 21.276 20.967 20.659 20.352 20.045 19.739 19.433 19.128 18.824 18.520 18.217 17.914 17.612 17.311 17.010 16.709 16.410 16.111 15.812 15.514 15.217 14.920 14.623 14.328 14.032 13.738 13.444 13.150 12.857 12.564 12.272 11.980 11.689 11.398 11.108 10.818 10.529 10.240  9.951  9.663  9.375  9.088  8.801  8.514  8.228  7.942  7.657  7.372  7.087  6.802  6.518  6.234  5.951  5.667  5.384  5.101  4.818  4.536  4.254  3.972  3.690  3.408  3.127  2.845  2.564  2.283  2.002  1.721  1.440  1.159  0.878  0.598  0.317 
22.338 22.028 21.718 21.408 21.099 20.791 20.483 20.176 19.869 19.563 19.258 18.953 18.648 18.344 18.041 17.738 17.436 17.134 16.833 16.532 16.232 15.932 15.633 15.335 15.037 14.739 14.442 14.145 13.849 13.553 13.258 12.963 12.669 12.375 12.082 11.789 11.496 11.204 10.912 10.621 10.330 10.040  9.749  9.460  9.170  8.881  8.592  8.304  8.016  7.728  7.440  7.153  6.866  6.580  6.293  6.007  5.721  5.436  5.150  4.865  4.580  4.295  4.010  3.726  3.441  3.157  2.873  2.589  2.305  2.021  1.738  1.454  1.171  0.887  0.604  0.320 
22.459 22.148 21.838 21.529 21.220 20.911 20.603 20.295 19.988 19.682 19.376 19.070 18.765 18.461 18.157 17.853 17.550 17.247 16.945 16.644 16.343 16.042 15.742 15.442 15.143 14.844 14.546 14.248 13.950 13.653 13.357 13.060 12.765 12.469 12.174 11.880 11.585 11.291 10.998 10.705 10.412 10.120  9.828  9.536  9.245  8.954  8.663  8.372  8.082  7.792  7.503  7.213  6.924  6.635  6.347  6.058  5.770  5.482  5.194  4.907  4.619  4.332  4.045  3.758  3.471  3.185  2.898  2.612  2.326  2.039  1.753  1.467  1.181  0.895  0.609  0.323 
22.569 22.258 21.948 21.638 21.329 21.020 20.712 20.404 20.097 19.790 19.483 19.177 18.872 18.566 18.262 17.958 17.654 17.351 17.048 16.745 16.443 16.142 15.841 15.540 15.239 14.940 14.640 14.341 14.042 13.744 13.446 13.148 12.851 12.554 12.258 11.962 11.666 11.371 11.076 10.781 10.487 10.193  9.899  9.605  9.312  9.019  8.727  8.435  8.142  7.851  7.559  7.268  6.977  6.686  6.395  6.105  5.815  5.525  5.235  4.945  4.655  4.366  4.077  3.788  3.499  3.210  2.921  2.632  2.344  2.055  1.767  1.479  1.190  0.902  0.614  0.326 
22.668 22.358 22.048 21.738 21.428 21.119 20.811 20.503 20.195 19.888 19.581 19.274 18.968 18.663 18.358 18.053 17.748 17.444 17.141 16.837 16.535 16.232 15.930 15.629 15.327 15.026 14.726 14.426 14.126 13.826 13.527 13.229 12.930 12.632 12.334 12.037 11.740 11.443 11.147 10.850 10.554 10.259  9.964  9.669  9.374  9.079  8.785  8.491  8.197  7.904  7.610  7.317  7.024  6.732  6.439  6.147  5.855  5.563  5.271  4.980  4.688  4.397  4.106  3.814  3.523  3.233  2.942  2.651  2.361  2.070  1.780  1.489  1.199  0.909  0.618  0.328 
22.759 22.449 22.138 21.828 21.519 21.210 20.901 20.592 20.285 19.977 19.670 19.363 19.056 18.750 18.444 18.139 17.834 17.530 17.225 16.921 16.618 16.315 16.012 15.709 15.407 15.105 14.804 14.503 14.202 13.901 13.601 13.301 13.002 12.703 12.404 12.105 11.807 11.509 11.211 10.913 10.616 10.319 10.022  9.726  9.430  9.134  8.838  8.542  8.247  7.952  7.657  7.362  7.068  6.773  6.479  6.185  5.892  5.598  5.304  5.011  4.718  4.425  4.132  3.839  3.546  3.253  2.961  2.668  2.376  2.083  1.791  1.499  1.207  0.914  0.622  0.330 
22.842 22.531 22.221 21.911 21.601 21.292 20.983 20.674 20.366 20.058 19.750 19.443 19.136 18.830 18.524 18.218 17.912 17.607 17.302 16.998 16.693 16.390 16.086 15.783 15.480 15.177 14.875 14.573 14.271 13.970 13.668 13.368 13.067 12.767 12.467 12.167 11.867 11.568 11.269 10.971 10.672 10.374 10.076  9.778  9.480  9.183  8.886  8.589  8.292  7.996  7.699  7.403  7.107  6.811  6.516  6.220  5.925  5.630  5.335  5.040  4.745  4.450  4.155  3.861  3.566  3.272  2.978  2.684  2.390  2.096  1.802  1.508  1.214  0.920  0.626  0.332 
22.917 22.606 22.296 21.986 21.676 21.366 21.057 20.748 20.440 20.132 19.824 19.516 19.209 18.902 18.595 18.289 17.983 17.677 17.372 17.067 16.762 16.458 16.153 15.849 15.546 15.242 14.939 14.636 14.334 14.032 13.730 13.428 13.126 12.825 12.524 12.223 11.923 11.622 11.322 11.023 10.723 10.424 10.124  9.825  9.527  9.228  8.930  8.631  8.333  8.036  7.738  7.440  7.143  6.846  6.549  6.252  5.955  5.658  5.362  5.066  4.769  4.473  4.177  3.881  3.585  3.289  2.993  2.698  2.402  2.107  1.811  1.515  1.220  0.925  0.629  0.334 
22.985 22.674 22.364 22.054 21.744 21.434 21.125 20.816 20.507 20.199 19.891 19.583 19.275 18.968 18.661 18.354 18.048 17.742 17.436 17.130 16.825 16.519 16.215 15.910 15.606 15.302 14.998 14.694 14.391 14.088 13.785 13.483 13.180 12.878 12.576 12.274 11.973 11.672 11.371 11.070 10.769 10.469 10.169  9.868  9.569  9.269  8.969  8.670  8.371  8.072  7.773  7.474  7.176  6.877  6.579  6.281  5.983  5.685  5.387  5.089  4.792  4.494  4.197  3.899  3.602  3.305  3.008  2.711  2.414  2.117  1.820  1.523  1.226  0.929  0.632  0.335 
23.047 22.736 22.426 22.115 21.806 21.496 21.186 20.877 20.568 20.260 19.951 19.643 19.335 19.028 18.720 18.413 18.106 17.800 17.493 17.187 16.881 16.576 16.270 15.965 15.660 15.356 15.051 14.747 14.443 14.139 13.836 13.532 13.229 12.926 12.623 12.321 12.019 11.717 11.415 11.113 10.811 10.510 10.209  9.908  9.607  9.306  9.005  8.705  8.405  8.105  7.805  7.505  7.205  6.906  6.606  6.307  6.008  5.709  5.410  5.111  4.812  4.513  4.214  3.916  3.617  3.319  3.020  2.722  2.424  2.126  1.827  1.529  1.231  0.933  0.635  0.337 
23.103 22.793 22.482 22.172 21.862 21.552 21.242 20.933 20.624 20.315 20.006 19.698 19.390 19.082 18.774 18.467 18.160 17.853 17.546 17.239 16.933 16.627 16.321 16.015 15.710 15.405 15.100 14.795 14.490 14.186 13.882 13.577 13.274 12.970 12.667 12.363 12.060 11.757 11.455 11.152 10.850 10.547 10.245  9.943  9.641  9.340  9.038  8.737  8.436  8.135  7.834  7.533  7.232  6.932  6.631  6.331  6.030  5.730  5.430  5.130  4.830  4.530  4.231  3.931  3.631  3.332  3.032  2.733  2.433  2.134  1.835  1.535  1.236  0.937  0.637  0.338 
23.155 22.844 22.533 22.223 21.913 21.603 21.293 20.984 20.674 20.365 20.057 19.748 19.440 19.131 18.823 18.516 18.208 17.901 17.594 17.287 16.980 16.673 16.367 16.061 15.755 15.449 15.144 14.838 14.533 14.228 13.923 13.619 13.314 13.010 12.706 12.402 12.098 11.794 11.491 11.187 10.884 10.581 10.278  9.976  9.673  9.371  9.068  8.766  8.464  8.162  7.860  7.558  7.257  6.955  6.654  6.352  6.051  5.750  5.449  5.148  4.847  4.546  4.245  3.945  3.644  3.343  3.043  2.742  2.442  2.141  1.841  1.541  1.240  0.940  0.640  0.339 
23.201 22.890 22.580 22.269 21.959 21.649 21.339 21.030 20.720 20.411 20.102 19.793 19.485 19.176 18.868 18.560 18.252 17.945 17.637 17.330 17.023 16.716 16.409 16.102 15.796 15.490 15.184 14.878 14.572 14.267 13.961 13.656 13.351 13.046 12.741 12.437 12.132 11.828 11.524 11.220 10.916 10.612 10.309 10.005  9.702  9.398  9.095  8.792  8.489  8.187  7.884  7.581  7.279  6.977  6.674  6.372  6.070  5.768  5.466  5.164  4.862  4.560  4.259  3.957  3.656  3.354  3.053  2.751  2.450  2.148  1.847  1.546  1.244  0.943  0.642  0.340 
23.244 22.933 22.622 22.312 22.001 21.691 21.381 21.072 20.762 20.453 20.144 19.835 19.526 19.217 18.909 18.600 18.292 17.984 17.677 17.369 17.061 16.754 16.447 16.140 15.833 15.527 15.220 14.914 14.608 14.302 13.996 13.690 13.384 13.079 12.774 12.468 12.163 11.859 11.554 11.249 10.945 10.640 10.336 10.032  9.728  9.424  9.120  8.816  8.513  8.209  7.906  7.602  7.299  6.996  6.693  6.390  6.087  5.784  5.481  5.179  4.876  4.573  4.271  3.968  3.666  3.364  3.061  2.759  2.457  2.155  1.852  1.550  1.248  0.946  0.644  0.341 
23.282 22.971 22.661 22.350 22.040 21.730 21.420 21.110 20.800 20.491 20.181 19.872 19.563 19.254 18.945 18.636 18.328 18.020 17.711 17.403 17.095 16.787 16.479 16.170 15.862 15.554 15.246 14.938 14.629 14.320 14.011 13.702 13.392 13.081 12.770 12.457 12.144 11.830 11.515 11.198 10.879 10.559 10.236  9.911  9.583  9.252  8.918  8.581  8.239  7.893  7.542  7.187  6.826  6.459  6.086  5.707  5.321  4.928  4.528  4.122  3.708  3.288  2.861  2.428  1.990  1.546  1.097  0.645  0.190 -0.301 -0.875 -1.448 -2.021 -2.590 -3.157 -3.720 
23.286 22.975 22.664 22.352 22.040 21.728 21.416 21.103 20.790 20.477 20.163 19.849 19.535 19.220 18.904 18.588 18.272 17.954 17.636 17.318 16.998 16.678 16.356 16.034 15.711 15.386 15.061 14.734 14.405 14.076 13.745 13.412 13.078 12.742 12.404 12.065 11.723 11.380 11.035 10.687 10.338  9.986  9.633  9.276  8.918  8.557  8.195  7.829  7.462  7.092  6.720  6.346  5.970  5.592  5.211  4.829  4.445  4.059  3.671  3.282  2.892  2.500  2.107  1.714  1.319  0.924  0.529  0.134 -0.164 -0.427 -0.688 -0.946 -1.202 -1.455 -1.705 -1.950 
23.162 22.851 22.539 22.226 21.912 21.598 21.282 20.966 20.649 20.332 20.013 19.694 19.374 19.052 18.730 18.408 18.084 17.759 17.433 17.107 16.779 16.451 16.121 15.791 15.459 15.127 14.793 14.459 14.123 13.786 13.449 13.110 12.771 12.430 12.088 11.746 11.402 11.058 10.713 10.367 10.020  9.672  9.323  8.974  8.624  8.274  7.923  7.572  7.221  6.870  6.518  6.167  5.816  5.466  5.116  4.768  4.420  4.073  3.728  3.384  3.042  2.702  2.363  2.026  1.691  1.358  1.026  0.696  0.367  0.040 -0.118 -0.164 -0.192 -0.201 -0.203 -0.180 
22.972 22.661 22.349 22.036 21.722 21.407 21.092 20.776 20.459 20.141 19.822 19.503 19.182 18.861 18.539 18.217 17.894 17.569 17.245 16.919 16.593 16.266 15.939 15.611 15.283 14.954 14.624 14.294 13.963 13.633 13.301 12.970 12.638 12.306 11.974 11.642 11.310 10.979 10.647 10.316  9.986  9.656  9.327  8.999  8.673  8.348  8.025  7.704  7.386  7.071  6.760  6.452  6.149  5.851  5.558  5.272  4.993  4.721  4.457  4.203  3.957  3.722  3.497  3.283  3.080  2.888  2.709  2.541  2.384  2.240  2.106  1.983  1.871  1.768  1.675  1.590 
22.822 22.511 22.199 21.887 21.575 21.262 20.950 20.636 20.323 20.009 19.695 19.380 19.066 18.751 18.436 18.121 17.806 17.492 17.177 16.862 16.548 16.234 15.921 15.608 15.296 14.984 14.673 14.364 14.055 13.747 13.440 13.135 12.832 12.530 12.229 11.931 11.635 11.341 11.049 10.760 10.473 10.189  9.908  9.631  9.356  9.085  8.818  8.554  8.295  8.039  7.788  7.542  7.300  7.062  6.830  6.603  6.381  6.165  5.954  5.749  5.550  5.357  5.170  4.989  4.815  4.647  4.486  4.332  4.185  4.045  3.912  3.786  3.668  3.558  3.455  3.360 
22.828 22.517 22.207 21.897 21.588 21.279 20.971 20.663 20.356 20.049 19.743 19.438 19.133 18.829 18.526 18.224 17.922 17.622 17.322 17.024 16.726 16.430 16.135 15.842 15.550 15.259 14.970 14.683 14.397 14.114 13.832 13.552 13.275 13.000 12.727 12.457 12.189 11.924 11.662 11.403 11.147 10.894 10.644 10.398 10.156  9.917  9.682  9.450  9.223  9.001  8.782  8.568  8.359  8.154  7.954  7.760  7.570  7.386  7.207  7.034  6.866  6.704  6.548  6.399  6.255  6.118  5.988  5.864  5.747  5.637  5.534  5.438  5.350  5.269  5.196  5.130 
23.020 22.709 22.400 22.093 21.786 21.481 21.177 20.874 20.573 20.273 19.974 19.677 19.381 19.087 18.794 18.502 18.213 17.925 17.638 17.353 17.071 16.790 16.511 16.233 15.958 15.686 15.415 15.146 14.880 14.617 14.356 14.097 13.841 13.588 13.338 13.091 12.847 12.606 12.368 12.133 11.902 11.675 11.451 11.231 11.015 10.803 10.595 10.392 10.192  9.997  9.807  9.621  9.441  9.265  9.094  8.928  8.768  8.613  8.464  8.320  8.182  8.050  7.924  7.805  7.691  7.585  7.484  7.391  7.304  7.224  7.152  7.086  7.028  6.978  6.935  6.900 
23.372 23.062 22.754 22.448 22.144 21.842 21.541 21.243 20.946 20.652 20.359 20.069 19.780 19.494 19.210 18.928 18.648 18.370 18.094 17.821 17.550 17.282 17.015 16.752 16.491 16.232 15.976 15.722 15.472 15.224 14.978 14.736 14.496 14.260 14.026 13.795 13.568 13.343 13.122 12.903 12.688 12.476 12.267 12.061 11.859 11.659 11.463 11.270 11.080 10.894 10.710 10.530 10.352 10.178 10.006  9.838  9.672  9.509  9.348  9.190  9.034  8.881  8.730  8.581  8.434  8.288  8.145  8.003  7.862  7.722  7.583  7.446  7.309  7.172  7.036  6.900 
23.847 23.537 23.230 22.925 22.622 22.321 22.023 21.727 21.433 21.142 20.853 20.566 20.282 20.000 19.720 19.443 19.168 18.895 18.625 18.357 18.092 17.829 17.569 17.311 17.055 16.802 16.551 16.303 16.057 15.814 15.573 15.335 15.099 14.866 14.635 14.406 14.180 13.957 13.736 13.517 13.301 13.087 12.875 12.666 12.459 12.255 12.052 11.852 11.654 11.458 11.264 11.072 10.883 10.695 10.509 10.324 10.142  9.961  9.782  9.604  9.428  9.253  9.079  8.907  8.736  8.565  8.396  8.228  8.060  7.893  7.727  7.561  7.395  7.230  7.065  6.900 
24.370 24.061 23.753 23.448 23.146 22.845 22.547 22.252 21.958 21.667 21.379 21.093 20.809 20.527 20.248 19.971 19.696 19.424 19.154 18.886 18.621 18.358 18.097 17.839 17.582 17.328 17.077 16.827 16.580 16.335 16.092 15.851 15.612 15.376 15.142 14.909 14.679 14.451 14.225 14.001 13.778 13.558 13.340 13.123 12.909 12.696 12.485 12.275 12.067 11.861 11.657 11.454 11.252 11.052 10.854 10.656 10.460 10.265 10.072  9.879  9.688  9.497  9.308  9.119  8.931  8.744  8.558  8.372  8.187  8.002  7.818  7.634  7.450  7.267  7.083  6.900 
24.887 24.577 24.269 23.964 23.661 23.360 23.062 22.765 22.471 22.180 21.890 21.603 21.317 21.034 20.754 20.475 20.199 19.924 19.652 19.382 19.114 18.849 18.585 18.323 18.064 17.807 17.551 17.298 17.046 16.797 16.550 16.304 16.060 15.819 15.579 15.341 15.105 14.870 14.637 14.406 14.177 13.949 13.723 13.499 13.276 13.055 12.835 12.616 12.399 12.184 11.969 11.756 11.544 11.333 11.124 10.915 10.708 10.502 10.296 10.092  9.888  9.685  9.483  9.281  9.081  8.880  8.681  8.482  8.283  8.085  7.887  7.689  7.492  7.294  7.097  6.900 
25.372 25.062 24.755 24.449 24.145 23.844 23.545 23.247 22.952 22.659 22.368 22.078 21.791 21.506 21.223 20.942 20.663 20.386 20.111 19.838 19.567 19.298 19.031 18.765 18.502 18.240 17.980 17.722 17.466 17.212 16.959 16.708 16.459 16.212 15.966 15.722 15.479 15.238 14.999 14.761 14.524 14.289 14.056 13.823 13.593 13.363 13.135 12.908 12.682 12.458 12.234 12.012 11.791 11.571 11.351 11.133 10.916 10.699 10.484 10.269 10.055  9.841  9.628  9.416  9.205  8.993  8.783  8.572  8.363  8.153  7.944  7.735  7.526  7.317  7.109  6.900 
25.820 25.510 25.202 24.896 24.592 24.289 23.989 23.691 23.394 23.099 22.806 22.516 22.226 21.939 21.654 21.370 21.089 20.809 20.531 20.254 19.980 19.707 19.436 19.167 18.899 18.633 18.369 18.106 17.845 17.586 17.328 17.072 16.817 16.564 16.313 16.063 15.814 15.566 15.321 15.076 14.833 14.591 14.350 14.111 13.873 13.636 13.400 13.165 12.932 12.699 12.467 12.237 12.007 11.779 11.551 11.324 11.097 10.872 10.647 10.423 10.200  9.977  9.755  9.533  9.312  9.091  8.871  8.651  8.431  8.212  7.993  7.774  7.556  7.337  7.118  6.900 
26.229 25.919 25.611 25.304 24.999 24.696 24.395 24.095 23.797 23.501 23.207 22.914 22.623 22.334 22.046 21.760 21.476 21.193 20.912 20.633 20.355 20.079 19.804 19.531 19.259 18.989 18.721 18.454 18.188 17.924 17.662 17.401 17.141 16.883 16.625 16.370 16.115 15.862 15.610 15.360 15.110 14.862 14.615 14.369 14.124 13.880 13.637 13.395 13.155 12.915 12.676 12.438 12.200 11.964 11.728 11.493 11.259 11.026 10.793 10.561 10.329 10.098  9.867  9.637  9.408  9.178  8.949  8.721  8.493  8.265  8.037  7.809  7.582  7.354  7.127  6.900 
26.601 26.291 25.982 25.675 25.370 25.066 24.764 24.463 24.164 23.867 23.571 23.276 22.984 22.692 22.402 22.114 21.827 21.542 21.258 20.976 20.695 20.416 20.138 19.861 19.586 19.312 19.040 18.769 18.499 18.231 17.964 17.698 17.434 17.170 16.908 16.648 16.388 16.129 15.872 15.616 15.361 15.106 14.853 14.601 14.350 14.100 13.851 13.603 13.355 13.109 12.863 12.618 12.374 12.131 11.888 11.646 11.405 11.164 10.924 10.684 10.445 10.207  9.968  9.731  9.493  9.257  9.020  8.784  8.548  8.312  8.076  7.841  7.605  7.370  7.135  6.900 
26.938 26.628 26.319 26.012 25.706 25.402 25.099 24.797 24.497 24.198 23.901 23.605 23.311 23.018 22.726 22.435 22.146 21.859 21.572 21.288 21.004 20.722 20.441 20.161 19.882 19.605 19.329 19.054 18.781 18.509 18.238 17.968 17.699 17.431 17.164 16.899 16.635 16.371 16.109 15.847 15.587 15.328 15.069 14.812 14.555 14.299 14.044 13.790 13.537 13.284 13.033 12.782 12.531 12.282 12.032 11.784 11.536 11.289 11.042 10.796 10.550 10.305 10.060  9.815  9.571  9.327  9.084  8.840  8.597  8.354  8.112  7.869  7.627  7.384  7.142  6.900 
27.245 26.934 26.625 26.318 26.012 25.706 25.403 25.100 24.799 24.499 24.201 23.903 23.607 23.313 23.019 22.727 22.436 22.146 21.857 21.570 21.284 20.999 20.715 20.432 20.151 19.871 19.591 19.313 19.036 18.760 18.486 18.212 17.939 17.667 17.397 17.127 16.858 16.590 16.323 16.057 15.792 15.528 15.265 15.002 14.741 14.480 14.220 13.960 13.701 13.443 13.186 12.929 12.673 12.418 12.163 11.909 11.655 11.402 11.149 10.897 10.645 10.393 10.142  9.891  9.641  9.391  9.141  8.891  8.642  8.393  8.144  7.895  7.646  7.397  7.149  6.900 
27.522 27.212 26.903 26.595 26.288 25.983 25.678 25.375 25.073 24.772 24.472 24.174 23.876 23.580 23.285 22.991 22.698 22.406 22.116 21.826 21.538 21.250 20.964 20.679 20.394 20.111 19.829 19.548 19.268 18.989 18.710 18.433 18.157 17.881 17.607 17.333 17.061 16.789 16.518 16.248 15.978 15.710 15.442 15.175 14.909 14.643 14.378 14.114 13.850 13.587 13.325 13.063 12.802 12.542 12.281 12.022 11.763 11.504 11.246 10.988 10.731 10.474 10.217  9.961  9.705  9.449  9.193  8.938  8.683  8.428  8.173  7.918  7.663  7.409  7.154  6.900 
27.774 27.464 27.155 26.846 26.539 26.233 25.928 25.624 25.321 25.019 24.719 24.419 24.120 23.823 23.526 23.230 22.936 22.642 22.350 22.058 21.768 21.478 21.189 20.902 20.615 20.329 20.044 19.760 19.477 19.195 18.914 18.634 18.354 18.075 17.798 17.521 17.244 16.969 16.694 16.420 16.147 15.874 15.603 15.331 15.061 14.791 14.522 14.253 13.985 13.718 13.451 13.185 12.919 12.654 12.389 12.124 11.860 11.597 11.334 11.071 10.809 10.547 10.285 10.023  9.762  9.501  9.240  8.980  8.719  8.459  8.199  7.939  7.679  7.420  7.160  6.900 
28.002 27.692 27.383 27.074 26.767 26.460 26.155 25.850 25.546 25.244 24.942 24.641 24.341 24.043 23.745 23.448 23.151 22.856 22.562 22.269 21.976 21.685 21.394 21.104 20.815 20.527 20.240 19.953 19.668 19.383 19.099 18.816 18.533 18.251 17.970 17.690 17.411 17.132 16.854 16.576 16.300 16.024 15.748 15.473 15.199 14.925 14.652 14.380 14.108 13.836 13.565 13.295 13.025 12.755 12.486 12.217 11.949 11.681 11.413 11.146 10.879 10.613 10.346 10.080  9.814  9.549  9.283  9.018  8.753  8.488  8.223  7.958  7.694  7.429  7.165  6.900 
28.209 27.899 27.589 27.281 26.973 26.666 26.360 26.055 25.750 25.447 25.144 24.843 24.542 24.242 23.943 23.644 23.347 23.050 22.754 22.459 22.165 21.872 21.579 21.287 20.996 20.706 20.417 20.128 19.840 19.553 19.266 18.980 18.695 18.411 18.127 17.844 17.562 17.280 16.999 16.718 16.438 16.159 15.880 15.602 15.324 15.047 14.770 14.494 14.219 13.943 13.669 13.394 13.121 12.847 12.574 12.301 12.029 11.757 11.486 11.214 10.943 10.672 10.402 10.132  9.861  9.592  9.322  9.052  8.783  8.514  8.245  7.976  7.707  7.438  7.169  6.900 
28.397 28.087 27.777 27.468 27.160 26.853 26.546 26.240 25.935 25.631 25.328 25.025 24.724 24.423 24.122 23.823 23.524 23.226 22.929 22.632 22.337 22.042 21.747 21.454 21.161 20.869 20.577 20.286 19.996 19.707 19.418 19.130 18.842 18.555 18.269 17.983 17.698 17.414 17.130 16.846 16.564 16.281 16.000 15.718 15.437 15.157 14.877 14.598 14.319 14.041 13.762 13.485 13.207 12.931 12.654 12.378 12.102 11.826 11.551 11.276 11.001 10.727 10.452 10.178  9.904  9.631  9.357  9.084  8.810  8.537  8.264  7.991  7.718  7.446  7.173  6.900 
28.567 28.257 27.947 27.638 27.329 27.022 26.715 26.409 26.103 25.798 25.494 25.191 24.888 24.586 24.285 23.985 23.685 23.386 23.087 22.789 22.492 22.196 21.900 21.604 21.310 21.016 20.723 20.430 20.138 19.846 19.556 19.265 18.976 18.686 18.398 18.110 17.822 17.535 17.249 16.963 16.677 16.392 16.108 15.824 15.540 15.257 14.974 14.692 14.410 14.129 13.848 13.567 13.286 13.006 12.726 12.447 12.168 11.889 11.610 11.332 11.054 10.776 10.498 10.220  9.943  9.666  9.389  9.112  8.835  8.559  8.282  8.006  7.729  7.453  7.176  6.900 
28.721 28.411 28.101 27.792 27.483 27.175 26.868 26.561 26.255 25.950 25.645 25.341 25.038 24.735 24.433 24.131 23.830 23.530 23.230 22.931 22.633 22.335 22.038 21.741 21.445 21.149 20.855 20.560 20.266 19.973 19.680 19.388 19.096 18.805 18.515 18.224 17.935 17.645 17.357 17.068 16.781 16.493 16.206 15.920 15.634 15.348 15.062 14.777 14.493 14.209 13.925 13.641 13.358 13.075 12.792 12.510 12.227 11.946 11.664 11.382 11.101 10.820 10.539 10.259  9.978  9.698  9.418  9.138  8.858  8.578  8.298  8.018  7.739  7.459  7.180  6.900 
28.861 28.550 28.240 27.931 27.622 27.314 27.006 26.699 26.393 26.087 25.782 25.477 25.173 24.869 24.566 24.264 23.962 23.661 23.360 23.060 22.761 22.461 22.163 21.865 21.567 21.271 20.974 20.678 20.383 20.088 19.793 19.499 19.206 18.913 18.620 18.328 18.037 17.745 17.454 17.164 16.874 16.585 16.295 16.006 15.718 15.430 15.142 14.855 14.568 14.281 13.994 13.708 13.422 13.137 12.852 12.566 12.282 11.997 11.713 11.428 11.144 10.861 10.577 10.294 10.010  9.727  9.444  9.161  8.878  8.595  8.313  8.030  7.748  7.465  7.183  6.900 
28.988 28.677 28.367 28.057 27.748 27.440 27.132 26.825 26.518 26.211 25.906 25.600 25.296 24.991 24.688 24.385 24.082 23.780 23.478 23.177 22.876 22.576 22.276 21.977 21.678 21.380 21.082 20.785 20.488 20.192 19.896 19.600 19.305 19.010 18.716 18.422 18.129 17.836 17.543 17.251 16.959 16.667 16.376 16.085 15.795 15.504 15.214 14.925 14.636 14.347 14.058 13.769 13.481 13.193 12.905 12.618 12.331 12.044 11.757 11.470 11.184 10.897 10.611 10.325 10.039  9.753  9.468  9.182  8.897  8.611  8.326  8.041  7.756  7.470  7.185  6.900 
29.103 28.792 28.482 28.172 27.863 27.554 27.246 26.938 26.631 26.324 26.018 25.712 25.407 25.102 24.798 24.494 24.190 23.887 23.585 23.283 22.981 22.680 22.379 22.079 21.779 21.480 21.181 20.882 20.584 20.286 19.989 19.692 19.395 19.099 18.803 18.508 18.213 17.918 17.623 17.329 17.036 16.742 16.449 16.157 15.864 15.572 15.280 14.988 14.697 14.406 14.115 13.825 13.534 13.244 12.954 12.665 12.375 12.086 11.797 11.508 11.219 10.930 10.642 10.354 10.065  9.777  9.489  9.201  8.913  8.626  8.338  8.050  7.763  7.475  7.188  6.900 
