26.416 26.105 25.794 25.483 25.173 24.862 24.551 24.240 23.929 23.618 23.307 22.996 22.685 22.374 22.064 21.753 21.442 21.131 20.820 20.509 20.198 19.887 19.576 19.265 18.954 18.643 18.332 18.021 17.710 17.399 17.088 16.776 16.465 16.154 15.843 15.531 15.220 14.908 14.597 14.285 13.973 13.661 13.349 13.037 12.725 12.412 12.100 11.787 11.474 11.160 10.847 10.533 10.219  9.905  9.590  9.275  8.959  8.644  8.327  8.010  7.693  7.375  7.057  6.738  6.418  6.098  5.777  5.455  5.132  4.809  4.485  4.159  3.833  3.506  3.178  2.849 
26.414 26.103 25.792 25.481 25.170 24.859 24.548 24.237 23.926 23.615 23.303 22.992 22.681 22.370 22.058 21.747 21.435 21.124 20.812 20.501 20.189 19.877 19.565 19.254 18.941 18.629 18.317 18.005 17.692 17.380 17.067 16.754 16.441 16.128 15.814 15.501 15.187 14.873 14.559 14.244 13.929 13.614 13.299 12.983 12.667 12.351 12.034 11.717 11.400 11.082 10.764 10.445 10.126  9.806  9.486  9.166  8.844  8.522  8.200  7.877  7.553  7.228  6.903  6.577  6.250  5.923  5.595  5.265  4.935  4.604  4.272  3.939  3.605  3.270  2.934  2.597 
26.401 26.090 25.779 25.468 25.157 24.845 24.534 24.222 23.911 23.599 23.287 22.975 22.663 22.351 22.039 21.727 21.414 21.102 20.789 20.476 20.163 19.849 19.536 19.222 18.909 18.595 18.281 17.966 17.652 17.337 17.022 16.706 16.391 16.075 15.759 15.442 15.126 14.809 14.491 14.173 13.855 13.537 13.218 12.898 12.579 12.258 11.938 11.617 11.295 10.973 10.650 10.327 10.003  9.678  9.353  9.028  8.701  8.374  8.047  7.718  7.389  7.059  6.728  6.397  6.064  5.731  5.397  5.062  4.726  4.389  4.051  3.712  3.372  3.031  2.689  2.346 
26.372 26.061 25.750 25.438 25.127 24.815 24.503 24.191 23.879 23.567 23.254 22.941 22.628 22.315 22.002 21.688 21.375 21.061 20.746 20.432 20.117 19.802 19.487 19.172 18.856 18.540 18.224 17.907 17.590 17.273 16.956 16.638 16.320 16.001 15.682 15.363 15.043 14.723 14.402 14.081 13.760 13.438 13.116 12.793 12.469 12.145 11.821 11.496 11.170 10.844 10.517 10.190  9.862  9.533  9.204  8.873  8.543  8.211  7.879  7.546  7.212  6.877  6.541  6.205  5.868  5.530  5.191  4.851  4.510  4.168  3.825  3.481  3.136  2.790  2.443  2.094 
26.324 26.013 25.702 25.390 25.078 24.766 24.454 24.142 23.829 23.516 23.202 22.889 22.575 22.261 21.946 21.632 21.316 21.001 20.686 20.370 20.053 19.737 19.420 19.103 18.785 18.467 18.149 17.830 17.511 17.191 16.871 16.551 16.230 15.909 15.588 15.265 14.943 14.620 14.296 13.972 13.648 13.323 12.997 12.671 12.344 12.017 11.689 11.360 11.031 10.701 10.371 10.040  9.708  9.375  9.042  8.708  8.373  8.037  7.701  7.364  7.026  6.687  6.347  6.006  5.665  5.322  4.979  4.634  4.289  3.943  3.595  3.247  2.898  2.547  2.196  1.843 
26.258 25.947 25.636 25.324 25.012 24.700 24.387 24.074 23.761 23.447 23.133 22.818 22.504 22.188 21.873 21.557 21.241 20.924 20.607 20.290 19.972 19.654 19.335 19.016 18.697 18.377 18.057 17.736 17.415 17.093 16.771 16.449 16.126 15.802 15.478 15.153 14.828 14.502 14.176 13.849 13.522 13.194 12.865 12.536 12.206 11.876 11.545 11.213 10.881 10.547 10.214  9.879  9.544  9.208  8.871  8.533  8.195  7.855  7.515  7.174  6.833  6.490  6.146  5.802  5.456  5.110  4.763  4.415  4.065  3.715  3.364  3.011  2.658  2.304  1.948  1.591 
26.176 25.865 25.553 25.241 24.929 24.616 24.303 23.990 23.676 23.361 23.047 22.731 22.416 22.100 21.783 21.466 21.149 20.831 20.513 20.194 19.875 19.556 19.235 18.915 18.594 18.272 17.950 17.628 17.305 16.981 16.657 16.332 16.007 15.681 15.355 15.028 14.700 14.372 14.043 13.714 13.384 13.053 12.722 12.390 12.058 11.724 11.390 11.056 10.720 10.384 10.047  9.709  9.371  9.032  8.692  8.351  8.009  7.667  7.323  6.979  6.634  6.288  5.941  5.593  5.244  4.894  4.543  4.192  3.839  3.485  3.130  2.774  2.417  2.059  1.700  1.340 
26.078 25.767 25.455 25.143 24.830 24.517 24.204 23.890 23.575 23.261 22.945 22.629 22.313 21.996 21.679 21.361 21.042 20.724 20.404 20.084 19.764 19.443 19.121 18.799 18.477 18.154 17.830 17.506 17.181 16.855 16.529 16.203 15.876 15.548 15.219 14.890 14.561 14.230 13.899 13.568 13.235 12.902 12.569 12.234 11.899 11.563 11.227 10.889 10.551 10.212  9.873  9.532  9.191  8.849  8.506  8.162  7.817  7.472  7.125  6.778  6.430  6.081  5.731  5.380  5.028  4.675  4.321  3.966  3.610  3.253  2.895  2.536  2.176  1.814  1.452  1.089 
25.965 25.654 25.342 25.030 24.717 24.404 24.090 23.776 23.461 23.146 22.830 22.513 22.196 21.878 21.560 21.242 20.922 20.602 20.282 19.961 19.639 19.317 18.994 18.671 18.347 18.023 17.697 17.372 17.045 16.718 16.391 16.062 15.733 15.404 15.073 14.742 14.411 14.078 13.745 13.412 13.077 12.742 12.406 12.069 11.732 11.394 11.055 10.715 10.374 10.033  9.691  9.348  9.004  8.659  8.313  7.967  7.620  7.272  6.922  6.572  6.221  5.869  5.517  5.163  4.808  4.452  4.095  3.738  3.379  3.019  2.658  2.296  1.933  1.569  1.203  0.837 
25.840 25.529 25.217 24.905 24.592 24.278 23.964 23.649 23.334 23.018 22.702 22.384 22.067 21.748 21.430 21.110 20.790 20.469 20.148 19.826 19.503 19.180 18.856 18.531 18.206 17.880 17.554 17.227 16.899 16.570 16.241 15.911 15.581 15.249 14.917 14.585 14.251 13.917 13.582 13.246 12.910 12.573 12.235 11.896 11.557 11.216 10.875 10.533 10.190  9.847  9.502  9.157  8.811  8.464  8.116  7.767  7.417  7.066  6.715  6.362  6.009  5.654  5.299  4.943  4.585  4.227  3.868  3.507  3.146  2.783  2.420  2.055  1.689  1.323  0.955  0.586 
25.703 25.391 25.080 24.767 24.454 24.140 23.826 23.511 23.195 22.879 22.562 22.244 21.926 21.607 21.287 20.967 20.646 20.325 20.003 19.680 19.356 19.032 18.707 18.381 18.055 17.728 17.400 17.072 16.743 16.413 16.082 15.751 15.419 15.086 14.752 14.418 14.083 13.747 13.411 13.073 12.735 12.396 12.056 11.716 11.374 11.032 10.689 10.345 10.000  9.655  9.308  8.961  8.612  8.263  7.913  7.562  7.210  6.857  6.503  6.149  5.793  5.436  5.078  4.720  4.360  3.999  3.638  3.275  2.911  2.546  2.180  1.813  1.445  1.076  0.706  0.334 
25.555 25.244 24.932 24.619 24.306 23.992 23.677 23.362 23.046 22.729 22.412 22.094 21.775 21.455 21.135 20.814 20.493 20.170 19.847 19.524 19.199 18.874 18.548 18.222 17.894 17.566 17.237 16.908 16.577 16.246 15.915 15.582 15.249 14.914 14.579 14.244 13.907 13.570 13.232 12.893 12.553 12.212 11.871 11.529 11.185 10.841 10.497 10.151  9.804  9.457  9.108  8.759  8.409  8.058  7.706  7.353  6.999  6.644  6.288  5.931  5.573  5.215  4.855  4.494  4.132  3.769  3.406  3.041  2.675  2.308  1.940  1.570  1.200  0.829  0.456  0.083 
25.397 25.086 24.774 24.461 24.148 23.834 23.519 23.203 22.887 22.570 22.252 21.934 21.614 21.294 20.974 20.652 20.330 20.007 19.683 19.359 19.034 18.708 18.381 18.053 17.725 17.396 17.066 16.736 16.404 16.072 15.739 15.405 15.071 14.735 14.399 14.062 13.724 13.385 13.046 12.706 12.364 12.022 11.679 11.335 10.991 10.645 10.299  9.951  9.603  9.254  8.904  8.553  8.201  7.848  7.494  7.139  6.784  6.427  6.069  5.711  5.351  4.990  4.629  4.266  3.902  3.537  3.172  2.805  2.437  2.068  1.698  1.327  0.955  0.581  0.207 -0.169 
25.231 24.920 24.608 24.295 23.981 23.667 23.352 23.036 22.719 22.402 22.084 21.765 21.445 21.125 20.804 20.482 20.159 19.835 19.511 19.186 18.860 18.533 18.206 17.877 17.548 17.218 16.888 16.556 16.224 15.891 15.556 15.222 14.886 14.549 14.212 13.874 13.535 13.194 12.854 12.512 12.169 11.825 11.481 11.135 10.789 10.441 10.093  9.744  9.393  9.042  8.689  8.336  7.981  7.626  7.269  6.911  6.552  6.192  5.830  5.468  5.104  4.739  4.373  4.006  3.637  3.268  2.897  2.524  2.151  1.776  1.401  1.024  0.646  0.266 -0.114 -0.420 
25.056 24.745 24.433 24.120 23.806 23.492 23.176 22.860 22.543 22.226 21.907 21.588 21.268 20.947 20.625 20.302 19.979 19.655 19.329 19.004 18.677 18.349 18.021 17.691 17.361 17.030 16.698 16.365 16.032 15.697 15.362 15.026 14.688 14.350 14.011 13.671 13.331 12.989 12.646 12.303 11.958 11.613 11.267 10.919 10.571 10.222  9.872  9.521  9.169  8.816  8.463  8.108  7.753  7.396  7.039  6.681  6.322  5.962  5.601  5.240  4.877  4.514  4.150  3.785  3.420  3.054  2.687  2.319  1.951  1.582  1.212  0.842  0.470  0.099 -0.256 -0.671 
24.872 24.561 24.249 23.936 23.622 23.307 22.992 22.675 22.358 22.040 21.721 21.402 21.081 20.760 20.437 20.114 19.790 19.465 19.140 18.813 18.486 18.157 17.828 17.498 17.167 16.835 16.502 16.169 15.834 15.499 15.162 14.825 14.487 14.148 13.807 13.466 13.124 12.781 12.437 12.092 11.746 11.399 11.051 10.702 10.351 10.000  9.648  9.294  8.940  8.584  8.228  7.870  7.511  7.151  6.790  6.428  6.065  5.701  5.336  4.970  4.603  4.236  3.867  3.497  3.127  2.756  2.384  2.011  1.638  1.264  0.890  0.515  0.140 -0.191 -0.556 -0.923 
24.680 24.368 24.056 23.743 23.429 23.114 22.799 22.482 22.165 21.846 21.527 21.207 20.886 20.564 20.241 19.917 19.593 19.267 18.941 18.614 18.286 17.957 17.627 17.296 16.964 16.631 16.298 15.963 15.628 15.292 14.954 14.616 14.277 13.937 13.596 13.254 12.912 12.568 12.223 11.878 11.531 11.184 10.835 10.486 10.135  9.784  9.431  9.078  8.723  8.367  8.010  7.651  7.292  6.931  6.568  6.205  5.839  5.472  5.104  4.734  4.362  3.989  3.614  3.237  2.859  2.478  2.097  1.713  1.328  0.942  0.554  0.166 -0.170 -0.505 -0.839 -1.174 
24.480 24.169 23.857 23.543 23.229 22.914 22.599 22.282 21.964 21.645 21.326 21.005 20.684 20.362 20.038 19.714 19.389 19.063 18.736 18.408 18.079 17.750 17.419 17.087 16.755 16.421 16.087 15.751 15.415 15.077 14.739 14.399 14.059 13.718 13.376 13.032 12.688 12.343 11.997 11.650 11.301 10.952 10.602 10.251  9.899  9.547  9.193  8.838  8.482  8.126  7.768  7.410  7.051  6.691  6.330  5.968  5.605  5.242  4.878  4.513  4.147  3.781  3.414  3.046  2.678  2.309  1.939  1.569  1.198  0.827  0.455  0.082 -0.260 -0.648 -1.036 -1.426 
24.273 23.962 23.650 23.337 23.022 22.707 22.391 22.074 21.756 21.438 21.118 20.797 20.475 20.153 19.829 19.505 19.179 18.853 18.526 18.197 17.868 17.538 17.207 16.874 16.541 16.207 15.872 15.536 15.199 14.861 14.522 14.181 13.840 13.498 13.155 12.810 12.465 12.119 11.771 11.423 11.073 10.722 10.371 10.018  9.664  9.309  8.953  8.596  8.237  7.878  7.518  7.156  6.794  6.430  6.066  5.701  5.334  4.967  4.599  4.230  3.860  3.489  3.118  2.745  2.373  1.999  1.625  1.250  0.875  0.500  0.124 -0.209 -0.575 -0.942 -1.309 -1.677 
24.061 23.749 23.437 23.124 22.809 22.494 22.178 21.861 21.543 21.224 20.904 20.582 20.261 19.938 19.614 19.289 18.963 18.636 18.308 17.979 17.650 17.319 16.987 16.655 16.321 15.986 15.651 15.314 14.977 14.638 14.299 13.958 13.617 13.274 12.931 12.586 12.241 11.894 11.547 11.198 10.848 10.498 10.146  9.793  9.438  9.083  8.726  8.369  8.009  7.649  7.287  6.924  6.559  6.193  5.826  5.457  5.086  4.714  4.341  3.966  3.590  3.212  2.833  2.453  2.072  1.690  1.307  0.923  0.539  0.154 -0.176 -0.526 -0.876 -1.226 -1.577 -1.929 
23.843 23.531 23.219 22.906 22.591 22.276 21.960 21.642 21.324 21.005 20.684 20.363 20.041 19.718 19.393 19.068 18.742 18.414 18.086 17.757 17.427 17.095 16.763 16.429 16.095 15.760 15.423 15.086 14.747 14.408 14.068 13.726 13.384 13.040 12.696 12.350 12.003 11.656 11.307 10.958 10.607 10.256  9.903  9.550  9.195  8.840  8.484  8.127  7.769  7.410  7.050  6.689  6.327  5.965  5.602  5.238  4.873  4.507  4.141  3.774  3.406  3.038  2.669  2.299  1.929  1.558  1.187  0.815  0.442  0.059 -0.280 -0.651 -1.032 -1.414 -1.797 -2.180 
23.620 23.308 22.996 22.682 22.368 22.053 21.736 21.419 21.100 20.781 20.461 20.139 19.817 19.493 19.169 18.843 18.517 18.189 17.860 17.531 17.200 16.869 16.536 16.202 15.867 15.531 15.195 14.857 14.518 14.177 13.836 13.494 13.151 12.806 12.461 12.114 11.767 11.418 11.068 10.717 10.365 10.012  9.657  9.302  8.946  8.588  8.230  7.870  7.509  7.147  6.785  6.421  6.056  5.691  5.324  4.957  4.588  4.219  3.849  3.478  3.107  2.734  2.361  1.988  1.614  1.239  0.864  0.488  0.112 -0.221 -0.589 -0.956 -1.324 -1.693 -2.062 -2.431 
23.392 23.080 22.768 22.454 22.140 21.825 21.508 21.190 20.872 20.552 20.232 19.910 19.587 19.264 18.939 18.613 18.286 17.958 17.630 17.300 16.969 16.637 16.304 15.970 15.635 15.299 14.962 14.624 14.285 13.944 13.603 13.261 12.917 12.573 12.227 11.881 11.533 11.184 10.834 10.483 10.130  9.777  9.422  9.066  8.708  8.350  7.990  7.629  7.266  6.902  6.537  6.171  5.803  5.433  5.063  4.691  4.318  3.944  3.568  3.191  2.814  2.435  2.055  1.675  1.294  0.912  0.529  0.147 -0.185 -0.540 -0.896 -1.253 -1.609 -1.967 -2.324 -2.683 
23.160 22.849 22.536 22.223 21.908 21.593 21.276 20.959 20.640 20.320 19.999 19.677 19.354 19.030 18.705 18.379 18.052 17.724 17.394 17.064 16.733 16.400 16.067 15.732 15.397 15.060 14.722 14.383 14.044 13.703 13.361 13.018 12.674 12.329 11.983 11.635 11.287 10.938 10.588 10.237  9.885  9.532  9.178  8.823  8.468  8.111  7.754  7.397  7.038  6.680  6.321  5.962  5.603  5.244  4.886  4.528  4.172  3.816  3.462  3.110  2.760  2.412  2.065  1.721  1.379  1.039  0.700  0.363  0.027 -0.165 -0.276 -0.386 -0.495 -0.601 -0.705 -0.806 
22.928 22.617 22.304 21.991 21.676 21.361 21.045 20.727 20.409 20.090 19.770 19.448 19.126 18.803 18.479 18.154 17.828 17.502 17.174 16.846 16.516 16.186 15.855 15.524 15.191 14.858 14.524 14.190 13.855 13.519 13.183 12.846 12.509 12.172 11.834 11.495 11.157 10.818 10.479 10.140  9.801  9.462  9.123  8.784  8.445  8.107  7.770  7.432  7.096  6.760  6.425  6.091  5.759  5.427  5.096  4.768  4.440  4.114  3.790  3.467  3.147  2.828  2.511  2.196  1.882  1.570  1.260  0.952  0.645  0.339  0.035 -0.126 -0.202 -0.272 -0.341 -0.409 
22.731 22.420 22.108 21.795 21.482 21.168 20.853 20.537 20.221 19.904 19.586 19.268 18.949 18.629 18.309 17.988 17.667 17.345 17.022 16.699 16.376 16.052 15.728 15.403 15.078 14.753 14.427 14.101 13.775 13.449 13.123 12.797 12.470 12.144 11.818 11.491 11.165 10.840 10.514 10.189  9.865  9.541  9.217  8.894  8.572  8.250  7.929  7.609  7.291  6.973  6.656  6.340  6.026  5.713  5.401  5.091  4.782  4.475  4.169  3.865  3.563  3.262  2.963  2.665  2.369  2.075  1.782  1.491  1.201  0.912  0.625  0.339  0.054 -0.094 -0.163 -0.225 
22.604 22.292 21.981 21.669 21.357 21.044 20.731 20.418 20.104 19.790 19.475 19.160 18.845 18.530 18.214 17.898 17.582 17.265 16.949 16.632 16.315 15.998 15.680 15.363 15.046 14.729 14.412 14.094 13.777 13.461 13.144 12.828 12.511 12.196 11.880 11.565 11.250 10.936 10.623 10.310  9.998  9.686  9.375  9.065  8.756  8.447  8.140  7.834  7.528  7.224  6.921  6.620  6.319  6.020  5.722  5.425  5.130  4.837  4.544  4.254  3.965  3.677  3.391  3.106  2.823  2.541  2.261  1.982  1.705  1.429  1.154  0.881  0.608  0.337  0.067 -0.068 
22.549 22.238 21.927 21.616 21.304 20.993 20.682 20.370 20.059 19.747 19.436 19.124 18.813 18.501 18.190 17.878 17.567 17.255 16.944 16.633 16.322 16.012 15.701 15.391 15.081 14.771 14.462 14.153 13.844 13.536 13.228 12.921 12.615 12.309 12.003 11.699 11.395 11.092 10.789 10.488 10.187  9.887  9.588  9.290  8.993  8.697  8.402  8.108  7.816  7.524  7.234  6.944  6.656  6.369  6.083  5.798  5.515  5.232  4.951  4.671  4.392  4.114  3.836  3.560  3.285  3.011  2.737  2.464  2.192  1.921  1.650  1.380  1.110  0.840  0.571  0.301 
22.561 22.250 21.940 21.629 21.319 21.009 20.699 20.390 20.080 19.771 19.462 19.153 18.845 18.536 18.228 17.920 17.613 17.306 16.999 16.692 16.386 16.080 15.775 15.469 15.165 14.860 14.556 14.253 13.950 13.647 13.345 13.043 12.742 12.442 12.142 11.842 11.543 11.245 10.947 10.650 10.353 10.057  9.762  9.467  9.173  8.879  8.586  8.294  8.002  7.711  7.420  7.131  6.841  6.553  6.264  5.977  5.690  5.404  5.118  4.832  4.547  4.263  3.979  3.695  3.412  3.129  2.847  2.565  2.283  2.001  1.720  1.439  1.158  0.877  0.596  0.316 
22.620 22.309 21.999 21.688 21.379 21.069 20.760 20.451 20.143 19.835 19.527 19.219 18.912 18.606 18.299 17.993 17.687 17.382 17.077 16.772 16.468 16.164 15.860 15.557 15.255 14.952 14.650 14.349 14.047 13.747 13.446 13.146 12.847 12.548 12.249 11.951 11.653 11.356 11.059 10.762 10.466 10.170  9.875  9.580  9.286  8.992  8.698  8.405  8.112  7.820  7.528  7.236  6.945  6.654  6.364  6.073  5.784  5.494  5.205  4.916  4.627  4.339  4.051  3.763  3.476  3.188  2.901  2.614  2.327  2.040  1.754  1.467  1.181  0.895  0.609  0.323 
22.697 22.386 22.076 21.766 21.456 21.147 20.838 20.529 20.221 19.913 19.606 19.299 18.992 18.685 18.379 18.074 17.769 17.464 17.159 16.855 16.551 16.247 15.944 15.642 15.339 15.037 14.736 14.434 14.133 13.833 13.533 13.233 12.933 12.634 12.335 12.037 11.739 11.441 11.144 10.847 10.550 10.253  9.957  9.662  9.366  9.071  8.776  8.482  8.188  7.894  7.600  7.307  7.014  6.721  6.429  6.136  5.844  5.552  5.261  4.969  4.678  4.387  4.096  3.806  3.515  3.225  2.935  2.645  2.355  2.065  1.775  1.485  1.195  0.906  0.616  0.327 
22.777 22.466 22.156 21.846 21.536 21.227 20.918 20.610 20.301 19.993 19.686 19.379 19.072 18.765 18.459 18.154 17.848 17.543 17.238 16.934 16.630 16.326 16.023 15.720 15.417 15.115 14.813 14.511 14.210 13.909 13.608 13.308 13.008 12.708 12.408 12.109 11.810 11.512 11.214 10.916 10.618 10.321 10.023  9.727  9.430  9.134  8.838  8.542  8.246  7.951  7.656  7.361  7.066  6.772  6.477  6.183  5.889  5.596  5.302  5.009  4.715  4.422  4.129  3.837  3.544  3.251  2.959  2.666  2.374  2.082  1.790  1.498  1.206  0.914  0.622  0.330 
22.855 22.544 22.233 21.923 21.614 21.304 20.995 20.687 20.378 20.070 19.762 19.455 19.148 18.841 18.535 18.229 17.923 17.618 17.313 17.008 16.703 16.399 16.095 15.792 15.489 15.186 14.883 14.581 14.279 13.977 13.676 13.375 13.074 12.773 12.473 12.173 11.873 11.573 11.274 10.975 10.676 10.378 10.080  9.782  9.484  9.186  8.889  8.592  8.295  7.998  7.701  7.405  7.109  6.813  6.517  6.221  5.926  5.631  5.335  5.040  4.745  4.451  4.156  3.861  3.567  3.272  2.978  2.684  2.390  2.096  1.802  1.508  1.214  0.920  0.626  0.332 
22.927 22.616 22.306 21.996 21.686 21.376 21.067 20.758 20.450 20.142 19.834 19.526 19.219 18.912 18.605 18.298 17.992 17.686 17.381 17.076 16.771 16.466 16.162 15.858 15.554 15.250 14.947 14.644 14.341 14.039 13.736 13.435 13.133 12.831 12.530 12.229 11.929 11.628 11.328 11.028 10.728 10.428 10.129  9.830  9.531  9.232  8.934  8.635  8.337  8.039  7.741  7.444  7.146  6.849  6.552  6.254  5.958  5.661  5.364  5.068  4.771  4.475  4.179  3.882  3.586  3.290  2.995  2.699  2.403  2.107  1.812  1.516  1.220  0.925  0.629  0.334 
22.994 22.683 22.372 22.062 21.752 21.443 21.133 20.824 20.516 20.207 19.899 19.591 19.283 18.976 18.669 18.362 18.056 17.749 17.443 17.138 16.832 16.527 16.222 15.917 15.613 15.309 15.005 14.701 14.398 14.095 13.792 13.489 13.186 12.884 12.582 12.280 11.979 11.677 11.376 11.075 10.774 10.474 10.173  9.873  9.573  9.273  8.974  8.674  8.375  8.076  7.777  7.478  7.179  6.880  6.582  6.284  5.985  5.687  5.389  5.091  4.794  4.496  4.198  3.901  3.604  3.306  3.009  2.712  2.415  2.117  1.820  1.523  1.226  0.929  0.632  0.335 
23.055 22.744 22.433 22.123 21.813 21.503 21.194 20.885 20.576 20.267 19.959 19.651 19.343 19.035 18.728 18.420 18.113 17.807 17.500 17.194 16.888 16.583 16.277 15.972 15.667 15.362 15.058 14.753 14.449 14.145 13.842 13.538 13.235 12.932 12.629 12.326 12.024 11.722 11.420 11.118 10.816 10.515 10.213  9.912  9.611  9.310  9.010  8.709  8.409  8.108  7.808  7.508  7.209  6.909  6.609  6.310  6.010  5.711  5.412  5.113  4.814  4.515  4.216  3.918  3.619  3.320  3.022  2.723  2.425  2.127  1.828  1.530  1.232  0.933  0.635  0.337 
23.110 22.799 22.489 22.179 21.868 21.559 21.249 20.940 20.631 20.322 20.013 19.705 19.397 19.089 18.781 18.473 18.166 17.859 17.552 17.246 16.939 16.633 16.327 16.021 15.716 15.411 15.105 14.800 14.496 14.191 13.887 13.583 13.279 12.975 12.672 12.368 12.065 11.762 11.459 11.156 10.854 10.552 10.249  9.947  9.645  9.344  9.042  8.741  8.439  8.138  7.837  7.536  7.235  6.935  6.634  6.333  6.033  5.733  5.432  5.132  4.832  4.532  4.232  3.933  3.633  3.333  3.033  2.734  2.434  2.135  1.835  1.536  1.236  0.937  0.638  0.338 
23.161 22.850 22.539 22.229 21.919 21.609 21.299 20.990 20.681 20.371 20.063 19.754 19.446 19.137 18.829 18.522 18.214 17.907 17.599 17.292 16.986 16.679 16.373 16.066 15.760 15.455 15.149 14.843 14.538 14.233 13.928 13.623 13.319 13.015 12.710 12.406 12.102 11.799 11.495 11.192 10.888 10.585 10.282  9.979  9.677  9.374  9.072  8.769  8.467  8.165  7.863  7.561  7.260  6.958  6.656  6.355  6.054  5.752  5.451  5.150  4.849  4.548  4.247  3.946  3.645  3.345  3.044  2.743  2.443  2.142  1.842  1.541  1.241  0.940  0.640  0.339 
23.207 22.896 22.585 22.275 21.965 21.655 21.345 21.035 20.726 20.417 20.108 19.799 19.490 19.182 18.873 18.565 18.257 17.950 17.642 17.335 17.028 16.721 16.414 16.107 15.801 15.495 15.188 14.883 14.577 14.271 13.966 13.660 13.355 13.050 12.746 12.441 12.136 11.832 11.528 11.224 10.920 10.616 10.312 10.009  9.705  9.402  9.099  8.795  8.492  8.190  7.887  7.584  7.282  6.979  6.677  6.374  6.072  5.770  5.468  5.166  4.864  4.562  4.260  3.959  3.657  3.355  3.054  2.752  2.451  2.149  1.848  1.546  1.245  0.943  0.642  0.341 
23.249 22.938 22.627 22.317 22.006 21.696 21.386 21.077 20.767 20.458 20.149 19.840 19.531 19.222 18.914 18.605 18.297 17.989 17.681 17.374 17.066 16.759 16.452 16.145 15.838 15.531 15.224 14.918 14.612 14.306 14.000 13.694 13.388 13.083 12.777 12.472 12.167 11.862 11.557 11.253 10.948 10.644 10.339 10.035  9.731  9.427  9.123  8.819  8.515  8.212  7.908  7.605  7.302  6.998  6.695  6.392  6.089  5.786  5.483  5.180  4.878  4.575  4.272  3.970  3.667  3.365  3.062  2.760  2.458  2.155  1.853  1.551  1.248  0.946  0.644  0.342 
23.287 22.976 22.665 22.355 22.044 21.734 21.424 21.114 20.805 20.495 20.186 19.877 19.568 19.259 18.950 18.641 18.333 18.025 17.717 17.409 17.101 16.793 16.486 16.178 15.871 15.564 15.257 14.950 14.644 14.337 14.031 13.725 13.418 13.112 12.807 12.501 12.195 11.890 11.584 11.279 10.974 10.669 10.364 10.059  9.754  9.450  9.145  8.841  8.536  8.232  7.928  7.624  7.320  7.016  6.712  6.408  6.104  5.801  5.497  5.194  4.890  4.587  4.283  3.980  3.677  3.373  3.070  2.767  2.464  2.161  1.858  1.555  1.252  0.948  0.645  0.342 
23.321 23.010 22.700 22.389 22.079 21.769 21.459 21.149 20.839 20.529 20.220 19.910 19.601 19.292 18.983 18.674 18.366 18.057 17.749 17.441 17.133 16.825 16.517 16.209 15.902 15.594 15.287 14.980 14.673 14.366 14.059 13.752 13.446 13.139 12.833 12.527 12.221 11.915 11.609 11.303 10.997 10.692 10.386 10.081  9.776  9.470  9.165  8.860  8.555  8.250  7.946  7.641  7.336  7.032  6.727  6.423  6.118  5.814  5.510  5.206  4.901  4.597  4.293  3.989  3.685  3.381  3.077  2.773  2.470  2.166  1.862  1.558  1.254  0.951  0.647  0.343 
23.353 23.042 22.731 22.421 22.110 21.800 21.490 21.180 20.870 20.560 20.251 19.941 19.632 19.322 19.013 18.704 18.396 18.087 17.778 17.470 17.161 16.853 16.545 16.237 15.929 15.622 15.314 15.006 14.699 14.392 14.085 13.778 13.471 13.164 12.857 12.550 12.244 11.937 11.631 11.325 11.019 10.713 10.407 10.101  9.795  9.489  9.184  8.878  8.572  8.267  7.962  7.656  7.351  7.046  6.741  6.436  6.131  5.826  5.521  5.216  4.912  4.607  4.302  3.998  3.693  3.388  3.084  2.779  2.475  2.170  1.866  1.562  1.257  0.953  0.648  0.344 
23.381 23.070 22.760 22.449 22.139 21.828 21.518 21.208 20.898 20.588 20.279 19.969 19.659 19.350 19.041 18.732 18.423 18.114 17.805 17.496 17.188 16.879 16.571 16.263 15.954 15.646 15.339 15.031 14.723 14.415 14.108 13.800 13.493 13.186 12.879 12.572 12.265 11.958 11.651 11.345 11.038 10.732 10.425 10.119  9.813  9.506  9.200  8.894  8.588  8.282  7.976  7.671  7.365  7.059  6.754  6.448  6.143  5.837  5.532  5.226  4.921  4.616  4.310  4.005  3.700  3.395  3.090  2.785  2.480  2.175  1.870  1.565  1.260  0.955  0.650  0.345 
23.407 23.096 22.786 22.475 22.165 21.854 21.544 21.234 20.924 20.614 20.304 19.994 19.685 19.375 19.066 18.756 18.447 18.138 17.829 17.520 17.211 16.903 16.594 16.286 15.977 15.669 15.361 15.053 14.745 14.437 14.129 13.821 13.514 13.206 12.899 12.591 12.284 11.977 11.670 11.363 11.056 10.749 10.442 10.135  9.829  9.522  9.215  8.909  8.602  8.296  7.990  7.684  7.377  7.071  6.765  6.459  6.153  5.847  5.541  5.235  4.930  4.624  4.318  4.012  3.707  3.401  3.095  2.790  2.484  2.178  1.873  1.567  1.262  0.956  0.651  0.345 
23.431 23.120 22.809 22.499 22.188 21.878 21.567 21.257 20.947 20.637 20.327 20.017 19.708 19.398 19.088 18.779 18.470 18.160 17.851 17.542 17.233 16.924 16.615 16.307 15.998 15.690 15.381 15.073 14.765 14.456 14.148 13.840 13.532 13.225 12.917 12.609 12.301 11.994 11.686 11.379 11.072 10.764 10.457 10.150  9.843  9.536  9.229  8.922  8.615  8.309  8.002  7.695  7.389  7.082  6.776  6.469  6.163  5.856  5.550  5.244  4.937  4.631  4.325  4.019  3.712  3.406  3.100  2.794  2.488  2.182  1.876  1.570  1.264  0.958  0.652  0.346 
23.452 23.142 22.831 22.520 22.210 21.899 21.589 21.278 20.968 20.658 20.348 20.038 19.728 19.419 19.109 18.799 18.490 18.180 17.871 17.562 17.253 16.944 16.635 16.326 16.017 15.708 15.400 15.091 14.783 14.474 14.166 13.858 13.549 13.241 12.933 12.625 12.317 12.009 11.702 11.394 11.086 10.779 10.471 10.164  9.856  9.549  9.242  8.934  8.627  8.320  8.013  7.706  7.399  7.092  6.785  6.478  6.171  5.864  5.558  5.251  4.944  4.638  4.331  4.024  3.718  3.411  3.105  2.798  2.492  2.185  1.879  1.572  1.266  0.959  0.653  0.346 
23.472 23.161 22.850 22.540 22.229 21.919 21.608 21.298 20.988 20.677 20.367 20.057 19.747 19.437 19.128 18.818 18.508 18.199 17.889 17.580 17.271 16.961 16.652 16.343 16.034 15.725 15.416 15.108 14.799 14.490 14.182 13.873 13.565 13.256 12.948 12.640 12.332 12.024 11.715 11.407 11.100 10.792 10.484 10.176  9.868  9.561  9.253  8.945  8.638  8.330  8.023  7.716  7.408  7.101  6.794  6.486  6.179  5.872  5.565  5.258  4.951  4.644  4.337  4.030  3.723  3.416  3.109  2.802  2.495  2.188  1.881  1.574  1.267  0.960  0.654  0.347 
23.490 23.179 22.868 22.557 22.247 21.936 21.626 21.315 21.005 20.695 20.385 20.075 19.765 19.455 19.145 18.835 18.525 18.215 17.906 17.596 17.287 16.978 16.668 16.359 16.050 15.741 15.432 15.123 14.814 14.505 14.196 13.887 13.579 13.270 12.962 12.653 12.345 12.036 11.728 11.420 11.112 10.803 10.495 10.187  9.879  9.571  9.263  8.955  8.648  8.340  8.032  7.724  7.417  7.109  6.801  6.494  6.186  5.879  5.571  5.264  4.956  4.649  4.342  4.034  3.727  3.420  3.112  2.805  2.498  2.191  1.883  1.576  1.269  0.962  0.654  0.347 
23.506 23.195 22.884 22.573 22.263 21.952 21.642 21.331 21.021 20.711 20.400 20.090 19.780 19.470 19.160 18.850 18.540 18.231 17.921 17.611 17.302 16.992 16.683 16.373 16.064 15.755 15.446 15.136 14.827 14.518 14.209 13.900 13.592 13.283 12.974 12.665 12.357 12.048 11.739 11.431 11.123 10.814 10.506 10.197  9.889  9.581  9.273  8.965  8.656  8.348  8.040  7.732  7.424  7.116  6.809  6.501  6.193  5.885  5.577  5.269  4.962  4.654  4.346  4.039  3.731  3.423  3.116  2.808  2.500  2.193  1.885  1.578  1.270  0.963  0.655  0.348 
23.520 23.210 22.899 22.588 22.277 21.967 21.656 21.346 21.035 20.725 20.415 20.105 19.794 19.484 19.174 18.864 18.554 18.244 17.935 17.625 17.315 17.006 16.696 16.386 16.077 15.768 15.458 15.149 14.840 14.530 14.221 13.912 13.603 13.294 12.985 12.676 12.367 12.059 11.750 11.441 11.132 10.824 10.515 10.207  9.898  9.590  9.281  8.973  8.665  8.356  8.048  7.740  7.431  7.123  6.815  6.507  6.199  5.891  5.583  5.275  4.967  4.658  4.351  4.043  3.735  3.427  3.119  2.811  2.503  2.195  1.887  1.579  1.271  0.964  0.656  0.348 
23.534 23.223 22.912 22.601 22.291 21.980 21.670 21.359 21.049 20.738 20.428 20.118 19.807 19.497 19.187 18.877 18.567 18.257 17.947 17.637 17.327 17.018 16.708 16.398 16.089 15.779 15.470 15.160 14.851 14.541 14.232 13.923 13.614 13.305 12.995 12.686 12.377 12.068 11.759 11.450 11.142 10.833 10.524 10.215  9.906  9.598  9.289  8.980  8.672  8.363  8.055  7.746  7.438  7.129  6.821  6.513  6.204  5.896  5.587  5.279  4.971  4.663  4.354  4.046  3.738  3.430  3.121  2.813  2.505  2.197  1.889  1.581  1.273  0.964  0.656  0.348 
23.546 23.235 22.924 22.614 22.303 21.992 21.682 21.371 21.061 20.750 20.440 20.129 19.819 19.509 19.199 18.889 18.578 18.268 17.958 17.648 17.339 17.029 16.719 16.409 16.099 15.790 15.480 15.171 14.861 14.551 14.242 13.933 13.623 13.314 13.005 12.695 12.386 12.077 11.768 11.459 11.150 10.841 10.532 10.223  9.914  9.605  9.296  8.987  8.678  8.370  8.061  7.752  7.444  7.135  6.826  6.518  6.209  5.900  5.592  5.283  4.975  4.666  4.358  4.049  3.741  3.432  3.124  2.816  2.507  2.199  1.890  1.582  1.274  0.965  0.657  0.348 
23.557 23.246 22.935 22.625 22.314 22.003 21.693 21.382 21.071 20.761 20.451 20.140 19.830 19.519 19.209 18.899 18.589 18.279 17.969 17.659 17.349 17.039 16.729 16.419 16.109 15.799 15.490 15.180 14.870 14.561 14.251 13.941 13.632 13.323 13.013 12.704 12.394 12.085 11.776 11.466 11.157 10.848 10.539 10.230  9.921  9.612  9.303  8.994  8.685  8.376  8.067  7.758  7.449  7.140  6.831  6.522  6.213  5.905  5.596  5.287  4.978  4.670  4.361  4.052  3.744  3.435  3.126  2.818  2.509  2.200  1.892  1.583  1.275  0.966  0.657  0.349 
23.567 23.256 22.945 22.635 22.324 22.013 21.702 21.392 21.081 20.771 20.460 20.150 19.839 19.529 19.219 18.909 18.598 18.288 17.978 17.668 17.358 17.048 16.738 16.428 16.118 15.808 15.498 15.188 14.879 14.569 14.259 13.950 13.640 13.330 13.021 12.711 12.402 12.092 11.783 11.473 11.164 10.855 10.545 10.236  9.927  9.618  9.308  8.999  8.690  8.381  8.072  7.763  7.454  7.145  6.836  6.527  6.218  5.909  5.600  5.291  4.982  4.673  4.364  4.055  3.746  3.437  3.128  2.820  2.511  2.202  1.893  1.584  1.275  0.967  0.658  0.349 
23.576 23.265 22.954 22.644 22.333 22.022 21.712 21.401 21.090 20.780 20.469 20.159 19.848 19.538 19.228 18.917 18.607 18.297 17.986 17.676 17.366 17.056 16.746 16.436 16.126 15.816 15.506 15.196 14.886 14.576 14.267 13.957 13.647 13.337 13.028 12.718 12.408 12.099 11.789 11.480 11.170 10.861 10.551 10.242  9.932  9.623  9.314  9.004  8.695  8.386  8.076  7.767  7.458  7.149  6.840  6.530  6.221  5.912  5.603  5.294  4.985  4.676  4.366  4.057  3.748  3.439  3.130  2.821  2.512  2.203  1.894  1.585  1.276  0.967  0.658  0.349 
23.584 23.274 22.963 22.652 22.341 22.030 21.720 21.409 21.098 20.788 20.477 20.167 19.856 19.546 19.236 18.925 18.615 18.304 17.994 17.684 17.374 17.064 16.753 16.443 16.133 15.823 15.513 15.203 14.893 14.583 14.273 13.963 13.654 13.344 13.034 12.724 12.415 12.105 11.795 11.485 11.176 10.866 10.557 10.247  9.938  9.628  9.319  9.009  8.700  8.390  8.081  7.771  7.462  7.153  6.843  6.534  6.225  5.915  5.606  5.297  4.987  4.678  4.369  4.060  3.750  3.441  3.132  2.823  2.514  2.204  1.895  1.586  1.277  0.968  0.658  0.349 
23.592 23.281 22.970 22.659 22.349 22.038 21.727 21.417 21.106 20.795 20.485 20.174 19.864 19.553 19.243 18.932 18.622 18.312 18.001 17.691 17.381 17.070 16.760 16.450 16.140 15.830 15.520 15.210 14.900 14.589 14.280 13.970 13.660 13.350 13.040 12.730 12.420 12.110 11.800 11.491 11.181 10.871 10.562 10.252  9.942  9.633  9.323  9.013  8.704  8.394  8.085  7.775  7.466  7.156  6.847  6.537  6.228  5.918  5.609  5.299  4.990  4.680  4.371  4.062  3.752  3.443  3.134  2.824  2.515  2.205  1.896  1.587  1.277  0.968  0.659  0.349 
23.599 23.288 22.977 22.666 22.356 22.045 21.734 21.423 21.113 20.802 20.491 20.181 19.870 19.560 19.249 18.939 18.628 18.318 18.008 17.697 17.387 17.077 16.766 16.456 16.146 15.836 15.526 15.215 14.905 14.595 14.285 13.975 13.665 13.355 13.045 12.735 12.425 12.115 11.805 11.495 11.186 10.876 10.566 10.256  9.946  9.637  9.327  9.017  8.707  8.398  8.088  7.778  7.469  7.159  6.850  6.540  6.230  5.921  5.611  5.302  4.992  4.683  4.373  4.063  3.754  3.444  3.135  2.825  2.516  2.206  1.897  1.588  1.278  0.969  0.659  0.350 
23.605 23.294 22.983 22.672 22.362 22.051 21.740 21.430 21.119 20.808 20.498 20.187 19.876 19.566 19.255 18.945 18.634 18.324 18.013 17.703 17.393 17.082 16.772 16.462 16.151 15.841 15.531 15.221 14.910 14.600 14.290 13.980 13.670 13.360 13.050 12.740 12.430 12.120 11.810 11.500 11.190 10.880 10.570 10.260  9.950  9.640  9.331  9.021  8.711  8.401  8.091  7.782  7.472  7.162  6.852  6.543  6.233  5.923  5.613  5.304  4.994  4.684  4.375  4.065  3.756  3.446  3.136  2.827  2.517  2.207  1.898  1.588  1.279  0.969  0.659  0.350 
23.611 23.300 22.989 22.678 22.367 22.057 21.746 21.435 21.124 20.814 20.503 20.192 19.882 19.571 19.261 18.950 18.640 18.329 18.019 17.708 17.398 17.087 16.777 16.467 16.156 15.846 15.536 15.225 14.915 14.605 14.295 13.985 13.674 13.364 13.054 12.744 12.434 12.124 11.814 11.504 11.194 10.884 10.574 10.264  9.954  9.644  9.334  9.024  8.714  8.404  8.094  7.784  7.474  7.165  6.855  6.545  6.235  5.925  5.616  5.306  4.996  4.686  4.376  4.067  3.757  3.447  3.137  2.828  2.518  2.208  1.898  1.589  1.279  0.969  0.660  0.350 
23.616 23.305 22.994 22.683 22.372 22.062 21.751 21.440 21.129 20.819 20.508 20.197 19.887 19.576 19.266 18.955 18.645 18.334 18.023 17.713 17.403 17.092 16.782 16.471 16.161 15.851 15.540 15.230 14.920 14.609 14.299 13.989 13.678 13.368 13.058 12.748 12.438 12.128 11.817 11.507 11.197 10.887 10.577 10.267  9.957  9.647  9.337  9.027  8.717  8.407  8.097  7.787  7.477  7.167  6.857  6.547  6.237  5.927  5.617  5.308  4.998  4.688  4.378  4.068  3.758  3.448  3.138  2.829  2.519  2.209  1.899  1.589  1.279  0.970  0.660  0.350 
23.621 23.310 22.999 22.688 22.377 22.066 21.756 21.445 21.134 20.823 20.513 20.202 19.891 19.581 19.270 18.960 18.649 18.338 18.028 17.717 17.407 17.096 16.786 16.475 16.165 15.855 15.544 15.234 14.923 14.613 14.303 13.992 13.682 13.372 13.062 12.751 12.441 12.131 11.821 11.510 11.200 10.890 10.580 10.270  9.960  9.650  9.340  9.029  8.719  8.409  8.099  7.789  7.479  7.169  6.859  6.549  6.239  5.929  5.619  5.309  4.999  4.689  4.379  4.069  3.759  3.449  3.139  2.830  2.520  2.210  1.900  1.590  1.280  0.970  0.660  0.350 
23.625 23.314 23.003 22.692 22.381 22.071 21.760 21.449 21.138 20.828 20.517 20.206 19.895 19.585 19.274 18.964 18.653 18.342 18.032 17.721 17.411 17.100 16.790 16.479 16.169 15.858 15.548 15.237 14.927 14.617 14.306 13.996 13.686 13.375 13.065 12.755 12.444 12.134 11.824 11.513 11.203 10.893 10.583 10.273  9.962  9.652  9.342  9.032  8.722  8.412  8.101  7.791  7.481  7.171  6.861  6.551  6.241  5.931  5.621  5.311  5.001  4.690  4.380  4.070  3.760  3.450  3.140  2.830  2.520  2.210  1.900  1.590  1.280  0.970  0.660  0.350 
23.629 23.318 23.007 22.696 22.385 22.074 21.764 21.453 21.142 20.831 20.521 20.210 19.899 19.589 19.278 18.967 18.657 18.346 18.035 17.725 17.414 17.104 16.793 16.483 16.172 15.862 15.551 15.241 14.930 14.620 14.309 13.999 13.689 13.378 13.068 12.757 12.447 12.137 11.826 11.516 11.206 10.896 10.585 10.275  9.965  9.654  9.344  9.034  8.724  8.414  8.103  7.793  7.483  7.173  6.863  6.553  6.242  5.932  5.622  5.312  5.002  4.692  4.382  4.071  3.761  3.451  3.141  2.831  2.521  2.211  1.901  1.591  1.281  0.970  0.660  0.350 
23.632 23.321 23.010 22.700 22.389 22.078 21.767 21.456 21.146 20.835 20.524 20.213 19.903 19.592 19.281 18.971 18.660 18.349 18.039 17.728 17.417 17.107 16.796 16.486 16.175 15.865 15.554 15.244 14.933 14.623 14.312 14.002 13.691 13.381 13.070 12.760 12.450 12.139 11.829 11.519 11.208 10.898 10.588 10.277  9.967  9.657  9.346  9.036  8.726  8.415  8.105  7.795  7.485  7.174  6.864  6.554  6.244  5.934  5.623  5.313  5.003  4.693  4.383  4.072  3.762  3.452  3.142  2.832  2.522  2.211  1.901  1.591  1.281  0.971  0.661  0.350 
23.635 23.324 23.014 22.703 22.392 22.081 21.770 21.459 21.149 20.838 20.527 20.216 19.906 19.595 19.284 18.974 18.663 18.352 18.042 17.731 17.420 17.110 16.799 16.489 16.178 15.867 15.557 15.246 14.936 14.625 14.315 14.004 13.694 13.383 13.073 12.762 12.452 12.142 11.831 11.521 11.210 10.900 10.590 10.279  9.969  9.659  9.348  9.038  8.727  8.417  8.107  7.797  7.486  7.176  6.866  6.555  6.245  5.935  5.625  5.314  5.004  4.694  4.383  4.073  3.763  3.453  3.143  2.832  2.522  2.212  1.902  1.591  1.281  0.971  0.661  0.350 
23.638 23.327 23.016 22.706 22.395 22.084 21.773 21.462 21.152 20.841 20.530 20.219 19.909 19.598 19.287 18.976 18.666 18.355 18.044 17.734 17.423 17.112 16.802 16.491 16.181 15.870 15.559 15.249 14.938 14.628 14.317 14.007 13.696 13.386 13.075 12.765 12.454 12.144 11.833 11.523 11.212 10.902 10.591 10.281  9.971  9.660  9.350  9.039  8.729  8.419  8.108  7.798  7.488  7.177  6.867  6.557  6.246  5.936  5.626  5.315  5.005  4.695  4.384  4.074  3.764  3.453  3.143  2.833  2.523  2.212  1.902  1.592  1.281  0.971  0.661  0.351 
23.641 23.330 23.019 22.708 22.397 22.087 21.776 21.465 21.154 20.843 20.533 20.222 19.911 19.600 19.290 18.979 18.668 18.358 18.047 17.736 17.425 17.115 16.804 16.494 16.183 15.872 15.562 15.251 14.940 14.630 14.319 14.009 13.698 13.388 13.077 12.767 12.456 12.146 11.835 11.525 11.214 10.904 10.593 10.283  9.972  9.662  9.351  9.041  8.731  8.420  8.110  7.799  7.489  7.178  6.868  6.558  6.247  5.937  5.627  5.316  5.006  4.695  4.385  4.075  3.764  3.454  3.144  2.833  2.523  2.213  1.902  1.592  1.282  0.971  0.661  0.351 
23.643 23.332 23.022 22.711 22.400 22.089 21.778 21.467 21.157 20.846 20.535 20.224 19.913 19.603 19.292 18.981 18.670 18.360 18.049 17.738 17.428 17.117 16.806 16.496 16.185 15.874 15.564 15.253 14.943 14.632 14.321 14.011 13.700 13.390 13.079 12.768 12.458 12.147 11.837 11.526 11.216 10.905 10.595 10.284  9.974  9.663  9.353  9.042  8.732  8.421  8.111  7.800  7.490  7.180  6.869  6.559  6.248  5.938  5.627  5.317  5.007  4.696  4.386  4.075  3.765  3.455  3.144  2.834  2.523  2.213  1.903  1.592  1.282  0.971  0.661  0.351 
23.645 23.335 23.024 22.713 22.402 22.091 21.780 21.470 21.159 20.848 20.537 20.226 19.916 19.605 19.294 18.983 18.673 18.362 18.051 17.740 17.430 17.119 16.808 16.498 16.187 15.876 15.566 15.255 14.944 14.634 14.323 14.012 13.702 13.391 13.081 12.770 12.459 12.149 11.838 11.528 11.217 10.907 10.596 10.286  9.975  9.665  9.354  9.044  8.733  8.423  8.112  7.802  7.491  7.181  6.870  6.560  6.249  5.939  5.628  5.318  5.007  4.697  4.386  4.076  3.765  3.455  3.145  2.834  2.524  2.213  1.903  1.592  1.282  0.972  0.661  0.351 
23.647 23.337 23.026 22.715 22.404 22.093 21.782 21.471 21.161 20.850 20.539 20.228 19.917 19.607 19.296 18.985 18.674 18.364 18.053 17.742 17.431 17.121 16.810 16.499 16.189 15.878 15.567 15.257 14.946 14.635 14.325 14.014 13.703 13.393 13.082 12.772 12.461 12.150 11.840 11.529 11.219 10.908 10.597 10.287  9.976  9.666  9.355  9.045  8.734  8.424  8.113  7.803  7.492  7.181  6.871  6.560  6.250  5.939  5.629  5.318  5.008  4.697  4.387  4.076  3.766  3.455  3.145  2.835  2.524  2.214  1.903  1.593  1.282  0.972  0.661  0.351 
23.649 23.338 23.027 22.717 22.406 22.095 21.784 21.473 21.162 20.852 20.541 20.230 19.919 19.608 19.298 18.987 18.676 18.365 18.055 17.744 17.433 17.122 16.812 16.501 16.190 15.880 15.569 15.258 14.947 14.637 14.326 14.015 13.705 13.394 13.084 12.773 12.462 12.152 11.841 11.530 11.220 10.909 10.599 10.288  9.977  9.667  9.356  9.046  8.735  8.425  8.114  7.803  7.493  7.182  6.872  6.561  6.251  5.940  5.630  5.319  5.009  4.698  4.387  4.077  3.766  3.456  3.145  2.835  2.524  2.214  1.903  1.593  1.282  0.972  0.661  0.351 
23.651 23.340 23.029 22.718 22.407 22.097 21.786 21.475 21.164 20.853 20.542 20.232 19.921 19.610 19.299 18.988 18.678 18.367 18.056 17.745 17.435 17.124 16.813 16.502 16.192 15.881 15.570 15.260 14.949 14.638 14.327 14.017 13.706 13.395 13.085 12.774 12.463 12.153 11.842 11.532 11.221 10.910 10.600 10.289  9.978  9.668  9.357  9.047  8.736  8.425  8.115  7.804  7.494  7.183  6.872  6.562  6.251  5.941  5.630  5.320  5.009  4.698  4.388  4.077  3.767  3.456  3.146  2.835  2.525  2.214  1.904  1.593  1.282  0.972  0.661  0.351 
23.652 23.341 23.031 22.720 22.409 22.098 21.787 21.476 21.166 20.855 20.544 20.233 19.922 19.611 19.301 18.990 18.679 18.368 18.058 17.747 17.436 17.125 16.814 16.504 16.193 15.882 15.572 15.261 14.950 14.639 14.329 14.018 13.707 13.397 13.086 12.775 12.465 12.154 11.843 11.533 11.222 10.911 10.601 10.290  9.979  9.669  9.358  9.047  8.737  8.426  8.116  7.805  7.494  7.184  6.873  6.563  6.252  5.941  5.631  5.320  5.010  4.699  4.388  4.078  3.767  3.457  3.146  2.835  2.525  2.214  1.904  1.593  1.283  0.972  0.661  0.351 
23.654 23.343 23.032 22.721 22.410 22.099 21.789 21.478 21.167 20.856 20.545 20.234 19.924 19.613 19.302 18.991 18.680 18.370 18.059 17.748 17.437 17.126 16.816 16.505 16.194 15.883 15.573 15.262 14.951 14.641 14.330 14.019 13.708 13.398 13.087 12.776 12.466 12.155 11.844 11.534 11.223 10.912 10.601 10.291  9.980  9.670  9.359  9.048  8.738  8.427  8.116  7.806  7.495  7.184  6.874  6.563  6.252  5.942  5.631  5.321  5.010  4.699  4.389  4.078  3.768  3.457  3.146  2.836  2.525  2.215  1.904  1.593  1.283  0.972  0.662  0.351 
23.655 23.344 23.033 22.722 22.411 22.101 21.790 21.479 21.168 20.857 20.546 20.236 19.925 19.614 19.303 18.992 18.681 18.371 18.060 17.749 17.438 17.127 16.816 16.505 16.195 15.884 15.572 15.261 14.950 14.639 14.327 14.016 13.704 13.392 13.079 12.766 12.453 12.139 11.825 11.509 11.193 10.876 10.557 10.238  9.916  9.593  9.268  8.940  8.610  8.277  7.941  7.601  7.258  6.910  6.558  6.200  5.838  5.470  5.096  4.717  4.331  3.940  3.542  3.138  2.729  2.314  1.895  1.471  1.043  0.611  0.177 -0.262 -0.745 -1.226 -1.705 -2.180 
23.641 23.330 23.019 22.708 22.396 22.084 21.772 21.460 21.147 20.834 20.521 20.207 19.893 19.579 19.265 18.950 18.634 18.318 18.002 17.685 17.368 17.050 16.731 16.411 16.091 15.770 15.449 15.126 14.803 14.478 14.153 13.827 13.499 13.171 12.841 12.510 12.178 11.844 11.509 11.173 10.835 10.496 10.156  9.814  9.470  9.125  8.779  8.431  8.081  7.730  7.378  7.024  6.668  6.311  5.953  5.594  5.233  4.871  4.508  4.144  3.780  3.415  3.049  2.685  2.322  1.962  1.608  1.262  0.927  0.604  0.291 -0.014 -0.176 -0.261 -0.344 -0.420 
23.550 23.239 22.927 22.615 22.302 21.989 21.675 21.361 21.045 20.730 20.414 20.097 19.780 19.462 19.143 18.824 18.504 18.184 17.863 17.542 17.220 16.897 16.573 16.249 15.925 15.600 15.274 14.948 14.621 14.294 13.966 13.638 13.309 12.980 12.651 12.321 11.992 11.662 11.332 11.003 10.674 10.345 10.017  9.690  9.364  9.039  8.715  8.393  8.074  7.756  7.441  7.129  6.821  6.516  6.215  5.918  5.626  5.339  5.057  4.781  4.511  4.248  3.991  3.741  3.499  3.263  3.035  2.815  2.603  2.399  2.202  2.014  1.834  1.661  1.497  1.340 
23.436 23.125 22.814 22.502 22.190 21.877 21.565 21.251 20.938 20.625 20.311 19.997 19.682 19.368 19.053 18.738 18.424 18.109 17.794 17.479 17.165 16.850 16.536 16.222 15.909 15.596 15.283 14.971 14.660 14.349 14.039 13.731 13.423 13.116 12.811 12.507 12.204 11.903 11.604 11.306 11.011 10.718 10.426 10.138  9.851  9.568  9.287  9.009  8.735  8.463  8.195  7.931  7.670  7.413  7.161  6.912  6.668  6.429  6.194  5.965  5.740  5.521  5.307  5.098  4.896  4.699  4.509  4.325  4.147  3.976  3.812  3.655  3.505  3.362  3.227  3.100 
23.427 23.116 22.806 22.495 22.185 21.876 21.567 21.258 20.949 20.641 20.333 20.026 19.719 19.413 19.107 18.802 18.497 18.193 17.890 17.587 17.285 16.984 16.684 16.385 16.087 15.790 15.494 15.199 14.906 14.613 14.322 14.033 13.745 13.458 13.173 12.890 12.609 12.329 12.051 11.775 11.500 11.228 10.958 10.689 10.423 10.159  9.897  9.637  9.379  9.124  8.870  8.619  8.370  8.123  7.878  7.635  7.394  7.155  6.918  6.683  6.450  6.218  5.988  5.760  5.533  5.307  5.083  4.859  4.637  4.416  4.195  3.975  3.756  3.537  3.319  3.100 
23.553 23.242 22.932 22.623 22.315 22.008 21.701 21.396 21.091 20.787 20.483 20.181 19.879 19.579 19.279 18.980 18.682 18.385 18.089 17.794 17.500 17.207 16.915 16.624 16.334 16.046 15.758 15.472 15.186 14.902 14.619 14.338 14.057 13.778 13.500 13.224 12.948 12.674 12.401 12.130 11.860 11.591 11.324 11.057 10.793 10.529 10.267 10.006  9.746  9.488  9.231  8.975  8.720  8.466  8.214  7.963  7.712  7.463  7.215  6.968  6.721  6.476  6.231  5.987  5.744  5.501  5.259  5.018  4.777  4.537  4.297  4.057  3.818  3.578  3.339  3.100 
23.752 23.442 23.133 22.824 22.517 22.210 21.905 21.600 21.296 20.994 20.692 20.392 20.092 19.793 19.495 19.199 18.903 18.608 18.315 18.022 17.730 17.440 17.150 16.862 16.574 16.288 16.002 15.718 15.434 15.152 14.870 14.590 14.311 14.033 13.755 13.479 13.204 12.930 12.657 12.384 12.113 11.843 11.574 11.306 11.038 10.772 10.507 10.242  9.978  9.716  9.454  9.192  8.932  8.673  8.414  8.156  7.898  7.642  7.386  7.130  6.875  6.621  6.367  6.114  5.861  5.609  5.357  5.105  4.854  4.603  4.352  4.101  3.851  3.601  3.350  3.100 
23.973 23.663 23.353 23.045 22.738 22.431 22.126 21.821 21.518 21.215 20.914 20.613 20.314 20.015 19.717 19.421 19.125 18.831 18.537 18.244 17.952 17.661 17.372 17.083 16.795 16.508 16.222 15.937 15.652 15.369 15.087 14.805 14.525 14.245 13.966 13.688 13.411 13.135 12.859 12.585 12.311 12.038 11.766 11.494 11.224 10.954 10.685 10.416 10.148  9.881  9.615  9.349  9.084  8.819  8.555  8.292  8.029  7.766  7.504  7.243  6.982  6.721  6.461  6.201  5.941  5.682  5.423  5.164  4.906  4.647  4.389  4.131  3.873  3.615  3.358  3.100 
24.190 23.879 23.570 23.261 22.954 22.647 22.341 22.037 21.733 21.430 21.128 20.827 20.527 20.228 19.929 19.632 19.335 19.040 18.745 18.452 18.159 17.867 17.576 17.285 16.996 16.707 16.420 16.133 15.847 15.562 15.277 14.994 14.711 14.429 14.148 13.868 13.588 13.309 13.031 12.753 12.477 12.200 11.925 11.650 11.376 11.103 10.830 10.557 10.286 10.015  9.744  9.474  9.204  8.935  8.667  8.399  8.131  7.864  7.597  7.330  7.064  6.798  6.533  6.268  6.003  5.738  5.474  5.209  4.945  4.681  4.418  4.154  3.890  3.627  3.363  3.100 
24.393 24.083 23.773 23.464 23.156 22.850 22.543 22.238 21.934 21.630 21.328 21.026 20.725 20.425 20.126 19.827 19.530 19.233 18.937 18.642 18.348 18.054 17.762 17.470 17.179 16.889 16.599 16.310 16.022 15.735 15.448 15.163 14.877 14.593 14.309 14.026 13.744 13.462 13.181 12.901 12.621 12.342 12.063 11.785 11.508 11.231 10.955 10.679 10.404 10.129  9.854  9.580  9.307  9.034  8.761  8.489  8.217  7.946  7.675  7.404  7.133  6.863  6.593  6.324  6.054  5.785  5.516  5.247  4.978  4.710  4.441  4.173  3.905  3.636  3.368  3.100 
24.580 24.270 23.960 23.651 23.343 23.036 22.729 22.424 22.119 21.815 21.511 21.209 20.907 20.606 20.306 20.006 19.707 19.410 19.112 18.816 18.520 18.225 17.931 17.638 17.345 17.053 16.761 16.471 16.181 15.891 15.602 15.314 15.027 14.740 14.454 14.169 13.884 13.599 13.316 13.032 12.750 12.468 12.186 11.905 11.625 11.345 11.065 10.786 10.507 10.229  9.952  9.674  9.397  9.121  8.844  8.569  8.293  8.018  7.743  7.468  7.194  6.920  6.646  6.372  6.099  5.826  5.553  5.280  5.007  4.734  4.462  4.189  3.917  3.645  3.372  3.100 
24.751 24.440 24.131 23.822 23.513 23.206 22.899 22.593 22.287 21.982 21.678 21.375 21.073 20.771 20.469 20.169 19.869 19.570 19.272 18.974 18.677 18.380 18.085 17.790 17.495 17.201 16.908 16.616 16.324 16.032 15.742 15.452 15.162 14.873 14.585 14.297 14.010 13.723 13.437 13.151 12.866 12.581 12.297 12.013 11.730 11.447 11.164 10.882 10.601 10.319 10.038  9.758  9.478  9.198  8.919  8.639  8.361  8.082  7.804  7.526  7.248  6.970  6.693  6.416  6.139  5.862  5.585  5.309  5.033  4.756  4.480  4.204  3.928  3.652  3.376  3.100 
24.906 24.596 24.286 23.977 23.668 23.360 23.053 22.746 22.440 22.135 21.830 21.526 21.223 20.920 20.618 20.317 20.016 19.716 19.416 19.117 18.819 18.521 18.224 17.928 17.632 17.336 17.041 16.747 16.454 16.160 15.868 15.576 15.284 14.993 14.703 14.413 14.123 13.834 13.546 13.258 12.970 12.683 12.396 12.110 11.824 11.539 11.253 10.969 10.684 10.400 10.117  9.833  9.550  9.268  8.985  8.703  8.421  8.140  7.858  7.577  7.296  7.016  6.735  6.455  6.175  5.895  5.615  5.335  5.055  4.776  4.496  4.217  3.938  3.658  3.379  3.100 
25.047 24.737 24.427 24.117 23.809 23.500 23.193 22.886 22.579 22.274 21.968 21.664 21.360 21.056 20.753 20.451 20.149 19.848 19.547 19.247 18.948 18.649 18.351 18.053 17.755 17.459 17.162 16.866 16.571 16.276 15.982 15.688 15.395 15.102 14.810 14.518 14.226 13.935 13.645 13.355 13.065 12.775 12.486 12.198 11.910 11.622 11.334 11.047 10.760 10.474 10.187  9.902  9.616  9.331  9.046  8.761  8.476  8.192  7.908  7.624  7.340  7.057  6.773  6.490  6.207  5.924  5.641  5.359  5.076  4.794  4.511  4.229  3.947  3.664  3.382  3.100 
25.175 24.865 24.555 24.245 23.936 23.628 23.320 23.012 22.706 22.399 22.093 21.788 21.484 21.179 20.876 20.573 20.270 19.968 19.666 19.365 19.065 18.765 18.465 18.166 17.868 17.569 17.272 16.975 16.678 16.382 16.086 15.790 15.495 15.201 14.907 14.613 14.320 14.027 13.734 13.442 13.150 12.859 12.568 12.277 11.987 11.697 11.407 11.118 10.829 10.540 10.252  9.963  9.675  9.388  9.100  8.813  8.526  8.239  7.952  7.666  7.380  7.094  6.808  6.522  6.236  5.951  5.665  5.380  5.095  4.810  4.525  4.240  3.955  3.670  3.385  3.100 
25.291 24.981 24.670 24.361 24.052 23.743 23.435 23.127 22.820 22.513 22.207 21.901 21.596 21.291 20.987 20.683 20.380 20.077 19.774 19.472 19.171 18.870 18.569 18.269 17.969 17.670 17.371 17.072 16.774 16.477 16.180 15.883 15.586 15.290 14.995 14.699 14.404 14.110 13.816 13.522 13.228 12.935 12.642 12.349 12.057 11.765 11.474 11.182 10.891 10.600 10.310 10.019  9.729  9.439  9.150  8.860  8.571  8.282  7.993  7.704  7.416  7.127  6.839  6.551  6.263  5.975  5.687  5.399  5.112  4.824  4.537  4.249  3.962  3.675  3.387  3.100 
25.396 25.086 24.775 24.466 24.156 23.848 23.539 23.231 22.924 22.616 22.310 22.004 21.698 21.392 21.088 20.783 20.479 20.175 19.872 19.569 19.267 18.965 18.663 18.362 18.061 17.761 17.461 17.161 16.862 16.563 16.265 15.967 15.669 15.371 15.074 14.777 14.481 14.185 13.889 13.594 13.298 13.004 12.709 12.415 12.121 11.827 11.534 11.240 10.947 10.655 10.362 10.070  9.778  9.486  9.194  8.903  8.612  8.320  8.030  7.739  7.448  7.158  6.867  6.577  6.287  5.997  5.707  5.417  5.127  4.837  4.548  4.258  3.969  3.679  3.390  3.100 
25.492 25.181 24.871 24.561 24.251 23.942 23.634 23.325 23.018 22.710 22.403 22.096 21.790 21.484 21.179 20.874 20.569 20.265 19.961 19.657 19.354 19.051 18.749 18.447 18.145 17.843 17.542 17.242 16.941 16.641 16.342 16.042 15.743 15.445 15.146 14.848 14.550 14.253 13.956 13.659 13.362 13.066 12.770 12.474 12.178 11.883 11.588 11.293 10.998 10.704 10.410 10.116  9.822  9.528  9.235  8.942  8.649  8.356  8.063  7.770  7.478  7.185  6.893  6.601  6.309  6.017  5.725  5.433  5.141  4.849  4.558  4.266  3.975  3.683  3.392  3.100 
25.578 25.267 24.957 24.647 24.338 24.028 23.719 23.411 23.103 22.795 22.488 22.181 21.874 21.568 21.262 20.956 20.651 20.346 20.041 19.737 19.433 19.129 18.826 18.523 18.221 17.918 17.616 17.315 17.013 16.712 16.412 16.111 15.811 15.511 15.212 14.912 14.613 14.315 14.016 13.718 13.420 13.122 12.825 12.528 12.231 11.934 11.637 11.341 11.045 10.749 10.453 10.157  9.862  9.567  9.272  8.977  8.682  8.387  8.093  7.799  7.504  7.210  6.916  6.622  6.328  6.035  5.741  5.447  5.154  4.860  4.567  4.273  3.980  3.687  3.393  3.100 
25.656 25.346 25.035 24.725 24.416 24.106 23.797 23.488 23.180 22.872 22.564 22.257 21.950 21.643 21.337 21.030 20.725 20.419 20.114 19.809 19.504 19.200 18.896 18.593 18.289 17.986 17.683 17.381 17.079 16.777 16.475 16.174 15.873 15.572 15.271 14.971 14.671 14.371 14.071 13.772 13.473 13.174 12.875 12.576 12.278 11.980 11.682 11.384 11.087 10.789 10.492 10.195  9.898  9.602  9.305  9.009  8.712  8.416  8.120  7.824  7.528  7.233  6.937  6.642  6.346  6.051  5.756  5.460  5.165  4.870  4.575  4.280  3.985  3.690  3.395  3.100 
25.727 25.417 25.106 24.796 24.486 24.177 23.868 23.559 23.250 22.942 22.634 22.326 22.019 21.711 21.405 21.098 20.792 20.486 20.180 19.875 19.569 19.264 18.960 18.656 18.351 18.048 17.744 17.441 17.138 16.835 16.533 16.230 15.928 15.626 15.325 15.023 14.722 14.421 14.121 13.820 13.520 13.220 12.920 12.620 12.321 12.022 11.723 11.424 11.125 10.826 10.528 10.229  9.931  9.633  9.335  9.038  8.740  8.442  8.145  7.848  7.550  7.253  6.956  6.659  6.362  6.066  5.769  5.472  5.176  4.879  4.582  4.286  3.989  3.693  3.396  3.100 
25.792 25.481 25.171 24.860 24.550 24.241 23.931 23.622 23.314 23.005 22.697 22.389 22.081 21.773 21.466 21.159 20.852 20.546 20.240 19.934 19.628 19.323 19.018 18.713 18.408 18.103 17.799 17.495 17.191 16.888 16.585 16.282 15.979 15.676 15.374 15.071 14.769 14.467 14.166 13.864 13.563 13.262 12.961 12.660 12.360 12.060 11.759 11.459 11.159 10.860 10.560 10.260  9.961  9.662  9.363  9.064  8.765  8.466  8.167  7.869  7.570  7.272  6.974  6.675  6.377  6.079  5.781  5.483  5.185  4.887  4.589  4.291  3.993  3.696  3.398  3.100 
25.850 25.539 25.229 24.919 24.609 24.299 23.989 23.680 23.371 23.062 22.754 22.445 22.137 21.830 21.522 21.215 20.908 20.601 20.294 19.988 19.681 19.376 19.070 18.764 18.459 18.154 17.849 17.544 17.240 16.936 16.632 16.328 16.024 15.721 15.418 15.115 14.812 14.509 14.207 13.904 13.602 13.300 12.998 12.697 12.395 12.094 11.793 11.492 11.191 10.890 10.589 10.289  9.988  9.688  9.388  9.087  8.787  8.488  8.188  7.888  7.588  7.289  6.989  6.690  6.390  6.091  5.792  5.493  5.194  4.894  4.595  4.296  3.997  3.698  3.399  3.100 
25.903 25.592 25.282 24.971 24.661 24.351 24.042 23.732 23.423 23.114 22.805 22.497 22.189 21.881 21.573 21.265 20.958 20.650 20.343 20.036 19.730 19.423 19.117 18.811 18.505 18.200 17.894 17.589 17.284 16.979 16.675 16.370 16.066 15.762 15.458 15.154 14.850 14.547 14.244 13.941 13.638 13.335 13.032 12.730 12.427 12.125 11.823 11.521 11.219 10.917 10.616 10.314 10.013  9.711  9.410  9.109  8.808  8.507  8.206  7.905  7.605  7.304  7.004  6.703  6.403  6.102  5.802  5.501  5.201  4.901  4.601  4.301  4.000  3.700  3.400  3.100 
