20.016 19.705 19.394 19.083 18.772 18.462 18.151 17.840 17.529 17.218 16.907 16.596 16.285 15.974 15.663 15.352 15.041 14.730 14.419 14.108 13.797 13.486 13.175 12.864 12.553 12.242 11.930 11.619 11.308 10.997 10.685 10.374 10.062  9.751  9.439  9.127  8.815  8.503  8.191  7.878  7.565  7.252  6.939  6.625  6.311  5.996  5.681  5.364  5.047  4.730  4.411  4.091  3.770  3.447  3.123  2.798  2.471  2.142  1.812  1.481  1.148  0.814  0.479  0.143 -0.156 -0.466 -0.777 -1.087 -1.398 -1.709 -2.020 -2.332 -2.644 -2.957 -3.270 -3.584 
20.010 19.699 19.388 19.077 18.766 18.455 18.144 17.832 17.521 17.209 16.898 16.586 16.274 15.962 15.650 15.338 15.026 14.714 14.401 14.089 13.776 13.463 13.150 12.837 12.523 12.209 11.896 11.581 11.267 10.953 10.638 10.323 10.007  9.692  9.376  9.060  8.743  8.427  8.110  7.792  7.475  7.157  6.838  6.520  6.201  5.882  5.562  5.242  4.922  4.602  4.281  3.960  3.639  3.318  2.996  2.674  2.353  2.031  1.709  1.387  1.065  0.743  0.422  0.100 -0.131 -0.331 -0.530 -0.728 -0.926 -1.122 -1.316 -1.510 -1.702 -1.892 -2.080 -2.266 
19.986 19.675 19.364 19.052 18.741 18.430 18.118 17.806 17.494 17.182 16.870 16.558 16.246 15.933 15.621 15.308 14.995 14.682 14.369 14.056 13.743 13.430 13.116 12.803 12.489 12.176 11.862 11.549 11.235 10.921 10.608 10.294  9.981  9.667  9.354  9.041  8.728  8.415  8.102  7.789  7.476  7.164  6.852  6.540  6.228  5.917  5.606  5.295  4.985  4.675  4.365  4.055  3.746  3.438  3.129  2.822  2.514  2.207  1.900  1.594  1.288  0.983  0.678  0.374  0.070 -0.134 -0.296 -0.457 -0.618 -0.778 -0.937 -1.095 -1.253 -1.410 -1.566 -1.721 
19.964 19.653 19.342 19.031 18.720 18.409 18.098 17.786 17.475 17.164 16.853 16.541 16.230 15.918 15.607 15.296 14.984 14.673 14.362 14.050 13.739 13.428 13.117 12.806 12.495 12.184 11.874 11.563 11.253 10.943 10.633 10.323 10.014  9.705  9.396  9.088  8.779  8.472  8.164  7.857  7.551  7.245  6.939  6.634  6.329  6.025  5.722  5.419  5.117  4.815  4.514  4.213  3.913  3.614  3.315  3.017  2.720  2.423  2.127  1.831  1.536  1.242  0.948  0.655  0.362  0.070 -0.121 -0.269 -0.412 -0.555 -0.698 -0.840 -0.981 -1.122 -1.262 -1.402 
19.967 19.656 19.345 19.035 18.724 18.413 18.103 17.793 17.482 17.172 16.862 16.552 16.243 15.933 15.624 15.314 15.005 14.696 14.387 14.079 13.770 13.462 13.154 12.846 12.539 12.231 11.924 11.618 11.312 11.006 10.700 10.395 10.090  9.786  9.482  9.179  8.876  8.573  8.271  7.970  7.669  7.369  7.069  6.770  6.472  6.174  5.877  5.581  5.285  4.990  4.696  4.402  4.109  3.817  3.526  3.235  2.945  2.655  2.366  2.078  1.791  1.504  1.218  0.932  0.647  0.363  0.079 -0.105 -0.243 -0.376 -0.509 -0.641 -0.772 -0.903 -1.034 -1.164 
20.002 19.691 19.380 19.070 18.760 18.450 18.140 17.831 17.522 17.213 16.904 16.596 16.288 15.980 15.673 15.365 15.058 14.752 14.445 14.139 13.834 13.528 13.223 12.919 12.615 12.311 12.007 11.705 11.402 11.100 10.799 10.498 10.197  9.897  9.598  9.299  9.001  8.703  8.406  8.110  7.814  7.519  7.224  6.930  6.637  6.345  6.053  5.762  5.472  5.182  4.894  4.606  4.318  4.032  3.746  3.460  3.176  2.892  2.609  2.327  2.045  1.764  1.484  1.206  0.931  0.663  0.406  0.162 -0.067 -0.217 -0.344 -0.469 -0.594 -0.719 -0.843 -0.966 
20.067 19.757 19.446 19.136 18.827 18.518 18.209 17.900 17.592 17.284 16.977 16.670 16.363 16.057 15.751 15.446 15.141 14.836 14.532 14.229 13.925 13.623 13.320 13.019 12.717 12.417 12.117 11.817 11.518 11.219 10.921 10.624 10.327 10.031  9.735  9.440  9.146  8.853  8.560  8.267  7.976  7.685  7.395  7.105  6.817  6.529  6.242  5.956  5.670  5.386  5.102  4.820  4.538  4.258  3.979  3.701  3.425  3.150  2.877  2.606  2.337  2.070  1.804  1.541  1.279  1.020  0.761  0.505  0.249 -0.006 -0.168 -0.290 -0.413 -0.534 -0.655 -0.776 
20.161 19.850 19.540 19.230 18.921 18.613 18.304 17.996 17.689 17.382 17.076 16.770 16.465 16.160 15.856 15.552 15.249 14.946 14.644 14.342 14.041 13.741 13.441 13.142 12.843 12.545 12.247 11.950 11.654 11.358 11.063 10.769 10.475 10.182  9.890  9.599  9.308  9.018  8.728  8.440  8.152  7.865  7.579  7.294  7.009  6.726  6.443  6.162  5.881  5.602  5.323  5.046  4.770  4.495  4.221  3.949  3.677  3.407  3.139  2.872  2.606  2.341  2.078  1.816  1.555  1.295  1.036  0.779  0.522  0.266  0.010 -0.150 -0.268 -0.385 -0.501 -0.617 
20.278 19.968 19.658 19.348 19.039 18.731 18.423 18.116 17.810 17.504 17.198 16.893 16.589 16.286 15.983 15.680 15.378 15.077 14.777 14.477 14.178 13.879 13.581 13.284 12.987 12.691 12.396 12.101 11.808 11.514 11.222 10.930 10.639 10.349 10.060  9.771  9.484  9.197  8.910  8.625  8.341  8.057  7.774  7.493  7.212  6.932  6.653  6.375  6.099  5.823  5.548  5.275  5.002  4.731  4.460  4.191  3.923  3.656  3.391  3.126  2.863  2.600  2.339  2.079  1.820  1.561  1.304  1.047  0.792  0.537  0.282  0.029 -0.132 -0.249 -0.361 -0.474 
20.416 20.105 19.795 19.486 19.177 18.869 18.562 18.256 17.950 17.644 17.340 17.036 16.732 16.430 16.128 15.827 15.526 15.226 14.927 14.629 14.331 14.034 13.738 13.442 13.148 12.854 12.560 12.268 11.976 11.685 11.395 11.105 10.817 10.529 10.242  9.956  9.671  9.387  9.103  8.821  8.539  8.258  7.979  7.700  7.422  7.145  6.869  6.594  6.320  6.048  5.776  5.505  5.235  4.967  4.699  4.432  4.167  3.902  3.639  3.376  3.115  2.854  2.595  2.336  2.078  1.822  1.566  1.310  1.056  0.802  0.549  0.297  0.045 -0.115 -0.229 -0.339 
20.570 20.260 19.950 19.641 19.332 19.025 18.718 18.412 18.106 17.802 17.498 17.195 16.892 16.590 16.289 15.989 15.690 15.391 15.093 14.796 14.499 14.204 13.909 13.615 13.322 13.029 12.738 12.447 12.157 11.868 11.579 11.292 11.005 10.720 10.435 10.151  9.868  9.586  9.304  9.024  8.745  8.466  8.189  7.912  7.637  7.362  7.088  6.816  6.544  6.273  6.004  5.735  5.468  5.201  4.935  4.671  4.407  4.144  3.883  3.622  3.362  3.103  2.845  2.588  2.332  2.076  1.821  1.568  1.314  1.062  0.810  0.559  0.309  0.059 -0.098 -0.209 
20.739 20.429 20.119 19.810 19.502 19.195 18.888 18.582 18.277 17.973 17.670 17.367 17.065 16.764 16.464 16.165 15.866 15.568 15.271 14.975 14.680 14.385 14.092 13.799 13.507 13.216 12.925 12.636 12.347 12.060 11.773 11.487 11.202 10.918 10.635 10.352 10.071  9.791  9.511  9.233  8.955  8.678  8.403  8.128  7.854  7.581  7.310  7.039  6.769  6.500  6.232  5.965  5.699  5.434  5.170  4.907  4.645  4.384  4.124  3.865  3.607  3.349  3.093  2.837  2.582  2.328  2.075  1.822  1.571  1.320  1.069  0.820  0.571  0.323  0.075 -0.078 
20.920 20.610 20.300 19.991 19.683 19.376 19.070 18.764 18.460 18.156 17.853 17.551 17.250 16.950 16.650 16.352 16.054 15.757 15.461 15.166 14.872 14.578 14.286 13.995 13.704 13.415 13.126 12.838 12.552 12.266 11.981 11.697 11.415 11.133 10.852 10.573 10.294 10.017  9.740  9.465  9.191  8.918  8.646  8.375  8.105  7.837  7.570  7.303  7.038  6.775  6.512  6.250  5.990  5.731  5.473  5.216  4.960  4.705  4.452  4.199  3.947  3.696  3.447  3.198  2.950  2.702  2.456  2.210  1.965  1.720  1.476  1.232  0.989  0.745  0.503  0.260 
21.115 20.805 20.495 20.187 19.879 19.572 19.266 18.961 18.657 18.354 18.052 17.751 17.450 17.151 16.852 16.554 16.258 15.962 15.667 15.373 15.080 14.788 14.497 14.207 13.917 13.629 13.342 13.055 12.770 12.485 12.202 11.919 11.638 11.357 11.077 10.798 10.520 10.243  9.967  9.692  9.418  9.144  8.872  8.600  8.330  8.060  7.791  7.523  7.256  6.989  6.724  6.459  6.195  5.931  5.669  5.407  5.145  4.885  4.625  4.366  4.107  3.849  3.591  3.334  3.077  2.821  2.565  2.309  2.054  1.799  1.544  1.290  1.036  0.782  0.528  0.274 
21.320 21.010 20.700 20.392 20.084 19.777 19.472 19.167 18.863 18.559 18.257 17.956 17.656 17.356 17.058 16.760 16.463 16.167 15.872 15.578 15.285 14.993 14.701 14.411 14.121 13.832 13.545 13.258 12.971 12.686 12.402 12.118 11.835 11.553 11.272 10.992 10.712 10.433 10.155  9.878  9.602  9.326  9.051  8.777  8.504  8.231  7.959  7.687  7.416  7.146  6.877  6.608  6.340  6.072  5.805  5.538  5.272  5.006  4.741  4.476  4.212  3.948  3.684  3.421  3.158  2.896  2.634  2.372  2.110  1.848  1.587  1.326  1.065  0.804  0.543  0.282 
21.521 21.211 20.901 20.593 20.285 19.978 19.672 19.366 19.062 18.759 18.456 18.154 17.853 17.553 17.254 16.956 16.658 16.362 16.066 15.771 15.477 15.184 14.891 14.599 14.308 14.018 13.729 13.441 13.153 12.866 12.580 12.294 12.010 11.726 11.442 11.160 10.878 10.597 10.317 10.037  9.758  9.479  9.202  8.924  8.648  8.372  8.096  7.822  7.547  7.274  7.000  6.728  6.456  6.184  5.913  5.642  5.371  5.101  4.832  4.562  4.294  4.025  3.757  3.489  3.221  2.954  2.687  2.420  2.153  1.886  1.620  1.353  1.087  0.821  0.555  0.289 
21.710 21.400 21.090 20.781 20.473 20.166 19.860 19.554 19.249 18.945 18.642 18.340 18.038 17.737 17.437 17.138 16.840 16.542 16.245 15.949 15.653 15.359 15.065 14.772 14.479 14.188 13.897 13.607 13.317 13.028 12.740 12.453 12.166 11.880 11.594 11.309 11.025 10.742 10.459 10.176  9.895  9.613  9.333  9.053  8.773  8.494  8.216  7.938  7.660  7.383  7.106  6.830  6.555  6.279  6.004  5.730  5.456  5.182  4.908  4.635  4.362  4.090  3.818  3.546  3.274  3.002  2.731  2.460  2.189  1.918  1.647  1.376  1.106  0.835  0.565  0.294 
21.885 21.574 21.265 20.956 20.647 20.340 20.033 19.727 19.422 19.117 18.813 18.510 18.208 17.906 17.605 17.305 17.006 16.707 16.409 16.112 15.815 15.519 15.224 14.929 14.635 14.342 14.049 13.757 13.466 13.175 12.885 12.596 12.307 12.019 11.731 11.444 11.157 10.871 10.586 10.301 10.017  9.733  9.450  9.167  8.885  8.603  8.321  8.040  7.760  7.480  7.200  6.921  6.642  6.363  6.085  5.807  5.530  5.253  4.976  4.699  4.423  4.147  3.871  3.595  3.320  3.044  2.769  2.494  2.220  1.945  1.671  1.396  1.122  0.848  0.573  0.299 
22.045 21.734 21.425 21.115 20.807 20.499 20.192 19.886 19.580 19.275 18.970 18.666 18.363 18.061 17.759 17.458 17.158 16.858 16.559 16.260 15.962 15.665 15.368 15.072 14.777 14.482 14.188 13.894 13.601 13.309 13.017 12.725 12.435 12.144 11.855 11.565 11.277 10.989 10.701 10.414 10.127  9.841  9.555  9.270  8.985  8.700  8.416  8.133  7.849  7.566  7.284  7.002  6.720  6.439  6.157  5.877  5.596  5.316  5.036  4.756  4.476  4.197  3.918  3.639  3.361  3.082  2.804  2.525  2.247  1.969  1.692  1.414  1.136  0.858  0.581  0.303 
22.191 21.880 21.571 21.261 20.953 20.644 20.337 20.030 19.724 19.418 19.113 18.809 18.505 18.202 17.899 17.597 17.296 16.995 16.695 16.395 16.096 15.798 15.500 15.203 14.906 14.609 14.314 14.019 13.724 13.430 13.136 12.843 12.551 12.258 11.967 11.676 11.385 11.095 10.805 10.516 10.227  9.938  9.650  9.363  9.075  8.789  8.502  8.216  7.930  7.645  7.360  7.075  6.791  6.506  6.223  5.939  5.656  5.373  5.090  4.807  4.525  4.243  3.961  3.679  3.397  3.116  2.835  2.553  2.272  1.991  1.711  1.430  1.149  0.868  0.588  0.307 
22.324 22.013 21.703 21.394 21.085 20.777 20.469 20.162 19.855 19.549 19.244 18.939 18.634 18.330 18.027 17.724 17.422 17.120 16.819 16.518 16.218 15.919 15.620 15.321 15.023 14.725 14.428 14.132 13.836 13.540 13.245 12.950 12.656 12.362 12.069 11.776 11.483 11.191 10.900 10.608 10.317 10.027  9.737  9.447  9.158  8.869  8.580  8.292  8.004  7.716  7.429  7.141  6.855  6.568  6.282  5.996  5.710  5.424  5.139  4.854  4.569  4.284  3.999  3.715  3.431  3.147  2.863  2.579  2.295  2.011  1.728  1.444  1.161  0.877  0.594  0.311 
22.445 22.135 21.824 21.515 21.206 20.897 20.589 20.282 19.975 19.668 19.362 19.057 18.752 18.447 18.143 17.839 17.536 17.234 16.932 16.630 16.329 16.029 15.728 15.429 15.130 14.831 14.532 14.235 13.937 13.640 13.344 13.047 12.752 12.456 12.161 11.867 11.573 11.279 10.986 10.692 10.400 10.107  9.815  9.524  9.233  8.942  8.651  8.360  8.070  7.781  7.491  7.202  6.913  6.624  6.335  6.047  5.759  5.471  5.183  4.896  4.609  4.322  4.035  3.748  3.461  3.174  2.888  2.602  2.315  2.029  1.743  1.457  1.171  0.885  0.599  0.314 
22.555 22.245 21.934 21.625 21.315 21.007 20.698 20.391 20.083 19.776 19.470 19.164 18.858 18.553 18.249 17.944 17.641 17.337 17.035 16.732 16.430 16.129 15.827 15.527 15.227 14.927 14.627 14.328 14.029 13.731 13.433 13.136 12.839 12.542 12.246 11.950 11.654 11.359 11.064 10.769 10.475 10.181  9.887  9.594  9.300  9.008  8.715  8.423  8.131  7.839  7.548  7.256  6.965  6.675  6.384  6.094  5.804  5.514  5.224  4.934  4.645  4.356  4.066  3.777  3.489  3.200  2.911  2.623  2.334  2.046  1.757  1.469  1.181  0.893  0.605  0.316 
22.655 22.345 22.035 21.725 21.415 21.106 20.798 20.490 20.182 19.875 19.568 19.261 18.955 18.650 18.345 18.040 17.735 17.431 17.128 16.825 16.522 16.220 15.918 15.616 15.315 15.014 14.713 14.413 14.113 13.814 13.515 13.216 12.918 12.620 12.322 12.025 11.728 11.431 11.135 10.839 10.543 10.247  9.952  9.657  9.362  9.068  8.774  8.480  8.186  7.893  7.599  7.306  7.013  6.721  6.428  6.136  5.844  5.552  5.261  4.969  4.678  4.386  4.095  3.804  3.514  3.223  2.932  2.641  2.351  2.061  1.770  1.480  1.190  0.899  0.609  0.319 
22.747 22.436 22.126 21.816 21.506 21.197 20.888 20.580 20.272 19.964 19.657 19.350 19.044 18.738 18.432 18.127 17.822 17.517 17.213 16.909 16.605 16.302 15.999 15.697 15.395 15.093 14.792 14.491 14.190 13.889 13.589 13.289 12.990 12.691 12.392 12.093 11.795 11.497 11.199 10.902 10.605 10.308 10.011  9.715  9.418  9.122  8.827  8.531  8.236  7.941  7.646  7.352  7.057  6.763  6.469  6.175  5.881  5.588  5.294  5.001  4.708  4.415  4.122  3.829  3.536  3.244  2.951  2.659  2.366  2.074  1.782  1.490  1.198  0.905  0.613  0.321 
22.829 22.519 22.208 21.898 21.589 21.279 20.970 20.662 20.354 20.046 19.738 19.431 19.124 18.818 18.511 18.206 17.900 17.595 17.290 16.986 16.681 16.377 16.074 15.771 15.468 15.165 14.863 14.561 14.259 13.958 13.657 13.356 13.055 12.755 12.455 12.155 11.856 11.557 11.258 10.959 10.661 10.363 10.065  9.767  9.469  9.172  8.875  8.578  8.282  7.985  7.689  7.393  7.097  6.801  6.505  6.210  5.915  5.620  5.325  5.030  4.735  4.440  4.146  3.851  3.557  3.263  2.968  2.674  2.380  2.086  1.792  1.499  1.205  0.911  0.617  0.323 
22.905 22.594 22.284 21.973 21.664 21.354 21.045 20.736 20.428 20.120 19.812 19.504 19.197 18.890 18.584 18.277 17.971 17.666 17.360 17.055 16.750 16.446 16.142 15.838 15.534 15.231 14.928 14.625 14.322 14.020 13.718 13.416 13.115 12.814 12.513 12.212 11.912 11.611 11.311 11.012 10.712 10.413 10.114  9.815  9.516  9.217  8.919  8.621  8.323  8.025  7.728  7.430  7.133  6.836  6.539  6.242  5.945  5.649  5.352  5.056  4.760  4.463  4.167  3.872  3.576  3.280  2.984  2.689  2.393  2.098  1.802  1.507  1.211  0.916  0.621  0.325 
22.973 22.662 22.352 22.042 21.732 21.422 21.113 20.804 20.495 20.187 19.879 19.571 19.264 18.956 18.649 18.343 18.036 17.730 17.424 17.118 16.813 16.508 16.203 15.899 15.594 15.290 14.987 14.683 14.380 14.077 13.774 13.471 13.169 12.867 12.565 12.264 11.962 11.661 11.360 11.059 10.759 10.458 10.158  9.858  9.558  9.258  8.959  8.660  8.361  8.062  7.763  7.464  7.166  6.867  6.569  6.271  5.973  5.675  5.377  5.080  4.782  4.485  4.187  3.890  3.593  3.296  2.999  2.702  2.405  2.108  1.811  1.514  1.217  0.921  0.624  0.327 
23.035 22.725 22.414 22.104 21.794 21.484 21.175 20.866 20.557 20.248 19.940 19.632 19.324 19.016 18.709 18.402 18.095 17.788 17.482 17.176 16.870 16.565 16.259 15.954 15.649 15.345 15.040 14.736 14.432 14.128 13.825 13.521 13.218 12.915 12.613 12.310 12.008 11.706 11.404 11.102 10.801 10.500 10.198  9.897  9.597  9.296  8.995  8.695  8.395  8.095  7.795  7.495  7.195  6.896  6.597  6.297  5.998  5.699  5.400  5.101  4.803  4.504  4.205  3.907  3.608  3.310  3.012  2.713  2.415  2.117  1.819  1.521  1.223  0.925  0.627  0.329 
23.092 22.781 22.471 22.161 21.851 21.541 21.231 20.922 20.613 20.304 19.995 19.687 19.379 19.071 18.763 18.456 18.149 17.842 17.535 17.228 16.922 16.616 16.310 16.005 15.699 15.394 15.089 14.784 14.480 14.175 13.871 13.567 13.263 12.960 12.656 12.353 12.050 11.747 11.444 11.142 10.839 10.537 10.235  9.933  9.631  9.330  9.028  8.727  8.426  8.125  7.824  7.523  7.223  6.922  6.622  6.321  6.021  5.721  5.421  5.121  4.821  4.521  4.222  3.922  3.622  3.323  3.024  2.724  2.425  2.125  1.826  1.527  1.228  0.928  0.629  0.330 
23.144 22.833 22.522 22.212 21.902 21.592 21.282 20.973 20.664 20.355 20.046 19.737 19.429 19.121 18.813 18.505 18.197 17.890 17.583 17.276 16.969 16.663 16.357 16.050 15.744 15.439 15.133 14.828 14.523 14.218 13.913 13.608 13.304 13.000 12.695 12.392 12.088 11.784 11.481 11.177 10.874 10.571 10.268  9.966  9.663  9.361  9.058  8.756  8.454  8.152  7.851  7.549  7.247  6.946  6.644  6.343  6.042  5.741  5.440  5.139  4.838  4.537  4.237  3.936  3.635  3.335  3.034  2.734  2.433  2.133  1.833  1.532  1.232  0.932  0.632  0.331 
23.191 22.880 22.569 22.259 21.949 21.639 21.329 21.019 20.710 20.401 20.092 19.783 19.474 19.166 18.858 18.550 18.242 17.934 17.627 17.319 17.012 16.705 16.399 16.092 15.786 15.480 15.173 14.868 14.562 14.256 13.951 13.646 13.341 13.036 12.731 12.427 12.122 11.818 11.514 11.210 10.906 10.602 10.299  9.995  9.692  9.389  9.086  8.783  8.480  8.177  7.875  7.572  7.270  6.967  6.665  6.363  6.061  5.759  5.457  5.155  4.853  4.552  4.250  3.949  3.647  3.346  3.044  2.743  2.441  2.140  1.839  1.538  1.236  0.935  0.634  0.333 
23.233 22.922 22.612 22.301 21.991 21.681 21.371 21.061 20.752 20.443 20.133 19.824 19.516 19.207 18.898 18.590 18.282 17.974 17.666 17.359 17.051 16.744 16.437 16.130 15.823 15.517 15.210 14.904 14.598 14.292 13.986 13.680 13.375 13.069 12.764 12.459 12.154 11.849 11.544 11.240 10.935 10.631 10.326 10.022  9.718  9.414  9.111  8.807  8.503  8.200  7.897  7.593  7.290  6.987  6.684  6.381  6.078  5.775  5.473  5.170  4.867  4.565  4.262  3.960  3.658  3.355  3.053  2.751  2.449  2.146  1.844  1.542  1.240  0.938  0.636  0.334 
23.272 22.961 22.650 22.340 22.030 21.720 21.410 21.100 20.790 20.481 20.171 19.862 19.553 19.244 18.936 18.627 18.319 18.011 17.702 17.395 17.087 16.779 16.472 16.164 15.857 15.550 15.243 14.937 14.630 14.324 14.017 13.711 13.405 13.099 12.793 12.488 12.182 11.877 11.572 11.266 10.961 10.656 10.352 10.047  9.742  9.438  9.133  8.829  8.525  8.221  7.917  7.613  7.309  7.005  6.701  6.397  6.094  5.790  5.487  5.184  4.880  4.577  4.274  3.970  3.667  3.364  3.061  2.758  2.455  2.152  1.849  1.546  1.243  0.940  0.638  0.335 
23.307 22.996 22.686 22.375 22.065 21.755 21.445 21.135 20.825 20.515 20.206 19.896 19.587 19.278 18.969 18.661 18.352 18.044 17.735 17.427 17.119 16.811 16.503 16.196 15.888 15.581 15.274 14.967 14.660 14.353 14.046 13.740 13.433 13.127 12.820 12.514 12.208 11.902 11.597 11.291 10.985 10.680 10.374 10.069  9.764  9.459  9.154  8.849  8.544  8.239  7.935  7.630  7.326  7.021  6.717  6.412  6.108  5.804  5.500  5.196  4.892  4.588  4.284  3.980  3.676  3.372  3.069  2.765  2.461  2.157  1.854  1.550  1.246  0.943  0.639  0.336 
23.339 23.028 22.718 22.407 22.097 21.786 21.476 21.166 20.856 20.547 20.237 19.928 19.618 19.309 19.000 18.691 18.382 18.074 17.765 17.457 17.148 16.840 16.532 16.224 15.917 15.609 15.301 14.994 14.687 14.379 14.072 13.765 13.458 13.152 12.845 12.538 12.232 11.926 11.619 11.313 11.007 10.701 10.395 10.089  9.784  9.478  9.173  8.867  8.562  8.256  7.951  7.646  7.341  7.036  6.731  6.426  6.121  5.816  5.512  5.207  4.902  4.598  4.293  3.989  3.684  3.380  3.075  2.771  2.466  2.162  1.858  1.554  1.249  0.945  0.641  0.336 
23.368 23.057 22.747 22.436 22.126 21.815 21.505 21.195 20.885 20.575 20.266 19.956 19.647 19.337 19.028 18.719 18.410 18.101 17.792 17.484 17.175 16.867 16.558 16.250 15.942 15.634 15.326 15.019 14.711 14.403 14.096 13.789 13.481 13.174 12.867 12.560 12.253 11.947 11.640 11.333 11.027 10.720 10.414 10.108  9.802  9.496  9.190  8.884  8.578  8.272  7.966  7.660  7.355  7.049  6.744  6.438  6.133  5.828  5.522  5.217  4.912  4.607  4.302  3.996  3.691  3.386  3.081  2.776  2.471  2.166  1.862  1.557  1.252  0.947  0.642  0.337 
23.395 23.084 22.773 22.463 22.152 21.842 21.532 21.221 20.911 20.601 20.292 19.982 19.672 19.363 19.053 18.744 18.435 18.126 17.817 17.508 17.199 16.891 16.582 16.274 15.966 15.657 15.349 15.041 14.733 14.425 14.118 13.810 13.502 13.195 12.887 12.580 12.273 11.966 11.659 11.352 11.045 10.738 10.431 10.125  9.818  9.511  9.205  8.899  8.592  8.286  7.980  7.674  7.368  7.062  6.756  6.450  6.144  5.838  5.532  5.226  4.921  4.615  4.309  4.004  3.698  3.392  3.087  2.781  2.476  2.170  1.865  1.560  1.254  0.949  0.643  0.338 
23.419 23.108 22.797 22.487 22.176 21.866 21.555 21.245 20.935 20.625 20.315 20.005 19.696 19.386 19.077 18.767 18.458 18.149 17.839 17.530 17.222 16.913 16.604 16.295 15.987 15.678 15.370 15.062 14.753 14.445 14.137 13.829 13.521 13.214 12.906 12.598 12.291 11.983 11.676 11.368 11.061 10.754 10.447 10.140  9.833  9.526  9.219  8.912  8.606  8.299  7.992  7.686  7.379  7.073  6.766  6.460  6.153  5.847  5.541  5.235  4.928  4.622  4.316  4.010  3.704  3.398  3.092  2.786  2.480  2.174  1.868  1.562  1.256  0.950  0.644  0.339 
23.441 23.130 22.819 22.509 22.198 21.888 21.577 21.267 20.957 20.647 20.337 20.027 19.717 19.407 19.098 18.788 18.479 18.169 17.860 17.551 17.242 16.933 16.624 16.315 16.006 15.697 15.389 15.080 14.772 14.463 14.155 13.847 13.539 13.231 12.923 12.615 12.307 11.999 11.691 11.384 11.076 10.769 10.461 10.154  9.846  9.539  9.232  8.925  8.618  8.311  8.004  7.697  7.390  7.083  6.776  6.469  6.162  5.856  5.549  5.242  4.936  4.629  4.323  4.016  3.709  3.403  3.097  2.790  2.484  2.177  1.871  1.565  1.258  0.952  0.645  0.339 
23.461 23.150 22.839 22.528 22.218 21.907 21.597 21.287 20.976 20.666 20.356 20.046 19.736 19.426 19.117 18.807 18.497 18.188 17.878 17.569 17.260 16.951 16.642 16.333 16.024 15.715 15.406 15.097 14.788 14.480 14.171 13.863 13.554 13.246 12.938 12.630 12.322 12.013 11.705 11.398 11.090 10.782 10.474 10.166  9.859  9.551  9.244  8.936  8.629  8.321  8.014  7.706  7.399  7.092  6.785  6.478  6.170  5.863  5.556  5.249  4.942  4.635  4.328  4.021  3.714  3.408  3.101  2.794  2.487  2.180  1.873  1.567  1.260  0.953  0.646  0.340 
23.479 23.168 22.857 22.547 22.236 21.925 21.615 21.305 20.994 20.684 20.374 20.064 19.754 19.444 19.134 18.824 18.515 18.205 17.895 17.586 17.276 16.967 16.658 16.349 16.040 15.730 15.421 15.112 14.804 14.495 14.186 13.877 13.569 13.260 12.952 12.643 12.335 12.027 11.718 11.410 11.102 10.794 10.486 10.178  9.870  9.562  9.254  8.946  8.639  8.331  8.023  7.715  7.408  7.100  6.793  6.485  6.178  5.870  5.563  5.256  4.948  4.641  4.334  4.026  3.719  3.412  3.105  2.797  2.490  2.183  1.876  1.569  1.261  0.954  0.647  0.340 
23.495 23.184 22.874 22.563 22.252 21.942 21.631 21.321 21.011 20.700 20.390 20.080 19.770 19.460 19.150 18.840 18.530 18.220 17.911 17.601 17.292 16.982 16.673 16.363 16.054 15.745 15.436 15.126 14.817 14.508 14.200 13.891 13.582 13.273 12.964 12.656 12.347 12.039 11.730 11.422 11.113 10.805 10.497 10.188  9.880  9.572  9.264  8.956  8.648  8.340  8.032  7.724  7.416  7.108  6.800  6.492  6.184  5.877  5.569  5.261  4.954  4.646  4.338  4.031  3.723  3.416  3.108  2.800  2.493  2.185  1.878  1.570  1.263  0.955  0.648  0.340 
23.510 23.199 22.889 22.578 22.267 21.957 21.646 21.336 21.025 20.715 20.405 20.094 19.784 19.474 19.164 18.854 18.544 18.234 17.925 17.615 17.305 16.996 16.686 16.377 16.067 15.758 15.448 15.139 14.830 14.521 14.212 13.903 13.594 13.285 12.976 12.667 12.358 12.049 11.741 11.432 11.123 10.815 10.506 10.198  9.889  9.581  9.272  8.964  8.656  8.348  8.039  7.731  7.423  7.115  6.807  6.499  6.191  5.882  5.574  5.266  4.959  4.651  4.343  4.035  3.727  3.419  3.111  2.803  2.495  2.188  1.880  1.572  1.264  0.956  0.649  0.341 
23.524 23.213 22.902 22.592 22.281 21.970 21.660 21.349 21.039 20.728 20.418 20.108 19.798 19.487 19.177 18.867 18.557 18.247 17.937 17.628 17.318 17.008 16.698 16.389 16.079 15.770 15.460 15.151 14.841 14.532 14.223 13.914 13.604 13.295 12.986 12.677 12.368 12.059 11.750 11.441 11.133 10.824 10.515 10.206  9.898  9.589  9.280  8.972  8.663  8.355  8.046  7.738  7.429  7.121  6.813  6.504  6.196  5.888  5.579  5.271  4.963  4.655  4.347  4.038  3.730  3.422  3.114  2.806  2.498  2.190  1.882  1.574  1.265  0.957  0.649  0.341 
23.536 23.226 22.915 22.604 22.293 21.983 21.672 21.361 21.051 20.741 20.430 20.120 19.810 19.499 19.189 18.879 18.569 18.259 17.949 17.639 17.329 17.019 16.710 16.400 16.090 15.780 15.471 15.161 14.852 14.542 14.233 13.924 13.614 13.305 12.996 12.687 12.377 12.068 11.759 11.450 11.141 10.832 10.523 10.214  9.905  9.596  9.288  8.979  8.670  8.361  8.053  7.744  7.435  7.127  6.818  6.510  6.201  5.893  5.584  5.276  4.967  4.659  4.350  4.042  3.733  3.425  3.117  2.808  2.500  2.192  1.883  1.575  1.267  0.958  0.650  0.342 
23.548 23.237 22.926 22.615 22.304 21.994 21.683 21.373 21.062 20.752 20.441 20.131 19.821 19.510 19.200 18.890 18.580 18.270 17.959 17.649 17.339 17.030 16.720 16.410 16.100 15.790 15.481 15.171 14.861 14.552 14.242 13.933 13.623 13.314 13.004 12.695 12.386 12.076 11.767 11.458 11.149 10.840 10.530 10.221  9.912  9.603  9.294  8.985  8.676  8.367  8.059  7.750  7.441  7.132  6.823  6.514  6.206  5.897  5.588  5.279  4.971  4.662  4.353  4.045  3.736  3.428  3.119  2.810  2.502  2.193  1.885  1.576  1.268  0.959  0.650  0.342 
23.558 23.247 22.936 22.625 22.315 22.004 21.693 21.383 21.072 20.762 20.451 20.141 19.830 19.520 19.210 18.900 18.589 18.279 17.969 17.659 17.349 17.039 16.729 16.419 16.109 15.799 15.489 15.180 14.870 14.560 14.251 13.941 13.631 13.322 13.012 12.703 12.393 12.084 11.774 11.465 11.156 10.846 10.537 10.228  9.919  9.609  9.300  8.991  8.682  8.373  8.064  7.755  7.446  7.137  6.828  6.519  6.210  5.901  5.592  5.283  4.974  4.665  4.356  4.048  3.739  3.430  3.121  2.812  2.504  2.195  1.886  1.577  1.268  0.960  0.651  0.342 
23.567 23.256 22.946 22.635 22.324 22.013 21.703 21.392 21.081 20.771 20.460 20.150 19.839 19.529 19.219 18.908 18.598 18.288 17.978 17.668 17.357 17.047 16.737 16.427 16.117 15.807 15.497 15.188 14.878 14.568 14.258 13.948 13.639 13.329 13.019 12.710 12.400 12.091 11.781 11.471 11.162 10.853 10.543 10.234  9.924  9.615  9.306  8.996  8.687  8.378  8.069  7.759  7.450  7.141  6.832  6.523  6.214  5.904  5.595  5.286  4.977  4.668  4.359  4.050  3.741  3.432  3.123  2.814  2.505  2.196  1.887  1.578  1.269  0.960  0.651  0.342 
23.576 23.265 22.954 22.643 22.332 22.022 21.711 21.400 21.090 20.779 20.469 20.158 19.848 19.537 19.227 18.917 18.606 18.296 17.986 17.675 17.365 17.055 16.745 16.435 16.125 15.815 15.505 15.195 14.885 14.575 14.265 13.955 13.645 13.336 13.026 12.716 12.406 12.097 11.787 11.477 11.168 10.858 10.549 10.239  9.930  9.620  9.311  9.001  8.692  8.382  8.073  7.764  7.454  7.145  6.836  6.526  6.217  5.908  5.598  5.289  4.980  4.671  4.362  4.052  3.743  3.434  3.125  2.816  2.507  2.197  1.888  1.579  1.270  0.961  0.652  0.343 
23.583 23.273 22.962 22.651 22.340 22.029 21.719 21.408 21.097 20.787 20.476 20.166 19.855 19.545 19.234 18.924 18.613 18.303 17.993 17.683 17.372 17.062 16.752 16.442 16.132 15.821 15.511 15.201 14.891 14.581 14.271 13.961 13.651 13.342 13.032 12.722 12.412 12.102 11.792 11.483 11.173 10.863 10.554 10.244  9.934  9.625  9.315  9.006  8.696  8.386  8.077  7.767  7.458  7.148  6.839  6.530  6.220  5.911  5.601  5.292  4.983  4.673  4.364  4.054  3.745  3.436  3.126  2.817  2.508  2.199  1.889  1.580  1.271  0.961  0.652  0.343 
23.590 23.280 22.969 22.658 22.347 22.036 21.726 21.415 21.104 20.794 20.483 20.173 19.862 19.551 19.241 18.931 18.620 18.310 17.999 17.689 17.379 17.068 16.758 16.448 16.138 15.828 15.517 15.207 14.897 14.587 14.277 13.967 13.657 13.347 13.037 12.727 12.417 12.107 11.797 11.488 11.178 10.868 10.558 10.248  9.939  9.629  9.319  9.010  8.700  8.390  8.081  7.771  7.461  7.152  6.842  6.533  6.223  5.913  5.604  5.294  4.985  4.675  4.366  4.056  3.747  3.437  3.128  2.819  2.509  2.200  1.890  1.581  1.271  0.962  0.652  0.343 
23.597 23.286 22.975 22.664 22.353 22.043 21.732 21.421 21.111 20.800 20.489 20.179 19.868 19.558 19.247 18.937 18.626 18.316 18.005 17.695 17.385 17.074 16.764 16.454 16.143 15.833 15.523 15.213 14.903 14.592 14.282 13.972 13.662 13.352 13.042 12.732 12.422 12.112 11.802 11.492 11.182 10.872 10.562 10.252  9.943  9.633  9.323  9.013  8.703  8.394  8.084  7.774  7.464  7.155  6.845  6.535  6.226  5.916  5.606  5.297  4.987  4.677  4.368  4.058  3.749  3.439  3.129  2.820  2.510  2.201  1.891  1.581  1.272  0.962  0.653  0.343 
23.603 23.292 22.981 22.670 22.359 22.049 21.738 21.427 21.116 20.806 20.495 20.184 19.874 19.563 19.253 18.942 18.632 18.321 18.011 17.700 17.390 17.079 16.769 16.459 16.148 15.838 15.528 15.218 14.907 14.597 14.287 13.977 13.667 13.356 13.046 12.736 12.426 12.116 11.806 11.496 11.186 10.876 10.566 10.256  9.946  9.636  9.326  9.016  8.707  8.397  8.087  7.777  7.467  7.157  6.848  6.538  6.228  5.918  5.608  5.299  4.989  4.679  4.369  4.060  3.750  3.440  3.131  2.821  2.511  2.201  1.892  1.582  1.272  0.963  0.653  0.343 
23.608 23.297 22.986 22.675 22.365 22.054 21.743 21.432 21.122 20.811 20.500 20.190 19.879 19.568 19.258 18.947 18.637 18.326 18.016 17.705 17.395 17.084 16.774 16.463 16.153 15.843 15.532 15.222 14.912 14.602 14.291 13.981 13.671 13.361 13.050 12.740 12.430 12.120 11.810 11.500 11.190 10.880 10.570 10.259  9.949  9.639  9.329  9.019  8.709  8.400  8.090  7.780  7.470  7.160  6.850  6.540  6.230  5.920  5.610  5.300  4.991  4.681  4.371  4.061  3.751  3.441  3.132  2.822  2.512  2.202  1.892  1.583  1.273  0.963  0.653  0.343 
23.613 23.302 22.991 22.680 22.369 22.059 21.748 21.437 21.126 20.816 20.505 20.194 19.884 19.573 19.262 18.952 18.641 18.331 18.020 17.710 17.399 17.089 16.778 16.468 16.157 15.847 15.537 15.226 14.916 14.605 14.295 13.985 13.675 13.364 13.054 12.744 12.434 12.123 11.813 11.503 11.193 10.883 10.573 10.263  9.952  9.642  9.332  9.022  8.712  8.402  8.092  7.782  7.472  7.162  6.852  6.542  6.232  5.922  5.612  5.302  4.992  4.682  4.372  4.062  3.752  3.443  3.133  2.823  2.513  2.203  1.893  1.583  1.273  0.963  0.653  0.344 
23.617 23.306 22.995 22.684 22.374 22.063 21.752 21.441 21.131 20.820 20.509 20.198 19.888 19.577 19.267 18.956 18.645 18.335 18.024 17.714 17.403 17.093 16.782 16.472 16.161 15.851 15.540 15.230 14.919 14.609 14.299 13.988 13.678 13.368 13.057 12.747 12.437 12.127 11.816 11.506 11.196 10.886 10.575 10.265  9.955  9.645  9.335  9.025  8.715  8.404  8.094  7.784  7.474  7.164  6.854  6.544  6.234  5.924  5.614  5.304  4.994  4.684  4.374  4.064  3.754  3.444  3.134  2.824  2.514  2.204  1.894  1.584  1.274  0.964  0.654  0.344 
23.621 23.310 22.999 22.688 22.378 22.067 21.756 21.445 21.135 20.824 20.513 20.202 19.892 19.581 19.270 18.960 18.649 18.338 18.028 17.717 17.407 17.096 16.786 16.475 16.165 15.854 15.544 15.233 14.923 14.612 14.302 13.992 13.681 13.371 13.060 12.750 12.440 12.129 11.819 11.509 11.199 10.888 10.578 10.268  9.958  9.647  9.337  9.027  8.717  8.407  8.096  7.786  7.476  7.166  6.856  6.546  6.235  5.925  5.615  5.305  4.995  4.685  4.375  4.065  3.755  3.444  3.134  2.824  2.514  2.204  1.894  1.584  1.274  0.964  0.654  0.344 
23.625 23.314 23.003 22.692 22.381 22.070 21.760 21.449 21.138 20.827 20.517 20.206 19.895 19.584 19.274 18.963 18.652 18.342 18.031 17.721 17.410 17.099 16.789 16.478 16.168 15.857 15.547 15.236 14.926 14.615 14.305 13.994 13.684 13.374 13.063 12.753 12.442 12.132 11.822 11.511 11.201 10.891 10.580 10.270  9.960  9.650  9.339  9.029  8.719  8.408  8.098  7.788  7.478  7.168  6.857  6.547  6.237  5.927  5.617  5.306  4.996  4.686  4.376  4.066  3.755  3.445  3.135  2.825  2.515  2.205  1.895  1.584  1.274  0.964  0.654  0.344 
23.628 23.317 23.006 22.695 22.385 22.074 21.763 21.452 21.141 20.831 20.520 20.209 19.898 19.588 19.277 18.966 18.656 18.345 18.034 17.724 17.413 17.102 16.792 16.481 16.171 15.860 15.550 15.239 14.929 14.618 14.308 13.997 13.687 13.376 13.066 12.755 12.445 12.134 11.824 11.514 11.203 10.893 10.583 10.272  9.962  9.651  9.341  9.031  8.721  8.410  8.100  7.790  7.479  7.169  6.859  6.548  6.238  5.928  5.618  5.307  4.997  4.687  4.377  4.067  3.756  3.446  3.136  2.826  2.515  2.205  1.895  1.585  1.275  0.964  0.654  0.344 
23.631 23.320 23.009 22.698 22.387 22.077 21.766 21.455 21.144 20.833 20.523 20.212 19.901 19.591 19.280 18.969 18.658 18.348 18.037 17.726 17.416 17.105 16.795 16.484 16.173 15.863 15.552 15.242 14.931 14.621 14.310 14.000 13.689 13.379 13.068 12.758 12.447 12.137 11.826 11.516 11.205 10.895 10.584 10.274  9.964  9.653  9.343  9.033  8.722  8.412  8.101  7.791  7.481  7.170  6.860  6.550  6.239  5.929  5.619  5.309  4.998  4.688  4.378  4.067  3.757  3.447  3.137  2.826  2.516  2.206  1.895  1.585  1.275  0.965  0.654  0.344 
23.634 23.323 23.012 22.701 22.390 22.079 21.769 21.458 21.147 20.836 20.525 20.215 19.904 19.593 19.282 18.972 18.661 18.350 18.040 17.729 17.418 17.108 16.797 16.486 16.176 15.865 15.555 15.244 14.933 14.623 14.312 14.002 13.691 13.381 13.070 12.760 12.449 12.139 11.828 11.518 11.207 10.897 10.586 10.276  9.965  9.655  9.344  9.034  8.724  8.413  8.103  7.792  7.482  7.172  6.861  6.551  6.241  5.930  5.620  5.309  4.999  4.689  4.378  4.068  3.758  3.447  3.137  2.827  2.516  2.206  1.896  1.585  1.275  0.965  0.654  0.344 
23.636 23.325 23.014 22.704 22.393 22.082 21.771 21.460 21.149 20.839 20.528 20.217 19.906 19.596 19.285 18.974 18.663 18.353 18.042 17.731 17.421 17.110 16.799 16.489 16.178 15.867 15.557 15.246 14.935 14.625 14.314 14.004 13.693 13.383 13.072 12.761 12.451 12.140 11.830 11.519 11.209 10.898 10.588 10.277  9.967  9.656  9.346  9.035  8.725  8.415  8.104  7.794  7.483  7.173  6.862  6.552  6.242  5.931  5.621  5.310  5.000  4.690  4.379  4.069  3.758  3.448  3.138  2.827  2.517  2.206  1.896  1.586  1.275  0.965  0.655  0.344 
23.638 23.327 23.017 22.706 22.395 22.084 21.773 21.462 21.152 20.841 20.530 20.219 19.908 19.598 19.287 18.976 18.665 18.355 18.044 17.733 17.423 17.112 16.801 16.491 16.180 15.869 15.559 15.248 14.937 14.627 14.316 14.005 13.695 13.384 13.074 12.763 12.453 12.142 11.831 11.521 11.210 10.900 10.589 10.279  9.968  9.658  9.347  9.037  8.726  8.416  8.105  7.795  7.484  7.174  6.863  6.553  6.242  5.932  5.622  5.311  5.001  4.690  4.380  4.069  3.759  3.449  3.138  2.828  2.517  2.207  1.896  1.586  1.276  0.965  0.655  0.344 
23.640 23.330 23.019 22.708 22.397 22.086 21.775 21.464 21.154 20.843 20.532 20.221 19.910 19.600 19.289 18.978 18.667 18.357 18.046 17.735 17.425 17.114 16.803 16.492 16.182 15.871 15.560 15.250 14.939 14.628 14.318 14.007 13.697 13.386 13.075 12.765 12.454 12.143 11.833 11.522 11.212 10.901 10.591 10.280  9.970  9.659  9.348  9.038  8.727  8.417  8.106  7.796  7.485  7.175  6.864  6.554  6.243  5.933  5.622  5.312  5.001  4.691  4.380  4.070  3.759  3.449  3.139  2.828  2.518  2.207  1.897  1.586  1.276  0.965  0.655  0.344 
23.642 23.331 23.021 22.710 22.399 22.088 21.777 21.466 21.155 20.845 20.534 20.223 19.912 19.601 19.291 18.980 18.669 18.358 18.048 17.737 17.426 17.115 16.805 16.494 16.183 15.873 15.562 15.251 14.941 14.630 14.319 14.009 13.698 13.387 13.077 12.766 12.455 12.145 11.834 11.524 11.213 10.902 10.592 10.281  9.971  9.660  9.350  9.039  8.728  8.418  8.107  7.797  7.486  7.176  6.865  6.555  6.244  5.934  5.623  5.312  5.002  4.691  4.381  4.070  3.760  3.449  3.139  2.828  2.518  2.207  1.897  1.586  1.276  0.965  0.655  0.344 
23.644 23.333 23.022 22.711 22.400 22.090 21.779 21.468 21.157 20.846 20.536 20.225 19.914 19.603 19.292 18.982 18.671 18.360 18.049 17.739 17.428 17.117 16.806 16.496 16.185 15.874 15.563 15.253 14.942 14.631 14.321 14.010 13.699 13.389 13.078 12.767 12.457 12.146 11.835 11.525 11.214 10.904 10.593 10.282  9.972  9.661  9.351  9.040  8.729  8.419  8.108  7.798  7.487  7.176  6.866  6.555  6.245  5.934  5.624  5.313  5.003  4.692  4.381  4.071  3.760  3.450  3.139  2.829  2.518  2.208  1.897  1.587  1.276  0.966  0.655  0.344 
23.645 23.335 23.024 22.713 22.402 22.091 21.780 21.469 21.159 20.848 20.537 20.226 19.915 19.605 19.294 18.983 18.672 18.361 18.051 17.740 17.429 17.118 16.808 16.497 16.186 15.875 15.565 15.254 14.943 14.633 14.322 14.011 13.701 13.390 13.079 12.769 12.458 12.147 11.837 11.526 11.215 10.905 10.594 10.283  9.973  9.662  9.351  9.041  8.730  8.420  8.109  7.798  7.488  7.177  6.867  6.556  6.245  5.935  5.624  5.314  5.003  4.692  4.382  4.071  3.761  3.450  3.140  2.829  2.518  2.208  1.897  1.587  1.276  0.966  0.655  0.345 
23.647 23.336 23.025 22.714 22.403 22.093 21.782 21.471 21.160 20.849 20.538 20.228 19.917 19.606 19.295 18.984 18.674 18.363 18.052 17.741 17.430 17.120 16.809 16.498 16.187 15.877 15.566 15.255 14.945 14.634 14.323 14.012 13.702 13.391 13.080 12.770 12.459 12.148 11.838 11.527 11.216 10.906 10.595 10.284  9.974  9.663  9.352  9.042  8.731  8.420  8.110  7.799  7.488  7.178  6.867  6.557  6.246  5.935  5.625  5.314  5.003  4.693  4.382  4.072  3.761  3.450  3.140  2.829  2.519  2.208  1.898  1.587  1.276  0.966  0.655  0.345 
23.648 23.337 23.026 22.716 22.405 22.094 21.783 21.472 21.161 20.850 20.540 20.229 19.918 19.607 19.296 18.986 18.675 18.364 18.053 17.742 17.432 17.121 16.810 16.499 16.189 15.878 15.567 15.256 14.946 14.635 14.324 14.013 13.703 13.392 13.081 12.771 12.460 12.149 11.838 11.528 11.217 10.906 10.596 10.285  9.974  9.664  9.353  9.042  8.732  8.421  8.110  7.800  7.489  7.178  6.868  6.557  6.246  5.936  5.625  5.315  5.004  4.693  4.383  4.072  3.761  3.451  3.140  2.830  2.519  2.208  1.898  1.587  1.276  0.966  0.655  0.345 
23.649 23.338 23.028 22.717 22.406 22.095 21.784 21.473 21.162 20.852 20.541 20.230 19.919 19.608 19.297 18.987 18.676 18.365 18.054 17.743 17.433 17.122 16.811 16.500 16.190 15.879 15.568 15.257 14.947 14.636 14.325 14.014 13.704 13.393 13.082 12.771 12.461 12.150 11.839 11.529 11.218 10.907 10.596 10.286  9.975  9.664  9.354  9.043  8.732  8.422  8.111  7.800  7.490  7.179  6.868  6.558  6.247  5.936  5.626  5.315  5.004  4.694  4.383  4.072  3.762  3.451  3.140  2.830  2.519  2.208  1.898  1.587  1.277  0.966  0.655  0.345 
23.650 23.340 23.029 22.718 22.407 22.096 21.785 21.474 21.163 20.853 20.542 20.231 19.920 19.609 19.298 18.988 18.677 18.366 18.055 17.744 17.434 17.123 16.812 16.501 16.191 15.880 15.569 15.258 14.947 14.637 14.326 14.015 13.704 13.394 13.083 12.772 12.461 12.151 11.840 11.529 11.219 10.908 10.597 10.286  9.976  9.665  9.354  9.044  8.733  8.422  8.111  7.801  7.490  7.179  6.869  6.558  6.247  5.937  5.626  5.315  5.005  4.694  4.383  4.073  3.762  3.451  3.141  2.830  2.519  2.209  1.898  1.587  1.277  0.966  0.655  0.345 
23.651 23.340 23.030 22.719 22.408 22.097 21.786 21.475 21.164 20.854 20.543 20.232 19.921 19.610 19.299 18.989 18.678 18.367 18.056 17.745 17.435 17.124 16.813 16.502 16.191 15.881 15.570 15.259 14.948 14.637 14.327 14.016 13.705 13.394 13.084 12.773 12.462 12.151 11.841 11.530 11.219 10.908 10.598 10.287  9.976  9.666  9.355  9.044  8.733  8.423  8.112  7.801  7.491  7.180  6.869  6.558  6.248  5.937  5.626  5.316  5.005  4.694  4.384  4.073  3.762  3.451  3.141  2.830  2.519  2.209  1.898  1.587  1.277  0.966  0.655  0.345 
23.652 23.341 23.030 22.720 22.409 22.098 21.787 21.476 21.165 20.854 20.544 20.233 19.922 19.611 19.300 18.989 18.679 18.368 18.057 17.746 17.435 17.125 16.814 16.503 16.192 15.881 15.571 15.260 14.949 14.638 14.327 14.017 13.706 13.395 13.084 12.774 12.463 12.152 11.841 11.531 11.220 10.909 10.598 10.288  9.977  9.666  9.355  9.045  8.734  8.423  8.112  7.802  7.491  7.180  6.869  6.559  6.248  5.937  5.627  5.316  5.005  4.694  4.384  4.073  3.762  3.452  3.141  2.830  2.520  2.209  1.898  1.587  1.277  0.966  0.655  0.345 
23.653 23.342 23.031 22.720 22.410 22.099 21.788 21.477 21.166 20.855 20.544 20.234 19.923 19.612 19.301 18.990 18.679 18.369 18.058 17.747 17.436 17.125 16.814 16.504 16.193 15.882 15.571 15.260 14.950 14.639 14.328 14.017 13.706 13.396 13.085 12.774 12.463 12.153 11.842 11.531 11.220 10.910 10.599 10.288  9.977  9.667  9.356  9.045  8.734  8.424  8.113  7.802  7.491  7.181  6.870  6.559  6.248  5.938  5.627  5.316  5.005  4.695  4.384  4.073  3.762  3.452  3.141  2.830  2.520  2.209  1.898  1.587  1.277  0.966  0.655  0.344 
23.654 23.343 23.032 22.721 22.410 22.099 21.788 21.478 21.167 20.856 20.545 20.234 19.923 19.613 19.302 18.991 18.680 18.369 18.058 17.748 17.437 17.126 16.815 16.504 16.193 15.883 15.572 15.261 14.950 14.639 14.329 14.018 13.707 13.396 13.085 12.775 12.464 12.153 11.842 11.532 11.221 10.910 10.599 10.288  9.978  9.667  9.356  9.045  8.735  8.424  8.113  7.802  7.492  7.181  6.870  6.559  6.249  5.938  5.627  5.316  5.006  4.695  4.384  4.073  3.763  3.452  3.141  2.830  2.520  2.209  1.898  1.587  1.277  0.966  0.655  0.344 
23.654 23.343 23.033 22.722 22.411 22.100 21.789 21.478 21.167 20.857 20.546 20.235 19.924 19.613 19.302 18.991 18.681 18.370 18.059 17.748 17.437 17.126 16.816 16.505 16.194 15.883 15.572 15.262 14.951 14.640 14.329 14.018 13.708 13.397 13.086 12.775 12.464 12.154 11.843 11.532 11.221 10.910 10.600 10.289  9.978  9.667  9.356  9.046  8.735  8.424  8.113  7.803  7.492  7.181  6.870  6.559  6.249  5.938  5.627  5.316  5.006  4.695  4.384  4.073  3.763  3.452  3.141  2.830  2.520  2.209  1.898  1.587  1.276  0.966  0.655  0.344 
23.655 23.344 23.033 22.722 22.411 22.101 21.790 21.479 21.168 20.857 20.546 20.235 19.925 19.614 19.303 18.992 18.681 18.370 18.059 17.749 17.438 17.127 16.816 16.505 16.194 15.884 15.573 15.262 14.951 14.640 14.330 14.019 13.708 13.397 13.086 12.775 12.465 12.154 11.843 11.532 11.221 10.911 10.600 10.289  9.978  9.667  9.357  9.046  8.735  8.424  8.114  7.803  7.492  7.181  6.870  6.560  6.249  5.938  5.627  5.316  5.006  4.695  4.384  4.073  3.762  3.452  3.141  2.830  2.519  2.208  1.898  1.587  1.276  0.965  0.654  0.343 
23.655 23.345 23.034 22.723 22.412 22.101 21.790 21.479 21.168 20.858 20.547 20.236 19.925 19.614 19.303 18.992 18.682 18.371 18.060 17.749 17.438 17.127 16.817 16.506 16.195 15.884 15.573 15.262 14.952 14.641 14.330 14.019 13.708 13.397 13.087 12.776 12.465 12.154 11.843 11.532 11.221 10.911 10.600 10.289  9.978  9.667  9.356  9.045  8.734  8.423  8.112  7.801  7.490  7.179  6.868  6.556  6.245  5.933  5.621  5.308  4.995  4.681  4.366  4.050  3.732  3.411  3.087  2.758  2.424  2.083  1.733  1.371  0.996  0.609  0.212 -0.223 
23.655 23.344 23.033 22.722 22.411 22.100 21.789 21.478 21.166 20.855 20.544 20.232 19.920 19.609 19.297 18.985 18.673 18.360 18.047 17.734 17.421 17.107 16.793 16.479 16.163 15.848 15.531 15.214 14.896 14.577 14.257 13.936 13.613 13.289 12.964 12.637 12.308 11.977 11.643 11.308 10.970 10.630 10.286  9.940  9.590  9.237  8.880  8.520  8.155  7.787  7.413  7.035  6.652  6.264  5.870  5.471  5.065  4.653  4.235  3.810  3.380  2.942  2.499  2.050  1.596  1.138  0.676  0.211 -0.231 -0.677 -1.122 -1.564 -2.004 -2.440 -2.872 -3.300 
23.591 23.280 22.968 22.656 22.343 22.029 21.715 21.400 21.084 20.768 20.451 20.133 19.814 19.495 19.175 18.854 18.532 18.209 17.885 17.560 17.233 16.906 16.578 16.248 15.917 15.585 15.251 14.916 14.579 14.241 13.901 13.560 13.217 12.872 12.525 12.177 11.826 11.474 11.119 10.763 10.404 10.044  9.681  9.316  8.948  8.578  8.206  7.831  7.453  7.073  6.690  6.304  5.916  5.524  5.129  4.732  4.331  3.927  3.520  3.110  2.698  2.283  1.865  1.446  1.024  0.602  0.178 -0.196 -0.585 -0.973 -1.361 -1.749 -2.137 -2.524 -2.912 -3.300 
23.396 23.084 22.772 22.458 22.143 21.828 21.511 21.193 20.874 20.553 20.232 19.909 19.586 19.261 18.935 18.607 18.279 17.949 17.618 17.286 16.952 16.617 16.281 15.943 15.604 15.264 14.922 14.578 14.234 13.887 13.540 13.190 12.840 12.487 12.134 11.778 11.421 11.063 10.703 10.341  9.978  9.614  9.248  8.880  8.511  8.140  7.768  7.395  7.020  6.644  6.266  5.887  5.507  5.126  4.743  4.360  3.975  3.589  3.203  2.815  2.426  2.037  1.647  1.256  0.865  0.473  0.080 -0.267 -0.645 -1.024 -1.403 -1.782 -2.162 -2.541 -2.921 -3.300 
23.129 22.817 22.504 22.190 21.875 21.558 21.241 20.922 20.601 20.279 19.957 19.632 19.307 18.980 18.652 18.323 17.992 17.660 17.326 16.992 16.656 16.318 15.980 15.639 15.298 14.955 14.611 14.265 13.918 13.570 13.220 12.869 12.516 12.162 11.806 11.449 11.091 10.731 10.369 10.006  9.642  9.276  8.909  8.540  8.171  7.799  7.426  7.052  6.677  6.300  5.922  5.543  5.163  4.782  4.399  4.016  3.631  3.246  2.860  2.473  2.086  1.697  1.309  0.920  0.530  0.140 -0.189 -0.534 -0.880 -1.226 -1.571 -1.917 -2.263 -2.608 -2.954 -3.300 
22.838 22.526 22.214 21.899 21.584 21.267 20.949 20.630 20.309 19.987 19.663 19.339 19.013 18.686 18.357 18.027 17.696 17.363 17.029 16.694 16.358 16.020 15.681 15.341 15.000 14.657 14.313 13.967 13.621 13.273 12.924 12.574 12.222 11.870 11.516 11.161 10.805 10.448 10.090  9.730  9.370  9.008  8.646  8.282  7.917  7.552  7.185  6.818  6.450  6.081  5.711  5.340  4.969  4.596  4.224  3.850  3.476  3.101  2.726  2.350  1.974  1.597  1.220  0.843  0.465  0.087 -0.235 -0.575 -0.916 -1.256 -1.597 -1.937 -2.278 -2.619 -2.959 -3.300 
22.549 22.237 21.925 21.611 21.295 20.979 20.661 20.342 20.022 19.700 19.377 19.053 18.728 18.402 18.074 17.745 17.415 17.084 16.751 16.418 16.083 15.747 15.409 15.071 14.731 14.391 14.049 13.706 13.362 13.017 12.670 12.323 11.974 11.625 11.274 10.923 10.570 10.216  9.861  9.505  9.148  8.790  8.430  8.070  7.708  7.346  6.982  6.617  6.251  5.884  5.516  5.146  4.775  4.403  4.030  3.655  3.279  2.902  2.523  2.143  1.762  1.379  0.995  0.610  0.224 -0.164 -0.475 -0.787 -1.100 -1.413 -1.727 -2.041 -2.356 -2.670 -2.985 -3.300 
22.276 21.964 21.652 21.338 21.023 20.707 20.389 20.070 19.751 19.430 19.107 18.784 18.459 18.134 17.807 17.479 17.149 16.819 16.487 16.154 15.820 15.485 15.149 14.811 14.473 14.133 13.792 13.450 13.107 12.762 12.417 12.071 11.723 11.374 11.025 10.674 10.322  9.969  9.615  9.260  8.904  8.547  8.190  7.831  7.471  7.111  6.749  6.387  6.024  5.661  5.296  4.931  4.565  4.199  3.832  3.464  3.096  2.728  2.359  1.989  1.620  1.250  0.879  0.509  0.138 -0.167 -0.480 -0.793 -1.106 -1.420 -1.733 -2.046 -2.360 -2.673 -2.987 -3.300 
22.014 21.702 21.390 21.076 20.761 20.445 20.128 19.810 19.490 19.170 18.848 18.526 18.202 17.877 17.551 17.224 16.895 16.566 16.235 15.904 15.571 15.238 14.903 14.567 14.231 13.893 13.554 13.215 12.874 12.532 12.190 11.846 11.501 11.156 10.810 10.463 10.115  9.766  9.416  9.066  8.714  8.362  8.009  7.656  7.302  6.947  6.591  6.235  5.879  5.521  5.163  4.805  4.446  4.087  3.727  3.367  3.006  2.645  2.284  1.922  1.560  1.198  0.836  0.473  0.110 -0.190 -0.501 -0.812 -1.123 -1.434 -1.745 -2.056 -2.367 -2.678 -2.989 -3.300 
21.770 21.459 21.146 20.833 20.518 20.203 19.886 19.569 19.250 18.930 18.610 18.288 17.965 17.642 17.317 16.991 16.665 16.337 16.008 15.679 15.348 15.017 14.685 14.351 14.017 13.682 13.346 13.009 12.671 12.333 11.993 11.653 11.312 10.970 10.628 10.284  9.940  9.595  9.250  8.903  8.556  8.209  7.861  7.512  7.162  6.812  6.462  6.111  5.759  5.407  5.054  4.701  4.347  3.994  3.639  3.285  2.929  2.574  2.218  1.862  1.506  1.150  0.793  0.436  0.079 -0.218 -0.526 -0.834 -1.142 -1.450 -1.758 -2.067 -2.375 -2.683 -2.992 -3.300 
21.550 21.239 20.926 20.613 20.299 19.984 19.668 19.351 19.033 18.715 18.395 18.074 17.753 17.430 17.107 16.783 16.458 16.132 15.805 15.478 15.149 14.820 14.490 14.159 13.827 13.494 13.161 12.827 12.492 12.156 11.820 11.483 11.145 10.806 10.467 10.127  9.786  9.445  9.103  8.761  8.418  8.074  7.730  7.385  7.039  6.693  6.347  6.000  5.653  5.305  4.957  4.608  4.259  3.910  3.560  3.210  2.859  2.508  2.157  1.806  1.454  1.101  0.746  0.390  0.031 -0.262 -0.562 -0.863 -1.166 -1.469 -1.774 -2.079 -2.384 -2.689 -2.995 -3.300 
21.353 21.041 20.729 20.416 20.102 19.788 19.472 19.156 18.839 18.521 18.202 17.882 17.562 17.240 16.918 16.595 16.272 15.947 15.622 15.296 14.969 14.641 14.312 13.983 13.653 13.322 12.990 12.658 12.325 11.991 11.656 11.321 10.985 10.648 10.310  9.972  9.632  9.293  8.952  8.611  8.269  7.926  7.582  7.238  6.893  6.547  6.201  5.854  5.506  5.158  4.809  4.459  4.109  3.758  3.406  3.054  2.701  2.347  1.993  1.639  1.284  0.928  0.572  0.216 -0.141 -0.427 -0.714 -1.001 -1.288 -1.575 -1.862 -2.150 -2.437 -2.725 -3.012 -3.300 
21.170 20.859 20.546 20.234 19.920 19.605 19.290 18.974 18.657 18.340 18.021 17.702 17.382 17.061 16.740 16.417 16.094 15.770 15.446 15.120 14.794 14.467 14.139 13.811 13.482 13.152 12.821 12.490 12.157 11.824 11.491 11.156 10.821 10.486 10.149  9.812  9.474  9.136  8.796  8.456  8.116  7.775  7.433  7.090  6.747  6.404  6.060  5.715  5.369  5.023  4.677  4.330  3.983  3.635  3.287  2.938  2.589  2.240  1.890  1.540  1.190  0.840  0.490  0.139 -0.145 -0.432 -0.718 -1.005 -1.292 -1.579 -1.866 -2.153 -2.439 -2.726 -3.013 -3.300 
20.996 20.685 20.373 20.060 19.747 19.432 19.117 18.802 18.485 18.168 17.850 17.531 17.212 16.892 16.571 16.249 15.927 15.604 15.280 14.955 14.630 14.304 13.978 13.650 13.322 12.994 12.664 12.334 12.004 11.673 11.341 11.008 10.675 10.342 10.007  9.673  9.337  9.001  8.665  8.328  7.990  7.652  7.314  6.975  6.636  6.296  5.956  5.615  5.274  4.933  4.591  4.249  3.907  3.564  3.221  2.878  2.534  2.191  1.847  1.503  1.159  0.815  0.471  0.126 -0.155 -0.441 -0.726 -1.012 -1.298 -1.584 -1.870 -2.156 -2.442 -2.728 -3.014 -3.300 
20.835 20.524 20.212 19.900 19.586 19.272 18.958 18.642 18.327 18.010 17.693 17.375 17.056 16.737 16.417 16.096 15.775 15.453 15.130 14.807 14.483 14.159 13.834 13.508 13.182 12.855 12.528 12.200 11.871 11.542 11.213 10.883 10.552 10.221  9.889  9.557  9.224  8.891  8.558  8.224  7.889  7.554  7.219  6.883  6.547  6.211  5.874  5.537  5.200  4.862  4.524  4.186  3.847  3.508  3.169  2.830  2.490  2.151  1.811  1.471  1.131  0.791  0.450  0.110 -0.169 -0.453 -0.738 -1.023 -1.307 -1.592 -1.876 -2.161 -2.446 -2.731 -3.015 -3.300 
20.691 20.380 20.068 19.755 19.442 19.129 18.815 18.500 18.184 17.868 17.552 17.234 16.917 16.598 16.279 15.960 15.640 15.319 14.998 14.676 14.353 14.030 13.707 13.383 13.058 12.733 12.408 12.082 11.755 11.428 11.101 10.773 10.444 10.115  9.786  9.456  9.126  8.795  8.464  8.133  7.801  7.469  7.136  6.804  6.470  6.137  5.803  5.469  5.134  4.800  4.465  4.129  3.794  3.458  3.122  2.786  2.450  2.113  1.777  1.440  1.103  0.766  0.429  0.092 -0.185 -0.468 -0.751 -1.034 -1.317 -1.601 -1.884 -2.167 -2.450 -2.733 -3.017 -3.300 
20.562 20.251 19.939 19.627 19.314 19.001 18.687 18.373 18.058 17.742 17.426 17.110 16.793 16.475 16.157 15.839 15.519 15.200 14.880 14.559 14.238 13.916 13.594 13.272 12.949 12.625 12.301 11.977 11.652 11.327 11.001 10.675 10.349 10.022  9.694  9.367  9.038  8.710  8.381  8.052  7.722  7.393  7.062  6.732  6.401  6.070  5.739  5.407  5.075  4.743  4.411  4.078  3.745  3.412  3.079  2.745  2.412  2.078  1.744  1.410  1.076  0.741  0.407  0.072 -0.202 -0.484 -0.765 -1.047 -1.328 -1.610 -1.892 -2.173 -2.455 -2.737 -3.018 -3.300 
20.448 20.136 19.825 19.513 19.200 18.887 18.574 18.260 17.945 17.630 17.315 16.999 16.682 16.366 16.048 15.731 15.412 15.094 14.775 14.455 14.135 13.815 13.494 13.172 12.851 12.529 12.206 11.883 11.560 11.236 10.912 10.588 10.263  9.938  9.612  9.286  8.960  8.633  8.306  7.979  7.651  7.324  6.996  6.667  6.338  6.009  5.680  5.351  5.021  4.691  4.361  4.030  3.700  3.369  3.038  2.707  2.376  2.044  1.713  1.381  1.049  0.717  0.385  0.053 -0.220 -0.500 -0.780 -1.060 -1.340 -1.620 -1.900 -2.180 -2.460 -2.740 -3.020 -3.300 
20.345 20.034 19.723 19.411 19.098 18.786 18.472 18.159 17.845 17.530 17.215 16.900 16.584 16.268 15.951 15.634 15.317 14.999 14.681 14.362 14.043 13.724 13.404 13.084 12.763 12.442 12.121 11.799 11.477 11.155 10.832 10.509 10.185  9.862  9.538  9.213  8.889  8.564  8.238  7.913  7.587  7.261  6.934  6.608  6.281  5.953  5.626  5.298  4.970  4.641  4.313  3.983  3.654  3.324  2.994  2.663  2.331  2.000  1.667  1.334  1.001  0.667  0.332 -0.004 -0.275 -0.548 -0.822 -1.096 -1.371 -1.646 -1.921 -2.197 -2.473 -2.748 -3.024 -3.300 
20.254 19.943 19.631 19.319 19.007 18.694 18.381 18.068 17.754 17.440 17.125 16.810 16.495 16.179 15.863 15.546 15.229 14.912 14.594 14.276 13.958 13.639 13.319 13.000 12.680 12.359 12.039 11.718 11.396 11.074 10.752 10.429 10.106  9.783  9.459  9.135  8.811  8.486  8.161  7.836  7.510  7.184  6.857  6.530  6.203  5.876  5.548  5.220  4.891  4.562  4.233  3.904  3.574  3.244  2.914  2.583  2.252  1.921  1.590  1.257  0.925  0.592  0.259 -0.075 -0.342 -0.610 -0.878 -1.147 -1.416 -1.684 -1.953 -2.223 -2.492 -2.761 -3.031 -3.300 
20.167 19.856 19.544 19.233 18.920 18.608 18.295 17.981 17.668 17.354 17.039 16.724 16.409 16.093 15.777 15.461 15.144 14.827 14.510 14.192 13.874 13.555 13.236 12.917 12.597 12.277 11.957 11.636 11.315 10.993 10.672 10.349 10.027  9.704  9.381  9.057  8.733  8.409  8.085  7.760  7.435  7.109  6.783  6.457  6.131  5.804  5.477  5.150  4.823  4.495  4.167  3.839  3.510  3.181  2.852  2.523  2.194  1.864  1.534  1.204  0.874  0.544  0.213 -0.117 -0.382 -0.647 -0.912 -1.177 -1.443 -1.708 -1.973 -2.239 -2.504 -2.769 -3.035 -3.300 
20.084 19.773 19.461 19.149 18.837 18.525 18.212 17.899 17.585 17.271 16.957 16.642 16.327 16.012 15.696 15.380 15.063 14.747 14.430 14.112 13.794 13.476 13.158 12.839 12.520 12.200 11.880 11.560 11.240 10.919 10.598 10.276  9.955  9.633  9.310  8.988  8.665  8.342  8.018  7.695  7.371  7.046  6.722  6.397  6.072  5.747  5.421  5.096  4.770  4.444  4.117  3.791  3.464  3.137  2.810  2.483  2.155  1.828  1.500  1.172  0.844  0.516  0.188 -0.141 -0.404 -0.667 -0.930 -1.193 -1.456 -1.720 -1.983 -2.246 -2.510 -2.773 -3.037 -3.300 
