34.881 34.570 34.259 33.948 33.638 33.327 33.016 32.705 32.394 32.083 31.772 31.461 31.150 30.840 30.529 30.218 29.907 29.596 29.285 28.974 28.663 28.352 28.041 27.730 27.419 27.108 26.797 26.486 26.175 25.864 25.553 25.242 24.931 24.620 24.309 23.997 23.686 23.375 23.063 22.752 22.440 22.129 21.817 21.505 21.193 20.881 20.569 20.257 19.944 19.632 19.319 19.006 18.693 18.379 18.065 17.752 17.437 17.123 16.808 16.493 16.177 15.861 15.545 15.228 14.911 14.593 14.275 13.956 13.636 13.316 12.996 12.674 12.352 12.030 11.706 11.382 
34.879 34.568 34.258 33.947 33.636 33.325 33.014 32.703 32.392 32.081 31.769 31.458 31.147 30.836 30.525 30.214 29.902 29.591 29.280 28.968 28.657 28.345 28.034 27.722 27.410 27.098 26.786 26.474 26.162 25.850 25.538 25.226 24.913 24.601 24.288 23.975 23.662 23.349 23.036 22.722 22.408 22.094 21.780 21.466 21.151 20.837 20.522 20.206 19.891 19.575 19.258 18.942 18.625 18.308 17.990 17.672 17.353 17.035 16.715 16.395 16.075 15.754 15.433 15.111 14.789 14.466 14.142 13.818 13.493 13.167 12.841 12.514 12.187 11.858 11.529 11.199 
34.870 34.559 34.248 33.937 33.626 33.315 33.004 32.692 32.381 32.069 31.758 31.446 31.134 30.823 30.511 30.199 29.887 29.575 29.262 28.950 28.637 28.325 28.012 27.699 27.386 27.073 26.760 26.446 26.133 25.819 25.505 25.191 24.877 24.562 24.248 23.933 23.617 23.302 22.986 22.671 22.354 22.038 21.721 21.404 21.087 20.769 20.451 20.133 19.814 19.495 19.175 18.856 18.535 18.214 17.893 17.572 17.249 16.927 16.604 16.280 15.956 15.631 15.306 14.980 14.653 14.326 13.998 13.670 13.340 13.010 12.680 12.349 12.017 11.684 11.350 11.016 
34.849 34.538 34.227 33.916 33.604 33.293 32.981 32.669 32.358 32.046 31.734 31.421 31.109 30.796 30.484 30.171 29.858 29.545 29.231 28.918 28.604 28.291 27.976 27.662 27.348 27.033 26.718 26.403 26.088 25.773 25.457 25.141 24.825 24.508 24.192 23.875 23.557 23.240 22.922 22.603 22.285 21.966 21.647 21.327 21.007 20.687 20.366 20.045 19.723 19.401 19.079 18.756 18.432 18.108 17.784 17.459 17.134 16.808 16.481 16.154 15.827 15.498 15.170 14.840 14.510 14.179 13.848 13.516 13.183 12.849 12.515 12.180 11.845 11.508 11.171 10.833 
34.814 34.503 34.192 33.881 33.569 33.257 32.945 32.633 32.321 32.009 31.696 31.383 31.070 30.757 30.443 30.130 29.816 29.501 29.187 28.873 28.558 28.243 27.927 27.612 27.296 26.980 26.664 26.347 26.030 25.713 25.396 25.078 24.760 24.442 24.123 23.804 23.484 23.165 22.845 22.524 22.203 21.882 21.561 21.239 20.916 20.593 20.270 19.946 19.622 19.297 18.972 18.646 18.320 17.994 17.666 17.339 17.010 16.681 16.352 16.022 15.691 15.360 15.028 14.695 14.362 14.028 13.694 13.358 13.022 12.686 12.348 12.010 11.671 11.331 10.991 10.650 
34.766 34.455 34.144 33.833 33.521 33.209 32.897 32.584 32.271 31.958 31.645 31.332 31.018 30.704 30.390 30.075 29.761 29.445 29.130 28.815 28.499 28.182 27.866 27.549 27.232 26.915 26.597 26.279 25.961 25.642 25.323 25.003 24.684 24.363 24.043 23.722 23.401 23.079 22.757 22.435 22.112 21.788 21.465 21.140 20.816 20.491 20.165 19.839 19.512 19.185 18.858 18.529 18.201 17.872 17.542 17.211 16.880 16.549 16.217 15.884 15.551 15.217 14.882 14.547 14.211 13.874 13.536 13.198 12.860 12.520 12.180 11.839 11.497 11.154 10.811 10.467 
34.706 34.395 34.084 33.772 33.460 33.148 32.836 32.523 32.210 31.896 31.582 31.268 30.954 30.640 30.325 30.009 29.694 29.378 29.062 28.745 28.428 28.111 27.793 27.475 27.157 26.838 26.519 26.200 25.880 25.560 25.239 24.919 24.597 24.275 23.953 23.631 23.308 22.984 22.660 22.336 22.011 21.686 21.360 21.034 20.707 20.380 20.053 19.724 19.396 19.066 18.736 18.406 18.075 17.743 17.411 17.079 16.745 16.411 16.077 15.742 15.406 15.069 14.732 14.394 14.056 13.717 13.377 13.036 12.695 12.352 12.010 11.666 11.321 10.976 10.630 10.284 
34.635 34.324 34.012 33.700 33.388 33.076 32.763 32.450 32.137 31.823 31.509 31.194 30.879 30.564 30.248 29.932 29.616 29.299 28.982 28.665 28.347 28.029 27.710 27.391 27.072 26.752 26.432 26.111 25.790 25.469 25.147 24.824 24.502 24.179 23.855 23.531 23.206 22.881 22.556 22.230 21.903 21.576 21.249 20.921 20.592 20.263 19.933 19.603 19.272 18.941 18.609 18.277 17.944 17.610 17.276 16.941 16.606 16.270 15.933 15.595 15.257 14.919 14.579 14.239 13.898 13.557 13.215 12.872 12.528 12.183 11.838 11.492 11.145 10.798 10.450 10.100 
34.553 34.242 33.930 33.618 33.306 32.994 32.681 32.367 32.053 31.739 31.425 31.110 30.794 30.478 30.162 29.846 29.529 29.211 28.893 28.575 28.256 27.937 27.618 27.298 26.977 26.657 26.335 26.014 25.691 25.369 25.046 24.722 24.398 24.073 23.748 23.423 23.097 22.770 22.443 22.116 21.788 21.459 21.130 20.800 20.470 20.139 19.808 19.476 19.144 18.811 18.477 18.143 17.808 17.472 17.136 16.799 16.462 16.124 15.785 15.446 15.106 14.765 14.423 14.081 13.738 13.395 13.050 12.705 12.360 12.013 11.666 11.318 10.969 10.619 10.269  9.917 
34.461 34.150 33.839 33.527 33.215 32.902 32.588 32.275 31.961 31.646 31.331 31.016 30.700 30.384 30.067 29.750 29.432 29.114 28.796 28.477 28.157 27.837 27.517 27.196 26.875 26.553 26.231 25.908 25.585 25.261 24.937 24.612 24.287 23.961 23.635 23.308 22.981 22.653 22.325 21.996 21.666 21.336 21.006 20.674 20.343 20.010 19.677 19.344 19.010 18.675 18.340 18.004 17.667 17.330 16.992 16.654 16.314 15.974 15.634 15.293 14.951 14.608 14.265 13.921 13.576 13.231 12.885 12.538 12.190 11.841 11.492 11.142 10.791 10.440 10.087  9.734 
34.362 34.050 33.739 33.427 33.114 32.801 32.488 32.174 31.860 31.545 31.229 30.914 30.597 30.281 29.964 29.646 29.328 29.009 28.690 28.370 28.050 27.729 27.408 27.087 26.765 26.442 26.119 25.795 25.471 25.146 24.821 24.495 24.169 23.842 23.515 23.187 22.858 22.529 22.200 21.870 21.539 21.207 20.875 20.543 20.210 19.876 19.542 19.207 18.871 18.535 18.198 17.861 17.523 17.184 16.844 16.504 16.164 15.822 15.480 15.137 14.793 14.449 14.104 13.759 13.412 13.065 12.717 12.368 12.019 11.669 11.318 10.966 10.614 10.260  9.906  9.551 
34.254 33.943 33.631 33.319 33.006 32.693 32.380 32.066 31.751 31.436 31.120 30.804 30.487 30.170 29.853 29.534 29.216 28.897 28.577 28.257 27.936 27.615 27.293 26.970 26.648 26.324 26.000 25.676 25.351 25.025 24.699 24.372 24.045 23.717 23.389 23.060 22.730 22.400 22.069 21.738 21.406 21.074 20.740 20.407 20.072 19.737 19.402 19.065 18.729 18.391 18.053 17.714 17.374 17.034 16.693 16.352 16.010 15.667 15.323 14.979 14.634 14.288 13.941 13.594 13.246 12.898 12.548 12.198 11.847 11.495 11.143 10.789 10.435 10.080  9.725  9.368 
34.139 33.828 33.516 33.204 32.891 32.578 32.264 31.950 31.635 31.320 31.004 30.688 30.371 30.053 29.735 29.416 29.097 28.778 28.457 28.137 27.815 27.493 27.171 26.848 26.524 26.200 25.876 25.550 25.225 24.898 24.571 24.244 23.916 23.587 23.257 22.928 22.597 22.266 21.934 21.602 21.269 20.935 20.601 20.266 19.931 19.594 19.258 18.920 18.582 18.243 17.904 17.564 17.223 16.882 16.539 16.197 15.853 15.509 15.164 14.818 14.472 14.125 13.777 13.428 13.079 12.729 12.378 12.026 11.674 11.321 10.967 10.612 10.256  9.900  9.543  9.185 
34.018 33.707 33.395 33.083 32.770 32.457 32.143 31.828 31.513 31.198 30.882 30.565 30.248 29.930 29.611 29.292 28.973 28.653 28.332 28.011 27.689 27.366 27.043 26.720 26.396 26.071 25.746 25.420 25.093 24.766 24.438 24.110 23.781 23.451 23.121 22.791 22.459 22.127 21.794 21.461 21.127 20.793 20.457 20.122 19.785 19.448 19.110 18.771 18.432 18.092 17.752 17.411 17.069 16.726 16.383 16.039 15.694 15.349 15.002 14.656 14.308 13.960 13.610 13.261 12.910 12.559 12.206 11.854 11.500 11.145 10.790 10.434 10.077  9.720  9.361  9.002 
33.891 33.580 33.268 32.956 32.643 32.330 32.016 31.701 31.386 31.070 30.753 30.436 30.119 29.801 29.482 29.163 28.843 28.522 28.201 27.879 27.557 27.234 26.911 26.587 26.262 25.937 25.611 25.284 24.957 24.629 24.301 23.972 23.642 23.312 22.981 22.649 22.317 21.984 21.651 21.317 20.982 20.646 20.310 19.973 19.636 19.298 18.959 18.620 18.279 17.938 17.597 17.255 16.912 16.568 16.224 15.879 15.533 15.186 14.839 14.491 14.142 13.793 13.442 13.091 12.740 12.387 12.034 11.680 11.325 10.969 10.613 10.256  9.898  9.539  9.179  8.819 
33.759 33.448 33.136 32.824 32.511 32.197 31.883 31.568 31.253 30.937 30.620 30.303 29.985 29.667 29.348 29.028 28.708 28.387 28.065 27.743 27.421 27.097 26.773 26.449 26.123 25.798 25.471 25.144 24.816 24.488 24.159 23.829 23.499 23.168 22.836 22.504 22.171 21.837 21.503 21.168 20.833 20.496 20.160 19.822 19.484 19.145 18.805 18.465 18.124 17.782 17.439 17.096 16.752 16.408 16.062 15.716 15.369 15.022 14.674 14.325 13.975 13.624 13.273 12.921 12.568 12.215 11.860 11.505 11.149 10.793 10.435 10.077  9.718  9.358  8.997  8.636 
33.622 33.311 32.999 32.687 32.374 32.060 31.746 31.431 31.115 30.799 30.482 30.165 29.847 29.528 29.209 28.889 28.568 28.247 27.925 27.603 27.280 26.956 26.632 26.306 25.981 25.654 25.328 25.000 24.672 24.343 24.013 23.683 23.352 23.020 22.688 22.355 22.022 21.687 21.352 21.017 20.681 20.344 20.006 19.668 19.328 18.989 18.648 18.307 17.965 17.623 17.279 16.935 16.591 16.245 15.899 15.552 15.204 14.856 14.507 14.157 13.806 13.455 13.102 12.749 12.396 12.041 11.686 11.330 10.973 10.615 10.257  9.898  9.538  9.177  8.815  8.453 
33.481 33.170 32.858 32.545 32.232 31.919 31.604 31.289 30.973 30.657 30.340 30.023 29.704 29.385 29.066 28.746 28.425 28.103 27.781 27.458 27.135 26.811 26.486 26.160 25.834 25.508 25.180 24.852 24.523 24.194 23.864 23.533 23.202 22.870 22.537 22.203 21.869 21.534 21.199 20.862 20.526 20.188 19.850 19.510 19.171 18.830 18.489 18.147 17.805 17.461 17.117 16.772 16.427 16.081 15.734 15.386 15.037 14.688 14.338 13.987 13.636 13.284 12.931 12.577 12.222 11.867 11.511 11.154 10.796 10.438 10.078  9.718  9.357  8.996  8.633  8.270 
33.336 33.025 32.713 32.400 32.087 31.773 31.459 31.144 30.828 30.511 30.194 29.876 29.558 29.239 28.919 28.599 28.277 27.956 27.633 27.310 26.986 26.662 26.337 26.011 25.685 25.357 25.030 24.701 24.372 24.042 23.712 23.380 23.048 22.716 22.382 22.048 21.714 21.378 21.042 20.705 20.368 20.030 19.691 19.351 19.011 18.669 18.328 17.985 17.642 17.298 16.953 16.608 16.261 15.914 15.567 15.218 14.869 14.519 14.168 13.817 13.465 13.112 12.758 12.403 12.048 11.692 11.335 10.977 10.619 10.259  9.899  9.538  9.177  8.814  8.451  8.087 
33.187 32.876 32.564 32.251 31.938 31.624 31.310 30.995 30.679 30.362 30.045 29.727 29.408 29.089 28.769 28.448 28.127 27.805 27.482 27.159 26.835 26.510 26.185 25.858 25.532 25.204 24.876 24.547 24.218 23.887 23.556 23.225 22.892 22.559 22.225 21.891 21.556 21.220 20.883 20.546 20.208 19.869 19.529 19.189 18.848 18.507 18.164 17.821 17.477 17.133 16.787 16.441 16.094 15.747 15.398 15.049 14.699 14.349 13.997 13.645 13.292 12.938 12.584 12.229 11.873 11.516 11.158 10.800 10.440 10.080  9.720  9.358  8.996  8.632  8.268  7.904 
33.035 32.724 32.412 32.100 31.786 31.472 31.158 30.842 30.526 30.210 29.892 29.574 29.255 28.936 28.616 28.295 27.973 27.651 27.328 27.004 26.680 26.355 26.029 25.703 25.376 25.048 24.720 24.390 24.060 23.730 23.398 23.066 22.734 22.400 22.066 21.731 21.395 21.059 20.722 20.384 20.046 19.706 19.366 19.026 18.684 18.342 17.999 17.655 17.311 16.966 16.620 16.273 15.926 15.577 15.228 14.879 14.528 14.177 13.825 13.472 13.119 12.764 12.409 12.053 11.697 11.339 10.981 10.622 10.262  9.901  9.540  9.178  8.815  8.451  8.086  7.720 
32.880 32.569 32.257 31.945 31.631 31.317 31.003 30.687 30.371 30.054 29.737 29.419 29.100 28.780 28.460 28.139 27.817 27.494 27.171 26.847 26.523 26.198 25.872 25.545 25.218 24.889 24.561 24.231 23.901 23.570 23.238 22.906 22.573 22.239 21.904 21.569 21.233 20.896 20.559 20.220 19.881 19.542 19.201 18.860 18.518 18.175 17.832 17.488 17.143 16.797 16.451 16.104 15.756 15.407 15.057 14.707 14.356 14.004 13.652 13.298 12.944 12.589 12.234 11.877 11.520 11.162 10.803 10.443 10.083  9.722  9.360  8.997  8.633  8.269  7.904  7.537 
32.723 32.412 32.100 31.787 31.474 31.160 30.845 30.529 30.213 29.896 29.579 29.260 28.941 28.622 28.301 27.980 27.658 27.335 27.012 26.688 26.363 26.038 25.712 25.385 25.057 24.729 24.400 24.070 23.739 23.408 23.076 22.743 22.410 22.075 21.741 21.405 21.068 20.731 20.393 20.055 19.715 19.375 19.034 18.693 18.351 18.007 17.664 17.319 16.974 16.627 16.281 15.933 15.584 15.235 14.885 14.535 14.183 13.831 13.478 13.124 12.769 12.414 12.058 11.701 11.343 10.984 10.625 10.265  9.904  9.542  9.179  8.816  8.452  8.087  7.721  7.354 
32.563 32.252 31.940 31.627 31.314 31.000 30.685 30.369 30.053 29.736 29.418 29.100 28.781 28.461 28.140 27.819 27.497 27.174 26.851 26.526 26.201 25.876 25.549 25.222 24.894 24.566 24.236 23.906 23.575 23.244 22.912 22.579 22.245 21.910 21.575 21.239 20.902 20.565 20.227 19.888 19.548 19.207 18.866 18.524 18.181 17.838 17.494 17.149 16.803 16.456 16.109 15.761 15.412 15.062 14.712 14.361 14.009 13.656 13.303 12.948 12.593 12.237 11.881 11.523 11.165 10.806 10.446 10.085  9.724  9.362  8.999  8.635  8.270  7.905  7.538  7.171 
32.401 32.090 31.778 31.465 31.152 30.838 30.523 30.207 29.891 29.574 29.256 28.937 28.618 28.298 27.977 27.656 27.334 27.011 26.687 26.363 26.038 25.712 25.385 25.058 24.730 24.401 24.071 23.741 23.410 23.078 22.746 22.412 22.078 21.743 21.408 21.072 20.735 20.397 20.058 19.719 19.379 19.038 18.697 18.354 18.011 17.667 17.323 16.977 16.631 16.284 15.937 15.588 15.239 14.889 14.538 14.186 13.834 13.481 13.127 12.772 12.417 12.060 11.703 11.345 10.987 10.627 10.267  9.906  9.544  9.181  8.818  8.454  8.088  7.723  7.356  6.988 
32.237 31.926 31.614 31.301 30.988 30.674 30.359 30.043 29.727 29.409 29.091 28.773 28.453 28.133 27.813 27.491 27.169 26.846 26.522 26.197 25.872 25.546 25.219 24.892 24.563 24.234 23.904 23.574 23.243 22.911 22.578 22.244 21.910 21.575 21.239 20.903 20.565 20.227 19.889 19.549 19.209 18.868 18.526 18.183 17.840 17.495 17.150 16.805 16.458 16.111 15.763 15.414 15.065 14.714 14.363 14.011 13.658 13.305 12.951 12.595 12.240 11.883 11.525 11.167 10.808 10.448 10.088  9.726  9.364  9.001  8.637  8.272  7.907  7.540  7.173  6.805 
32.071 31.760 31.448 31.135 30.822 30.508 30.193 29.877 29.561 29.243 28.925 28.607 28.287 27.967 27.646 27.324 27.002 26.679 26.355 26.030 25.705 25.378 25.052 24.724 24.395 24.066 23.736 23.406 23.074 22.742 22.409 22.075 21.741 21.405 21.069 20.733 20.395 20.057 19.718 19.378 19.037 18.696 18.354 18.011 17.667 17.323 16.977 16.631 16.284 15.937 15.589 15.239 14.889 14.539 14.187 13.835 13.482 13.128 12.773 12.418 12.062 11.705 11.347 10.988 10.629 10.269  9.908  9.546  9.183  8.820  8.456  8.090  7.725  7.358  6.990  6.622 
31.904 31.593 31.281 30.968 30.654 30.340 30.025 29.709 29.393 29.076 28.758 28.439 28.119 27.799 27.478 27.156 26.834 26.510 26.186 25.861 25.536 25.210 24.882 24.555 24.226 23.897 23.567 23.236 22.904 22.572 22.238 21.905 21.570 21.234 20.898 20.561 20.223 19.885 19.546 19.205 18.865 18.523 18.181 17.837 17.493 17.149 16.803 16.457 16.110 15.762 15.413 15.064 14.714 14.363 14.011 13.658 13.305 12.951 12.596 12.240 11.884 11.526 11.168 10.809 10.449 10.089  9.728  9.365  9.002  8.639  8.274  7.909  7.542  7.175  6.808  6.439 
31.735 31.424 31.112 30.799 30.486 30.171 29.856 29.540 29.224 28.907 28.588 28.270 27.950 27.630 27.309 26.987 26.664 26.341 26.016 25.692 25.366 25.039 24.712 24.384 24.055 23.726 23.396 23.065 22.733 22.400 22.067 21.733 21.398 21.062 20.726 20.389 20.051 19.712 19.372 19.032 18.691 18.349 18.007 17.663 17.319 16.974 16.628 16.282 15.934 15.586 15.237 14.888 14.537 14.186 13.834 13.481 13.127 12.773 12.418 12.062 11.705 11.347 10.989 10.630 10.270  9.909  9.547  9.185  8.821  8.457  8.092  7.727  7.360  6.993  6.625  6.256 
31.565 31.254 30.942 30.629 30.315 30.001 29.686 29.370 29.053 28.736 28.418 28.099 27.779 27.459 27.138 26.816 26.493 26.170 25.845 25.520 25.195 24.868 24.541 24.213 23.884 23.554 23.224 22.892 22.560 22.228 21.894 21.560 21.225 20.889 20.552 20.215 19.877 19.538 19.198 18.858 18.517 18.175 17.832 17.488 17.144 16.798 16.453 16.106 15.758 15.410 15.061 14.711 14.360 14.009 13.656 13.303 12.949 12.595 12.239 11.883 11.526 11.168 10.809 10.450 10.089  9.728  9.366  9.004  8.640  8.276  7.911  7.545  7.178  6.810  6.442  6.073 
31.394 31.082 30.770 30.457 30.144 29.830 29.514 29.199 28.882 28.565 28.246 27.927 27.608 27.287 26.966 26.644 26.321 25.997 25.673 25.348 25.022 24.695 24.368 24.040 23.711 23.381 23.051 22.719 22.387 22.054 21.721 21.386 21.051 20.715 20.378 20.041 19.702 19.363 19.023 18.683 18.341 17.999 17.656 17.312 16.968 16.622 16.276 15.929 15.581 15.233 14.884 14.533 14.182 13.831 13.478 13.125 12.771 12.416 12.060 11.704 11.346 10.988 10.629 10.270  9.909  9.548  9.186  8.823  8.459  8.094  7.729  7.363  6.996  6.628  6.259  5.890 
31.221 30.910 30.598 30.285 29.971 29.657 29.342 29.026 28.709 28.392 28.074 27.755 27.435 27.114 26.793 26.471 26.148 25.824 25.500 25.175 24.849 24.522 24.194 23.866 23.537 23.207 22.877 22.545 22.213 21.880 21.546 21.212 20.876 20.540 20.203 19.866 19.527 19.188 18.848 18.507 18.165 17.823 17.480 17.136 16.791 16.445 16.099 15.752 15.404 15.055 14.706 14.355 14.004 13.652 13.300 12.946 12.592 12.237 11.881 11.524 11.167 10.808 10.449 10.089  9.728  9.367  9.005  8.641  8.277  7.913  7.547  7.181  6.813  6.445  6.076  5.707 
31.048 30.736 30.424 30.111 29.798 29.484 29.168 28.852 28.536 28.218 27.900 27.581 27.261 26.940 26.619 26.297 25.974 25.650 25.326 25.000 24.674 24.348 24.020 23.692 23.362 23.032 22.702 22.370 22.038 21.705 21.371 21.036 20.701 20.364 20.027 19.690 19.351 19.012 18.671 18.330 17.989 17.646 17.303 16.959 16.614 16.268 15.921 15.574 15.226 14.877 14.527 14.177 13.826 13.474 13.121 12.767 12.412 12.057 11.701 11.344 10.986 10.628 10.269  9.908  9.548  9.186  8.823  8.460  8.096  7.731  7.365  6.998  6.631  6.263  5.894  5.524 
30.873 30.562 30.250 29.937 29.623 29.309 28.994 28.678 28.361 28.044 27.725 27.406 27.086 26.766 26.444 26.122 25.799 25.475 25.151 24.825 24.499 24.172 23.845 23.516 23.187 22.857 22.526 22.194 21.862 21.529 21.195 20.860 20.524 20.188 19.851 19.513 19.174 18.835 18.494 18.153 17.811 17.469 17.125 16.781 16.436 16.090 15.743 15.396 15.048 14.699 14.349 13.998 13.647 13.294 12.941 12.587 12.233 11.877 11.521 11.164 10.806 10.447 10.088  9.728  9.366  9.005  8.642  8.278  7.914  7.549  7.183  6.816  6.448  6.080  5.711  5.341 
30.698 30.387 30.075 29.762 29.448 29.134 28.819 28.503 28.186 27.868 27.550 27.231 26.911 26.590 26.269 25.947 25.624 25.300 24.975 24.650 24.323 23.996 23.669 23.340 23.011 22.681 22.350 22.018 21.685 21.352 21.018 20.683 20.348 20.011 19.674 19.336 18.997 18.657 18.317 17.976 17.634 17.291 16.947 16.603 16.258 15.912 15.565 15.217 14.869 14.520 14.170 13.819 13.467 13.115 12.762 12.408 12.053 11.697 11.341 10.983 10.625 10.267  9.907  9.546  9.185  8.823  8.460  8.096  7.732  7.367  7.000  6.634  6.266  5.897  5.528  5.157 
30.522 30.211 29.899 29.586 29.272 28.958 28.643 28.327 28.010 27.692 27.374 27.055 26.735 26.414 26.093 25.770 25.447 25.123 24.799 24.473 24.147 23.820 23.492 23.163 22.834 22.504 22.173 21.841 21.508 21.175 20.841 20.506 20.170 19.834 19.496 19.158 18.819 18.479 18.139 17.797 17.455 17.112 16.769 16.424 16.079 15.733 15.386 15.038 14.690 14.340 13.990 13.639 13.287 12.935 12.582 12.227 11.872 11.517 11.160 10.803 10.445 10.086  9.726  9.365  9.004  8.642  8.278  7.915  7.550  7.184  6.818  6.451  6.083  5.714  5.345  4.974 
30.346 30.034 29.722 29.409 29.096 28.781 28.466 28.150 27.833 27.516 27.197 26.878 26.558 26.237 25.916 25.593 25.270 24.946 24.622 24.296 23.970 23.643 23.315 22.986 22.657 22.326 21.995 21.663 21.331 20.997 20.663 20.328 19.992 19.655 19.318 18.980 18.641 18.301 17.960 17.619 17.277 16.934 16.590 16.245 15.900 15.553 15.206 14.859 14.510 14.161 13.810 13.459 13.107 12.755 12.401 12.047 11.692 11.336 10.979 10.622 10.264  9.904  9.544  9.184  8.822  8.460  8.097  7.733  7.368  7.002  6.636  6.269  5.900  5.532  5.162  4.791 
30.168 29.857 29.545 29.232 28.919 28.604 28.289 27.973 27.656 27.338 27.020 26.701 26.381 26.060 25.738 25.416 25.093 24.769 24.444 24.118 23.792 23.465 23.137 22.808 22.479 22.148 21.817 21.485 21.153 20.819 20.485 20.150 19.814 19.477 19.139 18.801 18.462 18.122 17.781 17.440 17.097 16.754 16.410 16.066 15.720 15.374 15.027 14.679 14.330 13.981 13.630 13.279 12.927 12.574 12.221 11.866 11.511 11.155 10.798 10.441 10.082  9.723  9.363  9.002  8.640  8.278  7.915  7.551  7.186  6.820  6.453  6.086  5.718  5.349  4.979  4.608 
29.991 29.679 29.367 29.054 28.741 28.426 28.111 27.795 27.478 27.160 26.842 26.523 26.203 25.882 25.560 25.238 24.915 24.591 24.266 23.940 23.614 23.287 22.959 22.630 22.300 21.970 21.639 21.307 20.974 20.640 20.306 19.971 19.635 19.298 18.960 18.622 18.283 17.943 17.602 17.260 16.918 16.575 16.231 15.886 15.540 15.194 14.847 14.499 14.150 13.800 13.450 13.098 12.746 12.394 12.040 11.685 11.330 10.974 10.617 10.259  9.901  9.541  9.181  8.820  8.459  8.096  7.733  7.368  7.003  6.637  6.271  5.903  5.535  5.166  4.796  4.425 
29.812 29.501 29.189 28.876 28.562 28.248 27.933 27.617 27.300 26.982 26.664 26.344 26.024 25.704 25.382 25.059 24.736 24.412 24.087 23.762 23.435 23.108 22.780 22.451 22.121 21.791 21.460 21.128 20.795 20.461 20.127 19.791 19.455 19.119 18.781 18.442 18.103 17.763 17.422 17.081 16.738 16.395 16.051 15.706 15.360 15.014 14.666 14.318 13.969 13.620 13.269 12.918 12.566 12.213 11.859 11.504 11.149 10.793 10.436 10.078  9.719  9.360  9.000  8.638  8.277  7.914  7.550  7.186  6.821  6.455  6.088  5.721  5.352  4.983  4.613  4.242 
29.634 29.322 29.010 28.697 28.384 28.069 27.754 27.438 27.121 26.803 26.485 26.166 25.846 25.525 25.203 24.881 24.557 24.233 23.908 23.583 23.256 22.929 22.601 22.272 21.942 21.612 21.280 20.948 20.615 20.282 19.947 19.612 19.276 18.939 18.601 18.263 17.923 17.583 17.242 16.901 16.558 16.215 15.870 15.526 15.180 14.833 14.486 14.138 13.789 13.439 13.088 12.737 12.385 12.032 11.678 11.323 10.968 10.611 10.254  9.896  9.538  9.178  8.818  8.457  8.095  7.732  7.368  7.004  6.639  6.272  5.906  5.538  5.169  4.800  4.430  4.059 
29.455 29.143 28.831 28.518 28.205 27.890 27.575 27.259 26.942 26.624 26.306 25.986 25.666 25.345 25.024 24.701 24.378 24.054 23.729 23.403 23.077 22.749 22.421 22.092 21.763 21.432 21.101 20.769 20.436 20.102 19.767 19.432 19.096 18.759 18.421 18.083 17.743 17.403 17.062 16.720 16.378 16.034 15.690 15.345 14.999 14.652 14.305 13.957 13.608 13.258 12.907 12.556 12.203 11.850 11.496 11.142 10.786 10.430 10.072  9.714  9.356  8.996  8.636  8.274  7.912  7.550  7.186  6.821  6.456  6.090  5.723  5.355  4.987  4.617  4.247  3.876 
29.275 28.964 28.652 28.339 28.025 27.711 27.395 27.079 26.762 26.445 26.126 25.807 25.487 25.166 24.844 24.522 24.198 23.874 23.549 23.223 22.897 22.570 22.241 21.912 21.583 21.252 20.921 20.589 20.256 19.922 19.587 19.252 18.916 18.579 18.241 17.902 17.563 17.222 16.881 16.540 16.197 15.853 15.509 15.164 14.818 14.471 14.124 13.776 13.427 13.077 12.726 12.374 12.022 11.669 11.315 10.960 10.604 10.248  9.891  9.533  9.174  8.814  8.454  8.092  7.730  7.367  7.003  6.639  6.273  5.907  5.540  5.172  4.804  4.434  4.064  3.693 
29.095 28.784 28.472 28.159 27.845 27.531 27.216 26.899 26.583 26.265 25.946 25.627 25.307 24.986 24.664 24.342 24.018 23.694 23.369 23.043 22.717 22.389 22.061 21.732 21.402 21.072 20.740 20.408 20.075 19.741 19.407 19.071 18.735 18.398 18.060 17.721 17.382 17.042 16.701 16.359 16.016 15.673 15.328 14.983 14.637 14.290 13.943 13.594 13.245 12.895 12.544 12.193 11.840 11.487 11.133 10.778 10.423 10.066  9.709  9.351  8.992  8.632  8.271  7.910  7.548  7.185  6.821  6.456  6.091  5.725  5.358  4.990  4.621  4.251  3.881  3.510 
28.915 28.604 28.292 27.979 27.665 27.351 27.035 26.719 26.402 26.085 25.766 25.447 25.127 24.806 24.484 24.161 23.838 23.514 23.189 22.863 22.536 22.209 21.881 21.552 21.222 20.891 20.560 20.228 19.895 19.561 19.226 18.891 18.554 18.217 17.879 17.541 17.201 16.861 16.520 16.178 15.835 15.491 15.147 14.802 14.456 14.109 13.761 13.413 13.064 12.714 12.363 12.011 11.659 11.305 10.951 10.596 10.241  9.884  9.527  9.168  8.810  8.450  8.089  7.728  7.365  7.002  6.638  6.274  5.908  5.542  5.175  4.807  4.438  4.068  3.698  3.327 
28.735 28.424 28.111 27.799 27.485 27.170 26.855 26.539 26.222 25.904 25.586 25.266 24.946 24.625 24.303 23.981 23.657 23.333 23.008 22.682 22.356 22.028 21.700 21.371 21.041 20.711 20.379 20.047 19.714 19.380 19.045 18.710 18.373 18.036 17.698 17.360 17.020 16.680 16.338 15.996 15.654 15.310 14.966 14.620 14.274 13.928 13.580 13.231 12.882 12.532 12.181 11.829 11.477 11.123 10.769 10.414 10.059  9.702  9.345  8.986  8.627  8.267  7.907  7.545  7.183  6.820  6.456  6.091  5.726  5.359  4.992  4.624  4.255  3.885  3.515  3.144 
28.554 28.243 27.931 27.618 27.304 26.990 26.674 26.358 26.041 25.724 25.405 25.086 24.765 24.444 24.123 23.800 23.477 23.152 22.827 22.502 22.175 21.848 21.519 21.190 20.860 20.530 20.198 19.866 19.533 19.199 18.864 18.529 18.192 17.855 17.517 17.178 16.839 16.498 16.157 15.815 15.472 15.129 14.784 14.439 14.093 13.746 13.398 13.050 12.700 12.350 11.999 11.647 11.295 10.941 10.587 10.232  9.876  9.520  9.162  8.804  8.445  8.085  7.724  7.363  7.000  6.637  6.273  5.908  5.543  5.176  4.809  4.441  4.072  3.703  3.332  2.961 
28.373 28.062 27.750 27.437 27.123 26.809 26.493 26.177 25.860 25.543 25.224 24.905 24.584 24.263 23.942 23.619 23.296 22.971 22.646 22.321 21.994 21.666 21.338 21.009 20.679 20.348 20.017 19.685 19.351 19.018 18.683 18.347 18.011 17.674 17.336 16.997 16.657 16.317 15.976 15.633 15.291 14.947 14.602 14.257 13.911 13.564 13.216 12.868 12.518 12.168 11.817 11.465 11.113 10.759 10.405 10.050  9.694  9.338  8.980  8.622  8.263  7.903  7.542  7.180  6.818  6.455  6.091  5.726  5.360  4.994  4.626  4.258  3.889  3.520  3.149  2.778 
28.192 27.881 27.569 27.256 26.942 26.628 26.312 25.996 25.679 25.361 25.043 24.724 24.403 24.082 23.761 23.438 23.114 22.790 22.465 22.139 21.813 21.485 21.157 20.828 20.498 20.167 19.836 19.503 19.170 18.836 18.501 18.166 17.829 17.492 17.154 16.815 16.476 16.135 15.794 15.452 15.109 14.765 14.421 14.075 13.729 13.382 13.034 12.686 12.336 11.986 11.635 11.283 10.931 10.577 10.223  9.868  9.512  9.155  8.798  8.439  8.080  7.720  7.359  6.998  6.635  6.272  5.908  5.543  5.177  4.811  4.443  4.075  3.706  3.337  2.966  2.595 
28.011 27.700 27.388 27.075 26.761 26.446 26.131 25.815 25.498 25.180 24.862 24.542 24.222 23.901 23.579 23.257 22.933 22.609 22.284 21.958 21.631 21.304 20.975 20.646 20.316 19.986 19.654 19.322 18.989 18.655 18.320 17.984 17.648 17.310 16.972 16.634 16.294 15.953 15.612 15.270 14.927 14.583 14.239 13.893 13.547 13.200 12.852 12.504 12.154 11.804 11.453 11.101 10.748 10.395 10.041  9.685  9.330  8.973  8.615  8.257  7.898  7.538  7.177  6.815  6.453  6.089  5.725  5.360  4.995  4.628  4.261  3.892  3.523  3.154  2.783  2.411 
27.830 27.518 27.206 26.893 26.580 26.265 25.950 25.633 25.317 24.999 24.680 24.361 24.041 23.720 23.398 23.075 22.752 22.427 22.102 21.776 21.450 21.122 20.794 20.465 20.135 19.804 19.472 19.140 18.807 18.473 18.138 17.802 17.466 17.129 16.791 16.452 16.112 15.771 15.430 15.088 14.745 14.401 14.057 13.711 13.365 13.018 12.670 12.322 11.972 11.622 11.271 10.919 10.566 10.213  9.858  9.503  9.147  8.790  8.433  8.074  7.715  7.355  6.994  6.632  6.270  5.907  5.542  5.177  4.812  4.445  4.078  3.709  3.340  2.971  2.600  2.228 
27.648 27.337 27.025 26.712 26.398 26.083 25.768 25.452 25.135 24.817 24.499 24.179 23.859 23.538 23.216 22.893 22.570 22.246 21.921 21.595 21.268 20.940 20.612 20.283 19.953 19.622 19.291 18.958 18.625 18.291 17.956 17.620 17.284 16.947 16.609 16.270 15.930 15.589 15.248 14.906 14.563 14.219 13.875 13.529 13.183 12.836 12.488 12.139 11.790 11.440 11.088 10.737 10.384 10.030  9.676  9.321  8.965  8.608  8.250  7.892  7.532  7.172  6.811  6.450  6.087  5.724  5.360  4.995  4.629  4.262  3.895  3.526  3.157  2.788  2.417  2.045 
27.466 27.155 26.843 26.530 26.216 25.902 25.586 25.270 24.953 24.635 24.317 23.997 23.677 23.356 23.034 22.712 22.388 22.064 21.739 21.413 21.086 20.759 20.430 20.101 19.771 19.440 19.109 18.776 18.443 18.109 17.774 17.438 17.102 16.765 16.427 16.088 15.748 15.407 15.066 14.724 14.381 14.037 13.692 13.347 13.001 12.654 12.306 11.957 11.608 11.257 10.906 10.554 10.201  9.848  9.493  9.138  8.782  8.425  8.068  7.709  7.350  6.990  6.629  6.267  5.904  5.541  5.177  4.812  4.446  4.079  3.712  3.344  2.974  2.605  2.234  1.862 
27.284 26.973 26.661 26.348 26.034 25.720 25.404 25.088 24.771 24.454 24.135 23.815 23.495 23.174 22.852 22.530 22.206 21.882 21.557 21.231 20.904 20.577 20.248 19.919 19.589 19.258 18.927 18.594 18.261 17.927 17.592 17.256 16.920 16.583 16.244 15.905 15.566 15.225 14.884 14.542 14.199 13.855 13.510 13.165 12.818 12.471 12.123 11.775 11.425 11.075 10.724 10.372 10.019  9.665  9.311  8.956  8.599  8.243  7.885  7.526  7.167  6.807  6.446  6.084  5.722  5.358  4.994  4.629  4.263  3.896  3.529  3.161  2.791  2.421  2.051  1.679 
27.102 26.791 26.479 26.166 25.852 25.538 25.222 24.906 24.589 24.272 23.953 23.633 23.313 22.992 22.670 22.348 22.024 21.700 21.375 21.049 20.722 20.395 20.066 19.737 19.407 19.076 18.745 18.412 18.079 17.745 17.410 17.074 16.738 16.400 16.062 15.723 15.383 15.043 14.701 14.359 14.016 13.672 13.328 12.982 12.636 12.289 11.941 11.592 11.243 10.892 10.541 10.189  9.836  9.483  9.128  8.773  8.417  8.060  7.702  7.344  6.984  6.624  6.263  5.901  5.539  5.175  4.811  4.446  4.080  3.713  3.346  2.978  2.608  2.238  1.868  1.496 
26.920 26.609 26.297 25.984 25.670 25.356 25.040 24.724 24.407 24.089 23.771 23.451 23.131 22.810 22.488 22.166 21.842 21.518 21.193 20.867 20.540 20.212 19.884 19.555 19.225 18.894 18.562 18.230 17.897 17.563 17.228 16.892 16.555 16.218 15.880 15.541 15.201 14.861 14.519 14.177 13.834 13.490 13.145 12.800 12.453 12.106 11.758 11.410 11.060 10.710 10.358 10.006  9.654  9.300  8.946  8.590  8.234  7.877  7.519  7.161  6.802  6.441  6.080  5.719  5.356  4.992  4.628  4.263  3.897  3.530  3.163  2.795  2.425  2.055  1.685  1.313 
26.738 26.427 26.115 25.802 25.488 25.174 24.858 24.542 24.225 23.907 23.589 23.269 22.949 22.628 22.306 21.983 21.660 21.336 21.010 20.684 20.358 20.030 19.702 19.373 19.042 18.712 18.380 18.048 17.714 17.380 17.045 16.710 16.373 16.036 15.697 15.359 15.019 14.678 14.337 13.994 13.651 13.307 12.963 12.617 12.271 11.924 11.576 11.227 10.877 10.527 10.176  9.824  9.471  9.117  8.763  8.408  8.051  7.694  7.337  6.978  6.619  6.259  5.898  5.536  5.173  4.810  4.445  4.080  3.714  3.348  2.980  2.612  2.242  1.872  1.502  1.130 
26.556 26.245 25.933 25.620 25.306 24.991 24.676 24.360 24.043 23.725 23.406 23.087 22.767 22.446 22.124 21.801 21.478 21.153 20.828 20.502 20.175 19.848 19.519 19.190 18.860 18.529 18.198 17.865 17.532 17.198 16.863 16.527 16.191 15.853 15.515 15.176 14.836 14.496 14.154 13.812 13.469 13.125 12.780 12.435 12.088 11.741 11.393 11.044 10.695 10.344  9.993  9.641  9.288  8.935  8.580  8.225  7.869  7.512  7.154  6.795  6.436  6.076  5.715  5.353  4.990  4.627  4.262  3.897  3.531  3.165  2.797  2.429  2.059  1.689  1.319  0.947 
26.374 26.062 25.750 25.437 25.124 24.809 24.494 24.177 23.860 23.543 23.224 22.905 22.584 22.263 21.941 21.619 21.295 20.971 20.646 20.320 19.993 19.665 19.337 19.008 18.678 18.347 18.015 17.683 17.349 17.015 16.680 16.345 16.008 15.671 15.333 14.994 14.654 14.313 13.972 13.629 13.286 12.942 12.598 12.252 11.906 11.559 11.211 10.862 10.512 10.162  9.811  9.458  9.106  8.752  8.397  8.042  7.686  7.329  6.971  6.613  6.253  5.893  5.532  5.170  4.807  4.444  4.079  3.714  3.348  2.982  2.614  2.246  1.876  1.506  1.135  0.764 
26.191 25.880 25.568 25.255 24.941 24.627 24.311 23.995 23.678 23.360 23.042 22.722 22.402 22.081 21.759 21.436 21.113 20.788 20.463 20.137 19.811 19.483 19.155 18.825 18.495 18.164 17.833 17.500 17.167 16.833 16.498 16.162 15.826 15.488 15.150 14.811 14.471 14.130 13.789 13.447 13.104 12.760 12.415 12.069 11.723 11.376 11.028 10.679 10.329  9.979  9.628  9.276  8.923  8.569  8.215  7.859  7.503  7.146  6.788  6.430  6.070  5.710  5.349  4.987  4.624  4.261  3.897  3.531  3.165  2.799  2.431  2.063  1.693  1.323  0.952  0.581 
26.009 25.697 25.385 25.072 24.759 24.444 24.129 23.813 23.496 23.178 22.859 22.540 22.219 21.898 21.576 21.254 20.930 20.606 20.281 19.955 19.628 19.300 18.972 18.643 18.313 17.982 17.650 17.318 16.984 16.650 16.315 15.980 15.643 15.306 14.967 14.628 14.289 13.948 13.606 13.264 12.921 12.577 12.232 11.887 11.540 11.193 10.845 10.496 10.147  9.796  9.445  9.093  8.740  8.386  8.032  7.676  7.320  6.963  6.605  6.247  5.887  5.527  5.166  4.804  4.441  4.078  3.714  3.348  2.982  2.616  2.248  1.880  1.510  1.140  0.769  0.398 
25.826 25.515 25.203 24.890 24.576 24.262 23.946 23.630 23.313 22.995 22.677 22.357 22.037 21.716 21.394 21.071 20.748 20.423 20.098 19.772 19.445 19.118 18.789 18.460 18.130 17.799 17.468 17.135 16.802 16.468 16.133 15.797 15.460 15.123 14.785 14.446 14.106 13.765 13.424 13.081 12.738 12.394 12.050 11.704 11.358 11.010 10.662 10.314  9.964  9.614  9.262  8.910  8.557  8.203  7.849  7.494  7.137  6.780  6.423  6.064  5.704  5.344  4.983  4.621  4.258  3.895  3.531  3.165  2.799  2.433  2.065  1.697  1.327  0.957  0.586  0.215 
25.644 25.332 25.020 24.707 24.394 24.079 23.764 23.448 23.131 22.813 22.494 22.175 21.854 21.533 21.211 20.889 20.565 20.241 19.916 19.590 19.263 18.935 18.607 18.278 17.948 17.617 17.285 16.952 16.619 16.285 15.950 15.614 15.278 14.940 14.602 14.263 13.923 13.582 13.241 12.899 12.556 12.212 11.867 11.521 11.175 10.828 10.480 10.131  9.781  9.431  9.079  8.727  8.374  8.021  7.666  7.311  6.955  6.597  6.240  5.881  5.522  5.161  4.800  4.438  4.076  3.712  3.348  2.982  2.616  2.250  1.882  1.514  1.144  0.774  0.403  0.031 
25.461 25.150 24.838 24.525 24.211 23.896 23.581 23.265 22.948 22.630 22.311 21.992 21.672 21.351 21.029 20.706 20.382 20.058 19.733 19.407 19.080 18.753 18.424 18.095 17.765 17.434 17.102 16.770 16.436 16.102 15.767 15.432 15.095 14.758 14.419 14.080 13.740 13.400 13.058 12.716 12.373 12.029 11.684 11.338 10.992 10.645 10.297  9.948  9.598  9.248  8.897  8.544  8.192  7.838  7.483  7.128  6.772  6.415  6.057  5.698  5.339  4.978  4.617  4.255  3.893  3.529  3.165  2.799  2.433  2.067  1.699  1.330  0.961  0.591  0.220 -0.152 
25.278 24.967 24.655 24.342 24.028 23.714 23.398 23.082 22.765 22.447 22.129 21.809 21.489 21.168 20.846 20.523 20.200 19.875 19.550 19.224 18.897 18.570 18.241 17.912 17.582 17.251 16.920 16.587 16.254 15.919 15.585 15.249 14.912 14.575 14.236 13.897 13.557 13.217 12.875 12.533 12.190 11.845 11.501 11.155 10.808 10.461 10.113  9.764  9.413  9.063  8.711  8.358  8.005  7.650  7.295  6.938  6.581  6.222  5.863  5.502  5.141  4.778  4.415  4.050  3.684  3.318  2.950  2.581  2.211  1.840  1.468  1.096  0.722  0.347 -0.028 -0.335 
25.095 24.784 24.472 24.159 23.845 23.531 23.215 22.899 22.582 22.264 21.945 21.626 21.306 20.984 20.662 20.340 20.016 19.691 19.366 19.040 18.713 18.385 18.057 17.727 17.397 17.066 16.734 16.401 16.067 15.733 15.397 15.061 14.724 14.386 14.047 13.707 13.367 13.026 12.683 12.340 11.996 11.651 11.306 10.959 10.612 10.263  9.914  9.564  9.213  8.861  8.508  8.155  7.800  7.445  7.089  6.731  6.373  6.014  5.654  5.294  4.932  4.569  4.206  3.841  3.476  3.110  2.743  2.375  2.006  1.637  1.267  0.896  0.525  0.154 -0.169 -0.518 
24.910 24.599 24.287 23.974 23.660 23.345 23.030 22.713 22.396 22.078 21.760 21.440 21.119 20.798 20.476 20.153 19.829 19.504 19.179 18.853 18.525 18.197 17.869 17.539 17.208 16.877 16.545 16.212 15.878 15.543 15.208 14.871 14.534 14.196 13.857 13.518 13.177 12.836 12.494 12.151 11.807 11.463 11.117 10.771 10.424 10.077  9.728  9.379  9.029  8.678  8.326  7.973  7.620  7.266  6.911  6.555  6.198  5.840  5.481  5.121  4.759  4.397  4.033  3.668  3.301  2.932  2.562  2.190  1.816  1.440  1.062  0.682  0.300 -0.083 -0.391 -0.701 
24.723 24.412 24.100 23.787 23.473 23.158 22.843 22.527 22.209 21.891 21.573 21.253 20.932 20.611 20.289 19.966 19.642 19.317 18.992 18.665 18.338 18.010 17.681 17.351 17.020 16.689 16.356 16.023 15.689 15.354 15.018 14.681 14.344 14.005 13.666 13.325 12.984 12.642 12.299 11.955 11.611 11.265 10.918 10.571 10.222  9.873  9.523  9.172  8.820  8.467  8.113  7.758  7.403  7.046  6.689  6.331  5.972  5.612  5.251  4.890  4.528  4.165  3.801  3.437  3.072  2.707  2.341  1.975  1.608  1.240  0.873  0.504  0.136 -0.185 -0.534 -0.884 
24.534 24.223 23.911 23.598 23.284 22.969 22.654 22.337 22.020 21.702 21.383 21.063 20.743 20.421 20.099 19.775 19.451 19.126 18.801 18.474 18.147 17.818 17.489 17.159 16.828 16.497 16.164 15.831 15.497 15.162 14.826 14.489 14.152 13.813 13.474 13.134 12.793 12.452 12.109 11.766 11.422 11.077 10.731 10.385 10.038  9.690  9.341  8.991  8.641  8.289  7.937  7.584  7.230  6.875  6.520  6.163  5.805  5.445  5.085  4.723  4.360  3.995  3.629  3.261  2.891  2.519  2.145  1.770  1.392  1.013  0.632  0.249 -0.135 -0.444 -0.755 -1.067 
24.344 24.033 23.721 23.408 23.094 22.779 22.464 22.147 21.830 21.512 21.193 20.873 20.553 20.231 19.909 19.585 19.261 18.936 18.611 18.284 17.956 17.628 17.299 16.968 16.637 16.305 15.973 15.639 15.304 14.969 14.633 14.295 13.957 13.618 13.278 12.938 12.596 12.253 11.910 11.565 11.220 10.874 10.527 10.179  9.830  9.480  9.129  8.778  8.425  8.072  7.718  7.363  7.007  6.651  6.293  5.935  5.577  5.217  4.857  4.496  4.134  3.772  3.409  3.046  2.682  2.317  1.952  1.587  1.221  0.855  0.488  0.121 -0.200 -0.549 -0.899 -1.250 
24.152 23.841 23.529 23.216 22.902 22.587 22.272 21.955 21.638 21.320 21.001 20.681 20.360 20.038 19.716 19.392 19.068 18.743 18.417 18.091 17.763 17.434 17.105 16.775 16.444 16.112 15.780 15.446 15.112 14.777 14.441 14.104 13.767 13.429 13.090 12.750 12.410 12.069 11.727 11.385 11.042 10.699 10.355 10.010  9.665  9.320  8.975  8.629  8.283  7.937  7.590  7.244  6.898  6.552  6.206  5.860  5.515  5.170  4.825  4.481  4.137  3.795  3.453  3.112  2.772  2.434  2.099  1.767  1.442  1.123  0.814  0.514  0.224 -0.061 -0.123  0.031 
23.965 23.654 23.342 23.029 22.715 22.401 22.086 21.770 21.453 21.136 20.818 20.499 20.180 19.859 19.538 19.217 18.895 18.572 18.248 17.924 17.600 17.274 16.949 16.623 16.296 15.970 15.642 15.315 14.988 14.660 14.332 14.004 13.676 13.349 13.021 12.694 12.368 12.041 11.716 11.391 11.067 10.744 10.421 10.101  9.781  9.463  9.146  8.831  8.518  8.207  7.898  7.592  7.288  6.986  6.687  6.392  6.099  5.809  5.523  5.241  4.962  4.687  4.416  4.149  3.886  3.628  3.374  3.124  2.880  2.641  2.406  2.177  1.953  1.734  1.521  1.313 
23.831 23.520 23.209 22.897 22.585 22.272 21.960 21.646 21.333 21.019 20.705 20.391 20.076 19.762 19.447 19.132 18.816 18.501 18.186 17.871 17.556 17.241 16.926 16.611 16.296 15.982 15.669 15.355 15.042 14.730 14.419 14.108 13.798 13.488 13.180 12.873 12.567 12.262 11.958 11.656 11.355 11.055 10.758 10.462 10.168  9.876  9.586  9.298  9.012  8.729  8.449  8.170  7.895  7.623  7.353  7.087  6.824  6.564  6.307  6.054  5.805  5.560  5.318  5.081  4.847  4.618  4.394  4.174  3.959  3.748  3.543  3.343  3.147  2.958  2.773  2.594 
23.808 23.498 23.187 22.876 22.566 22.256 21.946 21.636 21.327 21.018 20.709 20.400 20.092 19.783 19.476 19.168 18.862 18.555 18.249 17.944 17.639 17.335 17.031 16.729 16.427 16.126 15.825 15.526 15.228 14.931 14.634 14.340 14.046 13.754 13.463 13.173 12.886 12.600 12.315 12.032 11.752 11.473 11.196 10.922 10.649 10.380 10.112  9.847  9.585  9.325  9.068  8.814  8.563  8.315  8.071  7.830  7.592  7.358  7.127  6.900  6.677  6.458  6.244  6.033  5.827  5.625  5.427  5.235  5.047  4.864  4.686  4.513  4.346  4.184  4.027  3.876 
23.903 23.592 23.282 22.973 22.665 22.357 22.050 21.743 21.438 21.133 20.828 20.525 20.222 19.921 19.620 19.320 19.021 18.723 18.425 18.129 17.834 17.540 17.247 16.956 16.665 16.376 16.089 15.802 15.517 15.234 14.952 14.672 14.394 14.117 13.842 13.569 13.298 13.029 12.762 12.497 12.235 11.975 11.717 11.462 11.209 10.959 10.712 10.467 10.226  9.987  9.752  9.520  9.291  9.065  8.843  8.625  8.410  8.199  7.992  7.788  7.589  7.394  7.203  7.017  6.835  6.657  6.485  6.317  6.154  5.996  5.843  5.695  5.552  5.415  5.283  5.157 
24.107 23.796 23.487 23.179 22.872 22.567 22.262 21.959 21.656 21.355 21.056 20.757 20.460 20.164 19.869 19.576 19.284 18.994 18.704 18.417 18.131 17.846 17.563 17.282 17.002 16.724 16.447 16.173 15.900 15.630 15.361 15.094 14.829 14.567 14.306 14.048 13.792 13.539 13.288 13.040 12.794 12.550 12.310 12.072 11.837 11.605 11.377 11.151 10.928 10.709 10.493 10.281 10.072  9.866  9.664  9.467  9.272  9.082  8.896  8.714  8.536  8.363  8.194  8.029  7.869  7.714  7.563  7.418  7.277  7.141  7.011  6.886  6.766  6.651  6.542  6.439 
24.411 24.101 23.792 23.485 23.180 22.876 22.574 22.273 21.974 21.677 21.381 21.087 20.795 20.504 20.215 19.928 19.642 19.359 19.077 18.797 18.519 18.243 17.969 17.697 17.426 17.158 16.892 16.629 16.367 16.108 15.851 15.596 15.344 15.095 14.847 14.603 14.361 14.122 13.885 13.651 13.420 13.193 12.968 12.746 12.527 12.312 12.100 11.891 11.685 11.484 11.285 11.091 10.900 10.712 10.529 10.350 10.175 10.003  9.836  9.674  9.515  9.361  9.212  9.067  8.927  8.792  8.662  8.536  8.416  8.300  8.190  8.085  7.986  7.892  7.803  7.720 
24.806 24.496 24.188 23.882 23.578 23.276 22.976 22.678 22.382 22.088 21.796 21.506 21.218 20.932 20.648 20.366 20.087 19.810 19.534 19.261 18.991 18.722 18.456 18.192 17.931 17.672 17.416 17.162 16.910 16.662 16.415 16.172 15.931 15.693 15.458 15.225 14.996 14.770 14.546 14.326 14.109 13.895 13.684 13.477 13.273 13.072 12.875 12.682 12.492 12.306 12.123 11.945 11.770 11.600 11.433 11.271 11.112 10.958 10.809 10.664 10.523 10.387 10.255 10.128 10.006  9.889  9.777  9.670  9.567  9.471  9.379  9.293  9.212  9.136  9.066  9.002 
25.284 24.974 24.667 24.362 24.059 23.758 23.460 23.165 22.871 22.580 22.291 22.005 21.721 21.439 21.160 20.884 20.610 20.338 20.069 19.802 19.538 19.277 19.018 18.762 18.508 18.258 18.010 17.765 17.523 17.283 17.047 16.813 16.583 16.355 16.131 15.910 15.692 15.477 15.265 15.057 14.852 14.651 14.453 14.259 14.068 13.881 13.698 13.518 13.343 13.171 13.003 12.839 12.679 12.524 12.372 12.225 12.082 11.944 11.810 11.681 11.556 11.436 11.320 11.210 11.104 11.003 10.908 10.817 10.732 10.651 10.576 10.507 10.443 10.384 10.331 10.283 
25.837 25.527 25.221 24.916 24.615 24.316 24.019 23.725 23.434 23.146 22.860 22.577 22.297 22.019 21.745 21.472 21.203 20.937 20.673 20.412 20.154 19.899 19.647 19.398 19.152 18.908 18.668 18.431 18.197 17.966 17.739 17.514 17.293 17.075 16.861 16.650 16.442 16.238 16.037 15.840 15.646 15.457 15.270 15.088 14.909 14.735 14.564 14.397 14.234 14.075 13.920 13.770 13.623 13.481 13.344 13.210 13.082 12.957 12.838 12.723 12.612 12.507 12.406 12.310 12.219 12.133 12.053 11.977 11.907 11.841 11.782 11.727 11.678 11.635 11.597 11.565 
26.458 26.149 25.842 25.539 25.238 24.940 24.645 24.353 24.065 23.779 23.495 23.215 22.938 22.664 22.393 22.125 21.860 21.598 21.339 21.083 20.830 20.581 20.334 20.091 19.850 19.613 19.379 19.149 18.921 18.697 18.476 18.258 18.044 17.833 17.625 17.420 17.219 17.021 16.826 16.635 16.447 16.262 16.081 15.903 15.728 15.556 15.387 15.222 15.059 14.900 14.744 14.590 14.440 14.293 14.148 14.006 13.866 13.729 13.595 13.462 13.332 13.205 13.079 12.955 12.833 12.712 12.593 12.475 12.359 12.243 12.129 12.015 11.902 11.789 11.677 11.565 
27.129 26.820 26.513 26.210 25.910 25.613 25.319 25.027 24.739 24.454 24.172 23.893 23.618 23.345 23.075 22.808 22.544 22.284 22.026 21.771 21.519 21.271 21.025 20.783 20.543 20.306 20.073 19.842 19.614 19.389 19.167 18.948 18.732 18.519 18.309 18.101 17.896 17.694 17.495 17.298 17.104 16.913 16.724 16.538 16.355 16.174 15.995 15.819 15.645 15.473 15.303 15.136 14.970 14.807 14.646 14.486 14.329 14.173 14.018 13.866 13.714 13.565 13.416 13.269 13.123 12.978 12.834 12.690 12.548 12.406 12.265 12.125 11.984 11.844 11.705 11.565 
27.803 27.493 27.187 26.883 26.583 26.285 25.991 25.699 25.410 25.124 24.841 24.561 24.284 24.010 23.739 23.470 23.205 22.942 22.682 22.425 22.171 21.920 21.671 21.425 21.182 20.942 20.704 20.469 20.237 20.007 19.780 19.555 19.333 19.114 18.897 18.682 18.470 18.260 18.053 17.848 17.645 17.445 17.246 17.050 16.856 16.664 16.474 16.286 16.100 15.915 15.733 15.552 15.373 15.195 15.019 14.845 14.671 14.500 14.329 14.160 13.992 13.825 13.659 13.495 13.331 13.167 13.005 12.843 12.682 12.522 12.361 12.202 12.042 11.883 11.724 11.565 
28.443 28.134 27.827 27.523 27.222 26.923 26.628 26.335 26.044 25.757 25.472 25.190 24.911 24.634 24.360 24.089 23.820 23.554 23.290 23.030 22.771 22.516 22.262 22.012 21.764 21.518 21.275 21.034 20.796 20.560 20.326 20.095 19.866 19.639 19.414 19.192 18.972 18.754 18.538 18.323 18.111 17.901 17.693 17.487 17.282 17.080 16.879 16.679 16.482 16.286 16.091 15.898 15.706 15.516 15.327 15.140 14.953 14.768 14.584 14.401 14.219 14.038 13.857 13.678 13.499 13.321 13.144 12.967 12.790 12.615 12.439 12.264 12.089 11.914 11.740 11.565 
29.036 28.727 28.419 28.115 27.813 27.513 27.217 26.922 26.630 26.341 26.054 25.769 25.487 25.208 24.931 24.656 24.384 24.114 23.847 23.582 23.319 23.059 22.801 22.545 22.292 22.041 21.792 21.545 21.300 21.058 20.818 20.579 20.343 20.109 19.877 19.647 19.418 19.192 18.968 18.745 18.524 18.305 18.087 17.871 17.657 17.444 17.233 17.024 16.816 16.609 16.403 16.199 15.997 15.795 15.594 15.395 15.197 15.000 14.804 14.608 14.414 14.220 14.027 13.835 13.644 13.453 13.262 13.072 12.883 12.694 12.505 12.317 12.129 11.941 11.753 11.565 
29.579 29.269 28.962 28.657 28.354 28.053 27.755 27.459 27.166 26.875 26.585 26.299 26.014 25.732 25.452 25.174 24.899 24.625 24.354 24.085 23.818 23.553 23.290 23.030 22.771 22.515 22.260 22.008 21.757 21.508 21.262 21.017 20.774 20.533 20.293 20.056 19.820 19.586 19.354 19.123 18.893 18.666 18.440 18.215 17.992 17.770 17.550 17.331 17.113 16.897 16.681 16.467 16.254 16.042 15.832 15.622 15.413 15.205 14.998 14.792 14.586 14.382 14.178 13.974 13.771 13.569 13.367 13.166 12.965 12.764 12.564 12.364 12.164 11.964 11.765 11.565 
30.073 29.763 29.456 29.150 28.846 28.545 28.246 27.948 27.653 27.360 27.069 26.780 26.493 26.208 25.926 25.645 25.366 25.089 24.814 24.541 24.270 24.001 23.734 23.469 23.206 22.944 22.684 22.427 22.170 21.916 21.664 21.413 21.163 20.916 20.670 20.426 20.183 19.942 19.702 19.464 19.227 18.991 18.757 18.525 18.293 18.063 17.835 17.607 17.381 17.155 16.931 16.708 16.486 16.265 16.045 15.825 15.607 15.389 15.173 14.956 14.741 14.526 14.312 14.099 13.886 13.673 13.461 13.249 13.038 12.827 12.616 12.406 12.195 11.985 11.775 11.565 
30.522 30.212 29.904 29.598 29.294 28.991 28.691 28.393 28.096 27.801 27.508 27.217 26.928 26.641 26.356 26.072 25.790 25.510 25.232 24.956 24.681 24.408 24.137 23.867 23.600 23.334 23.069 22.806 22.545 22.286 22.027 21.771 21.516 21.263 21.011 20.760 20.511 20.263 20.017 19.772 19.528 19.286 19.045 18.805 18.566 18.328 18.092 17.857 17.622 17.389 17.157 16.925 16.695 16.465 16.237 16.009 15.782 15.556 15.330 15.105 14.881 14.657 14.434 14.211 13.989 13.767 13.546 13.325 13.104 12.884 12.664 12.444 12.224 12.004 11.785 11.565 
30.929 30.619 30.311 30.004 29.700 29.397 29.095 28.795 28.498 28.201 27.907 27.614 27.323 27.033 26.746 26.459 26.175 25.892 25.611 25.331 25.053 24.777 24.502 24.229 23.957 23.687 23.418 23.150 22.885 22.620 22.357 22.096 21.836 21.577 21.319 21.063 20.808 20.555 20.302 20.051 19.801 19.552 19.305 19.058 18.813 18.568 18.325 18.082 17.841 17.600 17.361 17.122 16.884 16.647 16.411 16.175 15.940 15.706 15.472 15.239 15.007 14.775 14.544 14.313 14.082 13.852 13.622 13.393 13.164 12.935 12.706 12.478 12.249 12.021 11.793 11.565 
31.299 30.989 30.680 30.373 30.068 29.764 29.462 29.161 28.862 28.564 28.268 27.974 27.681 27.389 27.099 26.811 26.524 26.238 25.954 25.672 25.391 25.111 24.833 24.556 24.281 24.006 23.734 23.462 23.192 22.924 22.656 22.390 22.125 21.862 21.599 21.338 21.078 20.819 20.561 20.304 20.049 19.794 19.540 19.288 19.036 18.786 18.536 18.287 18.039 17.792 17.546 17.300 17.055 16.811 16.568 16.325 16.083 15.842 15.601 15.361 15.121 14.882 14.643 14.405 14.167 13.929 13.692 13.455 13.218 12.981 12.745 12.509 12.273 12.037 11.801 11.565 
31.633 31.323 31.015 30.707 30.401 30.097 29.794 29.492 29.192 28.893 28.596 28.300 28.005 27.712 27.420 27.129 26.840 26.552 26.266 25.980 25.697 25.414 25.133 24.853 24.574 24.297 24.020 23.745 23.471 23.199 22.927 22.657 22.388 22.120 21.853 21.587 21.322 21.058 20.795 20.534 20.273 20.013 19.754 19.496 19.239 18.982 18.727 18.472 18.219 17.966 17.713 17.462 17.211 16.960 16.711 16.462 16.213 15.965 15.718 15.471 15.225 14.979 14.733 14.488 14.243 13.999 13.754 13.510 13.267 13.023 12.780 12.537 12.294 12.051 11.808 11.565 
31.937 31.627 31.318 31.010 30.704 30.399 30.095 29.793 29.491 29.191 28.893 28.595 28.299 28.004 27.710 27.418 27.127 26.837 26.548 26.260 25.974 25.689 25.405 25.122 24.840 24.559 24.280 24.002 23.724 23.448 23.173 22.899 22.626 22.354 22.083 21.812 21.543 21.275 21.008 20.741 20.476 20.211 19.947 19.685 19.422 19.161 18.900 18.640 18.381 18.123 17.865 17.608 17.351 17.095 16.840 16.585 16.331 16.077 15.824 15.571 15.318 15.066 14.815 14.563 14.312 14.062 13.811 13.561 13.311 13.061 12.812 12.562 12.313 12.063 11.814 11.565 
32.212 31.902 31.593 31.285 30.978 30.673 30.368 30.065 29.763 29.462 29.162 28.863 28.566 28.269 27.974 27.680 27.387 27.095 26.804 26.514 26.225 25.938 25.651 25.366 25.081 24.798 24.515 24.234 23.954 23.674 23.396 23.118 22.841 22.566 22.291 22.017 21.744 21.472 21.200 20.930 20.660 20.391 20.123 19.855 19.589 19.323 19.057 18.793 18.529 18.265 18.003 17.740 17.479 17.218 16.957 16.697 16.438 16.178 15.920 15.661 15.404 15.146 14.889 14.632 14.375 14.119 13.863 13.607 13.351 13.096 12.840 12.585 12.330 12.075 11.820 11.565 
32.462 32.151 31.842 31.534 31.227 30.921 30.616 30.312 30.009 29.707 29.406 29.106 28.807 28.509 28.213 27.917 27.622 27.329 27.036 26.744 26.453 26.164 25.875 25.587 25.300 25.014 24.729 24.445 24.161 23.879 23.597 23.317 23.037 22.758 22.480 22.202 21.926 21.650 21.375 21.101 20.827 20.554 20.282 20.010 19.740 19.469 19.200 18.931 18.662 18.395 18.127 17.861 17.594 17.329 17.063 16.799 16.534 16.270 16.007 15.743 15.481 15.218 14.956 14.694 14.432 14.171 13.910 13.649 13.388 13.127 12.867 12.606 12.346 12.085 11.825 11.565 
32.688 32.378 32.068 31.760 31.452 31.146 30.840 30.535 30.232 29.929 29.627 29.326 29.026 28.727 28.429 28.132 27.836 27.541 27.246 26.953 26.660 26.368 26.077 25.787 25.498 25.210 24.922 24.636 24.350 24.065 23.780 23.497 23.214 22.932 22.651 22.370 22.091 21.812 21.533 21.255 20.978 20.702 20.426 20.151 19.876 19.602 19.329 19.056 18.784 18.512 18.240 17.970 17.699 17.429 17.160 16.891 16.622 16.354 16.086 15.818 15.551 15.283 15.017 14.750 14.484 14.218 13.952 13.686 13.421 13.155 12.890 12.625 12.360 12.095 11.830 11.565 
32.893 32.583 32.273 31.964 31.656 31.350 31.043 30.738 30.434 30.130 29.828 29.526 29.225 28.925 28.626 28.327 28.030 27.733 27.437 27.142 26.847 26.554 26.261 25.969 25.678 25.387 25.098 24.809 24.521 24.233 23.946 23.660 23.375 23.090 22.806 22.523 22.240 21.958 21.677 21.396 21.116 20.836 20.557 20.278 20.000 19.723 19.446 19.169 18.894 18.618 18.343 18.068 17.794 17.520 17.247 16.974 16.701 16.429 16.157 15.885 15.614 15.343 15.072 14.801 14.531 14.260 13.990 13.721 13.451 13.181 12.912 12.642 12.373 12.104 11.834 11.565 
33.079 32.768 32.459 32.150 31.842 31.534 31.228 30.922 30.617 30.313 30.009 29.707 29.405 29.104 28.803 28.504 28.205 27.907 27.610 27.313 27.017 26.722 26.427 26.134 25.841 25.548 25.257 24.966 24.675 24.386 24.097 23.808 23.521 23.233 22.947 22.661 22.376 22.091 21.807 21.523 21.240 20.957 20.675 20.394 20.113 19.832 19.552 19.272 18.993 18.714 18.436 18.158 17.880 17.603 17.326 17.050 16.773 16.497 16.222 15.946 15.671 15.396 15.122 14.847 14.573 14.299 14.025 13.751 13.478 13.204 12.931 12.658 12.384 12.111 11.838 11.565 
33.247 32.937 32.627 32.318 32.010 31.702 31.395 31.089 30.783 30.478 30.174 29.871 29.568 29.266 28.965 28.664 28.364 28.065 27.766 27.468 27.171 26.874 26.578 26.283 25.988 25.694 25.401 25.108 24.816 24.524 24.233 23.942 23.653 23.363 23.074 22.786 22.498 22.211 21.925 21.638 21.353 21.067 20.783 20.498 20.215 19.931 19.648 19.366 19.083 18.802 18.520 18.239 17.958 17.678 17.398 17.118 16.839 16.559 16.281 16.002 15.723 15.445 15.167 14.889 14.612 14.334 14.057 13.780 13.503 13.226 12.949 12.672 12.395 12.118 11.842 11.565 
33.400 33.090 32.780 32.470 32.162 31.854 31.547 31.240 30.934 30.628 30.324 30.020 29.716 29.413 29.111 28.809 28.508 28.208 27.908 27.609 27.311 27.013 26.715 26.418 26.122 25.826 25.531 25.237 24.943 24.649 24.357 24.064 23.772 23.481 23.190 22.900 22.610 22.320 22.031 21.743 21.455 21.167 20.880 20.593 20.307 20.021 19.735 19.450 19.165 18.881 18.597 18.313 18.029 17.746 17.463 17.180 16.898 16.616 16.334 16.052 15.771 15.489 15.208 14.927 14.647 14.366 14.085 13.805 13.525 13.245 12.965 12.685 12.405 12.125 11.845 11.565 
33.539 33.228 32.918 32.609 32.300 31.992 31.684 31.377 31.070 30.764 30.459 30.154 29.850 29.547 29.244 28.941 28.639 28.338 28.037 27.737 27.437 27.138 26.839 26.541 26.243 25.946 25.650 25.354 25.058 24.763 24.469 24.174 23.881 23.588 23.295 23.003 22.711 22.419 22.128 21.838 21.548 21.258 20.968 20.679 20.391 20.102 19.814 19.527 19.239 18.952 18.666 18.379 18.093 17.807 17.522 17.237 16.951 16.667 16.382 16.098 15.813 15.529 15.245 14.962 14.678 14.395 14.111 13.828 13.545 13.262 12.979 12.696 12.413 12.131 11.848 11.565 
