29.316 29.005 28.694 28.383 28.073 27.762 27.451 27.140 26.829 26.518 26.207 25.896 25.585 25.274 24.964 24.653 24.342 24.031 23.720 23.409 23.098 22.787 22.476 22.165 21.854 21.543 21.232 20.921 20.610 20.299 19.988 19.676 19.365 19.054 18.743 18.431 18.120 17.808 17.497 17.185 16.873 16.561 16.249 15.937 15.624 15.312 14.999 14.686 14.373 14.060 13.746 13.433 13.118 12.804 12.489 12.174 11.858 11.542 11.226 10.909 10.592 10.274  9.955  9.636  9.316  8.995  8.674  8.352  8.029  7.705  7.381  7.055  6.729  6.401  6.073  5.743 
29.314 29.003 28.692 28.381 28.070 27.759 27.448 27.137 26.826 26.515 26.203 25.892 25.581 25.270 24.958 24.647 24.335 24.024 23.712 23.401 23.089 22.777 22.465 22.153 21.841 21.529 21.217 20.904 20.592 20.279 19.966 19.653 19.340 19.027 18.714 18.400 18.086 17.772 17.458 17.143 16.828 16.513 16.198 15.882 15.566 15.249 14.933 14.615 14.298 13.980 13.662 13.343 13.023 12.703 12.383 12.062 11.741 11.418 11.096 10.772 10.448 10.123  9.798  9.471  9.144  8.816  8.488  8.158  7.827  7.496  7.164  6.830  6.496  6.160  5.823  5.486 
29.301 28.990 28.679 28.367 28.056 27.745 27.434 27.122 26.810 26.499 26.187 25.875 25.563 25.251 24.939 24.626 24.314 24.001 23.688 23.375 23.062 22.749 22.435 22.122 21.808 21.494 21.179 20.865 20.550 20.235 19.920 19.605 19.289 18.973 18.657 18.340 18.023 17.706 17.389 17.071 16.752 16.434 16.115 15.795 15.475 15.155 14.834 14.512 14.190 13.868 13.545 13.221 12.897 12.573 12.247 11.921 11.594 11.267 10.939 10.610 10.280  9.950  9.619  9.287  8.954  8.620  8.285  7.950  7.613  7.276  6.937  6.598  6.257  5.915  5.572  5.229 
29.271 28.960 28.649 28.337 28.026 27.714 27.402 27.090 26.778 26.465 26.153 25.840 25.527 25.214 24.900 24.587 24.273 23.959 23.645 23.330 23.015 22.700 22.385 22.070 21.754 21.438 21.121 20.805 20.488 20.170 19.853 19.535 19.216 18.897 18.578 18.259 17.939 17.618 17.298 16.976 16.655 16.333 16.010 15.687 15.363 15.039 14.714 14.389 14.063 13.736 13.409 13.081 12.753 12.424 12.094 11.763 11.432 11.100 10.767 10.434 10.099  9.764  9.428  9.091  8.753  8.414  8.074  7.734  7.392  7.050  6.706  6.361  6.015  5.668  5.321  4.971 
29.222 28.911 28.600 28.288 27.976 27.664 27.352 27.039 26.727 26.413 26.100 25.786 25.472 25.158 24.844 24.529 24.214 23.898 23.582 23.266 22.950 22.633 22.316 21.999 21.681 21.363 21.044 20.725 20.406 20.087 19.766 19.446 19.125 18.804 18.482 18.159 17.837 17.513 17.189 16.865 16.540 16.215 15.889 15.562 15.235 14.908 14.579 14.250 13.921 13.590 13.259 12.928 12.595 12.262 11.928 11.594 11.258 10.922 10.585 10.248  9.909  9.569  9.229  8.888  8.545  8.202  7.858  7.513  7.167  6.820  6.471  6.122  5.772  5.420  5.068  4.714 
29.155 28.844 28.532 28.221 27.909 27.596 27.283 26.970 26.657 26.343 26.029 25.714 25.400 25.084 24.769 24.453 24.136 23.820 23.502 23.185 22.867 22.549 22.230 21.911 21.591 21.271 20.951 20.630 20.308 19.986 19.664 19.341 19.018 18.694 18.370 18.045 17.719 17.393 17.067 16.739 16.412 16.083 15.754 15.425 15.094 14.763 14.432 14.100 13.767 13.433 13.099 12.763 12.428 12.091 11.753 11.415 11.076 10.736 10.395 10.054  9.711  9.368  9.024  8.678  8.332  7.985  7.637  7.288  6.938  6.587  6.234  5.881  5.527  5.171  4.815  4.457 
29.070 28.759 28.448 28.136 27.824 27.511 27.198 26.884 26.570 26.256 25.941 25.625 25.310 24.994 24.677 24.360 24.042 23.724 23.406 23.087 22.768 22.448 22.128 21.807 21.486 21.164 20.841 20.519 20.195 19.871 19.547 19.222 18.896 18.570 18.244 17.916 17.588 17.260 16.931 16.601 16.271 15.939 15.608 15.275 14.942 14.608 14.274 13.939 13.603 13.266 12.928 12.590 12.251 11.911 11.570 11.229 10.886 10.543 10.199  9.854  9.508  9.161  8.813  8.465  8.115  7.764  7.413  7.060  6.706  6.351  5.996  5.639  5.281  4.922  4.561  4.200 
28.970 28.659 28.347 28.035 27.723 27.410 27.096 26.782 26.467 26.152 25.837 25.521 25.204 24.887 24.570 24.252 23.933 23.614 23.295 22.975 22.654 22.333 22.011 21.689 21.366 21.042 20.719 20.394 20.069 19.743 19.417 19.090 18.762 18.434 18.105 17.776 17.446 17.115 16.783 16.451 16.118 15.785 15.451 15.116 14.780 14.444 14.106 13.768 13.430 13.090 12.750 12.409 12.067 11.724 11.380 11.036 10.690 10.344  9.997  9.649  9.299  8.949  8.599  8.247  7.894  7.540  7.185  6.829  6.472  6.114  5.755  5.395  5.033  4.671  4.307  3.943 
28.855 28.544 28.232 27.920 27.607 27.294 26.980 26.665 26.350 26.035 25.719 25.402 25.085 24.767 24.449 24.130 23.810 23.490 23.170 22.849 22.527 22.204 21.881 21.558 21.233 20.909 20.583 20.257 19.930 19.603 19.275 18.946 18.617 18.287 17.956 17.624 17.292 16.959 16.626 16.292 15.957 15.621 15.284 14.947 14.609 14.270 13.930 13.590 13.249 12.907 12.564 12.220 11.875 11.530 11.184 10.836 10.488 10.139  9.789  9.438  9.086  8.733  8.380  8.025  7.669  7.312  6.954  6.596  6.236  5.875  5.513  5.149  4.785  4.420  4.053  3.686 
28.727 28.416 28.104 27.791 27.478 27.165 26.851 26.536 26.220 25.904 25.588 25.271 24.953 24.634 24.315 23.995 23.675 23.354 23.032 22.710 22.387 22.064 21.740 21.415 21.089 20.763 20.436 20.109 19.780 19.451 19.122 18.792 18.460 18.129 17.796 17.463 17.129 16.794 16.459 16.123 15.786 15.448 15.109 14.770 14.430 14.089 13.747 13.404 13.061 12.716 12.371 12.025 11.678 11.330 10.981 10.632 10.281  9.929  9.577  9.223  8.869  8.514  8.157  7.800  7.441  7.082  6.721  6.360  5.997  5.634  5.269  4.903  4.536  4.168  3.799  3.429 
28.586 28.275 27.963 27.651 27.338 27.024 26.709 26.394 26.078 25.762 25.445 25.127 24.809 24.490 24.170 23.849 23.528 23.206 22.884 22.561 22.237 21.912 21.587 21.261 20.934 20.607 20.279 19.950 19.621 19.290 18.959 18.627 18.295 17.962 17.628 17.293 16.957 16.621 16.284 15.946 15.607 15.267 14.927 14.585 14.243 13.900 13.556 13.212 12.866 12.520 12.172 11.824 11.475 11.125 10.774 10.422 10.069  9.715  9.361  9.005  8.648  8.290  7.931  7.572  7.211  6.849  6.486  6.122  5.757  5.391  5.024  4.656  4.286  3.916  3.544  3.171 
28.435 28.124 27.812 27.499 27.186 26.872 26.557 26.242 25.926 25.609 25.291 24.973 24.654 24.334 24.014 23.693 23.371 23.049 22.725 22.401 22.077 21.751 21.425 21.098 20.770 20.442 20.112 19.782 19.452 19.120 18.788 18.455 18.121 17.786 17.451 17.114 16.777 16.439 16.101 15.761 15.420 15.079 14.737 14.394 14.050 13.705 13.360 13.013 12.666 12.318 11.968 11.618 11.267 10.915 10.562 10.208  9.853  9.497  9.140  8.782  8.424  8.064  7.703  7.341  6.978  6.614  6.249  5.883  5.516  5.147  4.778  4.407  4.036  3.663  3.289  2.914 
28.274 27.963 27.651 27.338 27.025 26.710 26.395 26.080 25.763 25.446 25.128 24.809 24.490 24.170 23.849 23.527 23.205 22.881 22.557 22.233 21.907 21.581 21.254 20.926 20.597 20.268 19.937 19.606 19.275 18.942 18.608 18.274 17.939 17.603 17.266 16.929 16.590 16.251 15.911 15.570 15.228 14.885 14.541 14.197 13.851 13.505 13.157 12.809 12.460 12.110 11.759 11.407 11.054 10.701 10.346  9.990  9.633  9.275  8.917  8.557  8.196  7.834  7.472  7.108  6.743  6.377  6.010  5.642  5.272  4.902  4.531  4.158  3.785  3.410  3.034  2.657 
28.104 27.793 27.481 27.168 26.854 26.540 26.225 25.909 25.592 25.274 24.956 24.637 24.317 23.997 23.675 23.353 23.030 22.706 22.381 22.056 21.730 21.402 21.075 20.746 20.416 20.086 19.755 19.423 19.090 18.756 18.422 18.086 17.750 17.413 17.075 16.736 16.396 16.056 15.714 15.372 15.029 14.685 14.339 13.993 13.647 13.299 12.950 12.600 12.250 11.898 11.546 11.192 10.838 10.482 10.126  9.768  9.410  9.050  8.690  8.328  7.966  7.602  7.238  6.872  6.505  6.138  5.769  5.399  5.028  4.656  4.283  3.908  3.533  3.156  2.779  2.400 
27.926 27.614 27.302 26.989 26.676 26.361 26.046 25.730 25.413 25.095 24.776 24.457 24.136 23.815 23.493 23.171 22.847 22.523 22.197 21.871 21.544 21.217 20.888 20.559 20.228 19.897 19.565 19.232 18.898 18.564 18.228 17.892 17.555 17.217 16.878 16.538 16.197 15.855 15.512 15.169 14.824 14.479 14.133 13.785 13.437 13.088 12.738 12.387 12.035 11.682 11.328 10.973 10.617 10.260  9.902  9.543  9.183  8.822  8.460  8.097  7.733  7.368  7.002  6.635  6.266  5.897  5.527  5.155  4.782  4.409  4.034  3.658  3.281  2.903  2.523  2.143 
27.740 27.429 27.117 26.804 26.490 26.175 25.860 25.543 25.226 24.908 24.589 24.269 23.949 23.627 23.305 22.982 22.658 22.333 22.007 21.680 21.353 21.024 20.695 20.365 20.034 19.702 19.369 19.035 18.701 18.365 18.029 17.692 17.354 17.015 16.675 16.334 15.992 15.649 15.305 14.961 14.615 14.269 13.921 13.573 13.223 12.873 12.522 12.169 11.816 11.462 11.106 10.750 10.393 10.035  9.675  9.315  8.954  8.591  8.228  7.864  7.498  7.132  6.764  6.395  6.026  5.655  5.283  4.910  4.536  4.160  3.784  3.407  3.028  2.649  2.268  1.886 
27.548 27.237 26.924 26.611 26.297 25.983 25.667 25.350 25.033 24.715 24.395 24.075 23.754 23.432 23.110 22.786 22.462 22.136 21.810 21.483 21.155 20.826 20.496 20.165 19.834 19.501 19.167 18.833 18.498 18.162 17.824 17.486 17.147 16.807 16.466 16.125 15.782 15.438 15.094 14.748 14.401 14.054 13.705 13.356 13.005 12.654 12.301 11.948 11.594 11.238 10.882 10.524 10.166  9.806  9.446  9.084  8.722  8.358  7.993  7.628  7.261  6.893  6.524  6.154  5.783  5.411  5.038  4.663  4.288  3.911  3.534  3.155  2.775  2.394  2.012  1.629 
27.349 27.038 26.726 26.413 26.099 25.784 25.468 25.151 24.834 24.515 24.196 23.875 23.554 23.232 22.909 22.585 22.260 21.934 21.608 21.280 20.951 20.622 20.291 19.960 19.628 19.295 18.961 18.626 18.290 17.953 17.615 17.276 16.936 16.596 16.254 15.911 15.568 15.223 14.878 14.531 14.184 13.835 13.486 13.135 12.784 12.431 12.078 11.723 11.368 11.011 10.654 10.295  9.936  9.575  9.214  8.851  8.487  8.123  7.757  7.390  7.022  6.653  6.283  5.912  5.539  5.166  4.792  4.416  4.039  3.662  3.283  2.903  2.522  2.139  1.756  1.371 
27.146 26.834 26.522 26.209 25.895 25.580 25.264 24.947 24.629 24.310 23.991 23.670 23.349 23.026 22.703 22.378 22.053 21.727 21.400 21.072 20.743 20.413 20.082 19.750 19.417 19.084 18.749 18.413 18.077 17.739 17.401 17.061 16.721 16.379 16.037 15.694 15.349 15.004 14.658 14.310 13.962 13.613 13.262 12.911 12.559 12.205 11.851 11.496 11.139 10.782 10.424 10.064  9.703  9.342  8.979  8.616  8.251  7.885  7.518  7.150  6.781  6.411  6.040  5.668  5.295  4.920  4.545  4.168  3.790  3.411  3.031  2.650  2.268  1.884  1.500  1.114 
26.937 26.625 26.313 26.000 25.686 25.371 25.055 24.738 24.420 24.101 23.781 23.460 23.138 22.816 22.492 22.167 21.842 21.515 21.188 20.859 20.530 20.199 19.868 19.536 19.203 18.868 18.533 18.197 17.860 17.522 17.183 16.843 16.502 16.160 15.816 15.472 15.127 14.781 14.434 14.086 13.737 13.387 13.036 12.684 12.331 11.977 11.622 11.265 10.908 10.550 10.191  9.830  9.469  9.106  8.743  8.378  8.012  7.646  7.278  6.909  6.539  6.168  5.796  5.423  5.048  4.673  4.296  3.919  3.540  3.160  2.779  2.397  2.014  1.629  1.244  0.857 
26.723 26.412 26.100 25.786 25.472 25.157 24.841 24.524 24.206 23.887 23.566 23.245 22.923 22.601 22.277 21.952 21.626 21.299 20.971 20.642 20.313 19.982 19.650 19.318 18.984 18.649 18.314 17.977 17.639 17.301 16.961 16.620 16.279 15.936 15.592 15.248 14.902 14.556 14.208 13.859 13.509 13.159 12.807 12.454 12.100 11.745 11.389 11.032 10.674 10.315  9.955  9.594  9.232  8.869  8.504  8.139  7.772  7.405  7.036  6.666  6.296  5.924  5.551  5.176  4.801  4.425  4.048  3.669  3.289  2.909  2.527  2.144  1.759  1.374  0.988  0.600 
26.506 26.195 25.882 25.569 25.255 24.939 24.623 24.306 23.988 23.668 23.348 23.027 22.705 22.382 22.057 21.732 21.406 21.079 20.751 20.422 20.092 19.761 19.429 19.096 18.762 18.426 18.090 17.753 17.415 17.076 16.736 16.395 16.053 15.710 15.365 15.020 14.674 14.327 13.978 13.629 13.279 12.927 12.575 12.222 11.867 11.512 11.155 10.797 10.439 10.079  9.718  9.356  8.993  8.629  8.264  7.898  7.531  7.162  6.793  6.422  6.051  5.678  5.304  4.929  4.553  4.176  3.798  3.418  3.038  2.656  2.274  1.890  1.505  1.119  0.731  0.343 
26.285 25.973 25.661 25.348 25.033 24.718 24.402 24.084 23.766 23.447 23.126 22.805 22.483 22.159 21.835 21.509 21.183 20.856 20.527 20.198 19.868 19.536 19.204 18.870 18.536 18.200 17.864 17.527 17.188 16.848 16.508 16.166 15.824 15.480 15.135 14.790 14.443 14.095 13.746 13.397 13.046 12.694 12.341 11.987 11.632 11.276 10.918 10.560 10.201  9.840  9.479  9.116  8.753  8.388  8.022  7.655  7.287  6.918  6.548  6.177  5.805  5.431  5.057  4.681  4.304  3.926  3.547  3.167  2.786  2.404  2.020  1.636  1.250  0.863  0.475  0.086 
26.060 25.749 25.437 25.123 24.809 24.493 24.177 23.859 23.541 23.221 22.901 22.579 22.257 21.933 21.609 21.283 20.957 20.629 20.301 19.971 19.640 19.309 18.976 18.642 18.307 17.972 17.635 17.297 16.958 16.618 16.277 15.935 15.592 15.248 14.903 14.557 14.210 13.861 13.512 13.162 12.810 12.458 12.104 11.750 11.394 11.038 10.680 10.321  9.961  9.600  9.238  8.875  8.511  8.145  7.779  7.411  7.043  6.673  6.302  5.931  5.558  5.183  4.808  4.432  4.055  3.676  3.296  2.916  2.534  2.151  1.766  1.381  0.995  0.607  0.218 -0.171 
25.833 25.521 25.209 24.896 24.581 24.266 23.949 23.632 23.313 22.993 22.673 22.351 22.028 21.705 21.380 21.054 20.728 20.400 20.071 19.741 19.410 19.078 18.745 18.411 18.076 17.740 17.403 17.065 16.726 16.385 16.044 15.702 15.358 15.014 14.668 14.321 13.974 13.625 13.275 12.924 12.572 12.219 11.865 11.509 11.153 10.795 10.437 10.077  9.715  9.353  8.990  8.625  8.259  7.892  7.524  7.154  6.783  6.411  6.038  5.663  5.287  4.910  4.531  4.151  3.770  3.388  3.004  2.619  2.232  1.845  1.456  1.066  0.674  0.282 -0.112 -0.429 
25.602 25.291 24.978 24.665 24.350 24.035 23.718 23.400 23.082 22.762 22.441 22.119 21.796 21.472 21.147 20.821 20.494 20.166 19.837 19.506 19.175 18.843 18.509 18.175 17.839 17.502 17.165 16.826 16.486 16.145 15.803 15.459 15.115 14.770 14.423 14.076 13.727 13.377 13.026 12.675 12.321 11.967 11.612 11.256 10.898 10.540 10.180  9.820  9.458  9.095  8.731  8.366  8.000  7.633  7.265  6.896  6.526  6.156  5.784  5.411  5.037  4.663  4.287  3.911  3.534  3.156  2.777  2.398  2.018  1.637  1.255  0.873  0.490  0.106 -0.259 -0.686 
25.366 25.055 24.742 24.429 24.114 23.799 23.482 23.164 22.845 22.526 22.205 21.883 21.559 21.235 20.910 20.584 20.256 19.928 19.599 19.268 18.936 18.604 18.270 17.935 17.599 17.262 16.924 16.585 16.244 15.903 15.560 15.217 14.872 14.526 14.179 13.831 13.481 13.131 12.779 12.427 12.073 11.717 11.361 11.004 10.645 10.285  9.924  9.562  9.198  8.833  8.467  8.100  7.732  7.362  6.991  6.619  6.246  5.872  5.496  5.120  4.742  4.364  3.984  3.604  3.222  2.840  2.457  2.073  1.689  1.304  0.919  0.533  0.147 -0.193 -0.568 -0.943 
25.127 24.815 24.503 24.189 23.875 23.559 23.242 22.924 22.605 22.285 21.964 21.642 21.318 20.994 20.668 20.342 20.014 19.685 19.355 19.024 18.692 18.359 18.025 17.690 17.353 17.016 16.677 16.338 15.997 15.655 15.312 14.968 14.623 14.277 13.930 13.582 13.232 12.882 12.530 12.178 11.824 11.469 11.113 10.756 10.398 10.038  9.677  9.316  8.953  8.588  8.223  7.856  7.487  7.117  6.746  6.373  5.999  5.623  5.245  4.866  4.484  4.101  3.716  3.330  2.941  2.551  2.158  1.764  1.369  0.971  0.573  0.173 -0.176 -0.518 -0.859 -1.200 
24.884 24.572 24.260 23.946 23.631 23.315 22.999 22.681 22.361 22.041 21.720 21.397 21.074 20.749 20.424 20.097 19.769 19.440 19.110 18.778 18.446 18.112 17.778 17.442 17.105 16.767 16.428 16.088 15.747 15.404 15.060 14.716 14.370 14.023 13.675 13.326 12.975 12.624 12.271 11.917 11.563 11.207 10.850 10.492 10.132  9.772  9.411  9.049  8.685  8.321  7.955  7.589  7.222  6.853  6.484  6.114  5.743  5.371  4.998  4.625  4.250  3.875  3.499  3.123  2.745  2.367  1.989  1.609  1.229  0.849  0.468  0.086 -0.264 -0.661 -1.059 -1.457 
24.637 24.325 24.013 23.699 23.384 23.068 22.751 22.433 22.114 21.794 21.473 21.150 20.826 20.502 20.176 19.849 19.521 19.192 18.861 18.530 18.197 17.864 17.529 17.193 16.856 16.518 16.178 15.838 15.496 15.153 14.809 14.464 14.118 13.771 13.422 13.072 12.721 12.369 12.016 11.661 11.305 10.948 10.590 10.231  9.870  9.508  9.145  8.781  8.416  8.049  7.682  7.313  6.943  6.572  6.200  5.827  5.452  5.077  4.701  4.324  3.946  3.567  3.188  2.807  2.426  2.044  1.662  1.279  0.895  0.512  0.127 -0.213 -0.587 -0.963 -1.338 -1.714 
24.387 24.075 23.763 23.449 23.134 22.818 22.501 22.183 21.864 21.543 21.222 20.899 20.575 20.251 19.924 19.597 19.269 18.940 18.609 18.277 17.945 17.611 17.276 16.940 16.602 16.264 15.925 15.584 15.242 14.900 14.556 14.211 13.864 13.517 13.169 12.819 12.468 12.116 11.763 11.409 11.054 10.697 10.339  9.980  9.620  9.258  8.895  8.530  8.165  7.797  7.429  7.059  6.687  6.314  5.939  5.563  5.185  4.806  4.425  4.043  3.659  3.274  2.888  2.500  2.112  1.722  1.331  0.940  0.548  0.156 -0.180 -0.538 -0.895 -1.254 -1.612 -1.971 
24.135 23.823 23.511 23.197 22.882 22.566 22.249 21.931 21.612 21.291 20.969 20.647 20.323 19.997 19.671 19.344 19.015 18.686 18.355 18.023 17.690 17.356 17.020 16.684 16.346 16.007 15.667 15.326 14.984 14.640 14.296 13.950 13.603 13.255 12.906 12.556 12.205 11.852 11.499 11.144 10.789 10.432 10.074  9.715  9.355  8.994  8.632  8.269  7.905  7.540  7.174  6.807  6.440  6.071  5.701  5.331  4.960  4.588  4.215  3.841  3.466  3.090  2.713  2.335  1.954  1.571  1.185  0.796  0.402  0.004 -0.341 -0.714 -1.089 -1.468 -1.847 -2.229 
23.880 23.569 23.256 22.943 22.628 22.312 21.995 21.676 21.357 21.036 20.715 20.392 20.068 19.743 19.416 19.089 18.760 18.430 18.100 17.768 17.434 17.100 16.764 16.428 16.090 15.751 15.410 15.069 14.726 14.383 14.038 13.692 13.344 12.996 12.646 12.295 11.943 11.590 11.235 10.879 10.523 10.164  9.805  9.445  9.083  8.721  8.357  7.992  7.626  7.258  6.890  6.521  6.151  5.779  5.407  5.034  4.659  4.284  3.908  3.532  3.154  2.776  2.397  2.018  1.637  1.257  0.875  0.493  0.111 -0.229 -0.604 -0.979 -1.355 -1.731 -2.108 -2.486 
23.624 23.312 22.999 22.686 22.371 22.055 21.738 21.419 21.100 20.779 20.457 20.134 19.810 19.485 19.159 18.831 18.502 18.173 17.842 17.509 17.176 16.842 16.506 16.170 15.832 15.493 15.153 14.811 14.469 14.125 13.780 13.434 13.087 12.739 12.389 12.038 11.686 11.333 10.979 10.623 10.266  9.907  9.548  9.187  8.824  8.461  8.096  7.729  7.362  6.993  6.622  6.250  5.877  5.503  5.127  4.750  4.371  3.992  3.611  3.229  2.847  2.463  2.078  1.693  1.307  0.920  0.533  0.145 -0.192 -0.555 -0.918 -1.282 -1.647 -2.011 -2.377 -2.743 
23.365 23.054 22.741 22.427 22.112 21.796 21.479 21.161 20.841 20.520 20.198 19.875 19.551 19.226 18.899 18.571 18.242 17.912 17.581 17.249 16.915 16.580 16.244 15.907 15.569 15.230 14.889 14.548 14.205 13.861 13.516 13.170 12.822 12.474 12.124 11.774 11.422 11.069 10.715 10.360 10.004  9.647  9.289  8.930  8.569  8.208  7.846  7.482  7.118  6.752  6.385  6.017  5.648  5.277  4.905  4.531  4.155  3.778  3.397  3.014  2.628  2.239  1.845  1.447  1.045  0.637  0.224 -0.194 -0.534 -0.879 -1.227 -1.577 -1.931 -2.286 -2.642 -3.000 
23.106 22.794 22.481 22.168 21.853 21.537 21.219 20.901 20.581 20.260 19.938 19.615 19.291 18.966 18.639 18.311 17.982 17.652 17.320 16.988 16.654 16.319 15.983 15.646 15.307 14.968 14.627 14.285 13.942 13.597 13.252 12.905 12.557 12.208 11.857 11.506 11.153 10.799 10.444 10.088  9.730  9.372  9.012  8.651  8.289  7.926  7.562  7.197  6.831  6.464  6.096  5.727  5.357  4.986  4.614  4.241  3.868  3.494  3.119  2.743  2.367  1.990  1.612  1.234  0.855  0.476  0.096 -0.243 -0.618 -0.994 -1.370 -1.746 -2.123 -2.500 -2.878 -3.257 
22.844 22.532 22.220 21.906 21.591 21.275 20.957 20.639 20.319 19.999 19.677 19.353 19.029 18.704 18.377 18.049 17.720 17.390 17.059 16.726 16.393 16.058 15.722 15.384 15.046 14.706 14.366 14.024 13.680 13.336 12.990 12.644 12.295 11.946 11.596 11.244 10.891 10.536 10.181  9.824  9.465  9.106  8.745  8.383  8.020  7.655  7.289  6.922  6.553  6.184  5.813  5.441  5.067  4.693  4.318  3.941  3.564  3.185  2.806  2.426  2.045  1.664  1.281  0.899  0.515  0.132 -0.205 -0.571 -0.937 -1.304 -1.671 -2.039 -2.407 -2.775 -3.144 -3.514 
22.581 22.269 21.957 21.643 21.328 21.012 20.694 20.376 20.056 19.735 19.413 19.090 18.765 18.440 18.113 17.785 17.456 17.125 16.794 16.461 16.127 15.792 15.456 15.119 14.780 14.441 14.100 13.758 13.415 13.071 12.726 12.379 12.032 11.683 11.333 10.982 10.630 10.276  9.922  9.566  9.209  8.851  8.492  8.131  7.769  7.406  7.041  6.674  6.306  5.937  5.565  5.192  4.817  4.439  4.060  3.679  3.296  2.910  2.523  2.134  1.743  1.351  0.957  0.562  0.166 -0.181 -0.539 -0.897 -1.256 -1.614 -1.973 -2.332 -2.691 -3.051 -3.411 -3.771 
22.317 22.006 21.693 21.379 21.064 20.748 20.430 20.112 19.792 19.471 19.149 18.826 18.501 18.175 17.848 17.520 17.191 16.860 16.529 16.196 15.862 15.526 15.190 14.852 14.513 14.173 13.832 13.490 13.146 12.801 12.455 12.108 11.760 11.410 11.059 10.707 10.355 10.000  9.645  9.289  8.931  8.573  8.213  7.853  7.491  7.128  6.765  6.400  6.034  5.668  5.301  4.932  4.563  4.193  3.822  3.451  3.079  2.706  2.332  1.958  1.583  1.208  0.832  0.455  0.078 -0.260 -0.634 -1.010 -1.385 -1.761 -2.138 -2.515 -2.892 -3.271 -3.649 -4.029 
22.052 21.740 21.428 21.114 20.799 20.483 20.165 19.847 19.527 19.206 18.884 18.560 18.236 17.910 17.583 17.255 16.926 16.595 16.264 15.931 15.597 15.261 14.925 14.587 14.248 13.908 13.567 13.224 12.880 12.535 12.189 11.841 11.492 11.142 10.791 10.438 10.085  9.730  9.373  9.016  8.657  8.297  7.936  7.573  7.210  6.845  6.479  6.112  5.744  5.375  5.005  4.634  4.262  3.888  3.515  3.140  2.764  2.388  2.011  1.633  1.255  0.876  0.497  0.117 -0.219 -0.586 -0.954 -1.323 -1.691 -2.060 -2.430 -2.800 -3.170 -3.542 -3.913 -4.286 
21.785 21.473 21.161 20.847 20.532 20.216 19.898 19.580 19.260 18.939 18.617 18.293 17.969 17.643 17.316 16.988 16.659 16.328 15.997 15.664 15.330 14.995 14.658 14.321 13.982 13.642 13.301 12.959 12.616 12.271 11.925 11.578 11.230 10.880 10.530 10.178  9.824  9.470  9.114  8.756  8.398  8.038  7.676  7.313  6.949  6.583  6.215  5.846  5.476  5.104  4.730  4.355  3.978  3.601  3.221  2.841  2.459  2.076  1.692  1.308  0.922  0.536  0.150 -0.187 -0.548 -0.909 -1.271 -1.633 -1.995 -2.357 -2.720 -3.084 -3.448 -3.812 -4.177 -4.543 
21.518 21.207 20.894 20.580 20.265 19.949 19.631 19.312 18.993 18.671 18.349 18.026 17.701 17.375 17.048 16.720 16.390 16.059 15.728 15.394 15.060 14.725 14.388 14.050 13.711 13.371 13.029 12.687 12.343 11.998 11.652 11.305 10.957 10.607 10.257  9.905  9.553  9.199  8.844  8.488  8.131  7.774  7.415  7.055  6.695  6.333  5.971  5.608  5.245  4.881  4.516  4.150  3.785  3.419  3.052  2.686  2.321  1.958  1.598  1.245  0.899  0.564  0.239 -0.076 -0.277 -0.438 -0.595 -0.750 -0.903 -1.054 -1.202 -1.347 -1.490 -1.630 -1.767 -1.900 
21.255 20.943 20.631 20.317 20.002 19.686 19.369 19.051 18.732 18.412 18.091 17.768 17.445 17.120 16.795 16.468 16.141 15.812 15.483 15.153 14.822 14.489 14.156 13.823 13.488 13.153 12.817 12.480 12.143 11.805 11.466 11.127 10.788 10.448 10.108  9.767  9.427  9.086  8.745  8.404  8.063  7.723  7.383  7.043  6.703  6.364  6.025  5.687  5.350  5.013  4.677  4.342  4.008  3.675  3.342  3.011  2.681  2.351  2.023  1.696  1.369  1.044  0.720  0.396  0.074 -0.114 -0.225 -0.330 -0.433 -0.535 -0.635 -0.735 -0.833 -0.930 -1.026 -1.120 
21.038 20.727 20.415 20.102 19.788 19.474 19.159 18.843 18.526 18.209 17.890 17.571 17.252 16.931 16.611 16.289 15.967 15.644 15.321 14.997 14.672 14.348 14.022 13.697 13.371 13.044 12.718 12.391 12.064 11.737 11.410 11.083 10.756 10.428 10.102  9.775  9.448  9.122  8.796  8.471  8.146  7.822  7.499  7.176  6.854  6.533  6.213  5.894  5.576  5.259  4.943  4.628  4.315  4.003  3.692  3.383  3.075  2.768  2.462  2.158  1.855  1.554  1.253  0.954  0.655  0.358  0.061 -0.104 -0.194 -0.279 -0.363 -0.447 -0.529 -0.610 -0.690 -0.770 
20.902 20.591 20.280 19.968 19.655 19.343 19.029 18.716 18.402 18.088 17.773 17.458 17.143 16.827 16.511 16.195 15.879 15.562 15.245 14.928 14.611 14.294 13.976 13.659 13.342 13.024 12.707 12.390 12.073 11.756 11.440 11.123 10.808 10.492 10.177  9.862  9.548  9.234  8.921  8.609  8.297  7.986  7.676  7.367  7.059  6.752  6.446  6.141  5.837  5.535  5.233  4.934  4.635  4.338  4.042  3.748  3.455  3.163  2.873  2.585  2.298  2.012  1.728  1.444  1.163  0.882  0.602  0.324  0.046 -0.106 -0.184 -0.258 -0.332 -0.403 -0.475 -0.545 
20.846 20.536 20.225 19.913 19.602 19.291 18.980 18.668 18.357 18.045 17.734 17.422 17.111 16.799 16.488 16.176 15.865 15.554 15.243 14.932 14.621 14.310 13.999 13.689 13.379 13.069 12.760 12.451 12.142 11.834 11.526 11.219 10.912 10.605 10.300  9.995  9.690  9.387  9.084  8.782  8.480  8.180  7.880  7.582  7.284  6.988  6.693  6.399  6.106  5.814  5.524  5.235  4.948  4.662  4.377  4.094  3.813  3.533  3.255  2.978  2.703  2.430  2.158  1.888  1.619  1.351  1.085  0.820  0.556  0.293  0.032 -0.109 -0.180 -0.247 -0.313 -0.378 
20.859 20.548 20.238 19.927 19.617 19.307 18.997 18.688 18.378 18.069 17.760 17.451 17.143 16.835 16.527 16.219 15.912 15.605 15.299 14.992 14.686 14.381 14.076 13.771 13.467 13.164 12.860 12.558 12.256 11.954 11.654 11.354 11.054 10.755 10.457 10.160  9.863  9.568  9.273  8.979  8.686  8.394  8.103  7.813  7.524  7.236  6.949  6.663  6.379  6.096  5.814  5.533  5.254  4.977  4.701  4.426  4.153  3.882  3.612  3.344  3.078  2.813  2.551  2.290  2.030  1.773  1.517  1.263  1.010  0.758  0.508  0.259  0.011 -0.120 -0.185 -0.245 
20.927 20.616 20.306 19.996 19.687 19.378 19.069 18.761 18.453 18.146 17.839 17.532 17.227 16.921 16.616 16.312 16.008 15.704 15.401 15.099 14.797 14.496 14.195 13.895 13.595 13.297 12.999 12.701 12.404 12.109 11.813 11.519 11.225 10.932 10.640 10.349 10.059  9.770  9.481  9.194  8.908  8.622  8.338  8.054  7.772  7.491  7.211  6.932  6.654  6.378  6.103  5.828  5.556  5.284  5.014  4.745  4.478  4.212  3.948  3.685  3.424  3.165  2.908  2.653  2.400  2.149  1.900  1.653  1.409  1.166  0.926  0.688  0.451  0.216 -0.018 -0.132 
21.039 20.728 20.418 20.109 19.800 19.492 19.184 18.877 18.571 18.265 17.959 17.655 17.351 17.048 16.745 16.443 16.141 15.841 15.541 15.241 14.943 14.645 14.348 14.051 13.756 13.461 13.167 12.874 12.581 12.290 11.999 11.710 11.421 11.133 10.846 10.561 10.276  9.992  9.710  9.429  9.148  8.870  8.592  8.316  8.041  7.767  7.495  7.224  6.955  6.687  6.421  6.156  5.893  5.632  5.372  5.114  4.858  4.603  4.350  4.099  3.849  3.601  3.354  3.109  2.866  2.623  2.383  2.143  1.905  1.667  1.431  1.195  0.960  0.726  0.492  0.259 
21.188 20.877 20.567 20.258 19.950 19.643 19.336 19.030 18.725 18.420 18.117 17.814 17.511 17.210 16.910 16.610 16.311 16.013 15.716 15.419 15.124 14.829 14.535 14.242 13.950 13.659 13.369 13.079 12.791 12.504 12.217 11.932 11.647 11.364 11.081 10.799 10.519 10.239  9.961  9.683  9.407  9.131  8.857  8.583  8.311  8.040  7.769  7.500  7.231  6.964  6.698  6.432  6.168  5.904  5.641  5.380  5.119  4.859  4.599  4.341  4.083  3.826  3.570  3.314  3.059  2.804  2.550  2.297  2.044  1.791  1.538  1.286  1.035  0.783  0.532  0.280 
21.367 21.056 20.747 20.438 20.130 19.823 19.517 19.211 18.907 18.603 18.300 17.998 17.697 17.396 17.097 16.798 16.500 16.203 15.907 15.612 15.318 15.024 14.731 14.440 14.149 13.858 13.569 13.281 12.993 12.707 12.421 12.136 11.852 11.568 11.286 11.004 10.724 10.444 10.165  9.886  9.609  9.332  9.056  8.781  8.507  8.233  7.961  7.688  7.417  7.146  6.877  6.607  6.339  6.071  5.803  5.537  5.270  5.005  4.740  4.475  4.211  3.948  3.684  3.422  3.159  2.897  2.636  2.374  2.113  1.852  1.592  1.331  1.071  0.811  0.551  0.291 
21.555 21.245 20.935 20.626 20.319 20.011 19.705 19.400 19.095 18.791 18.488 18.186 17.885 17.584 17.285 16.986 16.688 16.391 16.094 15.799 15.504 15.210 14.917 14.625 14.333 14.043 13.753 13.463 13.175 12.887 12.601 12.314 12.029 11.744 11.461 11.177 10.895 10.613 10.332 10.052  9.772  9.493  9.215  8.937  8.660  8.384  8.108  7.833  7.558  7.284  7.010  6.737  6.465  6.193  5.921  5.650  5.380  5.110  4.840  4.571  4.302  4.033  3.765  3.497  3.229  2.962  2.695  2.428  2.161  1.895  1.628  1.362  1.096  0.830  0.564  0.298 
21.738 21.428 21.118 20.809 20.501 20.194 19.887 19.582 19.277 18.972 18.669 18.366 18.065 17.764 17.463 17.164 16.865 16.567 16.270 15.974 15.678 15.383 15.089 14.795 14.502 14.210 13.919 13.629 13.339 13.049 12.761 12.473 12.186 11.899 11.614 11.328 11.044 10.760 10.476 10.194  9.912  9.630  9.349  9.069  8.789  8.509  8.231  7.952  7.674  7.397  7.120  6.844  6.568  6.292  6.017  5.742  5.468  5.194  4.920  4.647  4.374  4.101  3.829  3.557  3.285  3.013  2.741  2.470  2.199  1.928  1.657  1.386  1.116  0.845  0.575  0.304 
21.910 21.599 21.289 20.980 20.672 20.364 20.058 19.751 19.446 19.141 18.838 18.534 18.232 17.930 17.629 17.329 17.029 16.730 16.432 16.134 15.837 15.541 15.246 14.951 14.657 14.363 14.070 13.778 13.487 13.196 12.905 12.616 12.327 12.038 11.750 11.463 11.176 10.890 10.604 10.319 10.034  9.750  9.467  9.184  8.901  8.619  8.337  8.056  7.775  7.495  7.215  6.936  6.656  6.378  6.099  5.821  5.543  5.266  4.989  4.712  4.435  4.159  3.883  3.607  3.332  3.056  2.781  2.506  2.231  1.956  1.681  1.407  1.132  0.858  0.583  0.309 
22.068 21.757 21.447 21.138 20.829 20.522 20.214 19.908 19.602 19.297 18.992 18.689 18.385 18.083 17.781 17.480 17.179 16.879 16.580 16.281 15.983 15.686 15.389 15.093 14.797 14.502 14.208 13.914 13.621 13.328 13.036 12.745 12.454 12.163 11.873 11.584 11.295 11.007 10.719 10.431 10.144  9.858  9.572  9.286  9.001  8.717  8.432  8.149  7.865  7.582  7.299  7.017  6.735  6.453  6.172  5.891  5.610  5.329  5.049  4.769  4.489  4.210  3.931  3.652  3.373  3.094  2.815  2.537  2.259  1.980  1.702  1.424  1.146  0.869  0.591  0.313 
22.212 21.902 21.592 21.282 20.974 20.665 20.358 20.051 19.745 19.439 19.134 18.830 18.526 18.223 17.920 17.618 17.316 17.015 16.715 16.415 16.116 15.818 15.520 15.222 14.925 14.629 14.333 14.038 13.743 13.449 13.155 12.862 12.569 12.277 11.985 11.694 11.403 11.112 10.822 10.533 10.244  9.955  9.667  9.379  9.092  8.805  8.518  8.232  7.946  7.660  7.375  7.090  6.805  6.521  6.237  5.953  5.669  5.386  5.103  4.820  4.538  4.255  3.973  3.691  3.409  3.128  2.846  2.565  2.284  2.002  1.721  1.440  1.159  0.878  0.598  0.317 
22.344 22.033 21.723 21.414 21.105 20.797 20.489 20.182 19.875 19.569 19.263 18.958 18.654 18.350 18.046 17.744 17.441 17.139 16.838 16.537 16.237 15.938 15.638 15.340 15.042 14.744 14.447 14.150 13.854 13.558 13.263 12.968 12.673 12.380 12.086 11.793 11.500 11.208 10.916 10.625 10.334 10.043  9.753  9.463  9.173  8.884  8.595  8.307  8.019  7.731  7.443  7.156  6.869  6.582  6.296  6.009  5.723  5.438  5.152  4.867  4.581  4.296  4.012  3.727  3.443  3.158  2.874  2.590  2.306  2.022  1.738  1.454  1.171  0.887  0.604  0.320 
22.464 22.153 21.843 21.534 21.225 20.916 20.608 20.300 19.993 19.687 19.381 19.075 18.770 18.466 18.161 17.858 17.555 17.252 16.950 16.648 16.347 16.047 15.746 15.447 15.147 14.848 14.550 14.252 13.954 13.657 13.361 13.064 12.768 12.473 12.178 11.883 11.589 11.295 11.002 10.708 10.416 10.123  9.831  9.539  9.248  8.956  8.666  8.375  8.085  7.795  7.505  7.216  6.926  6.638  6.349  6.060  5.772  5.484  5.196  4.908  4.621  4.334  4.047  3.759  3.473  3.186  2.899  2.613  2.326  2.040  1.754  1.467  1.181  0.895  0.609  0.323 
22.573 22.263 21.952 21.643 21.333 21.025 20.716 20.408 20.101 19.794 19.488 19.182 18.876 18.571 18.266 17.962 17.658 17.355 17.052 16.749 16.447 16.146 15.845 15.544 15.243 14.944 14.644 14.345 14.046 13.748 13.450 13.152 12.855 12.558 12.262 11.965 11.670 11.374 11.079 10.784 10.490 10.196  9.902  9.608  9.315  9.022  8.729  8.437  8.145  7.853  7.561  7.270  6.979  6.688  6.397  6.107  5.816  5.526  5.236  4.946  4.657  4.367  4.078  3.789  3.500  3.211  2.922  2.633  2.345  2.056  1.768  1.479  1.191  0.902  0.614  0.326 
22.673 22.362 22.052 21.742 21.432 21.124 20.815 20.507 20.199 19.892 19.585 19.278 18.972 18.667 18.361 18.057 17.752 17.448 17.145 16.841 16.538 16.236 15.934 15.632 15.331 15.030 14.729 14.429 14.129 13.830 13.531 13.232 12.933 12.635 12.337 12.040 11.743 11.446 11.149 10.853 10.557 10.262  9.966  9.671  9.376  9.082  8.787  8.493  8.199  7.906  7.612  7.319  7.026  6.734  6.441  6.149  5.857  5.564  5.273  4.981  4.689  4.398  4.107  3.816  3.524  3.234  2.943  2.652  2.361  2.071  1.780  1.490  1.199  0.909  0.618  0.328 
22.763 22.452 22.142 21.832 21.523 21.213 20.905 20.596 20.288 19.981 19.673 19.366 19.060 18.754 18.448 18.143 17.838 17.533 17.229 16.925 16.621 16.318 16.015 15.713 15.410 15.109 14.807 14.506 14.205 13.905 13.604 13.304 13.005 12.706 12.407 12.108 11.809 11.511 11.213 10.916 10.619 10.322 10.025  9.728  9.432  9.136  8.840  8.544  8.249  7.954  7.659  7.364  7.070  6.775  6.481  6.187  5.893  5.599  5.306  5.012  4.719  4.426  4.133  3.840  3.547  3.254  2.961  2.669  2.376  2.084  1.792  1.499  1.207  0.915  0.622  0.330 
22.845 22.534 22.224 21.914 21.604 21.295 20.986 20.678 20.369 20.061 19.754 19.447 19.140 18.833 18.527 18.221 17.915 17.610 17.305 17.001 16.697 16.393 16.089 15.786 15.483 15.180 14.878 14.576 14.274 13.972 13.671 13.370 13.070 12.769 12.469 12.170 11.870 11.571 11.272 10.973 10.674 10.376 10.078  9.780  9.483  9.185  8.888  8.591  8.294  7.998  7.701  7.405  7.109  6.813  6.517  6.222  5.926  5.631  5.336  5.041  4.746  4.451  4.156  3.862  3.567  3.273  2.979  2.684  2.390  2.096  1.802  1.508  1.214  0.920  0.626  0.332 
22.920 22.609 22.299 21.989 21.679 21.369 21.060 20.751 20.443 20.135 19.827 19.519 19.212 18.905 18.598 18.292 17.986 17.680 17.375 17.070 16.765 16.460 16.156 15.852 15.548 15.245 14.942 14.639 14.336 14.034 13.732 13.430 13.129 12.827 12.526 12.226 11.925 11.625 11.325 11.025 10.725 10.426 10.126  9.827  9.529  9.230  8.931  8.633  8.335  8.037  7.739  7.442  7.145  6.847  6.550  6.253  5.956  5.660  5.363  5.067  4.770  4.474  4.178  3.882  3.586  3.290  2.994  2.698  2.403  2.107  1.811  1.516  1.220  0.925  0.629  0.334 
22.988 22.677 22.367 22.056 21.747 21.437 21.128 20.819 20.510 20.201 19.893 19.585 19.278 18.971 18.664 18.357 18.050 17.744 17.438 17.133 16.827 16.522 16.217 15.913 15.608 15.304 15.000 14.697 14.393 14.090 13.787 13.485 13.182 12.880 12.578 12.277 11.975 11.674 11.373 11.072 10.771 10.471 10.170  9.870  9.570  9.271  8.971  8.672  8.372  8.073  7.774  7.476  7.177  6.878  6.580  6.282  5.984  5.686  5.388  5.090  4.792  4.495  4.197  3.900  3.603  3.305  3.008  2.711  2.414  2.117  1.820  1.523  1.226  0.929  0.632  0.335 
23.049 22.739 22.428 22.118 21.808 21.498 21.189 20.880 20.571 20.262 19.954 19.646 19.338 19.030 18.723 18.416 18.109 17.802 17.496 17.190 16.884 16.578 16.273 15.967 15.663 15.358 15.053 14.749 14.445 14.141 13.838 13.534 13.231 12.928 12.625 12.323 12.021 11.718 11.416 11.115 10.813 10.512 10.210  9.909  9.608  9.308  9.007  8.707  8.406  8.106  7.806  7.506  7.206  6.907  6.607  6.308  6.009  5.710  5.410  5.111  4.813  4.514  4.215  3.916  3.618  3.319  3.021  2.723  2.424  2.126  1.828  1.529  1.231  0.933  0.635  0.337 
23.106 22.795 22.484 22.174 21.864 21.554 21.245 20.935 20.626 20.317 20.009 19.700 19.392 19.084 18.777 18.469 18.162 17.855 17.548 17.241 16.935 16.629 16.323 16.017 15.712 15.407 15.102 14.797 14.492 14.188 13.883 13.579 13.275 12.972 12.668 12.365 12.062 11.759 11.456 11.154 10.851 10.549 10.247  9.945  9.643  9.341  9.040  8.738  8.437  8.136  7.835  7.534  7.233  6.933  6.632  6.332  6.031  5.731  5.431  5.131  4.831  4.531  4.231  3.931  3.632  3.332  3.033  2.733  2.434  2.134  1.835  1.535  1.236  0.937  0.637  0.338 
23.157 22.846 22.535 22.225 21.915 21.605 21.295 20.986 20.677 20.368 20.059 19.750 19.442 19.133 18.825 18.518 18.210 17.903 17.596 17.289 16.982 16.675 16.369 16.063 15.757 15.451 15.145 14.840 14.535 14.230 13.925 13.620 13.316 13.011 12.707 12.403 12.099 11.796 11.492 11.189 10.886 10.583 10.280  9.977  9.674  9.372  9.069  8.767  8.465  8.163  7.861  7.559  7.258  6.956  6.655  6.353  6.052  5.751  5.450  5.149  4.848  4.547  4.246  3.945  3.644  3.344  3.043  2.743  2.442  2.142  1.841  1.541  1.240  0.940  0.640  0.339 
23.203 22.892 22.582 22.271 21.961 21.651 21.341 21.032 20.722 20.413 20.104 19.795 19.487 19.178 18.870 18.562 18.254 17.946 17.639 17.332 17.024 16.717 16.411 16.104 15.798 15.491 15.185 14.879 14.574 14.268 13.963 13.658 13.352 13.048 12.743 12.438 12.134 11.829 11.525 11.221 10.917 10.613 10.310 10.006  9.703  9.400  9.096  8.793  8.490  8.188  7.885  7.582  7.280  6.977  6.675  6.373  6.071  5.769  5.467  5.165  4.863  4.561  4.259  3.958  3.656  3.354  3.053  2.751  2.450  2.148  1.847  1.546  1.244  0.943  0.642  0.340 
23.245 22.934 22.624 22.313 22.003 21.693 21.383 21.073 20.764 20.455 20.145 19.836 19.528 19.219 18.910 18.602 18.294 17.986 17.678 17.371 17.063 16.756 16.449 16.142 15.835 15.528 15.222 14.915 14.609 14.303 13.997 13.691 13.386 13.080 12.775 12.470 12.165 11.860 11.555 11.250 10.946 10.641 10.337 10.033  9.729  9.425  9.121  8.817  8.514  8.210  7.907  7.603  7.300  6.997  6.694  6.391  6.088  5.785  5.482  5.179  4.877  4.574  4.271  3.969  3.666  3.364  3.062  2.759  2.457  2.155  1.852  1.550  1.248  0.946  0.644  0.341 
23.284 22.973 22.662 22.352 22.041 21.731 21.421 21.111 20.802 20.492 20.183 19.874 19.565 19.256 18.947 18.639 18.330 18.022 17.714 17.406 17.098 16.791 16.483 16.176 15.869 15.562 15.255 14.948 14.641 14.335 14.028 13.722 13.416 13.110 12.804 12.499 12.193 11.888 11.582 11.277 10.972 10.667 10.362 10.057  9.752  9.448  9.143  8.839  8.535  8.230  7.926  7.622  7.318  7.014  6.711  6.407  6.103  5.800  5.496  5.193  4.889  4.586  4.282  3.979  3.676  3.373  3.070  2.766  2.463  2.160  1.857  1.554  1.251  0.948  0.645  0.342 
23.318 23.008 22.697 22.386 22.076 21.766 21.456 21.146 20.836 20.527 20.217 19.908 19.599 19.289 18.981 18.672 18.363 18.055 17.746 17.438 17.130 16.822 16.514 16.207 15.899 15.592 15.285 14.977 14.670 14.364 14.057 13.750 13.444 13.137 12.831 12.525 12.219 11.913 11.607 11.301 10.995 10.690 10.384 10.079  9.774  9.469  9.164  8.859  8.554  8.249  7.944  7.640  7.335  7.030  6.726  6.422  6.117  5.813  5.509  5.205  4.901  4.596  4.292  3.988  3.685  3.381  3.077  2.773  2.469  2.165  1.862  1.558  1.254  0.951  0.647  0.343 
23.350 23.039 22.729 22.418 22.108 21.797 21.487 21.177 20.867 20.558 20.248 19.939 19.629 19.320 19.011 18.702 18.393 18.085 17.776 17.467 17.159 16.851 16.543 16.235 15.927 15.619 15.312 15.004 14.697 14.390 14.083 13.776 13.469 13.162 12.855 12.549 12.242 11.936 11.629 11.323 11.017 10.711 10.405 10.099  9.793  9.488  9.182  8.877  8.571  8.266  7.960  7.655  7.350  7.045  6.740  6.435  6.130  5.825  5.520  5.216  4.911  4.606  4.302  3.997  3.692  3.388  3.083  2.779  2.474  2.170  1.866  1.561  1.257  0.953  0.648  0.344 
23.379 23.068 22.757 22.447 22.136 21.826 21.516 21.206 20.896 20.586 20.276 19.967 19.657 19.348 19.039 18.729 18.420 18.112 17.803 17.494 17.186 16.877 16.569 16.261 15.952 15.644 15.337 15.029 14.721 14.414 14.106 13.799 13.491 13.184 12.877 12.570 12.263 11.956 11.650 11.343 11.037 10.730 10.424 10.117  9.811  9.505  9.199  8.893  8.587  8.281  7.975  7.670  7.364  7.058  6.753  6.447  6.142  5.836  5.531  5.226  4.920  4.615  4.310  4.005  3.700  3.394  3.089  2.784  2.479  2.174  1.869  1.564  1.259  0.954  0.650  0.345 
23.405 23.094 22.784 22.473 22.163 21.852 21.542 21.232 20.922 20.612 20.302 19.992 19.683 19.373 19.064 18.754 18.445 18.136 17.827 17.518 17.210 16.901 16.592 16.284 15.976 15.667 15.359 15.051 14.743 14.435 14.127 13.820 13.512 13.205 12.897 12.590 12.283 11.975 11.668 11.361 11.054 10.747 10.441 10.134  9.827  9.521  9.214  8.908  8.601  8.295  7.989  7.683  7.376  7.070  6.764  6.458  6.152  5.846  5.540  5.235  4.929  4.623  4.317  4.012  3.706  3.400  3.095  2.789  2.481  2.167  1.823  1.378  0.632 -0.778 -2.572 -4.800 
23.427 23.116 22.805 22.494 22.183 21.873 21.562 21.251 20.940 20.629 20.319 20.008 19.697 19.386 19.074 18.763 18.451 18.139 17.827 17.515 17.202 16.889 16.575 16.261 15.946 15.631 15.314 14.997 14.679 14.360 14.040 13.718 13.395 13.071 12.745 12.417 12.087 11.756 11.422 11.086 10.748 10.407 10.063  9.716  9.366  9.013  8.657  8.296  7.932  7.565  7.193  6.816  6.435  6.050  5.660  5.265  4.865  4.460  4.051  3.637  3.218  2.795  2.367  1.936  1.502  1.065  0.626  0.185 -0.212 -0.617 -1.021 -1.422 -1.822 -2.218 -2.611 -3.000 
23.369 23.058 22.746 22.434 22.121 21.807 21.493 21.179 20.863 20.547 20.230 19.913 19.595 19.276 18.956 18.635 18.314 17.991 17.668 17.344 17.019 16.692 16.365 16.036 15.706 15.375 15.043 14.710 14.375 14.038 13.701 13.361 13.021 12.679 12.335 11.989 11.642 11.294 10.944 10.592 10.239  9.884  9.528  9.170  8.811  8.450  8.088  7.725  7.361  6.996  6.630  6.264  5.896  5.529  5.161  4.793  4.425  4.058  3.690  3.323  2.956  2.590  2.225  1.860  1.496  1.132  0.769  0.406  0.044 -0.195 -0.371 -0.544 -0.714 -0.881 -1.043 -1.200 
23.192 22.880 22.568 22.255 21.941 21.626 21.310 20.993 20.675 20.357 20.037 19.717 19.395 19.073 18.750 18.425 18.100 17.774 17.447 17.119 16.790 16.461 16.130 15.798 15.466 15.133 14.798 14.463 14.127 13.791 13.453 13.115 12.776 12.437 12.096 11.755 11.414 11.072 10.730 10.387 10.044  9.700  9.357  9.013  8.670  8.326  7.983  7.639  7.297  6.955  6.613  6.272  5.932  5.593  5.255  4.919  4.583  4.249  3.917  3.586  3.257  2.930  2.604  2.280  1.959  1.639  1.320  1.004  0.690  0.377  0.065 -0.080 -0.106 -0.087  0.242  0.600 
22.995 22.684 22.372 22.059 21.746 21.431 21.116 20.800 20.484 20.167 19.849 19.530 19.211 18.890 18.570 18.249 17.927 17.605 17.282 16.959 16.635 16.311 15.987 15.662 15.338 15.013 14.689 14.364 14.040 13.716 13.392 13.069 12.746 12.425 12.104 11.785 11.466 11.150 10.835 10.521 10.210  9.901  9.595  9.291  8.990  8.693  8.399  8.108  7.822  7.540  7.262  6.989  6.721  6.459  6.202  5.950  5.705  5.466  5.233  5.007  4.787  4.575  4.370  4.172  3.982  3.799  3.623  3.456  3.296  3.144  3.000  2.864  2.736  2.616  2.504  2.400 
22.891 22.580 22.269 21.958 21.647 21.336 21.024 20.713 20.402 20.091 19.780 19.469 19.159 18.848 18.538 18.228 17.919 17.610 17.301 16.993 16.686 16.379 16.073 15.769 15.465 15.162 14.860 14.560 14.261 13.964 13.668 13.373 13.081 12.791 12.502 12.216 11.933 11.651 11.373 11.096 10.823 10.553 10.286 10.023  9.762  9.506  9.253  9.004  8.758  8.518  8.281  8.049  7.821  7.599  7.381  7.168  6.961  6.758  6.562  6.371  6.185  6.006  5.833  5.666  5.505  5.351  5.204  5.063  4.930  4.803  4.684  4.572  4.467  4.370  4.281  4.200 
22.973 22.663 22.353 22.044 21.736 21.429 21.122 20.817 20.512 20.208 19.906 19.604 19.303 19.003 18.704 18.407 18.110 17.815 17.521 17.229 16.937 16.648 16.360 16.073 15.789 15.506 15.225 14.946 14.668 14.394 14.121 13.850 13.582 13.317 13.054 12.794 12.537 12.282 12.031 11.782 11.538 11.296 11.058 10.823 10.593 10.366 10.143  9.924  9.709  9.499  9.294  9.092  8.896  8.705  8.518  8.337  8.161  7.990  7.825  7.666  7.512  7.364  7.223  7.087  6.958  6.836  6.720  6.611  6.509  6.414  6.326  6.246  6.173  6.107  6.050  6.000 
23.235 22.925 22.616 22.309 22.004 21.700 21.397 21.096 20.797 20.499 20.203 19.909 19.616 19.325 19.036 18.749 18.463 18.180 17.898 17.618 17.340 17.065 16.791 16.519 16.250 15.983 15.718 15.456 15.196 14.938 14.683 14.431 14.181 13.934 13.689 13.448 13.209 12.973 12.739 12.509 12.282 12.057 11.836 11.618 11.403 11.190 10.981 10.775 10.572 10.372 10.174  9.980  9.789  9.601  9.415  9.232  9.052  8.875  8.700  8.527  8.357  8.189  8.023  7.860  7.698  7.538  7.379  7.222  7.066  6.912  6.758  6.606  6.454  6.302  6.151  6.000 
23.633 23.323 23.015 22.709 22.405 22.103 21.803 21.505 21.209 20.915 20.623 20.333 20.045 19.759 19.475 19.194 18.914 18.636 18.361 18.087 17.816 17.547 17.280 17.015 16.752 16.492 16.234 15.978 15.724 15.472 15.223 14.976 14.731 14.488 14.248 14.010 13.774 13.540 13.309 13.080 12.853 12.628 12.406 12.185 11.967 11.751 11.537 11.324 11.114 10.906 10.700 10.496 10.294 10.093  9.894  9.697  9.502  9.308  9.115  8.924  8.734  8.546  8.359  8.173  7.988  7.804  7.621  7.439  7.257  7.077  6.896  6.717  6.537  6.358  6.179  6.000 
24.090 23.780 23.472 23.166 22.863 22.561 22.262 21.964 21.669 21.376 21.085 20.795 20.508 20.223 19.940 19.659 19.381 19.104 18.829 18.556 18.286 18.017 17.751 17.486 17.224 16.963 16.705 16.448 16.194 15.941 15.691 15.442 15.196 14.951 14.708 14.467 14.228 13.991 13.755 13.522 13.290 13.060 12.832 12.605 12.380 12.157 11.935 11.715 11.496 11.279 11.064 10.849 10.637 10.425 10.215 10.006  9.798  9.591  9.385  9.181  8.977  8.774  8.573  8.372  8.171  7.972  7.773  7.574  7.376  7.179  6.982  6.785  6.589  6.392  6.196  6.000 
24.547 24.237 23.929 23.624 23.320 23.018 22.718 22.420 22.124 21.830 21.538 21.248 20.960 20.674 20.390 20.108 19.828 19.549 19.273 18.999 18.726 18.455 18.187 17.920 17.655 17.391 17.130 16.870 16.613 16.357 16.102 15.850 15.599 15.350 15.102 14.856 14.612 14.370 14.129 13.889 13.651 13.415 13.180 12.946 12.714 12.483 12.254 12.025 11.798 11.573 11.348 11.125 10.903 10.682 10.461 10.242 10.024  9.807  9.591  9.375  9.160  8.946  8.733  8.520  8.308  8.096  7.885  7.675  7.465  7.255  7.045  6.836  6.627  6.418  6.209  6.000 
24.980 24.670 24.362 24.056 23.752 23.449 23.148 22.850 22.553 22.258 21.964 21.673 21.383 21.095 20.809 20.525 20.243 19.962 19.683 19.406 19.131 18.857 18.585 18.315 18.046 17.780 17.514 17.251 16.989 16.728 16.470 16.212 15.957 15.703 15.450 15.199 14.949 14.700 14.453 14.208 13.963 13.721 13.479 13.238 12.999 12.761 12.524 12.289 12.054 11.820 11.588 11.356 11.126 10.896 10.667 10.439 10.212  9.986  9.760  9.535  9.311  9.088  8.865  8.642  8.420  8.199  7.978  7.757  7.537  7.316  7.097  6.877  6.658  6.438  6.219  6.000 
25.380 25.070 24.762 24.455 24.150 23.847 23.546 23.246 22.948 22.651 22.357 22.064 21.772 21.482 21.194 20.908 20.623 20.340 20.058 19.778 19.500 19.223 18.948 18.674 18.402 18.132 17.862 17.595 17.329 17.064 16.800 16.538 16.278 16.019 15.761 15.504 15.249 14.995 14.742 14.491 14.241 13.991 13.743 13.497 13.251 13.006 12.762 12.520 12.278 12.037 11.797 11.558 11.320 11.083 10.846 10.611 10.376 10.141  9.908  9.674  9.442  9.210  8.979  8.748  8.517  8.287  8.057  7.828  7.599  7.370  7.141  6.913  6.684  6.456  6.228  6.000 
25.746 25.436 25.127 24.820 24.515 24.211 23.909 23.608 23.309 23.011 22.715 22.420 22.127 21.835 21.545 21.257 20.970 20.684 20.400 20.117 19.836 19.556 19.278 19.001 18.725 18.451 18.178 17.906 17.636 17.367 17.099 16.833 16.568 16.304 16.041 15.780 15.519 15.260 15.002 14.745 14.489 14.234 13.981 13.728 13.476 13.225 12.975 12.726 12.478 12.231 11.984 11.738 11.494 11.249 11.006 10.763 10.521 10.279 10.038  9.798  9.558  9.318  9.080  8.841  8.603  8.365  8.128  7.890  7.654  7.417  7.180  6.944  6.708  6.472  6.236  6.000 
26.079 25.769 25.460 25.153 24.847 24.542 24.239 23.937 23.637 23.338 23.041 22.744 22.450 22.156 21.864 21.574 21.284 20.996 20.710 20.425 20.141 19.858 19.576 19.296 19.017 18.740 18.463 18.188 17.914 17.641 17.370 17.099 16.830 16.562 16.295 16.028 15.763 15.499 15.236 14.975 14.714 14.453 14.194 13.936 13.679 13.422 13.167 12.912 12.658 12.405 12.152 11.900 11.649 11.399 11.149 10.900 10.651 10.403 10.156  9.909  9.662  9.416  9.170  8.925  8.680  8.435  8.191  7.947  7.703  7.459  7.216  6.972  6.729  6.486  6.243  6.000 
26.381 26.071 25.762 25.454 25.148 24.843 24.539 24.236 23.935 23.635 23.336 23.039 22.743 22.448 22.154 21.861 21.570 21.280 20.991 20.703 20.417 20.132 19.848 19.565 19.283 19.002 18.722 18.444 18.166 17.890 17.615 17.341 17.067 16.795 16.524 16.254 15.984 15.716 15.449 15.182 14.916 14.652 14.388 14.125 13.862 13.601 13.340 13.080 12.821 12.562 12.304 12.047 11.790 11.534 11.278 11.023 10.769 10.515 10.262 10.008  9.756  9.504  9.252  9.000  8.749  8.498  8.248  7.997  7.747  7.497  7.247  6.998  6.748  6.499  6.249  6.000 
26.655 26.345 26.036 25.728 25.421 25.115 24.811 24.508 24.205 23.904 23.605 23.306 23.008 22.712 22.416 22.122 21.829 21.537 21.246 20.956 20.668 20.380 20.093 19.808 19.523 19.240 18.957 18.676 18.395 18.115 17.837 17.559 17.282 17.007 16.732 16.458 16.185 15.912 15.641 15.370 15.100 14.831 14.563 14.295 14.028 13.762 13.497 13.232 12.968 12.704 12.441 12.179 11.917 11.656 11.395 11.135 10.875 10.616 10.357 10.099  9.841  9.583  9.326  9.069  8.812  8.555  8.299  8.043  7.787  7.532  7.276  7.021  6.766  6.510  6.255  6.000 
26.904 26.594 26.284 25.976 25.669 25.363 25.058 24.754 24.451 24.149 23.848 23.548 23.249 22.951 22.655 22.359 22.064 21.770 21.477 21.186 20.895 20.605 20.316 20.028 19.741 19.455 19.170 18.886 18.602 18.320 18.038 17.757 17.477 17.198 16.920 16.643 16.366 16.090 15.815 15.540 15.267 14.994 14.721 14.450 14.179 13.909 13.639 13.370 13.101 12.833 12.566 12.299 12.033 11.767 11.501 11.236 10.972 10.708 10.444 10.181  9.918  9.655  9.393  9.131  8.869  8.607  8.346  8.085  7.824  7.563  7.302  7.042  6.781  6.521  6.260  6.000 
27.129 26.819 26.510 26.201 25.894 25.587 25.281 24.977 24.673 24.370 24.068 23.768 23.468 23.169 22.870 22.573 22.277 21.982 21.687 21.394 21.101 20.809 20.518 20.228 19.939 19.650 19.363 19.076 18.790 18.505 18.221 17.937 17.654 17.372 17.091 16.810 16.530 16.251 15.973 15.695 15.418 15.141 14.865 14.590 14.315 14.041 13.768 13.495 13.222 12.950 12.679 12.408 12.137 11.867 11.597 11.328 11.059 10.791 10.523 10.255  9.987  9.720  9.453  9.187  8.920  8.654  8.388  8.122  7.857  7.591  7.326  7.061  6.795  6.530  6.265  6.000 
27.334 27.023 26.714 26.405 26.097 25.790 25.484 25.179 24.875 24.571 24.268 23.967 23.666 23.365 23.066 22.768 22.470 22.173 21.877 21.582 21.288 20.994 20.701 20.409 20.118 19.827 19.538 19.249 18.960 18.673 18.386 18.100 17.814 17.530 17.246 16.962 16.679 16.397 16.116 15.835 15.554 15.275 14.996 14.717 14.439 14.161 13.884 13.608 13.332 13.056 12.781 12.506 12.232 11.958 11.685 11.411 11.139 10.866 10.594 10.322 10.051  9.779  9.508  9.238  8.967  8.697  8.426  8.156  7.887  7.617  7.347  7.078  6.808  6.539  6.269  6.000 
27.519 27.209 26.899 26.590 26.282 25.975 25.668 25.362 25.057 24.753 24.450 24.147 23.845 23.544 23.244 22.944 22.645 22.347 22.050 21.753 21.457 21.162 20.867 20.573 20.280 19.988 19.696 19.405 19.115 18.825 18.536 18.247 17.960 17.672 17.386 17.100 16.814 16.530 16.245 15.962 15.678 15.396 15.114 14.832 14.551 14.270 13.990 13.710 13.431 13.152 12.874 12.595 12.318 12.040 11.763 11.487 11.210 10.934 10.659 10.383 10.108  9.833  9.558  9.284  9.009  8.735  8.461  8.187  7.914  7.640  7.367  7.093  6.820  6.547  6.273  6.000 
27.687 27.377 27.067 26.758 26.449 26.142 25.835 25.528 25.223 24.918 24.614 24.311 24.008 23.706 23.404 23.104 22.804 22.504 22.206 21.908 21.610 21.314 21.018 20.722 20.428 20.133 19.840 19.547 19.255 18.963 18.672 18.381 18.091 17.802 17.513 17.225 16.937 16.650 16.363 16.077 15.791 15.506 15.221 14.936 14.652 14.369 14.086 13.803 13.521 13.239 12.958 12.676 12.396 12.115 11.835 11.555 11.276 10.996 10.717 10.438 10.160  9.882  9.603  9.325  9.048  8.770  8.493  8.215  7.938  7.661  7.384  7.107  6.830  6.554  6.277  6.000 
27.839 27.529 27.219 26.910 26.601 26.293 25.986 25.679 25.373 25.068 24.763 24.459 24.155 23.852 23.550 23.249 22.947 22.647 22.347 22.048 21.750 21.451 21.154 20.857 20.561 20.265 19.970 19.676 19.382 19.088 18.795 18.503 18.211 17.919 17.628 17.338 17.048 16.758 16.469 16.181 15.893 15.605 15.318 15.031 14.745 14.458 14.173 13.888 13.603 13.318 13.034 12.750 12.466 12.183 11.900 11.617 11.335 11.052 10.770 10.488 10.207  9.926  9.644  9.363  9.083  8.802  8.521  8.241  7.960  7.680  7.400  7.120  6.840  6.560  6.280  6.000 
27.978 27.667 27.357 27.048 26.739 26.430 26.123 25.816 25.509 25.203 24.898 24.593 24.289 23.985 23.682 23.380 23.078 22.776 22.476 22.175 21.876 21.576 21.278 20.980 20.682 20.385 20.088 19.792 19.496 19.201 18.907 18.613 18.319 18.026 17.733 17.440 17.149 16.857 16.566 16.275 15.985 15.695 15.406 15.117 14.828 14.540 14.252 13.964 13.677 13.389 13.103 12.816 12.530 12.244 11.959 11.673 11.388 11.103 10.818 10.534 10.250  9.965  9.681  9.398  9.114  8.831  8.547  8.264  7.981  7.698  7.414  7.132  6.849  6.566  6.283  6.000 
28.103 27.792 27.482 27.172 26.863 26.555 26.247 25.940 25.633 25.326 25.020 24.715 24.410 24.106 23.802 23.499 23.196 22.894 22.592 22.291 21.990 21.690 21.390 21.090 20.792 20.493 20.195 19.898 19.601 19.304 19.008 18.712 18.417 18.122 17.828 17.533 17.240 16.947 16.654 16.361 16.069 15.777 15.486 15.194 14.904 14.613 14.323 14.033 13.744 13.454 13.165 12.877 12.588 12.300 12.012 11.724 11.437 11.149 10.862 10.575 10.288 10.002  9.715  9.429  9.143  8.857  8.571  8.285  7.999  7.713  7.428  7.142  6.856  6.571  6.285  6.000 
28.216 27.905 27.595 27.286 26.976 26.668 26.359 26.052 25.744 25.438 25.131 24.825 24.520 24.215 23.911 23.607 23.303 23.000 22.697 22.395 22.094 21.792 21.491 21.191 20.891 20.591 20.292 19.994 19.695 19.397 19.100 18.803 18.506 18.209 17.913 17.618 17.323 17.028 16.733 16.439 16.145 15.851 15.558 15.265 14.972 14.680 14.388 14.096 13.804 13.513 13.222 12.931 12.641 12.350 12.060 11.770 11.480 11.191 10.902 10.612 10.323 10.034  9.746  9.457  9.169  8.880  8.592  8.304  8.015  7.727  7.439  7.151  6.864  6.576  6.288  6.000 
28.319 28.008 27.698 27.388 27.079 26.770 26.462 26.153 25.846 25.539 25.232 24.926 24.620 24.314 24.009 23.705 23.400 23.096 22.793 22.490 22.188 21.885 21.584 21.282 20.981 20.680 20.380 20.080 19.781 19.482 19.183 18.885 18.586 18.289 17.991 17.694 17.397 17.101 16.805 16.509 16.214 15.918 15.623 15.329 15.034 14.740 14.446 14.153 13.859 13.566 13.273 12.981 12.688 12.396 12.104 11.812 11.520 11.229 10.937 10.646 10.355 10.064  9.773  9.483  9.192  8.901  8.611  8.321  8.031  7.740  7.450  7.160  6.870  6.580  6.290  6.000 
