22.116 21.805 21.494 21.183 20.872 20.561 20.250 19.940 19.629 19.318 19.007 18.696 18.385 18.074 17.763 17.452 17.141 16.829 16.518 16.207 15.896 15.585 15.273 14.962 14.651 14.339 14.027 13.716 13.404 13.092 12.780 12.468 12.156 11.844 11.531 11.218 10.906 10.593 10.279  9.966  9.652  9.338  9.024  8.710  8.395  8.081  7.765  7.450  7.134  6.818  6.502  6.185  5.868  5.550  5.233  4.915  4.596  4.277  3.958  3.639  3.319  2.998  2.678  2.357  2.036  1.714  1.392  1.070  0.747  0.424  0.101 -0.188 -0.510 -0.833 -1.156 -1.480 
22.109 21.798 21.487 21.176 20.865 20.554 20.243 19.931 19.620 19.309 18.997 18.686 18.374 18.062 17.751 17.439 17.127 16.815 16.503 16.190 15.878 15.566 15.253 14.940 14.628 14.315 14.002 13.688 13.375 13.062 12.748 12.434 12.120 11.806 11.491 11.176 10.861 10.546 10.230  9.914  9.598  9.281  8.964  8.647  8.329  8.010  7.691  7.371  7.051  6.730  6.408  6.085  5.762  5.438  5.113  4.787  4.460  4.132  3.803  3.473  3.142  2.811  2.478  2.145  1.811  1.476  1.141  0.805  0.468  0.131 -0.163 -0.481 -0.800 -1.119 -1.439 -1.760 
22.088 21.777 21.466 21.155 20.844 20.532 20.221 19.909 19.597 19.285 18.973 18.660 18.348 18.035 17.722 17.409 17.096 16.782 16.469 16.155 15.841 15.527 15.212 14.898 14.583 14.268 13.952 13.636 13.321 13.004 12.688 12.371 12.054 11.736 11.419 11.101 10.782 10.463 10.144  9.825  9.505  9.185  8.864  8.543  8.222  7.900  7.577  7.255  6.932  6.608  6.284  5.959  5.634  5.309  4.983  4.656  4.328  4.000  3.670  3.340  3.008  2.675  2.339  2.002  1.661  1.316  0.967  0.612  0.250 -0.119 -0.424 -0.739 -1.059 -1.384 -1.711 -2.040 
22.048 21.737 21.426 21.115 20.803 20.491 20.179 19.867 19.554 19.241 18.928 18.615 18.301 17.988 17.674 17.359 17.045 16.730 16.414 16.099 15.783 15.467 15.151 14.834 14.517 14.199 13.881 13.563 13.244 12.925 12.606 12.286 11.966 11.645 11.323 11.002 10.680 10.357 10.034  9.710  9.386  9.061  8.735  8.409  8.083  7.756  7.428  7.100  6.771  6.442  6.112  5.781  5.450  5.119  4.786  4.454  4.120  3.786  3.452  3.117  2.781  2.445  2.108  1.771  1.434  1.096  0.757  0.418  0.079 -0.230 -0.577 -0.924 -1.272 -1.621 -1.970 -2.320 
21.988 21.677 21.365 21.054 20.742 20.429 20.117 19.804 19.490 19.177 18.863 18.549 18.234 17.919 17.604 17.288 16.972 16.656 16.339 16.022 15.704 15.386 15.068 14.749 14.430 14.110 13.790 13.469 13.148 12.827 12.504 12.182 11.859 11.535 11.211 10.886 10.560 10.234  9.907  9.579  9.251  8.922  8.593  8.262  7.931  7.599  7.266  6.933  6.599  6.264  5.928  5.591  5.254  4.916  4.577  4.237  3.897  3.556  3.214  2.871  2.528  2.184  1.840  1.495  1.150  0.804  0.458  0.111 -0.198 -0.540 -0.882 -1.224 -1.567 -1.911 -2.255 -2.600 
21.906 21.595 21.283 20.971 20.659 20.346 20.033 19.720 19.406 19.091 18.776 18.461 18.145 17.829 17.513 17.196 16.878 16.560 16.242 15.923 15.604 15.284 14.964 14.643 14.322 14.000 13.678 13.356 13.032 12.709 12.385 12.060 11.735 11.409 11.083 10.756 10.428 10.100  9.772  9.443  9.113  8.783  8.453  8.121  7.790  7.458  7.125  6.791  6.458  6.123  5.789  5.453  5.118  4.782  4.445  4.108  3.771  3.434  3.096  2.759  2.421  2.083  1.745  1.408  1.070  0.733  0.396  0.060 -0.151 -0.296 -0.439 -0.580 -0.720 -0.858 -0.993 -1.126 
21.808 21.497 21.186 20.874 20.561 20.248 19.935 19.621 19.307 18.992 18.677 18.362 18.046 17.729 17.412 17.095 16.778 16.459 16.141 15.822 15.503 15.183 14.863 14.543 14.222 13.901 13.579 13.258 12.935 12.613 12.291 11.968 11.645 11.321 10.998 10.674 10.351 10.027  9.703  9.379  9.055  8.731  8.408  8.084  7.760  7.437  7.114  6.792  6.470  6.148  5.827  5.507  5.187  4.869  4.551  4.235  3.921  3.608  3.297  2.988  2.681  2.376  2.073  1.773  1.475  1.179  0.885  0.592  0.301  0.012 -0.155 -0.260 -0.365 -0.468 -0.571 -0.673 
21.719 21.408 21.097 20.785 20.473 20.161 19.848 19.535 19.222 18.909 18.595 18.281 17.966 17.652 17.337 17.022 16.706 16.391 16.075 15.759 15.443 15.127 14.810 14.494 14.178 13.861 13.544 13.228 12.911 12.595 12.278 11.962 11.646 11.330 11.014 10.699 10.384 10.069  9.754  9.440  9.127  8.814  8.501  8.189  7.878  7.567  7.257  6.948  6.639  6.331  6.025  5.719  5.413  5.109  4.806  4.504  4.202  3.902  3.603  3.304  3.007  2.711  2.416  2.122  1.831  1.542  1.258  0.981  0.714  0.457  0.210 -0.031 -0.165 -0.260 -0.355 -0.448 
21.671 21.360 21.049 20.738 20.427 20.115 19.804 19.492 19.181 18.869 18.557 18.245 17.934 17.622 17.310 16.998 16.686 16.374 16.063 15.751 15.439 15.128 14.816 14.505 14.194 13.883 13.572 13.261 12.951 12.641 12.331 12.022 11.713 11.404 11.096 10.789 10.482 10.175  9.869  9.563  9.259  8.955  8.651  8.349  8.047  7.746  7.446  7.147  6.849  6.552  6.256  5.961  5.667  5.374  5.083  4.793  4.504  4.217  3.930  3.645  3.362  3.079  2.798  2.518  2.240  1.962  1.686  1.411  1.137  0.864  0.592  0.321  0.051 -0.104 -0.195 -0.282 
21.672 21.362 21.051 20.740 20.430 20.119 19.809 19.499 19.189 18.879 18.570 18.260 17.951 17.642 17.333 17.024 16.715 16.407 16.099 15.791 15.484 15.176 14.870 14.563 14.257 13.951 13.645 13.340 13.036 12.732 12.428 12.125 11.822 11.520 11.219 10.918 10.618 10.318 10.019  9.721  9.424  9.127  8.831  8.536  8.242  7.948  7.656  7.365  7.074  6.785  6.496  6.209  5.923  5.638  5.354  5.072  4.791  4.511  4.233  3.957  3.682  3.409  3.137  2.867  2.599  2.333  2.068  1.805  1.543  1.284  1.025  0.768  0.513  0.258  0.004 -0.137 
21.720 21.409 21.099 20.789 20.479 20.169 19.860 19.551 19.243 18.934 18.627 18.319 18.012 17.705 17.399 17.093 16.787 16.482 16.177 15.872 15.568 15.265 14.962 14.659 14.357 14.056 13.755 13.455 13.155 12.856 12.557 12.259 11.962 11.666 11.370 11.076 10.782 10.488 10.196  9.905  9.615  9.325  9.037  8.750  8.464  8.179  7.896  7.613  7.332  7.053  6.774  6.498  6.222  5.948  5.676  5.405  5.135  4.868  4.601  4.337  4.073  3.812  3.551  3.292  3.035  2.779  2.524  2.270  2.017  1.766  1.515  1.265  1.016  0.767  0.518  0.270 
21.808 21.498 21.188 20.878 20.569 20.260 19.952 19.644 19.337 19.030 18.724 18.419 18.113 17.809 17.505 17.201 16.898 16.596 16.294 15.993 15.693 15.393 15.094 14.795 14.497 14.200 13.903 13.607 13.312 13.017 12.724 12.431 12.138 11.847 11.556 11.266 10.977 10.689 10.401 10.115  9.829  9.544  9.260  8.976  8.694  8.412  8.131  7.851  7.572  7.294  7.017  6.740  6.464  6.189  5.915  5.641  5.369  5.097  4.825  4.555  4.285  4.015  3.746  3.478  3.211  2.943  2.677  2.410  2.144  1.879  1.614  1.349  1.084  0.819  0.555  0.290 
21.932 21.621 21.311 21.002 20.693 20.385 20.077 19.770 19.464 19.158 18.853 18.548 18.244 17.941 17.638 17.336 17.035 16.734 16.433 16.134 15.835 15.537 15.239 14.942 14.645 14.350 14.054 13.760 13.466 13.173 12.881 12.589 12.297 12.007 11.717 11.428 11.139 10.851 10.564 10.277  9.991  9.706  9.421  9.137  8.854  8.571  8.289  8.007  7.726  7.445  7.165  6.886  6.607  6.329  6.051  5.773  5.496  5.220  4.944  4.668  4.393  4.118  3.844  3.570  3.296  3.023  2.750  2.477  2.204  1.932  1.659  1.387  1.115  0.843  0.571  0.300 
22.069 21.758 21.448 21.139 20.830 20.522 20.214 19.908 19.601 19.296 18.991 18.686 18.382 18.079 17.777 17.475 17.173 16.873 16.573 16.273 15.974 15.676 15.378 15.081 14.785 14.489 14.193 13.899 13.604 13.311 13.018 12.726 12.434 12.143 11.852 11.562 11.272 10.983 10.695 10.407 10.119  9.832  9.546  9.260  8.975  8.690  8.405  8.121  7.838  7.555  7.272  6.990  6.708  6.427  6.146  5.865  5.585  5.305  5.025  4.746  4.467  4.188  3.909  3.631  3.353  3.075  2.798  2.520  2.243  1.966  1.689  1.412  1.135  0.859  0.582  0.306 
22.205 21.894 21.584 21.275 20.966 20.658 20.350 20.043 19.737 19.431 19.125 18.821 18.517 18.213 17.910 17.608 17.306 17.005 16.704 16.404 16.105 15.806 15.507 15.210 14.912 14.616 14.319 14.024 13.729 13.434 13.140 12.846 12.553 12.261 11.969 11.677 11.386 11.096 10.805 10.516 10.227  9.938  9.649  9.362  9.074  8.787  8.500  8.214  7.928  7.643  7.358  7.073  6.788  6.504  6.220  5.937  5.653  5.371  5.088  4.805  4.523  4.241  3.960  3.678  3.397  3.115  2.834  2.554  2.273  1.992  1.712  1.431  1.151  0.871  0.590  0.310 
22.333 22.023 21.713 21.403 21.094 20.786 20.478 20.171 19.864 19.558 19.252 18.947 18.642 18.338 18.035 17.732 17.430 17.128 16.826 16.525 16.225 15.925 15.626 15.327 15.029 14.731 14.434 14.137 13.841 13.545 13.250 12.955 12.660 12.366 12.073 11.780 11.487 11.195 10.903 10.611 10.320 10.030  9.739  9.450  9.160  8.871  8.582  8.294  8.006  7.718  7.430  7.143  6.856  6.570  6.283  5.997  5.711  5.426  5.141  4.855  4.571  4.286  4.001  3.717  3.433  3.149  2.865  2.581  2.297  2.014  1.730  1.447  1.164  0.880  0.597  0.314 
22.452 22.142 21.832 21.522 21.213 20.904 20.596 20.289 19.982 19.675 19.369 19.063 18.758 18.454 18.150 17.846 17.543 17.240 16.938 16.636 16.335 16.035 15.734 15.435 15.135 14.836 14.538 14.240 13.942 13.645 13.349 13.052 12.756 12.461 12.166 11.871 11.577 11.283 10.990 10.697 10.404 10.111  9.819  9.528  9.236  8.945  8.654  8.364  8.074  7.784  7.494  7.205  6.916  6.627  6.339  6.050  5.762  5.474  5.187  4.899  4.612  4.325  4.038  3.751  3.464  3.178  2.891  2.605  2.319  2.033  1.747  1.461  1.175  0.889  0.603  0.317 
22.561 22.251 21.941 21.631 21.322 21.013 20.705 20.397 20.089 19.782 19.476 19.170 18.864 18.559 18.254 17.950 17.646 17.343 17.040 16.738 16.436 16.134 15.833 15.532 15.232 14.932 14.633 14.333 14.035 13.736 13.438 13.141 12.844 12.547 12.250 11.954 11.659 11.363 11.068 10.774 10.479 10.185  9.891  9.598  9.305  9.012  8.719  8.427  8.135  7.843  7.552  7.260  6.969  6.679  6.388  6.098  5.807  5.517  5.228  4.938  4.649  4.359  4.070  3.781  3.492  3.203  2.915  2.626  2.338  2.049  1.761  1.473  1.184  0.896  0.608  0.320 
22.661 22.350 22.040 21.730 21.421 21.112 20.803 20.495 20.188 19.880 19.573 19.267 18.961 18.655 18.350 18.045 17.741 17.437 17.133 16.830 16.527 16.225 15.923 15.621 15.320 15.019 14.718 14.418 14.119 13.819 13.520 13.221 12.923 12.625 12.327 12.030 11.733 11.436 11.139 10.843 10.547 10.252  9.956  9.661  9.367  9.072  8.778  8.484  8.190  7.897  7.604  7.310  7.018  6.725  6.433  6.140  5.848  5.556  5.265  4.973  4.682  4.390  4.099  3.808  3.517  3.227  2.936  2.645  2.355  2.064  1.774  1.483  1.193  0.903  0.613  0.322 
22.752 22.441 22.131 21.821 21.511 21.202 20.894 20.585 20.277 19.970 19.662 19.355 19.049 18.743 18.437 18.132 17.827 17.522 17.218 16.914 16.611 16.307 16.005 15.702 15.400 15.098 14.797 14.496 14.195 13.894 13.594 13.294 12.995 12.696 12.397 12.098 11.800 11.502 11.204 10.906 10.609 10.312 10.016  9.719  9.423  9.127  8.831  8.536  8.240  7.945  7.650  7.356  7.061  6.767  6.473  6.179  5.885  5.592  5.298  5.005  4.712  4.419  4.126  3.833  3.540  3.247  2.955  2.662  2.370  2.078  1.785  1.493  1.201  0.909  0.617  0.325 
22.834 22.524 22.213 21.903 21.594 21.284 20.976 20.667 20.359 20.051 19.743 19.436 19.129 18.823 18.516 18.211 17.905 17.600 17.295 16.991 16.686 16.382 16.079 15.776 15.473 15.170 14.868 14.566 14.264 13.963 13.662 13.361 13.060 12.760 12.460 12.160 11.861 11.561 11.263 10.964 10.665 10.367 10.069  9.771  9.474  9.177  8.879  8.583  8.286  7.989  7.693  7.397  7.101  6.805  6.510  6.214  5.919  5.624  5.329  5.034  4.739  4.444  4.150  3.855  3.561  3.266  2.972  2.678  2.384  2.090  1.796  1.502  1.208  0.914  0.621  0.327 
22.910 22.599 22.289 21.978 21.669 21.359 21.050 20.741 20.433 20.125 19.817 19.509 19.202 18.895 18.588 18.282 17.976 17.670 17.365 17.060 16.755 16.451 16.146 15.843 15.539 15.236 14.932 14.630 14.327 14.025 13.723 13.421 13.120 12.818 12.517 12.217 11.916 11.616 11.316 11.016 10.716 10.417 10.118  9.819  9.520  9.222  8.923  8.625  8.327  8.029  7.732  7.434  7.137  6.840  6.543  6.246  5.949  5.653  5.356  5.060  4.763  4.467  4.171  3.875  3.579  3.284  2.988  2.692  2.397  2.101  1.806  1.510  1.215  0.919  0.624  0.329 
22.978 22.667 22.357 22.047 21.737 21.427 21.118 20.809 20.500 20.192 19.884 19.576 19.268 18.961 18.654 18.347 18.041 17.735 17.429 17.123 16.818 16.513 16.208 15.903 15.599 15.295 14.991 14.688 14.384 14.081 13.779 13.476 13.174 12.872 12.570 12.268 11.967 11.665 11.364 11.063 10.763 10.462 10.162  9.862  9.562  9.263  8.963  8.664  8.365  8.066  7.767  7.468  7.170  6.871  6.573  6.275  5.977  5.679  5.381  5.083  4.786  4.488  4.191  3.894  3.596  3.299  3.002  2.705  2.408  2.111  1.814  1.518  1.221  0.924  0.627  0.330 
23.040 22.729 22.419 22.109 21.799 21.489 21.180 20.870 20.562 20.253 19.945 19.636 19.329 19.021 18.714 18.407 18.100 17.793 17.487 17.181 16.875 16.569 16.264 15.959 15.654 15.349 15.045 14.740 14.436 14.133 13.829 13.526 13.223 12.920 12.617 12.315 12.012 11.710 11.408 11.107 10.805 10.504 10.203  9.902  9.601  9.300  8.999  8.699  8.399  8.099  7.799  7.499  7.199  6.900  6.601  6.301  6.002  5.703  5.404  5.105  4.806  4.508  4.209  3.910  3.612  3.314  3.015  2.717  2.419  2.121  1.822  1.524  1.226  0.928  0.630  0.332 
23.097 22.786 22.475 22.165 21.855 21.545 21.236 20.926 20.617 20.309 20.000 19.692 19.383 19.075 18.768 18.460 18.153 17.846 17.539 17.233 16.927 16.620 16.315 16.009 15.704 15.398 15.093 14.788 14.484 14.179 13.875 13.571 13.267 12.964 12.660 12.357 12.054 11.751 11.448 11.146 10.843 10.541 10.239  9.937  9.636  9.334  9.032  8.731  8.430  8.129  7.828  7.527  7.227  6.926  6.625  6.325  6.025  5.725  5.425  5.125  4.825  4.525  4.225  3.926  3.626  3.327  3.027  2.728  2.428  2.129  1.830  1.530  1.231  0.932  0.633  0.333 
23.148 22.837 22.527 22.216 21.906 21.596 21.287 20.977 20.668 20.359 20.050 19.742 19.433 19.125 18.817 18.509 18.202 17.894 17.587 17.280 16.974 16.667 16.361 16.055 15.749 15.443 15.137 14.832 14.527 14.222 13.917 13.613 13.308 13.004 12.700 12.396 12.092 11.788 11.485 11.182 10.878 10.575 10.273  9.970  9.667  9.365  9.062  8.760  8.458  8.156  7.854  7.553  7.251  6.950  6.648  6.347  6.046  5.745  5.444  5.143  4.842  4.541  4.240  3.939  3.639  3.338  3.038  2.737  2.437  2.136  1.836  1.536  1.235  0.935  0.635  0.335 
23.195 22.884 22.574 22.263 21.953 21.643 21.333 21.024 20.714 20.405 20.096 19.787 19.479 19.170 18.862 18.554 18.246 17.938 17.631 17.324 17.017 16.710 16.403 16.096 15.790 15.484 15.178 14.872 14.566 14.261 13.955 13.650 13.345 13.040 12.735 12.431 12.126 11.822 11.518 11.214 10.910 10.606 10.303  9.999  9.696  9.393  9.090  8.787  8.484  8.181  7.878  7.576  7.273  6.971  6.669  6.367  6.065  5.763  5.461  5.159  4.857  4.555  4.254  3.952  3.650  3.349  3.048  2.746  2.445  2.143  1.842  1.541  1.240  0.938  0.637  0.336 
23.237 22.927 22.616 22.306 21.995 21.685 21.375 21.066 20.756 20.447 20.138 19.829 19.520 19.211 18.903 18.594 18.286 17.978 17.671 17.363 17.055 16.748 16.441 16.134 15.827 15.521 15.214 14.908 14.602 14.296 13.990 13.684 13.379 13.073 12.768 12.463 12.158 11.853 11.548 11.243 10.939 10.635 10.330 10.026  9.722  9.418  9.114  8.811  8.507  8.204  7.900  7.597  7.294  6.991  6.688  6.385  6.082  5.779  5.476  5.174  4.871  4.568  4.266  3.963  3.661  3.359  3.056  2.754  2.452  2.150  1.847  1.545  1.243  0.941  0.639  0.337 
23.276 22.965 22.655 22.344 22.034 21.724 21.414 21.104 20.794 20.485 20.175 19.866 19.557 19.248 18.940 18.631 18.323 18.015 17.707 17.399 17.091 16.783 16.476 16.168 15.861 15.554 15.247 14.941 14.634 14.328 14.021 13.715 13.409 13.103 12.797 12.492 12.186 11.881 11.575 11.270 10.965 10.660 10.355 10.051  9.746  9.441  9.137  8.833  8.528  8.224  7.920  7.616  7.312  7.008  6.705  6.401  6.097  5.794  5.490  5.187  4.884  4.580  4.277  3.974  3.671  3.368  3.064  2.761  2.458  2.155  1.852  1.549  1.247  0.944  0.641  0.338 
23.311 23.000 22.690 22.379 22.069 21.759 21.449 21.139 20.829 20.519 20.210 19.900 19.591 19.282 18.973 18.665 18.356 18.048 17.739 17.431 17.123 16.815 16.507 16.200 15.892 15.585 15.278 14.971 14.664 14.357 14.050 13.743 13.437 13.131 12.824 12.518 12.212 11.906 11.600 11.295 10.989 10.684 10.378 10.073  9.768  9.463  9.158  8.853  8.548  8.243  7.938  7.634  7.329  7.025  6.720  6.416  6.112  5.807  5.503  5.199  4.895  4.591  4.287  3.983  3.679  3.376  3.072  2.768  2.464  2.161  1.857  1.553  1.250  0.946  0.642  0.339 
23.343 23.032 22.722 22.411 22.101 21.790 21.480 21.170 20.860 20.551 20.241 19.932 19.622 19.313 19.004 18.695 18.386 18.078 17.769 17.461 17.152 16.844 16.536 16.228 15.920 15.613 15.305 14.998 14.690 14.383 14.076 13.769 13.462 13.155 12.849 12.542 12.236 11.929 11.623 11.317 11.011 10.705 10.399 10.093  9.787  9.482  9.176  8.871  8.565  8.260  7.955  7.650  7.344  7.039  6.734  6.429  6.125  5.820  5.515  5.210  4.906  4.601  4.296  3.992  3.687  3.383  3.078  2.774  2.470  2.165  1.861  1.557  1.252  0.948  0.644  0.339 
23.372 23.061 22.751 22.440 22.130 21.819 21.509 21.199 20.889 20.579 20.270 19.960 19.650 19.341 19.032 18.723 18.414 18.105 17.796 17.487 17.179 16.871 16.562 16.254 15.946 15.638 15.330 15.022 14.715 14.407 14.100 13.792 13.485 13.178 12.871 12.564 12.257 11.950 11.644 11.337 11.030 10.724 10.418 10.111  9.805  9.499  9.193  8.887  8.581  8.275  7.970  7.664  7.358  7.053  6.747  6.442  6.136  5.831  5.526  5.220  4.915  4.610  4.305  4.000  3.695  3.390  3.085  2.780  2.475  2.170  1.865  1.560  1.255  0.950  0.645  0.340 
23.399 23.088 22.777 22.466 22.156 21.846 21.535 21.225 20.915 20.605 20.295 19.986 19.676 19.367 19.057 18.748 18.439 18.130 17.821 17.512 17.203 16.895 16.586 16.278 15.969 15.661 15.353 15.045 14.737 14.429 14.121 13.814 13.506 13.198 12.891 12.584 12.277 11.969 11.662 11.355 11.048 10.742 10.435 10.128  9.822  9.515  9.208  8.902  8.596  8.289  7.983  7.677  7.371  7.065  6.759  6.453  6.147  5.841  5.535  5.230  4.924  4.618  4.312  4.007  3.701  3.396  3.090  2.784  2.479  2.173  1.868  1.563  1.257  0.952  0.646  0.341 
23.423 23.112 22.801 22.490 22.180 21.869 21.559 21.249 20.939 20.629 20.319 20.009 19.699 19.390 19.080 18.771 18.462 18.152 17.843 17.534 17.225 16.916 16.608 16.299 15.990 15.682 15.373 15.065 14.757 14.449 14.141 13.833 13.525 13.217 12.909 12.602 12.294 11.987 11.679 11.372 11.065 10.758 10.450 10.143  9.836  9.529  9.222  8.916  8.609  8.302  7.996  7.689  7.382  7.076  6.769  6.463  6.157  5.850  5.544  5.238  4.932  4.625  4.319  4.013  3.707  3.401  3.095  2.789  2.483  2.177  1.871  1.565  1.259  0.953  0.647  0.341 
23.444 23.134 22.823 22.512 22.202 21.891 21.581 21.271 20.960 20.650 20.340 20.030 19.721 19.411 19.101 18.792 18.482 18.173 17.864 17.554 17.245 16.936 16.627 16.318 16.010 15.701 15.392 15.084 14.775 14.467 14.159 13.850 13.542 13.234 12.926 12.618 12.310 12.003 11.695 11.387 11.080 10.772 10.465 10.157  9.850  9.542  9.235  8.928  8.621  8.314  8.007  7.700  7.393  7.086  6.779  6.472  6.166  5.859  5.552  5.245  4.939  4.632  4.326  4.019  3.713  3.406  3.100  2.793  2.487  2.180  1.874  1.567  1.261  0.955  0.648  0.342 
23.464 23.153 22.843 22.532 22.221 21.911 21.601 21.290 20.980 20.670 20.360 20.050 19.740 19.430 19.120 18.811 18.501 18.191 17.882 17.573 17.263 16.954 16.645 16.336 16.027 15.718 15.409 15.101 14.792 14.483 14.175 13.866 13.558 13.250 12.941 12.633 12.325 12.017 11.709 11.401 11.093 10.785 10.477 10.170  9.862  9.554  9.247  8.939  8.632  8.324  8.017  7.710  7.402  7.095  6.788  6.481  6.174  5.866  5.559  5.252  4.945  4.638  4.331  4.024  3.718  3.411  3.104  2.797  2.490  2.183  1.876  1.570  1.263  0.956  0.649  0.342 
23.482 23.172 22.861 22.550 22.239 21.929 21.618 21.308 20.998 20.688 20.377 20.067 19.757 19.447 19.138 18.828 18.518 18.208 17.899 17.589 17.280 16.971 16.661 16.352 16.043 15.734 15.425 15.116 14.807 14.498 14.189 13.881 13.572 13.264 12.955 12.647 12.338 12.030 11.722 11.413 11.105 10.797 10.489 10.181  9.873  9.565  9.257  8.950  8.642  8.334  8.026  7.719  7.411  7.103  6.796  6.488  6.181  5.873  5.566  5.259  4.951  4.644  4.337  4.029  3.722  3.415  3.107  2.800  2.493  2.186  1.879  1.572  1.264  0.957  0.650  0.343 
23.499 23.188 22.877 22.566 22.256 21.945 21.635 21.324 21.014 20.704 20.393 20.083 19.773 19.463 19.153 18.843 18.534 18.224 17.914 17.605 17.295 16.985 16.676 16.367 16.057 15.748 15.439 15.130 14.821 14.512 14.203 13.894 13.585 13.276 12.968 12.659 12.350 12.042 11.733 11.425 11.116 10.808 10.500 10.191  9.883  9.575  9.267  8.959  8.651  8.343  8.035  7.727  7.419  7.111  6.803  6.495  6.188  5.880  5.572  5.264  4.957  4.649  4.341  4.034  3.726  3.418  3.111  2.803  2.496  2.188  1.881  1.573  1.266  0.958  0.651  0.343 
23.514 23.203 22.892 22.581 22.271 21.960 21.650 21.339 21.029 20.718 20.408 20.098 19.788 19.478 19.168 18.858 18.548 18.238 17.928 17.618 17.309 16.999 16.689 16.380 16.071 15.761 15.452 15.143 14.833 14.524 14.215 13.906 13.597 13.288 12.979 12.670 12.361 12.053 11.744 11.435 11.127 10.818 10.509 10.201  9.892  9.584  9.276  8.967  8.659  8.351  8.042  7.734  7.426  7.118  6.810  6.502  6.194  5.885  5.577  5.269  4.961  4.654  4.346  4.038  3.730  3.422  3.114  2.806  2.498  2.190  1.883  1.575  1.267  0.959  0.651  0.344 
23.527 23.216 22.906 22.595 22.284 21.974 21.663 21.353 21.042 20.732 20.421 20.111 19.801 19.491 19.181 18.871 18.561 18.251 17.941 17.631 17.321 17.011 16.702 16.392 16.082 15.773 15.463 15.154 14.845 14.535 14.226 13.917 13.608 13.299 12.989 12.680 12.371 12.062 11.753 11.445 11.136 10.827 10.518 10.209  9.901  9.592  9.284  8.975  8.666  8.358  8.049  7.741  7.432  7.124  6.816  6.507  6.199  5.891  5.582  5.274  4.966  4.658  4.350  4.041  3.733  3.425  3.117  2.809  2.501  2.192  1.884  1.576  1.268  0.960  0.652  0.344 
23.540 23.229 22.918 22.607 22.297 21.986 21.675 21.365 21.054 20.744 20.433 20.123 19.813 19.503 19.192 18.882 18.572 18.262 17.952 17.642 17.332 17.023 16.713 16.403 16.093 15.784 15.474 15.165 14.855 14.546 14.236 13.927 13.617 13.308 12.999 12.690 12.380 12.071 11.762 11.453 11.144 10.835 10.526 10.217  9.908  9.600  9.291  8.982  8.673  8.364  8.056  7.747  7.438  7.130  6.821  6.513  6.204  5.895  5.587  5.278  4.970  4.662  4.353  4.045  3.736  3.428  3.119  2.811  2.503  2.194  1.886  1.578  1.269  0.961  0.653  0.344 
23.551 23.240 22.929 22.618 22.308 21.997 21.686 21.376 21.065 20.755 20.444 20.134 19.824 19.513 19.203 18.893 18.583 18.273 17.963 17.653 17.343 17.033 16.723 16.413 16.103 15.793 15.484 15.174 14.864 14.555 14.245 13.936 13.626 13.317 13.007 12.698 12.389 12.079 11.770 11.461 11.152 10.843 10.533 10.224  9.915  9.606  9.297  8.988  8.679  8.370  8.061  7.753  7.444  7.135  6.826  6.517  6.209  5.900  5.591  5.282  4.974  4.665  4.356  4.048  3.739  3.430  3.122  2.813  2.505  2.196  1.887  1.579  1.270  0.962  0.653  0.345 
23.561 23.250 22.939 22.629 22.318 22.007 21.697 21.386 21.075 20.765 20.454 20.144 19.834 19.523 19.213 18.903 18.593 18.282 17.972 17.662 17.352 17.042 16.732 16.422 16.112 15.802 15.493 15.183 14.873 14.563 14.254 13.944 13.634 13.325 13.015 12.706 12.396 12.087 11.777 11.468 11.159 10.849 10.540 10.231  9.922  9.612  9.303  8.994  8.685  8.376  8.067  7.758  7.449  7.140  6.831  6.522  6.213  5.904  5.595  5.286  4.977  4.668  4.359  4.050  3.742  3.433  3.124  2.815  2.506  2.197  1.889  1.580  1.271  0.962  0.654  0.345 
23.570 23.259 22.949 22.638 22.327 22.016 21.706 21.395 21.085 20.774 20.464 20.153 19.843 19.532 19.222 18.912 18.601 18.291 17.981 17.671 17.361 17.050 16.740 16.430 16.120 15.810 15.501 15.191 14.881 14.571 14.261 13.951 13.642 13.332 13.022 12.713 12.403 12.094 11.784 11.474 11.165 10.856 10.546 10.237  9.927  9.618  9.309  8.999  8.690  8.381  8.071  7.762  7.453  7.144  6.835  6.526  6.216  5.907  5.598  5.289  4.980  4.671  4.362  4.053  3.744  3.435  3.126  2.817  2.508  2.199  1.890  1.581  1.272  0.963  0.654  0.345 
23.579 23.268 22.957 22.646 22.336 22.025 21.714 21.404 21.093 20.782 20.472 20.161 19.851 19.540 19.230 18.920 18.609 18.299 17.989 17.678 17.368 17.058 16.748 16.438 16.128 15.818 15.508 15.198 14.888 14.578 14.268 13.958 13.648 13.339 13.029 12.719 12.409 12.100 11.790 11.480 11.171 10.861 10.552 10.242  9.932  9.623  9.314  9.004  8.695  8.385  8.076  7.766  7.457  7.148  6.838  6.529  6.220  5.911  5.601  5.292  4.983  4.674  4.364  4.055  3.746  3.437  3.128  2.818  2.509  2.200  1.891  1.582  1.273  0.963  0.654  0.345 
23.586 23.276 22.965 22.654 22.343 22.032 21.722 21.411 21.100 20.790 20.479 20.169 19.858 19.548 19.237 18.927 18.617 18.306 17.996 17.686 17.375 17.065 16.755 16.445 16.135 15.824 15.514 15.204 14.894 14.584 14.274 13.964 13.654 13.345 13.035 12.725 12.415 12.105 11.795 11.486 11.176 10.866 10.557 10.247  9.937  9.628  9.318  9.008  8.699  8.389  8.080  7.770  7.461  7.151  6.842  6.532  6.223  5.913  5.604  5.295  4.985  4.676  4.367  4.057  3.748  3.438  3.129  2.820  2.511  2.201  1.892  1.583  1.273  0.964  0.655  0.345 
23.593 23.283 22.972 22.661 22.350 22.039 21.729 21.418 21.107 20.797 20.486 20.176 19.865 19.554 19.244 18.934 18.623 18.313 18.002 17.692 17.382 17.071 16.761 16.451 16.141 15.830 15.520 15.210 14.900 14.590 14.280 13.970 13.660 13.350 13.040 12.730 12.420 12.110 11.800 11.490 11.181 10.871 10.561 10.251  9.942  9.632  9.322  9.012  8.703  8.393  8.083  7.774  7.464  7.154  6.845  6.535  6.226  5.916  5.607  5.297  4.988  4.678  4.369  4.059  3.750  3.440  3.131  2.821  2.512  2.202  1.893  1.583  1.274  0.964  0.655  0.346 
23.600 23.289 22.978 22.667 22.356 22.046 21.735 21.424 21.114 20.803 20.492 20.182 19.871 19.561 19.250 18.940 18.629 18.319 18.008 17.698 17.387 17.077 16.767 16.457 16.146 15.836 15.526 15.216 14.905 14.595 14.285 13.975 13.665 13.355 13.045 12.735 12.425 12.115 11.805 11.495 11.185 10.875 10.565 10.255  9.945  9.636  9.326  9.016  8.706  8.396  8.087  7.777  7.467  7.157  6.848  6.538  6.228  5.919  5.609  5.299  4.990  4.680  4.370  4.061  3.751  3.442  3.132  2.822  2.513  2.203  1.894  1.584  1.274  0.965  0.655  0.346 
23.606 23.295 22.984 22.673 22.362 22.051 21.741 21.430 21.119 20.809 20.498 20.187 19.877 19.566 19.256 18.945 18.635 18.324 18.014 17.703 17.393 17.082 16.772 16.462 16.151 15.841 15.531 15.220 14.910 14.600 14.290 13.980 13.669 13.359 13.049 12.739 12.429 12.119 11.809 11.499 11.189 10.879 10.569 10.259  9.949  9.639  9.329  9.019  8.709  8.399  8.090  7.780  7.470  7.160  6.850  6.540  6.231  5.921  5.611  5.301  4.992  4.682  4.372  4.062  3.753  3.443  3.133  2.823  2.514  2.204  1.894  1.585  1.275  0.965  0.655  0.346 
23.611 23.300 22.989 22.678 22.367 22.057 21.746 21.435 21.124 20.814 20.503 20.192 19.882 19.571 19.261 18.950 18.640 18.329 18.019 17.708 17.398 17.087 16.777 16.466 16.156 15.846 15.535 15.225 14.915 14.604 14.294 13.984 13.674 13.363 13.053 12.743 12.433 12.123 11.813 11.503 11.192 10.882 10.572 10.262  9.952  9.642  9.332  9.022  8.712  8.402  8.092  7.782  7.472  7.162  6.853  6.543  6.233  5.923  5.613  5.303  4.993  4.683  4.374  4.064  3.754  3.444  3.134  2.824  2.515  2.205  1.895  1.585  1.275  0.966  0.656  0.346 
23.616 23.305 22.994 22.683 22.372 22.061 21.751 21.440 21.129 20.818 20.508 20.197 19.886 19.576 19.265 18.955 18.644 18.333 18.023 17.712 17.402 17.091 16.781 16.471 16.160 15.850 15.539 15.229 14.919 14.608 14.298 13.988 13.677 13.367 13.057 12.747 12.436 12.126 11.816 11.506 11.196 10.885 10.575 10.265  9.955  9.645  9.335  9.025  8.715  8.405  8.095  7.785  7.475  7.165  6.855  6.545  6.235  5.925  5.615  5.305  4.995  4.685  4.375  4.065  3.755  3.445  3.135  2.825  2.515  2.205  1.896  1.586  1.276  0.966  0.656  0.346 
23.620 23.309 22.998 22.687 22.377 22.066 21.755 21.444 21.133 20.823 20.512 20.201 19.891 19.580 19.269 18.959 18.648 18.338 18.027 17.716 17.406 17.095 16.785 16.474 16.164 15.853 15.543 15.233 14.922 14.612 14.301 13.991 13.681 13.370 13.060 12.750 12.440 12.129 11.819 11.509 11.199 10.888 10.578 10.268  9.958  9.648  9.337  9.027  8.717  8.407  8.097  7.787  7.477  7.167  6.857  6.546  6.236  5.926  5.616  5.306  4.996  4.686  4.376  4.066  3.756  3.446  3.136  2.826  2.516  2.206  1.896  1.586  1.276  0.966  0.656  0.346 
23.624 23.313 23.002 22.691 22.380 22.070 21.759 21.448 21.137 20.827 20.516 20.205 19.894 19.584 19.273 18.962 18.652 18.341 18.031 17.720 17.410 17.099 16.788 16.478 16.167 15.857 15.546 15.236 14.926 14.615 14.305 13.994 13.684 13.374 13.063 12.753 12.442 12.132 11.822 11.512 11.201 10.891 10.581 10.270  9.960  9.650  9.340  9.030  8.719  8.409  8.099  7.789  7.479  7.168  6.858  6.548  6.238  5.928  5.618  5.308  4.997  4.687  4.377  4.067  3.757  3.447  3.137  2.827  2.517  2.207  1.897  1.587  1.276  0.966  0.656  0.346 
23.627 23.317 23.006 22.695 22.384 22.073 21.762 21.452 21.141 20.830 20.519 20.209 19.898 19.587 19.277 18.966 18.655 18.345 18.034 17.723 17.413 17.102 16.792 16.481 16.171 15.860 15.550 15.239 14.929 14.618 14.308 13.997 13.687 13.376 13.066 12.756 12.445 12.135 11.824 11.514 11.204 10.893 10.583 10.273  9.962  9.652  9.342  9.032  8.721  8.411  8.101  7.791  7.480  7.170  6.860  6.550  6.239  5.929  5.619  5.309  4.999  4.688  4.378  4.068  3.758  3.448  3.138  2.827  2.517  2.207  1.897  1.587  1.277  0.967  0.656  0.346 
23.631 23.320 23.009 22.698 22.387 22.076 21.766 21.455 21.144 20.833 20.523 20.212 19.901 19.590 19.280 18.969 18.658 18.348 18.037 17.726 17.416 17.105 16.795 16.484 16.173 15.863 15.552 15.242 14.931 14.621 14.310 14.000 13.689 13.379 13.068 12.758 12.448 12.137 11.827 11.516 11.206 10.896 10.585 10.275  9.964  9.654  9.344  9.033  8.723  8.413  8.102  7.792  7.482  7.172  6.861  6.551  6.241  5.930  5.620  5.310  5.000  4.689  4.379  4.069  3.759  3.449  3.138  2.828  2.518  2.208  1.897  1.587  1.277  0.967  0.657  0.346 
23.634 23.323 23.012 22.701 22.390 22.079 21.769 21.458 21.147 20.836 20.525 20.215 19.904 19.593 19.283 18.972 18.661 18.350 18.040 17.729 17.418 17.108 16.797 16.487 16.176 15.865 15.555 15.244 14.934 14.623 14.313 14.002 13.692 13.381 13.071 12.760 12.450 12.139 11.829 11.518 11.208 10.897 10.587 10.277  9.966  9.656  9.345  9.035  8.725  8.414  8.104  7.794  7.483  7.173  6.863  6.552  6.242  5.932  5.621  5.311  5.001  4.690  4.380  4.070  3.759  3.449  3.139  2.829  2.518  2.208  1.898  1.588  1.277  0.967  0.657  0.346 
23.636 23.325 23.015 22.704 22.393 22.082 21.771 21.460 21.150 20.839 20.528 20.217 19.907 19.596 19.285 18.974 18.664 18.353 18.042 17.732 17.421 17.110 16.800 16.489 16.178 15.868 15.557 15.247 14.936 14.625 14.315 14.004 13.694 13.383 13.073 12.762 12.452 12.141 11.831 11.520 11.210 10.899 10.589 10.278  9.968  9.657  9.347  9.037  8.726  8.416  8.105  7.795  7.485  7.174  6.864  6.553  6.243  5.933  5.622  5.312  5.002  4.691  4.381  4.070  3.760  3.450  3.139  2.829  2.519  2.208  1.898  1.588  1.277  0.967  0.657  0.346 
23.639 23.328 23.017 22.706 22.395 22.084 21.774 21.463 21.152 20.841 20.530 20.220 19.909 19.598 19.287 18.977 18.666 18.355 18.045 17.734 17.423 17.113 16.802 16.491 16.181 15.870 15.559 15.249 14.938 14.627 14.317 14.006 13.696 13.385 13.075 12.764 12.453 12.143 11.832 11.522 11.211 10.901 10.590 10.280  9.969  9.659  9.348  9.038  8.727  8.417  8.107  7.796  7.486  7.175  6.865  6.554  6.244  5.934  5.623  5.313  5.002  4.692  4.382  4.071  3.761  3.450  3.140  2.830  2.519  2.209  1.898  1.588  1.278  0.967  0.657  0.347 
23.641 23.330 23.019 22.708 22.398 22.087 21.776 21.465 21.154 20.843 20.533 20.222 19.911 19.600 19.290 18.979 18.668 18.357 18.047 17.736 17.425 17.115 16.804 16.493 16.182 15.872 15.561 15.251 14.940 14.629 14.319 14.008 13.697 13.387 13.076 12.766 12.455 12.145 11.834 11.523 11.213 10.902 10.592 10.281  9.971  9.660  9.350  9.039  8.729  8.418  8.108  7.797  7.487  7.176  6.866  6.555  6.245  5.934  5.624  5.314  5.003  4.693  4.382  4.072  3.761  3.451  3.140  2.830  2.520  2.209  1.899  1.588  1.278  0.967  0.657  0.347 
23.643 23.332 23.021 22.710 22.400 22.089 21.778 21.467 21.156 20.845 20.535 20.224 19.913 19.602 19.291 18.981 18.670 18.359 18.049 17.738 17.427 17.116 16.806 16.495 16.184 15.874 15.563 15.252 14.942 14.631 14.320 14.010 13.699 13.388 13.078 12.767 12.457 12.146 11.835 11.525 11.214 10.904 10.593 10.283  9.972  9.661  9.351  9.040  8.730  8.419  8.109  7.798  7.488  7.177  6.867  6.556  6.246  5.935  5.625  5.314  5.004  4.693  4.383  4.072  3.762  3.451  3.141  2.830  2.520  2.209  1.899  1.588  1.278  0.968  0.657  0.347 
23.645 23.334 23.023 22.712 22.401 22.091 21.780 21.469 21.158 20.847 20.536 20.226 19.915 19.604 19.293 18.982 18.672 18.361 18.050 17.739 17.429 17.118 16.807 16.497 16.186 15.875 15.564 15.254 14.943 14.632 14.322 14.011 13.700 13.390 13.079 12.769 12.458 12.147 11.837 11.526 11.215 10.905 10.594 10.284  9.973  9.663  9.352  9.041  8.731  8.420  8.110  7.799  7.489  7.178  6.868  6.557  6.246  5.936  5.625  5.315  5.004  4.694  4.383  4.073  3.762  3.452  3.141  2.831  2.520  2.210  1.899  1.589  1.278  0.968  0.657  0.347 
23.646 23.336 23.025 22.714 22.403 22.092 21.781 21.470 21.160 20.849 20.538 20.227 19.916 19.606 19.295 18.984 18.673 18.363 18.052 17.741 17.430 17.120 16.809 16.498 16.187 15.877 15.566 15.255 14.945 14.634 14.323 14.012 13.702 13.391 13.080 12.770 12.459 12.149 11.838 11.527 11.217 10.906 10.595 10.285  9.974  9.664  9.353  9.042  8.732  8.421  8.111  7.800  7.489  7.179  6.868  6.558  6.247  5.937  5.626  5.315  5.005  4.694  4.384  4.073  3.763  3.452  3.142  2.831  2.520  2.210  1.899  1.589  1.278  0.968  0.657  0.347 
23.648 23.337 23.026 22.715 22.405 22.094 21.783 21.472 21.161 20.850 20.540 20.229 19.918 19.607 19.296 18.986 18.675 18.364 18.053 17.742 17.432 17.121 16.810 16.499 16.189 15.878 15.567 15.257 14.946 14.635 14.324 14.014 13.703 13.392 13.082 12.771 12.460 12.150 11.839 11.528 11.218 10.907 10.596 10.286  9.975  9.664  9.354  9.043  8.733  8.422  8.111  7.801  7.490  7.180  6.869  6.558  6.248  5.937  5.627  5.316  5.005  4.695  4.384  4.074  3.763  3.452  3.142  2.831  2.521  2.210  1.900  1.589  1.278  0.968  0.657  0.347 
23.649 23.338 23.028 22.717 22.406 22.095 21.784 21.473 21.163 20.852 20.541 20.230 19.919 19.608 19.298 18.987 18.676 18.365 18.054 17.744 17.433 17.122 16.811 16.501 16.190 15.879 15.568 15.258 14.947 14.636 14.326 14.015 13.704 13.393 13.083 12.772 12.461 12.151 11.840 11.529 11.219 10.908 10.597 10.287  9.976  9.665  9.355  9.044  8.733  8.423  8.112  7.801  7.491  7.180  6.870  6.559  6.248  5.938  5.627  5.316  5.006  4.695  4.385  4.074  3.763  3.453  3.142  2.832  2.521  2.210  1.900  1.589  1.279  0.968  0.657  0.347 
23.651 23.340 23.029 22.718 22.407 22.096 21.785 21.475 21.164 20.853 20.542 20.231 19.920 19.610 19.299 18.988 18.677 18.366 18.056 17.745 17.434 17.123 16.813 16.502 16.191 15.880 15.569 15.259 14.948 14.637 14.327 14.016 13.705 13.394 13.084 12.773 12.462 12.152 11.841 11.530 11.219 10.909 10.598 10.287  9.977  9.666  9.355  9.045  8.734  8.423  8.113  7.802  7.491  7.181  6.870  6.559  6.249  5.938  5.627  5.317  5.006  4.696  4.385  4.074  3.764  3.453  3.142  2.832  2.521  2.211  1.900  1.589  1.279  0.968  0.657  0.347 
23.652 23.341 23.030 22.719 22.408 22.097 21.787 21.476 21.165 20.854 20.543 20.232 19.922 19.611 19.300 18.989 18.678 18.367 18.057 17.746 17.435 17.124 16.814 16.503 16.192 15.881 15.570 15.260 14.949 14.638 14.327 14.017 13.706 13.395 13.084 12.774 12.463 12.152 11.842 11.531 11.220 10.909 10.599 10.288  9.977  9.667  9.356  9.045  8.735  8.424  8.113  7.803  7.492  7.181  6.871  6.560  6.249  5.939  5.628  5.317  5.007  4.696  4.385  4.075  3.764  3.453  3.143  2.832  2.521  2.211  1.900  1.589  1.279  0.968  0.657  0.347 
23.653 23.342 23.031 22.720 22.409 22.098 21.788 21.477 21.166 20.855 20.544 20.233 19.923 19.612 19.301 18.990 18.679 18.368 18.058 17.747 17.436 17.125 16.814 16.504 16.193 15.882 15.571 15.261 14.950 14.639 14.328 14.018 13.707 13.396 13.085 12.775 12.464 12.153 11.842 11.532 11.221 10.910 10.599 10.289  9.978  9.667  9.357  9.046  8.735  8.424  8.114  7.803  7.492  7.182  6.871  6.560  6.250  5.939  5.628  5.318  5.007  4.696  4.386  4.075  3.764  3.454  3.143  2.832  2.521  2.211  1.900  1.589  1.279  0.968  0.657  0.347 
23.654 23.343 23.032 22.721 22.410 22.099 21.789 21.478 21.167 20.856 20.545 20.234 19.923 19.613 19.302 18.991 18.680 18.369 18.059 17.748 17.437 17.126 16.815 16.505 16.194 15.883 15.572 15.261 14.951 14.640 14.329 14.018 13.708 13.397 13.086 12.775 12.464 12.154 11.843 11.532 11.222 10.911 10.600 10.289  9.979  9.668  9.357  9.046  8.736  8.425  8.114  7.804  7.493  7.182  6.871  6.561  6.250  5.939  5.629  5.318  5.007  4.696  4.386  4.075  3.764  3.454  3.143  2.832  2.522  2.211  1.900  1.590  1.279  0.968  0.657  0.347 
23.655 23.344 23.033 22.722 22.411 22.100 21.789 21.479 21.168 20.857 20.546 20.235 19.924 19.613 19.303 18.992 18.681 18.370 18.059 17.748 17.438 17.127 16.816 16.505 16.194 15.884 15.573 15.262 14.951 14.641 14.330 14.019 13.708 13.397 13.087 12.776 12.465 12.154 11.844 11.533 11.222 10.911 10.601 10.290  9.979  9.668  9.358  9.047  8.736  8.425  8.115  7.804  7.493  7.183  6.872  6.561  6.250  5.940  5.629  5.318  5.007  4.697  4.386  4.075  3.765  3.454  3.143  2.832  2.522  2.211  1.900  1.590  1.279  0.968  0.658  0.347 
23.655 23.344 23.034 22.723 22.412 22.101 21.790 21.479 21.168 20.858 20.547 20.236 19.925 19.614 19.303 18.993 18.682 18.371 18.060 17.749 17.438 17.128 16.817 16.506 16.195 15.884 15.574 15.263 14.952 14.641 14.330 14.020 13.709 13.398 13.087 12.776 12.466 12.155 11.844 11.533 11.223 10.912 10.601 10.290  9.980  9.669  9.358  9.047  8.737  8.426  8.115  7.804  7.494  7.183  6.872  6.561  6.251  5.940  5.629  5.318  5.008  4.697  4.386  4.076  3.765  3.454  3.143  2.833  2.522  2.211  1.900  1.590  1.279  0.968  0.658  0.347 
23.656 23.345 23.034 22.723 22.413 22.102 21.791 21.480 21.169 20.858 20.547 20.237 19.926 19.615 19.304 18.993 18.682 18.372 18.061 17.750 17.439 17.128 16.817 16.507 16.196 15.885 15.574 15.263 14.953 14.642 14.331 14.020 13.709 13.399 13.088 12.777 12.466 12.155 11.845 11.534 11.223 10.912 10.602 10.291  9.980  9.669  9.358  9.048  8.737  8.426  8.115  7.805  7.494  7.183  6.872  6.562  6.251  5.940  5.629  5.319  5.008  4.697  4.386  4.076  3.765  3.454  3.143  2.833  2.522  2.211  1.901  1.590  1.279  0.968  0.658  0.347 
23.657 23.346 23.035 22.724 22.413 22.102 21.791 21.481 21.170 20.859 20.548 20.237 19.926 19.615 19.305 18.994 18.683 18.372 18.061 17.750 17.440 17.129 16.818 16.507 16.196 15.886 15.575 15.264 14.953 14.642 14.331 14.021 13.710 13.399 13.088 12.777 12.467 12.156 11.845 11.534 11.224 10.913 10.602 10.291  9.980  9.670  9.359  9.048  8.737  8.427  8.116  7.805  7.494  7.183  6.873  6.562  6.251  5.940  5.630  5.319  5.008  4.697  4.387  4.076  3.765  3.454  3.144  2.833  2.522  2.211  1.901  1.590  1.279  0.968  0.658  0.347 
23.657 23.346 23.036 22.725 22.414 22.103 21.792 21.481 21.170 20.859 20.549 20.238 19.927 19.616 19.305 18.994 18.683 18.373 18.062 17.751 17.440 17.129 16.818 16.508 16.197 15.886 15.575 15.264 14.954 14.643 14.332 14.021 13.710 13.399 13.089 12.778 12.467 12.156 11.845 11.535 11.224 10.913 10.602 10.292  9.981  9.670  9.359  9.048  8.738  8.427  8.116  7.805  7.494  7.184  6.873  6.562  6.251  5.941  5.630  5.319  5.008  4.698  4.387  4.076  3.765  3.454  3.144  2.833  2.522  2.211  1.901  1.590  1.279  0.968  0.658  0.347 
23.658 23.347 23.036 22.725 22.414 22.103 21.793 21.482 21.171 20.860 20.549 20.238 19.927 19.617 19.306 18.995 18.684 18.373 18.062 17.751 17.441 17.130 16.819 16.508 16.197 15.886 15.576 15.265 14.954 14.643 14.332 14.022 13.711 13.400 13.089 12.778 12.467 12.157 11.846 11.535 11.224 10.913 10.603 10.292  9.981  9.670  9.359  9.049  8.738  8.427  8.116  7.805  7.495  7.184  6.873  6.562  6.252  5.941  5.630  5.319  5.008  4.698  4.387  4.076  3.765  3.455  3.144  2.833  2.522  2.211  1.901  1.590  1.279  0.968  0.658  0.347 
23.658 23.347 23.037 22.726 22.415 22.104 21.793 21.482 21.171 20.860 20.550 20.239 19.928 19.617 19.306 18.995 18.684 18.374 18.063 17.752 17.441 17.130 16.819 16.509 16.198 15.887 15.576 15.265 14.954 14.644 14.333 14.022 13.711 13.400 13.089 12.779 12.468 12.157 11.846 11.535 11.225 10.914 10.603 10.292  9.981  9.671  9.360  9.049  8.738  8.427  8.116  7.806  7.495  7.184  6.873  6.563  6.252  5.941  5.630  5.319  5.009  4.698  4.387  4.076  3.765  3.455  3.144  2.833  2.522  2.211  1.901  1.590  1.279  0.968  0.657  0.347 
23.659 23.348 23.037 22.726 22.415 22.104 21.793 21.483 21.172 20.861 20.550 20.239 19.928 19.617 19.307 18.996 18.685 18.374 18.063 17.752 17.441 17.131 16.820 16.509 16.198 15.887 15.576 15.266 14.955 14.644 14.333 14.022 13.711 13.401 13.090 12.779 12.468 12.157 11.846 11.536 11.225 10.914 10.603 10.292  9.982  9.671  9.360  9.049  8.738  8.427  8.117  7.806  7.495  7.184  6.873  6.563  6.252  5.941  5.630  5.319  5.009  4.698  4.387  4.076  3.765  3.455  3.144  2.833  2.522  2.211  1.901  1.590  1.279  0.968  0.657  0.347 
23.659 23.348 23.037 22.726 22.416 22.105 21.794 21.483 21.172 20.861 20.550 20.239 19.929 19.618 19.307 18.996 18.685 18.374 18.063 17.753 17.442 17.131 16.820 16.509 16.198 15.888 15.577 15.266 14.955 14.644 14.333 14.023 13.712 13.401 13.090 12.779 12.468 12.158 11.847 11.536 11.225 10.914 10.603 10.293  9.982  9.671  9.360  9.049  8.738  8.428  8.117  7.806  7.495  7.184  6.874  6.563  6.252  5.941  5.630  5.319  5.009  4.698  4.387  4.076  3.765  3.455  3.144  2.833  2.522  2.211  1.900  1.590  1.279  0.968  0.657  0.346 
23.659 23.349 23.038 22.727 22.416 22.105 21.794 21.483 21.172 20.862 20.551 20.240 19.929 19.618 19.307 18.996 18.686 18.375 18.064 17.753 17.442 17.131 16.820 16.510 16.199 15.888 15.577 15.266 14.955 14.644 14.334 14.023 13.712 13.401 13.090 12.779 12.469 12.158 11.847 11.536 11.225 10.914 10.604 10.293  9.982  9.671  9.360  9.049  8.739  8.428  8.117  7.806  7.495  7.184  6.874  6.563  6.252  5.941  5.630  5.319  5.009  4.698  4.387  4.076  3.765  3.454  3.144  2.833  2.522  2.211  1.900  1.589  1.279  0.968  0.657  0.346 
23.660 23.349 23.038 22.727 22.416 22.105 21.794 21.484 21.173 20.862 20.551 20.240 19.929 19.618 19.307 18.997 18.686 18.375 18.064 17.753 17.442 17.131 16.821 16.510 16.199 15.888 15.577 15.266 14.955 14.645 14.334 14.023 13.712 13.401 13.090 12.779 12.469 12.158 11.847 11.536 11.225 10.914 10.603 10.292  9.981  9.670  9.359  9.048  8.736  8.424  8.113  7.800  7.488  7.175  6.861  6.546  6.231  5.914  5.596  5.275  4.952  4.626  4.295  3.959  3.615  3.261  2.895  2.516  2.120  1.708  1.279  0.835  0.378 -0.570 -1.866 -3.160 
23.657 23.346 23.035 22.724 22.413 22.102 21.790 21.479 21.167 20.856 20.544 20.232 19.920 19.607 19.295 18.982 18.669 18.356 18.042 17.728 17.414 17.099 16.784 16.468 16.152 15.835 15.517 15.199 14.880 14.560 14.239 13.917 13.594 13.270 12.945 12.618 12.290 11.960 11.629 11.296 10.961 10.625 10.286  9.945  9.603  9.258  8.911  8.561  8.210  7.856  7.499  7.140  6.779  6.416  6.050  5.682  5.311  4.939  4.566  4.190  3.813  3.436  3.057  2.678  2.300  1.922  1.544  1.168  0.792  0.418  0.044 -0.235 -0.481 -0.725 -0.965 -1.200 
23.594 23.283 22.971 22.659 22.347 22.034 21.720 21.406 21.091 20.776 20.461 20.144 19.828 19.510 19.192 18.874 18.554 18.234 17.914 17.593 17.271 16.948 16.624 16.300 15.975 15.649 15.323 14.995 14.667 14.337 14.007 13.676 13.344 13.011 12.677 12.342 12.006 11.669 11.331 10.992 10.652 10.311  9.969  9.626  9.282  8.938  8.592  8.245  7.898  7.549  7.200  6.850  6.499  6.147  5.795  5.442  5.088  4.734  4.379  4.024  3.668  3.312  2.956  2.599  2.242  1.885  1.528  1.170  0.813  0.456  0.099 -0.173 -0.430 -0.686 -0.943 -1.200 
23.461 23.149 22.837 22.525 22.212 21.898 21.583 21.268 20.952 20.636 20.318 20.000 19.682 19.362 19.042 18.722 18.400 18.078 17.756 17.432 17.108 16.783 16.457 16.131 15.804 15.476 15.148 14.819 14.489 14.158 13.827 13.495 13.163 12.829 12.495 12.160 11.825 11.489 11.152 10.815 10.477 10.138  9.799  9.459  9.118  8.777  8.436  8.094  7.751  7.408  7.064  6.720  6.375  6.030  5.685  5.339  4.993  4.647  4.300  3.953  3.606  3.259  2.911  2.563  2.216  1.868  1.520  1.172  0.824  0.476  0.128 -0.144 -0.408 -0.672 -0.936 -1.200 
23.309 22.997 22.686 22.373 22.060 21.746 21.431 21.116 20.800 20.484 20.166 19.848 19.530 19.210 18.891 18.570 18.249 17.927 17.604 17.281 16.957 16.633 16.308 15.982 15.656 15.329 15.001 14.673 14.345 14.015 13.685 13.355 13.024 12.693 12.360 12.028 11.695 11.361 11.027 10.693 10.358 10.023  9.687  9.351  9.015  8.678  8.341  8.004  7.666  7.329  6.991  6.653  6.314  5.976  5.638  5.299  4.960  4.622  4.283  3.944  3.606  3.267  2.928  2.590  2.251  1.913  1.574  1.236  0.898  0.559  0.221 -0.117 -0.388 -0.659 -0.929 -1.200 
23.164 22.853 22.541 22.229 21.916 21.602 21.288 20.973 20.657 20.341 20.025 19.708 19.390 19.071 18.752 18.433 18.113 17.792 17.471 17.149 16.826 16.503 16.180 15.856 15.532 15.207 14.881 14.555 14.228 13.902 13.574 13.246 12.918 12.589 12.260 11.930 11.600 11.270 10.939 10.608 10.276  9.944  9.612  9.280  8.947  8.614  8.280  7.946  7.612  7.278  6.943  6.609  6.274  5.939  5.603  5.268  4.932  4.596  4.260  3.924  3.587  3.251  2.914  2.577  2.240  1.904  1.567  1.229  0.892  0.555  0.218 -0.119 -0.390 -0.660 -0.930 -1.200 
23.036 22.724 22.413 22.101 21.788 21.474 21.161 20.846 20.531 20.216 19.900 19.584 19.267 18.949 18.631 18.312 17.993 17.674 17.354 17.033 16.712 16.391 16.069 15.746 15.424 15.100 14.776 14.452 14.127 13.802 13.477 13.151 12.824 12.498 12.171 11.843 11.515 11.187 10.858 10.529 10.200  9.870  9.540  9.210  8.879  8.549  8.217  7.886  7.554  7.222  6.890  6.558  6.225  5.892  5.559  5.226  4.892  4.559  4.225  3.891  3.557  3.222  2.888  2.553  2.219  1.884  1.549  1.214  0.879  0.544  0.209 -0.126 -0.395 -0.663 -0.932 -1.200 
22.922 22.611 22.299 21.987 21.675 21.362 21.048 20.734 20.420 20.105 19.789 19.474 19.157 18.841 18.523 18.206 17.887 17.569 17.250 16.930 16.610 16.290 15.969 15.648 15.326 15.004 14.682 14.359 14.036 13.712 13.388 13.064 12.739 12.414 12.089 11.763 11.437 11.110 10.783 10.456 10.129  9.801  9.473  9.144  8.816  8.487  8.158  7.828  7.498  7.168  6.838  6.508  6.177  5.847  5.515  5.184  4.853  4.521  4.190  3.858  3.526  3.194  2.861  2.529  2.196  1.864  1.531  1.198  0.866  0.533  0.200 -0.133 -0.400 -0.667 -0.933 -1.200 
22.821 22.510 22.198 21.886 21.574 21.261 20.948 20.634 20.320 20.005 19.691 19.375 19.059 18.743 18.427 18.110 17.792 17.474 17.156 16.838 16.519 16.199 15.879 15.559 15.239 14.918 14.597 14.275 13.953 13.631 13.308 12.985 12.661 12.338 12.014 11.689 11.365 11.040 10.714 10.389 10.063  9.737  9.410  9.084  8.757  8.430  8.102  7.775  7.447  7.119  6.790  6.462  6.133  5.804  5.475  5.146  4.816  4.487  4.157  3.827  3.497  3.167  2.836  2.506  2.176  1.845  1.514  1.184  0.853  0.522  0.191 -0.140 -0.405 -0.670 -0.935 -1.200 
22.729 22.418 22.107 21.795 21.483 21.170 20.857 20.544 20.230 19.916 19.601 19.287 18.971 18.656 18.340 18.023 17.706 17.389 17.072 16.754 16.436 16.117 15.798 15.479 15.159 14.839 14.519 14.199 13.878 13.556 13.235 12.913 12.591 12.268 11.946 11.623 11.299 10.976 10.652 10.328 10.003  9.679  9.354  9.028  8.703  8.377  8.052  7.726  7.399  7.073  6.746  6.419  6.092  5.765  5.438  5.110  4.782  4.455  4.127  3.799  3.470  3.142  2.814  2.485  2.156  1.828  1.499  1.170  0.841  0.512  0.183 -0.146 -0.409 -0.673 -0.936 -1.200 
22.647 22.336 22.025 21.713 21.401 21.088 20.776 20.462 20.149 19.835 19.521 19.206 18.892 18.576 18.261 17.945 17.629 17.312 16.995 16.678 16.361 16.043 15.725 15.406 15.088 14.769 14.449 14.130 13.810 13.489 13.169 12.848 12.527 12.206 11.884 11.562 11.240 10.918 10.595 10.272  9.949  9.626  9.302  8.978  8.654  8.330  8.006  7.681  7.356  7.031  6.706  6.381  6.055  5.730  5.404  5.078  4.752  4.425  4.099  3.773  3.446  3.119  2.793  2.466  2.139  1.812  1.485  1.158  0.830  0.503  0.176 -0.151 -0.413 -0.676 -0.938 -1.200 
22.573 22.262 21.950 21.639 21.327 21.015 20.702 20.389 20.076 19.762 19.448 19.134 18.820 18.505 18.190 17.874 17.559 17.243 16.926 16.610 16.293 15.976 15.658 15.341 15.023 14.704 14.386 14.067 13.748 13.429 13.109 12.789 12.469 12.149 11.828 11.507 11.186 10.865 10.543 10.222  9.900  9.578  9.255  8.933  8.610  8.287  7.964  7.641  7.317  6.993  6.670  6.346  6.022  5.697  5.373  5.048  4.724  4.399  4.074  3.749  3.424  3.099  2.774  2.448  2.123  1.798  1.472  1.146  0.821  0.495  0.169 -0.156 -0.417 -0.678 -0.939 -1.200 
22.506 22.195 21.883 21.572 21.260 20.948 20.635 20.322 20.009 19.696 19.383 19.069 18.755 18.440 18.126 17.811 17.495 17.180 16.864 16.548 16.232 15.915 15.598 15.281 14.964 14.646 14.329 14.011 13.692 13.374 13.055 12.736 12.417 12.097 11.778 11.458 11.138 10.817 10.497 10.176  9.855  9.534  9.213  8.891  8.570  8.248  7.926  7.604  7.282  6.959  6.637  6.314  5.991  5.668  5.345  5.022  4.699  4.375  4.052  3.728  3.404  3.080  2.757  2.433  2.109  1.785  1.460  1.136  0.812  0.488  0.163 -0.161 -0.421 -0.680 -0.940 -1.200 
22.445 22.134 21.823 21.511 21.199 20.887 20.575 20.262 19.950 19.636 19.323 19.010 18.696 18.382 18.067 17.753 17.438 17.123 16.808 16.492 16.176 15.860 15.544 15.227 14.911 14.594 14.276 13.959 13.641 13.323 13.005 12.687 12.368 12.050 11.731 11.412 11.092 10.773 10.453 10.133  9.812  9.492  9.171  8.851  8.529  8.208  7.887  7.565  7.243  6.921  6.599  6.277  5.954  5.632  5.309  4.986  4.663  4.340  4.016  3.693  3.369  3.045  2.721  2.397  2.073  1.749  1.424  1.100  0.775  0.451  0.126 -0.137 -0.402 -0.668 -0.934 -1.200 
22.389 22.078 21.767 21.455 21.144 20.832 20.520 20.207 19.894 19.582 19.268 18.955 18.641 18.328 18.013 17.699 17.385 17.070 16.755 16.439 16.124 15.808 15.492 15.176 14.860 14.543 14.227 13.910 13.592 13.275 12.957 12.639 12.321 12.003 11.685 11.366 11.047 10.728 10.409 10.089  9.770  9.450  9.130  8.810  8.490  8.169  7.849  7.528  7.207  6.886  6.565  6.243  5.922  5.600  5.279  4.957  4.635  4.313  3.990  3.668  3.346  3.023  2.701  2.378  2.055  1.733  1.410  1.087  0.764  0.441  0.118 -0.144 -0.408 -0.672 -0.936 -1.200 
22.337 22.026 21.715 21.404 21.092 20.780 20.468 20.156 19.843 19.530 19.217 18.904 18.591 18.277 17.963 17.649 17.335 17.020 16.706 16.391 16.076 15.760 15.445 15.129 14.813 14.497 14.181 13.864 13.547 13.230 12.913 12.596 12.279 11.961 11.643 11.325 11.007 10.688 10.370 10.051  9.732  9.413  9.094  8.775  8.455  8.136  7.816  7.496  7.176  6.856  6.536  6.215  5.895  5.574  5.253  4.933  4.612  4.291  3.969  3.648  3.327  3.005  2.684  2.362  2.041  1.719  1.398  1.076  0.754  0.432  0.110 -0.150 -0.412 -0.675 -0.937 -1.200 
22.289 21.978 21.667 21.356 21.044 20.732 20.420 20.108 19.796 19.483 19.170 18.857 18.544 18.231 17.917 17.603 17.289 16.975 16.661 16.346 16.031 15.716 15.401 15.086 14.770 14.455 14.139 13.823 13.507 13.190 12.874 12.557 12.240 11.923 11.606 11.288 10.971 10.653 10.335 10.017  9.699  9.381  9.062  8.743  8.425  8.106  7.787  7.468  7.149  6.829  6.510  6.190  5.871  5.551  5.231  4.911  4.591  4.271  3.951  3.631  3.310  2.990  2.669  2.349  2.028  1.708  1.387  1.066  0.745  0.424  0.104 -0.156 -0.417 -0.678 -0.939 -1.200 
22.246 21.935 21.623 21.312 21.001 20.689 20.377 20.065 19.753 19.440 19.127 18.815 18.502 18.188 17.875 17.561 17.248 16.934 16.620 16.305 15.991 15.676 15.362 15.047 14.732 14.416 14.101 13.785 13.469 13.154 12.837 12.521 12.205 11.888 11.572 11.255 10.938 10.621 10.303  9.986  9.669  9.351  9.033  8.715  8.397  8.079  7.761  7.443  7.124  6.806  6.487  6.168  5.849  5.530  5.211  4.892  4.573  4.254  3.934  3.615  3.295  2.976  2.656  2.337  2.017  1.697  1.377  1.057  0.738  0.418  0.098 -0.160 -0.420 -0.680 -0.940 -1.200 
22.206 21.895 21.583 21.272 20.961 20.649 20.337 20.025 19.713 19.401 19.088 18.776 18.463 18.150 17.837 17.523 17.210 16.896 16.582 16.268 15.954 15.640 15.326 15.011 14.696 14.381 14.066 13.751 13.436 13.120 12.805 12.489 12.173 11.857 11.541 11.225 10.908 10.592 10.275  9.958  9.641  9.324  9.007  8.690  8.372  8.055  7.737  7.420  7.102  6.784  6.466  6.148  5.830  5.512  5.193  4.875  4.557  4.238  3.919  3.601  3.282  2.963  2.644  2.326  2.007  1.688  1.369  1.050  0.731  0.412  0.092 -0.165 -0.424 -0.682 -0.941 -1.200 
22.169 21.858 21.547 21.236 20.924 20.613 20.301 19.989 19.677 19.365 19.053 18.740 18.427 18.115 17.802 17.489 17.175 16.862 16.548 16.235 15.921 15.607 15.293 14.978 14.664 14.350 14.035 13.720 13.405 13.090 12.775 12.460 12.144 11.829 11.513 11.197 10.881 10.565 10.249  9.933  9.616  9.300  8.983  8.667  8.350  8.033  7.716  7.399  7.082  6.764  6.447  6.130  5.812  5.495  5.177  4.859  4.542  4.224  3.906  3.588  3.270  2.952  2.634  2.316  1.998  1.679  1.361  1.043  0.725  0.406  0.088 -0.169 -0.426 -0.684 -0.942 -1.200 
22.136 21.825 21.514 21.203 20.891 20.580 20.268 19.956 19.644 19.332 19.020 18.708 18.395 18.083 17.770 17.457 17.144 16.831 16.517 16.204 15.890 15.577 15.263 14.949 14.635 14.321 14.006 13.692 13.377 13.063 12.748 12.433 12.118 11.803 11.487 11.172 10.857 10.541 10.225  9.910  9.594  9.278  8.962  8.646  8.329  8.013  7.697  7.380  7.063  6.747  6.430  6.113  5.796  5.479  5.162  4.845  4.528  4.211  3.894  3.577  3.259  2.942  2.624  2.307  1.989  1.672  1.354  1.037  0.719  0.401  0.084 -0.172 -0.429 -0.686 -0.943 -1.200 
22.106 21.795 21.484 21.172 20.861 20.550 20.238 19.926 19.615 19.303 18.990 18.678 18.366 18.053 17.741 17.428 17.115 16.802 16.489 16.176 15.863 15.549 15.236 14.922 14.608 14.294 13.980 13.666 13.352 13.038 12.723 12.409 12.094 11.779 11.464 11.149 10.834 10.519 10.204  9.889  9.573  9.258  8.942  8.626  8.311  7.995  7.679  7.363  7.047  6.731  6.415  6.098  5.782  5.466  5.149  4.833  4.516  4.200  3.883  3.566  3.249  2.933  2.616  2.299  1.982  1.665  1.348  1.031  0.714  0.397  0.080 -0.175 -0.431 -0.688 -0.944 -1.200 
