31.616 31.305 30.994 30.683 30.373 30.062 29.751 29.440 29.129 28.818 28.507 28.196 27.885 27.574 27.264 26.953 26.642 26.331 26.020 25.709 25.398 25.087 24.776 24.465 24.154 23.843 23.532 23.221 22.910 22.599 22.288 21.977 21.666 21.354 21.043 20.732 20.420 20.109 19.797 19.486 19.174 18.862 18.550 18.238 17.926 17.614 17.302 16.989 16.676 16.363 16.050 15.737 15.423 15.109 14.795 14.480 14.165 13.850 13.534 13.218 12.902 12.585 12.267 11.949 11.631 11.312 10.992 10.671 10.350 10.028  9.706  9.382  9.058  8.733  8.407  8.080 
31.614 31.303 30.992 30.681 30.370 30.059 29.748 29.437 29.126 28.815 28.504 28.193 27.882 27.570 27.259 26.948 26.636 26.325 26.013 25.702 25.390 25.079 24.767 24.455 24.143 23.831 23.519 23.207 22.895 22.582 22.270 21.957 21.644 21.331 21.018 20.705 20.392 20.078 19.764 19.450 19.136 18.821 18.506 18.191 17.876 17.561 17.245 16.928 16.612 16.295 15.978 15.660 15.342 15.023 14.704 14.385 14.065 13.744 13.423 13.101 12.779 12.456 12.133 11.809 11.484 11.159 10.832 10.506 10.178  9.849  9.520  9.190  8.859  8.527  8.194  7.860 
31.603 31.292 30.981 30.670 30.359 30.047 29.736 29.425 29.113 28.802 28.490 28.178 27.866 27.554 27.242 26.930 26.618 26.305 25.993 25.680 25.367 25.054 24.741 24.428 24.114 23.801 23.487 23.173 22.859 22.545 22.230 21.915 21.600 21.285 20.970 20.654 20.338 20.022 19.705 19.388 19.071 18.753 18.435 18.117 17.799 17.479 17.160 16.840 16.520 16.199 15.878 15.556 15.234 14.911 14.588 14.264 13.940 13.615 13.289 12.963 12.636 12.308 11.980 11.651 11.321 10.991 10.659 10.327  9.994  9.661  9.326  8.991  8.655  8.317  7.979  7.640 
31.577 31.266 30.955 30.644 30.332 30.021 29.709 29.397 29.085 28.773 28.461 28.148 27.836 27.523 27.210 26.896 26.583 26.269 25.956 25.642 25.327 25.013 24.698 24.383 24.068 23.753 23.437 23.122 22.805 22.489 22.172 21.855 21.538 21.220 20.903 20.584 20.266 19.947 19.627 19.308 18.987 18.667 18.346 18.025 17.703 17.380 17.058 16.734 16.411 16.086 15.762 15.436 15.110 14.784 14.457 14.129 13.801 13.472 13.142 12.812 12.481 12.149 11.816 11.483 11.149 10.815 10.479 10.143  9.805  9.467  9.128  8.789  8.448  8.106  7.764  7.420 
31.536 31.225 30.913 30.602 30.290 29.978 29.666 29.354 29.041 28.729 28.416 28.102 27.789 27.475 27.161 26.847 26.532 26.217 25.902 25.587 25.271 24.956 24.639 24.323 24.006 23.689 23.372 23.054 22.736 22.417 22.099 21.780 21.460 21.140 20.820 20.499 20.178 19.857 19.535 19.212 18.889 18.566 18.242 17.918 17.593 17.268 16.942 16.616 16.289 15.962 15.633 15.305 14.976 14.646 14.315 13.984 13.652 13.320 12.986 12.652 12.318 11.982 11.646 11.309 10.972 10.633 10.294  9.954  9.612  9.271  8.928  8.584  8.239  7.894  7.547  7.200 
31.478 31.167 30.856 30.544 30.232 29.920 29.608 29.295 28.982 28.668 28.355 28.041 27.726 27.412 27.097 26.782 26.466 26.150 25.834 25.517 25.200 24.883 24.566 24.248 23.929 23.610 23.291 22.972 22.652 22.332 22.011 21.690 21.368 21.046 20.724 20.401 20.078 19.754 19.430 19.105 18.779 18.454 18.127 17.800 17.473 17.145 16.816 16.487 16.157 15.827 15.496 15.164 14.832 14.499 14.165 13.831 13.496 13.160 12.824 12.487 12.149 11.810 11.471 11.130 10.789 10.447 10.105  9.761  9.417  9.071  8.725  8.378  8.030  7.681  7.331  6.980 
31.406 31.095 30.783 30.472 30.159 29.847 29.534 29.221 28.907 28.594 28.279 27.965 27.650 27.334 27.018 26.702 26.386 26.069 25.751 25.434 25.116 24.797 24.478 24.159 23.839 23.519 23.198 22.877 22.555 22.233 21.911 21.588 21.265 20.941 20.616 20.291 19.966 19.640 19.313 18.986 18.659 18.331 18.002 17.673 17.343 17.012 16.681 16.349 16.017 15.684 15.350 15.016 14.681 14.345 14.009 13.672 13.334 12.995 12.656 12.316 11.975 11.633 11.291 10.947 10.603 10.258  9.913  9.566  9.218  8.870  8.521  8.170  7.819  7.467  7.114  6.760 
31.320 31.009 30.697 30.385 30.073 29.760 29.447 29.134 28.820 28.505 28.190 27.875 27.559 27.243 26.927 26.610 26.292 25.974 25.656 25.337 25.018 24.698 24.378 24.058 23.737 23.415 23.093 22.770 22.447 22.124 21.800 21.475 21.150 20.824 20.498 20.171 19.844 19.516 19.187 18.858 18.529 18.198 17.867 17.536 17.204 16.871 16.538 16.204 15.869 15.534 15.197 14.861 14.523 14.185 13.846 13.506 13.166 12.825 12.483 12.140 11.796 11.452 11.107 10.761 10.414 10.066  9.718  9.368  9.018  8.667  8.315  7.962  7.608  7.253  6.897  6.540 
31.222 30.910 30.599 30.287 29.974 29.661 29.348 29.034 28.720 28.405 28.089 27.774 27.457 27.140 26.823 26.505 26.187 25.868 25.549 25.230 24.909 24.589 24.267 23.945 23.623 23.300 22.977 22.653 22.329 22.004 21.678 21.352 21.025 20.698 20.370 20.041 19.712 19.383 19.052 18.722 18.390 18.058 17.725 17.392 17.057 16.723 16.387 16.051 15.714 15.377 15.038 14.699 14.360 14.019 13.678 13.336 12.993 12.650 12.305 11.960 11.614 11.267 10.920 10.571 10.222  9.872  9.521  9.169  8.816  8.462  8.107  7.752  7.395  7.038  6.679  6.320 
31.112 30.801 30.489 30.177 29.864 29.551 29.237 28.923 28.608 28.293 27.977 27.661 27.344 27.027 26.709 26.390 26.071 25.752 25.432 25.111 24.790 24.468 24.146 23.823 23.500 23.176 22.851 22.526 22.200 21.874 21.547 21.220 20.892 20.563 20.233 19.903 19.573 19.242 18.910 18.577 18.244 17.910 17.575 17.240 16.904 16.568 16.230 15.892 15.553 15.214 14.873 14.532 14.191 13.848 13.505 13.161 12.816 12.470 12.124 11.776 11.428 11.079 10.729 10.379 10.027  9.675  9.321  8.967  8.612  8.256  7.899  7.541  7.182  6.822  6.462  6.100 
30.992 30.681 30.369 30.057 29.744 29.430 29.116 28.802 28.487 28.171 27.855 27.538 27.221 26.903 26.584 26.265 25.946 25.626 25.305 24.983 24.661 24.339 24.016 23.692 23.367 23.042 22.717 22.391 22.064 21.736 21.408 21.079 20.750 20.420 20.089 19.758 19.426 19.093 18.760 18.426 18.091 17.755 17.419 17.082 16.745 16.406 16.067 15.727 15.387 15.046 14.703 14.361 14.017 13.673 13.327 12.981 12.635 12.287 11.939 11.589 11.239 10.888 10.536 10.184  9.830  9.475  9.120  8.764  8.407  8.049  7.689  7.329  6.969  6.607  6.244  5.880 
30.862 30.551 30.239 29.927 29.614 29.301 28.986 28.672 28.356 28.040 27.724 27.406 27.089 26.770 26.451 26.132 25.811 25.490 25.169 24.847 24.524 24.201 23.877 23.552 23.227 22.901 22.574 22.247 21.919 21.591 21.261 20.932 20.601 20.270 19.938 19.605 19.272 18.938 18.603 18.268 17.931 17.595 17.257 16.919 16.579 16.240 15.899 15.558 15.215 14.873 14.529 14.184 13.839 13.493 13.146 12.798 12.450 12.100 11.750 11.399 11.047 10.694 10.341  9.986  9.631  9.274  8.917  8.559  8.200  7.840  7.479  7.117  6.754  6.390  6.026  5.660 
30.725 30.413 30.102 29.789 29.476 29.162 28.848 28.533 28.217 27.901 27.584 27.266 26.948 26.629 26.310 25.990 25.669 25.348 25.025 24.703 24.379 24.055 23.730 23.405 23.079 22.752 22.425 22.096 21.768 21.438 21.108 20.777 20.445 20.113 19.780 19.446 19.112 18.776 18.441 18.104 17.766 17.428 17.089 16.750 16.409 16.068 15.726 15.383 15.039 14.695 14.350 14.004 13.657 13.309 12.961 12.612 12.262 11.911 11.559 11.206 10.852 10.498 10.143  9.787  9.429  9.071  8.712  8.353  7.992  7.630  7.268  6.904  6.539  6.174  5.807  5.440 
30.579 30.268 29.956 29.643 29.330 29.016 28.702 28.387 28.071 27.754 27.437 27.119 26.800 26.481 26.161 25.841 25.519 25.197 24.875 24.551 24.227 23.903 23.577 23.251 22.924 22.597 22.268 21.939 21.610 21.279 20.948 20.616 20.284 19.950 19.616 19.282 18.946 18.610 18.273 17.935 17.596 17.257 16.917 16.576 16.234 15.892 15.548 15.204 14.859 14.514 14.167 13.820 13.472 13.123 12.773 12.422 12.070 11.718 11.365 11.011 10.656 10.300  9.943  9.585  9.226  8.867  8.506  8.145  7.783  7.420  7.055  6.690  6.324  5.957  5.589  5.220 
30.427 30.115 29.803 29.491 29.177 28.863 28.549 28.233 27.917 27.600 27.283 26.965 26.646 26.326 26.006 25.685 25.363 25.041 24.717 24.394 24.069 23.744 23.418 23.091 22.763 22.435 22.106 21.776 21.446 21.115 20.783 20.450 20.117 19.782 19.447 19.112 18.775 18.438 18.100 17.761 17.421 17.081 16.740 16.398 16.055 15.711 15.367 15.022 14.676 14.329 13.981 13.632 13.283 12.933 12.581 12.229 11.877 11.523 11.168 10.813 10.456 10.099  9.741  9.382  9.022  8.661  8.299  7.936  7.573  7.208  6.842  6.476  6.108  5.740  5.370  5.000 
30.268 29.957 29.645 29.332 29.018 28.704 28.389 28.074 27.758 27.441 27.123 26.804 26.485 26.165 25.844 25.523 25.201 24.878 24.554 24.230 23.905 23.579 23.252 22.925 22.597 22.268 21.938 21.608 21.277 20.945 20.612 20.279 19.945 19.610 19.274 18.937 18.600 18.262 17.923 17.583 17.242 16.901 16.559 16.216 15.872 15.527 15.182 14.836 14.488 14.140 13.791 13.442 13.091 12.740 12.388 12.034 11.680 11.325 10.970 10.613 10.255  9.897  9.537  9.177  8.816  8.454  8.091  7.727  7.362  6.996  6.629  6.261  5.892  5.522  5.152  4.780 
30.103 29.792 29.480 29.167 28.854 28.540 28.225 27.909 27.592 27.275 26.957 26.638 26.319 25.999 25.678 25.356 25.033 24.710 24.386 24.061 23.736 23.409 23.082 22.754 22.426 22.096 21.766 21.435 21.103 20.771 20.437 20.103 19.768 19.432 19.096 18.758 18.420 18.081 17.742 17.401 17.059 16.717 16.374 16.030 15.686 15.340 14.993 14.646 14.298 13.949 13.599 13.249 12.897 12.544 12.191 11.837 11.482 11.126 10.769 10.411 10.052  9.693  9.332  8.971  8.608  8.245  7.881  7.516  7.150  6.783  6.415  6.046  5.676  5.305  4.933  4.560 
29.934 29.622 29.310 28.997 28.684 28.370 28.054 27.739 27.422 27.104 26.786 26.467 26.148 25.827 25.506 25.184 24.861 24.537 24.213 23.887 23.561 23.235 22.907 22.579 22.250 21.920 21.589 21.257 20.925 20.592 20.258 19.923 19.587 19.251 18.914 18.576 18.237 17.897 17.557 17.215 16.873 16.530 16.186 15.841 15.496 15.149 14.802 14.454 14.105 13.755 13.404 13.053 12.700 12.347 11.993 11.637 11.281 10.924 10.566 10.208  9.848  9.487  9.126  8.763  8.400  8.036  7.670  7.304  6.937  6.569  6.200  5.830  5.459  5.087  4.714  4.340 
29.759 29.448 29.136 28.823 28.509 28.195 27.880 27.564 27.247 26.929 26.611 26.292 25.972 25.651 25.329 25.007 24.684 24.360 24.035 23.709 23.383 23.056 22.728 22.399 22.070 21.739 21.408 21.076 20.743 20.409 20.075 19.739 19.403 19.066 18.728 18.390 18.050 17.710 17.369 17.027 16.684 16.340 15.995 15.650 15.303 14.956 14.608 14.259 13.909 13.559 13.207 12.855 12.501 12.147 11.792 11.436 11.079 10.721 10.362 10.003  9.642  9.281  8.918  8.555  8.190  7.825  7.459  7.092  6.724  6.355  5.985  5.614  5.242  4.869  4.495  4.120 
29.580 29.269 28.957 28.644 28.330 28.016 27.701 27.385 27.068 26.750 26.431 26.112 25.792 25.471 25.149 24.826 24.503 24.179 23.853 23.528 23.201 22.873 22.545 22.216 21.886 21.555 21.223 20.891 20.557 20.223 19.888 19.552 19.216 18.878 18.540 18.200 17.860 17.519 17.178 16.835 16.491 16.147 15.802 15.455 15.108 14.761 14.412 14.062 13.712 13.360 13.008 12.655 12.301 11.945 11.590 11.233 10.875 10.516 10.157  9.796  9.435  9.072  8.709  8.345  7.980  7.614  7.247  6.879  6.510  6.140  5.769  5.397  5.024  4.650  4.276  3.900 
29.398 29.087 28.775 28.462 28.148 27.833 27.518 27.202 26.885 26.567 26.248 25.928 25.608 25.287 24.965 24.642 24.318 23.994 23.668 23.342 23.015 22.687 22.359 22.029 21.699 21.367 21.035 20.702 20.369 20.034 19.698 19.362 19.025 18.687 18.348 18.008 17.668 17.326 16.984 16.640 16.296 15.951 15.606 15.259 14.911 14.563 14.213 13.863 13.512 13.160 12.807 12.453 12.098 11.742 11.386 11.028 10.670 10.310  9.950  9.589  9.226  8.863  8.499  8.134  7.768  7.401  7.034  6.665  6.295  5.924  5.553  5.180  4.807  4.432  4.057  3.680 
29.212 28.901 28.588 28.275 27.962 27.647 27.332 27.015 26.698 26.380 26.061 25.741 25.421 25.100 24.777 24.454 24.130 23.806 23.480 23.153 22.826 22.498 22.169 21.839 21.508 21.177 20.844 20.511 20.177 19.842 19.506 19.169 18.832 18.493 18.154 17.813 17.472 17.130 16.787 16.444 16.099 15.754 15.407 15.060 14.712 14.363 14.013 13.662 13.310 12.957 12.604 12.249 11.894 11.537 11.180 10.822 10.463 10.103  9.742  9.380  9.017  8.653  8.288  7.923  7.556  7.189  6.820  6.451  6.080  5.709  5.336  4.963  4.589  4.213  3.837  3.460 
29.023 28.711 28.399 28.086 27.772 27.458 27.142 26.826 26.508 26.190 25.871 25.551 25.231 24.909 24.587 24.263 23.939 23.614 23.289 22.962 22.634 22.306 21.977 21.646 21.315 20.983 20.651 20.317 19.983 19.647 19.311 18.974 18.636 18.297 17.957 17.616 17.275 16.932 16.589 16.245 15.900 15.554 15.207 14.859 14.510 14.161 13.810 13.459 13.106 12.753 12.399 12.044 11.688 11.331 10.973 10.614 10.255  9.894  9.532  9.170  8.806  8.442  8.077  7.710  7.343  6.975  6.606  6.236  5.865  5.493  5.120  4.746  4.371  3.995  3.618  3.240 
28.831 28.519 28.207 27.894 27.580 27.265 26.950 26.633 26.316 25.998 25.679 25.359 25.038 24.716 24.393 24.070 23.746 23.421 23.094 22.768 22.440 22.111 21.782 21.451 21.120 20.788 20.455 20.121 19.786 19.450 19.113 18.776 18.438 18.098 17.758 17.417 17.075 16.732 16.389 16.044 15.698 15.352 15.005 14.656 14.307 13.957 13.606 13.254 12.901 12.548 12.193 11.837 11.481 11.123 10.765 10.406 10.045  9.684  9.322  8.959  8.595  8.230  7.864  7.497  7.130  6.761  6.391  6.020  5.649  5.276  4.903  4.528  4.152  3.776  3.398  3.020 
28.636 28.325 28.012 27.699 27.385 27.071 26.755 26.438 26.121 25.803 25.483 25.163 24.842 24.520 24.198 23.874 23.550 23.224 22.898 22.571 22.243 21.914 21.584 21.254 20.922 20.590 20.256 19.922 19.587 19.251 18.914 18.576 18.237 17.898 17.557 17.216 16.874 16.530 16.186 15.841 15.495 15.148 14.801 14.452 14.102 13.752 13.401 13.048 12.695 12.341 11.986 11.630 11.273 10.915 10.556 10.196  9.835  9.474  9.111  8.747  8.383  8.017  7.651  7.284  6.915  6.546  6.176  5.805  5.432  5.059  4.685  4.310  3.934  3.557  3.179  2.800 
28.439 28.128 27.815 27.502 27.188 26.873 26.558 26.241 25.923 25.605 25.286 24.966 24.644 24.323 24.000 23.676 23.351 23.026 22.699 22.372 22.044 21.715 21.385 21.054 20.722 20.389 20.056 19.721 19.386 19.050 18.712 18.374 18.035 17.695 17.355 17.013 16.670 16.327 15.982 15.637 15.291 14.943 14.595 14.246 13.896 13.545 13.194 12.841 12.487 12.133 11.777 11.421 11.063 10.705 10.346  9.985  9.624  9.262  8.899  8.535  8.170  7.804  7.437  7.069  6.701  6.331  5.960  5.588  5.216  4.842  4.468  4.092  3.715  3.338  2.959  2.580 
28.240 27.928 27.616 27.303 26.989 26.674 26.358 26.042 25.724 25.405 25.086 24.766 24.445 24.123 23.800 23.476 23.151 22.825 22.499 22.171 21.843 21.514 21.183 20.852 20.520 20.187 19.854 19.519 19.183 18.847 18.509 18.171 17.832 17.491 17.150 16.808 16.465 16.122 15.777 15.431 15.085 14.737 14.389 14.039 13.689 13.338 12.985 12.632 12.278 11.923 11.567 11.211 10.853 10.494 10.134  9.774  9.412  9.050  8.686  8.322  7.956  7.590  7.223  6.854  6.485  6.115  5.744  5.372  4.999  4.625  4.250  3.874  3.497  3.119  2.740  2.360 
28.038 27.727 27.415 27.102 26.788 26.473 26.157 25.840 25.523 25.204 24.885 24.564 24.243 23.921 23.598 23.274 22.949 22.623 22.296 21.969 21.640 21.311 20.980 20.649 20.317 19.984 19.650 19.315 18.979 18.642 18.305 17.966 17.626 17.286 16.945 16.602 16.259 15.915 15.570 15.224 14.877 14.529 14.181 13.831 13.480 13.129 12.776 12.423 12.068 11.713 11.357 11.000 10.642 10.282  9.922  9.561  9.199  8.837  8.473  8.108  7.742  7.375  7.008  6.639  6.270  5.899  5.528  5.155  4.782  4.407  4.032  3.655  3.278  2.900  2.520  2.140 
27.836 27.524 27.212 26.899 26.585 26.270 25.954 25.637 25.319 25.001 24.681 24.361 24.039 23.717 23.394 23.070 22.745 22.419 22.092 21.764 21.436 21.106 20.776 20.444 20.112 19.778 19.444 19.109 18.773 18.436 18.098 17.760 17.420 17.079 16.738 16.395 16.052 15.707 15.362 15.016 14.669 14.321 13.971 13.622 13.271 12.919 12.566 12.212 11.858 11.502 11.145 10.788 10.429 10.070  9.710  9.348  8.986  8.623  8.259  7.894  7.527  7.160  6.792  6.423  6.053  5.683  5.311  4.938  4.564  4.189  3.813  3.437  3.059  2.680  2.301  1.920 
27.631 27.320 27.007 26.694 26.380 26.065 25.749 25.432 25.115 24.796 24.476 24.156 23.834 23.512 23.189 22.865 22.539 22.213 21.886 21.559 21.230 20.900 20.569 20.238 19.905 19.572 19.238 18.902 18.566 18.229 17.891 17.552 17.212 16.871 16.529 16.187 15.843 15.498 15.153 14.806 14.459 14.111 13.761 13.411 13.060 12.708 12.355 12.001 11.646 11.290 10.933 10.575 10.217  9.857  9.496  9.135  8.772  8.409  8.044  7.679  7.312  6.945  6.577  6.207  5.837  5.466  5.094  4.720  4.346  3.971  3.595  3.218  2.840  2.461  2.081  1.700 
27.425 27.114 26.801 26.488 26.174 25.859 25.543 25.226 24.908 24.590 24.270 23.950 23.628 23.306 22.982 22.658 22.333 22.007 21.680 21.352 21.023 20.693 20.362 20.030 19.698 19.364 19.030 18.694 18.358 18.020 17.682 17.343 17.003 16.662 16.320 15.977 15.633 15.288 14.943 14.596 14.248 13.900 13.550 13.200 12.848 12.496 12.143 11.789 11.433 11.077 10.720 10.362 10.003  9.643  9.282  8.920  8.558  8.194  7.829  7.463  7.097  6.729  6.360  5.991  5.620  5.249  4.876  4.503  4.128  3.753  3.377  2.999  2.621  2.242  1.861  1.480 
27.218 26.906 26.594 26.281 25.967 25.652 25.336 25.019 24.701 24.382 24.063 23.742 23.420 23.098 22.774 22.450 22.125 21.799 21.471 21.143 20.814 20.484 20.153 19.822 19.489 19.155 18.820 18.485 18.148 17.811 17.473 17.133 16.793 16.452 16.110 15.766 15.422 15.077 14.732 14.385 14.037 13.688 13.338 12.988 12.636 12.284 11.930 11.576 11.220 10.864 10.507 10.148  9.789  9.429  9.068  8.706  8.342  7.978  7.613  7.247  6.881  6.513  6.144  5.774  5.403  5.031  4.659  4.285  3.910  3.535  3.158  2.780  2.402  2.022  1.642  1.260 
27.009 26.698 26.386 26.073 25.758 25.443 25.127 24.810 24.492 24.174 23.854 23.533 23.212 22.889 22.565 22.241 21.916 21.589 21.262 20.934 20.605 20.275 19.944 19.612 19.279 18.945 18.610 18.275 17.938 17.600 17.262 16.922 16.582 16.241 15.898 15.555 15.211 14.866 14.520 14.173 13.825 13.476 13.126 12.775 12.423 12.070 11.717 11.362 11.006 10.650 10.292  9.934  9.574  9.214  8.853  8.490  8.127  7.763  7.397  7.031  6.664  6.296  5.927  5.557  5.186  4.814  4.441  4.067  3.692  3.316  2.939  2.561  2.182  1.803  1.422  1.040 
26.800 26.488 26.176 25.863 25.549 25.234 24.918 24.601 24.283 23.964 23.644 23.323 23.002 22.679 22.355 22.031 21.706 21.379 21.052 20.724 20.394 20.064 19.733 19.401 19.068 18.734 18.399 18.063 17.727 17.389 17.050 16.711 16.370 16.029 15.686 15.343 14.998 14.653 14.307 13.960 13.612 13.262 12.912 12.561 12.209 11.857 11.503 11.148 10.792 10.435 10.078  9.719  9.359  8.999  8.637  8.274  7.911  7.547  7.181  6.815  6.447  6.079  5.710  5.339  4.968  4.596  4.223  3.849  3.473  3.097  2.720  2.342  1.963  1.583  1.202  0.820 
26.589 26.278 25.966 25.652 25.338 25.023 24.707 24.390 24.072 23.753 23.433 23.113 22.791 22.468 22.145 21.820 21.494 21.168 20.841 20.512 20.183 19.853 19.522 19.189 18.856 18.522 18.187 17.851 17.515 17.177 16.838 16.498 16.158 15.816 15.473 15.130 14.785 14.440 14.094 13.746 13.398 13.049 12.698 12.347 11.995 11.642 11.288 10.933 10.577 10.220  9.862  9.503  9.144  8.783  8.421  8.058  7.695  7.330  6.964  6.598  6.230  5.862  5.492  5.122  4.750  4.378  4.005  3.630  3.255  2.878  2.501  2.123  1.744  1.363  0.982  0.600 
26.378 26.067 25.754 25.441 25.127 24.812 24.496 24.179 23.861 23.542 23.222 22.901 22.579 22.256 21.933 21.608 21.283 20.956 20.629 20.300 19.971 19.641 19.309 18.977 18.644 18.310 17.975 17.639 17.302 16.964 16.625 16.285 15.944 15.603 15.260 14.916 14.572 14.226 13.880 13.532 13.184 12.834 12.484 12.133 11.780 11.427 11.073 10.718 10.362 10.005  9.647  9.288  8.928  8.567  8.205  7.842  7.478  7.113  6.747  6.381  6.013  5.644  5.275  4.904  4.532  4.160  3.786  3.412  3.036  2.660  2.282  1.904  1.524  1.144  0.762  0.380 
26.166 25.854 25.542 25.229 24.915 24.599 24.283 23.966 23.648 23.329 23.009 22.689 22.367 22.044 21.720 21.396 21.070 20.743 20.416 20.087 19.758 19.428 19.096 18.764 18.431 18.097 17.761 17.425 17.088 16.750 16.411 16.071 15.730 15.389 15.046 14.702 14.357 14.012 13.665 13.317 12.969 12.619 12.269 11.917 11.565 11.212 10.857 10.502 10.146  9.789  9.430  9.071  8.711  8.350  7.988  7.625  7.261  6.896  6.530  6.163  5.795  5.426  5.057  4.686  4.314  3.941  3.568  3.193  2.817  2.441  2.063  1.684  1.305  0.924  0.543  0.160 
25.953 25.641 25.329 25.016 24.702 24.386 24.070 23.753 23.435 23.116 22.796 22.475 22.154 21.831 21.507 21.182 20.857 20.530 20.202 19.874 19.544 19.214 18.883 18.550 18.217 17.883 17.547 17.211 16.874 16.536 16.197 15.857 15.516 15.174 14.831 14.487 14.142 13.797 13.450 13.102 12.754 12.404 12.053 11.702 11.349 10.996 10.641 10.286  9.930  9.572  9.214  8.855  8.494  8.133  7.771  7.408  7.044  6.679  6.313  5.946  5.578  5.209  4.839  4.468  4.096  3.723  3.349  2.974  2.598  2.221  1.844  1.465  1.085  0.704  0.323 -0.060 
25.739 25.428 25.115 24.802 24.488 24.173 23.857 23.540 23.222 22.902 22.583 22.262 21.940 21.617 21.293 20.968 20.643 20.316 19.988 19.660 19.330 19.000 18.668 18.336 18.003 17.668 17.333 16.997 16.659 16.321 15.982 15.642 15.301 14.959 14.616 14.272 13.927 13.581 13.234 12.887 12.538 12.188 11.838 11.486 11.133 10.780 10.425 10.070  9.713  9.356  8.997  8.638  8.278  7.916  7.554  7.191  6.826  6.461  6.095  5.728  5.360  4.991  4.621  4.250  3.878  3.505  3.131  2.756  2.380  2.003  1.626  1.247  0.867  0.486  0.105 -0.280 
25.525 25.214 24.901 24.588 24.274 23.959 23.642 23.325 23.007 22.688 22.368 22.047 21.725 21.402 21.078 20.754 20.428 20.101 19.773 19.445 19.115 18.784 18.453 18.120 17.787 17.452 17.117 16.780 16.443 16.104 15.765 15.424 15.083 14.741 14.397 14.053 13.707 13.361 13.013 12.665 12.315 11.965 11.613 11.261 10.907 10.552 10.197  9.840  9.482  9.123  8.763  8.402  8.040  7.677  7.313  6.948  6.582  6.214  5.846  5.477  5.106  4.735  4.362  3.988  3.613  3.238  2.861  2.483  2.104  1.724  1.343  0.961  0.578  0.194 -0.191 -0.500 
25.309 24.997 24.685 24.372 24.057 23.742 23.426 23.109 22.790 22.471 22.151 21.830 21.508 21.185 20.861 20.536 20.210 19.883 19.555 19.226 18.896 18.565 18.233 17.900 17.566 17.231 16.895 16.559 16.221 15.882 15.542 15.201 14.860 14.517 14.173 13.828 13.483 13.136 12.789 12.440 12.090 11.740 11.388 11.036 10.683 10.328  9.973  9.617  9.260  8.902  8.543  8.183  7.823  7.461  7.099  6.735  6.371  6.006  5.639  5.272  4.903  4.534  4.163  3.790  3.416  3.041  2.663  2.283  1.901  1.515  1.127  0.734  0.336 -0.066 -0.392 -0.720 
25.090 24.778 24.466 24.153 23.838 23.523 23.207 22.890 22.571 22.252 21.932 21.611 21.289 20.965 20.641 20.316 19.990 19.663 19.335 19.006 18.676 18.345 18.013 17.679 17.345 17.010 16.674 16.337 15.999 15.660 15.320 14.978 14.636 14.293 13.949 13.603 13.257 12.910 12.561 12.212 11.861 11.509 11.157 10.803 10.448 10.092  9.736  9.378  9.019  8.659  8.298  7.935  7.572  7.208  6.843  6.477  6.110  5.742  5.374  5.004  4.633  4.262  3.890  3.517  3.143  2.769  2.394  2.019  1.643  1.266  0.889  0.512  0.134 -0.200 -0.570 -0.940 
24.869 24.557 24.245 23.931 23.617 23.302 22.985 22.668 22.350 22.030 21.710 21.389 21.066 20.743 20.419 20.093 19.767 19.440 19.112 18.782 18.452 18.121 17.789 17.455 17.121 16.786 16.450 16.112 15.774 15.435 15.095 14.754 14.412 14.069 13.725 13.380 13.034 12.687 12.339 11.990 11.640 11.289 10.937 10.583 10.229  9.874  9.518  9.160  8.802  8.442  8.081  7.719  7.356  6.991  6.625  6.258  5.889  5.519  5.147  4.774  4.400  4.023  3.646  3.266  2.885  2.503  2.118  1.732  1.345  0.955  0.565  0.173 -0.175 -0.503 -0.831 -1.160 
24.646 24.334 24.022 23.709 23.394 23.079 22.762 22.445 22.127 21.807 21.487 21.165 20.843 20.520 20.195 19.870 19.543 19.216 18.887 18.558 18.227 17.896 17.563 17.230 16.895 16.559 16.223 15.885 15.546 15.207 14.866 14.524 14.181 13.838 13.493 13.147 12.800 12.452 12.103 11.753 11.403 11.051 10.698 10.344  9.989  9.633  9.276  8.919  8.560  8.201  7.840  7.479  7.117  6.753  6.390  6.025  5.659  5.293  4.926  4.558  4.189  3.820  3.450  3.080  2.709  2.337  1.964  1.591  1.218  0.844  0.470  0.095 -0.244 -0.622 -1.001 -1.380 
24.421 24.109 23.797 23.483 23.169 22.854 22.537 22.220 21.901 21.582 21.262 20.940 20.618 20.294 19.970 19.644 19.318 18.990 18.662 18.332 18.002 17.670 17.338 17.004 16.670 16.334 15.998 15.660 15.322 14.982 14.641 14.299 13.957 13.613 13.268 12.922 12.575 12.227 11.878 11.527 11.176 10.823 10.470 10.115  9.759  9.402  9.044  8.685  8.324  7.962  7.600  7.236  6.871  6.505  6.137  5.769  5.400  5.029  4.658  4.285  3.912  3.538  3.163  2.787  2.411  2.034  1.656  1.278  0.899  0.520  0.141 -0.187 -0.539 -0.892 -1.246 -1.600 
24.194 23.883 23.571 23.257 22.943 22.627 22.311 21.993 21.675 21.355 21.035 20.713 20.390 20.067 19.742 19.417 19.090 18.762 18.433 18.104 17.773 17.441 17.108 16.775 16.440 16.104 15.767 15.429 15.090 14.751 14.410 14.068 13.725 13.381 13.036 12.691 12.344 11.996 11.647 11.298 10.947 10.596 10.243  9.890  9.536  9.180  8.824  8.467  8.109  7.751  7.391  7.030  6.669  6.306  5.943  5.578  5.212  4.845  4.477  4.107  3.736  3.362  2.986  2.608  2.227  1.842  1.454  1.061  0.665  0.263 -0.143 -0.472 -0.805 -1.142 -1.480 -1.820 
23.967 23.656 23.343 23.030 22.715 22.400 22.083 21.766 21.447 21.128 20.807 20.486 20.163 19.839 19.515 19.189 18.862 18.535 18.206 17.876 17.545 17.213 16.880 16.546 16.211 15.875 15.538 15.200 14.861 14.521 14.180 13.837 13.494 13.149 12.804 12.457 12.110 11.761 11.411 11.060 10.708 10.356 10.002  9.647  9.291  8.934  8.576  8.217  7.857  7.496  7.134  6.771  6.407  6.043  5.677  5.311  4.944  4.576  4.207  3.838  3.467  3.097  2.725  2.353  1.981  1.607  1.234  0.860  0.485  0.110 -0.221 -0.584 -0.947 -1.311 -1.675 -2.040 
23.738 23.426 23.114 22.800 22.486 22.170 21.854 21.536 21.218 20.898 20.578 20.256 19.933 19.610 19.285 18.959 18.633 18.305 17.976 17.646 17.315 16.984 16.651 16.317 15.982 15.646 15.310 14.972 14.633 14.293 13.952 13.610 13.267 12.923 12.578 12.232 11.885 11.537 11.187 10.837 10.485 10.133  9.779  9.424  9.068  8.711  8.352  7.992  7.631  7.269  6.905  6.540  6.173  5.805  5.436  5.066  4.694  4.321  3.947  3.571  3.195  2.817  2.438  2.059  1.678  1.297  0.915  0.533  0.150 -0.177 -0.523 -0.870 -1.217 -1.564 -1.912 -2.260 
23.508 23.197 22.884 22.571 22.256 21.941 21.624 21.307 20.988 20.669 20.348 20.026 19.703 19.380 19.055 18.729 18.402 18.074 17.745 17.415 17.084 16.752 16.419 16.084 15.749 15.413 15.076 14.737 14.398 14.058 13.716 13.374 13.030 12.686 12.340 11.994 11.646 11.298 10.948 10.598 10.246  9.894  9.541  9.186  8.831  8.475  8.118  7.760  7.402  7.042  6.681  6.320  5.958  5.595  5.232  4.867  4.502  4.137  3.770  3.403  3.035  2.667  2.298  1.929  1.559  1.188  0.817  0.446  0.074 -0.259 -0.628 -0.998 -1.367 -1.738 -2.109 -2.480 
23.277 22.966 22.654 22.340 22.026 21.710 21.394 21.076 20.758 20.438 20.117 19.796 19.473 19.149 18.824 18.499 18.172 17.844 17.515 17.185 16.854 16.522 16.189 15.855 15.519 15.183 14.846 14.508 14.168 13.828 13.486 13.143 12.800 12.455 12.109 11.762 11.414 11.064 10.714 10.363 10.010  9.656  9.302  8.946  8.589  8.231  7.872  7.512  7.151  6.788  6.425  6.061  5.696  5.329  4.962  4.594  4.226  3.856  3.486  3.114  2.742  2.370  1.997  1.623  1.249  0.874  0.499  0.124 -0.204 -0.559 -0.915 -1.271 -1.628 -1.985 -2.342 -2.700 
23.046 22.734 22.422 22.108 21.794 21.478 21.162 20.844 20.525 20.206 19.885 19.563 19.240 18.916 18.592 18.266 17.939 17.611 17.282 16.952 16.621 16.289 15.955 15.621 15.286 14.950 14.613 14.275 13.936 13.595 13.254 12.912 12.569 12.225 11.880 11.534 11.187 10.838 10.489 10.139  9.788  9.436  9.083  8.729  8.374  8.017  7.660  7.301  6.941  6.579  6.216  5.852  5.486  5.118  4.749  4.378  4.004  3.629  3.252  2.873  2.491  2.108  1.723  1.336  0.948  0.558  0.167 -0.174 -0.518 -0.860 -1.203 -1.546 -1.889 -2.232 -2.576 -2.920 
22.814 22.503 22.190 21.877 21.562 21.247 20.930 20.612 20.294 19.974 19.653 19.331 19.009 18.685 18.360 18.034 17.707 17.378 17.049 16.719 16.388 16.056 15.722 15.388 15.052 14.716 14.378 14.039 13.700 13.359 13.017 12.674 12.330 11.985 11.639 11.292 10.944 10.595 10.245  9.894  9.542  9.189  8.835  8.479  8.123  7.766  7.409  7.050  6.690  6.330  5.968  5.606  5.243  4.879  4.515  4.149  3.783  3.417  3.049  2.681  2.313  1.944  1.574  1.204  0.834  0.463  0.091 -0.238 -0.599 -0.961 -1.323 -1.685 -2.048 -2.412 -2.776 -3.140 
22.581 22.269 21.957 21.644 21.329 21.013 20.697 20.379 20.061 19.741 19.420 19.099 18.776 18.452 18.127 17.801 17.474 17.146 16.817 16.487 16.156 15.824 15.491 15.157 14.822 14.485 14.148 13.809 13.470 13.129 12.788 12.445 12.101 11.756 11.410 11.063 10.715 10.365 10.015  9.663  9.310  8.956  8.601  8.244  7.887  7.528  7.168  6.807  6.444  6.081  5.716  5.351  4.984  4.616  4.247  3.877  3.506  3.134  2.762  2.389  2.015  1.640  1.264  0.889  0.512  0.136 -0.190 -0.541 -0.892 -1.244 -1.595 -1.947 -2.300 -2.653 -3.006 -3.360 
22.348 22.036 21.724 21.410 21.096 20.780 20.464 20.146 19.827 19.507 19.186 18.865 18.542 18.218 17.893 17.566 17.239 16.911 16.582 16.252 15.920 15.588 15.255 14.920 14.585 14.248 13.911 13.572 13.233 12.892 12.551 12.208 11.865 11.520 11.175 10.828 10.481 10.133  9.783  9.433  9.082  8.730  8.377  8.023  7.668  7.313  6.956  6.599  6.241  5.882  5.521  5.160  4.798  4.435  4.071  3.705  3.339  2.970  2.600  2.228  1.853  1.475  1.093  0.706  0.313 -0.087 -0.416 -0.753 -1.096 -1.444 -1.795 -2.148 -2.504 -2.862 -3.220 -3.580 
22.114 21.803 21.490 21.177 20.862 20.547 20.230 19.913 19.594 19.274 18.953 18.631 18.308 17.984 17.659 17.333 17.006 16.678 16.349 16.018 15.687 15.355 15.021 14.687 14.351 14.014 13.676 13.337 12.997 12.656 12.314 11.971 11.627 11.281 10.935 10.587 10.239  9.889  9.539  9.187  8.834  8.480  8.125  7.770  7.413  7.055  6.696  6.336  5.976  5.614  5.252  4.889  4.525  4.160  3.794  3.428  3.061  2.694  2.325  1.956  1.587  1.217  0.847  0.476  0.105 -0.221 -0.578 -0.934 -1.291 -1.648 -2.006 -2.363 -2.722 -3.081 -3.440 -3.800 
21.879 21.568 21.255 20.942 20.627 20.312 19.995 19.677 19.359 19.039 18.718 18.396 18.074 17.750 17.425 17.099 16.772 16.444 16.115 15.784 15.453 15.121 14.788 14.454 14.118 13.782 13.445 13.106 12.767 12.427 12.085 11.742 11.399 11.054 10.708 10.361 10.013  9.664  9.313  8.962  8.609  8.255  7.899  7.543  7.185  6.826  6.465  6.103  5.740  5.375  5.009  4.642  4.273  3.903  3.532  3.159  2.786  2.411  2.036  1.659  1.282  0.904  0.526  0.147 -0.179 -0.527 -0.875 -1.223 -1.571 -1.920 -2.269 -2.618 -2.968 -3.318 -3.669 -4.020 
21.645 21.334 21.021 20.708 20.393 20.077 19.761 19.443 19.124 18.804 18.483 18.161 17.838 17.514 17.189 16.863 16.536 16.207 15.878 15.548 15.216 14.884 14.550 14.215 13.880 13.543 13.205 12.866 12.526 12.186 11.844 11.501 11.157 10.812 10.466 10.119  9.771  9.422  9.073  8.722  8.370  8.018  7.664  7.310  6.955  6.599  6.242  5.884  5.526  5.166  4.806  4.446  4.084  3.722  3.359  2.996  2.632  2.267  1.902  1.537  1.171  0.804  0.437  0.069 -0.258 -0.618 -0.978 -1.339 -1.700 -2.061 -2.423 -2.786 -3.148 -3.512 -3.876 -4.240 
21.410 21.099 20.786 20.473 20.158 19.843 19.526 19.208 18.890 18.570 18.249 17.927 17.604 17.280 16.955 16.629 16.302 15.974 15.644 15.314 14.983 14.650 14.317 13.982 13.646 13.309 12.971 12.632 12.292 11.951 11.609 11.265 10.921 10.575 10.228  9.880  9.531  9.181  8.830  8.478  8.124  7.770  7.414  7.058  6.700  6.342  5.982  5.621  5.260  4.897  4.534  4.170  3.804  3.439  3.072  2.705  2.337  1.968  1.599  1.229  0.859  0.488  0.117 -0.208 -0.560 -0.913 -1.266 -1.619 -1.973 -2.327 -2.681 -3.036 -3.391 -3.747 -4.103 -4.460 
21.174 20.863 20.550 20.237 19.922 19.606 19.290 18.972 18.653 18.333 18.012 17.690 17.368 17.044 16.718 16.392 16.065 15.737 15.408 15.078 14.746 14.414 14.081 13.746 13.411 13.075 12.737 12.399 12.060 11.719 11.378 11.035 10.692 10.348 10.002  9.656  9.308  8.959  8.610  8.259  7.907  7.553  7.199  6.843  6.485  6.127  5.766  5.405  5.041  4.676  4.309  3.940  3.570  3.197  2.823  2.447  2.069  1.690  1.309  0.928  0.545  0.161 -0.173 -0.519 -0.865 -1.210 -1.556 -1.902 -2.248 -2.594 -2.941 -3.288 -3.635 -3.983 -4.331 -4.680 
20.939 20.627 20.315 20.001 19.687 19.371 19.054 18.737 18.418 18.098 17.777 17.455 17.132 16.808 16.483 16.156 15.829 15.500 15.171 14.840 14.509 14.176 13.842 13.507 13.172 12.835 12.497 12.158 11.818 11.476 11.134 10.791 10.447 10.102  9.756  9.409  9.061  8.713  8.363  8.013  7.662  7.311  6.959  6.607  6.255  5.902  5.550  5.198  4.846  4.495  4.144  3.795  3.446  3.099  2.753  2.408  2.065  1.722  1.381  1.042  0.703  0.365  0.028 -0.189 -0.348 -0.505 -0.661 -0.815 -0.966 -1.114 -1.261 -1.404 -1.545 -1.682 -1.817 -1.947 
20.707 20.396 20.084 19.771 19.456 19.141 18.825 18.508 18.190 17.871 17.551 17.230 16.909 16.586 16.263 15.938 15.613 15.287 14.961 14.633 14.305 13.976 13.647 13.316 12.985 12.654 12.322 11.989 11.656 11.323 10.989 10.655 10.320  9.985  9.650  9.315  8.980  8.645  8.310  7.975  7.640  7.305  6.971  6.637  6.303  5.970  5.637  5.305  4.973  4.642  4.312  3.982  3.653  3.325  2.997  2.671  2.345  2.020  1.696  1.373  1.051  0.729  0.408  0.089 -0.098 -0.207 -0.312 -0.414 -0.516 -0.616 -0.716 -0.814 -0.910 -1.005 -1.099 -1.192 
20.525 20.214 19.902 19.590 19.277 18.963 18.648 18.333 18.018 17.701 17.385 17.067 16.749 16.431 16.112 15.792 15.472 15.152 14.831 14.510 14.188 13.866 13.544 13.222 12.899 12.576 12.253 11.930 11.607 11.284 10.961 10.637 10.315  9.992  9.669  9.347  9.025  8.704  8.383  8.062  7.743  7.424  7.105  6.787  6.471  6.155  5.840  5.526  5.213  4.901  4.590  4.281  3.972  3.665  3.359  3.054  2.751  2.448  2.147  1.847  1.548  1.250  0.954  0.658  0.363  0.069 -0.095 -0.184 -0.269 -0.353 -0.436 -0.517 -0.598 -0.678 -0.757 -0.835 
20.420 20.109 19.798 19.486 19.174 18.862 18.549 18.237 17.924 17.611 17.297 16.983 16.670 16.356 16.041 15.727 15.413 15.098 14.783 14.469 14.154 13.839 13.525 13.210 12.895 12.581 12.267 11.953 11.639 11.326 11.013 10.700 10.388 10.076  9.764  9.454  9.144  8.834  8.525  8.217  7.910  7.603  7.298  6.993  6.690  6.387  6.086  5.786  5.487  5.189  4.893  4.597  4.304  4.011  3.720  3.430  3.142  2.855  2.569  2.284  2.001  1.719  1.439  1.159  0.881  0.604  0.327  0.052 -0.098 -0.176 -0.249 -0.322 -0.393 -0.464 -0.533 -0.602 
20.391 20.080 19.769 19.459 19.148 18.837 18.526 18.216 17.905 17.595 17.284 16.974 16.664 16.353 16.043 15.734 15.424 15.114 14.805 14.496 14.187 13.879 13.570 13.263 12.955 12.648 12.341 12.035 11.729 11.424 11.119 10.815 10.511 10.208  9.906  9.604  9.303  9.003  8.704  8.405  8.108  7.812  7.516  7.222  6.928  6.636  6.345  6.055  5.767  5.480  5.194  4.910  4.627  4.345  4.065  3.787  3.510  3.234  2.960  2.688  2.417  2.148  1.880  1.613  1.348  1.084  0.821  0.559  0.298  0.038 -0.101 -0.170 -0.236 -0.301 -0.365 -0.428 
20.427 20.117 19.806 19.496 19.186 18.876 18.567 18.258 17.950 17.641 17.333 17.026 16.718 16.411 16.105 15.799 15.493 15.188 14.883 14.578 14.274 13.971 13.668 13.365 13.063 12.762 12.461 12.161 11.862 11.563 11.265 10.968 10.671 10.375 10.080  9.786  9.493  9.200  8.909  8.618  8.329  8.040  7.753  7.466  7.181  6.897  6.614  6.333  6.052  5.773  5.496  5.219  4.945  4.672  4.400  4.130  3.861  3.594  3.329  3.066  2.804  2.543  2.285  2.028  1.772  1.518  1.266  1.014  0.764  0.515  0.268  0.021 -0.109 -0.172 -0.232 -0.291 
20.516 20.206 19.895 19.586 19.277 18.968 18.660 18.352 18.045 17.739 17.433 17.127 16.822 16.518 16.214 15.911 15.608 15.306 15.005 14.704 14.404 14.104 13.806 13.508 13.210 12.914 12.618 12.322 12.028 11.735 11.442 11.150 10.859 10.569 10.280  9.991  9.704  9.418  9.132  8.848  8.565  8.283  8.001  7.721  7.443  7.165  6.888  6.613  6.339  6.066  5.795  5.524  5.256  4.988  4.722  4.458  4.195  3.934  3.675  3.417  3.161  2.907  2.654  2.404  2.155  1.908  1.663  1.420  1.179  0.939  0.701  0.464  0.229 -0.006 -0.125 -0.182 
20.647 20.337 20.027 19.718 19.409 19.101 18.794 18.488 18.182 17.877 17.572 17.268 16.965 16.663 16.361 16.060 15.760 15.461 15.162 14.864 14.567 14.271 13.975 13.681 13.387 13.094 12.802 12.510 12.220 11.931 11.642 11.354 11.068 10.782 10.497 10.214  9.931  9.649  9.369  9.090  8.811  8.534  8.258  7.983  7.709  7.437  7.166  6.895  6.627  6.359  6.093  5.828  5.564  5.302  5.041  4.781  4.523  4.266  4.011  3.758  3.506  3.257  3.010  2.766  2.525  2.288  2.055  1.827  1.605  1.388  1.177  0.972  0.773  0.579  0.389  0.202 
20.812 20.501 20.192 19.883 19.575 19.268 18.961 18.655 18.351 18.047 17.744 17.441 17.140 16.839 16.540 16.241 15.943 15.646 15.349 15.054 14.760 14.466 14.174 13.882 13.592 13.302 13.014 12.726 12.440 12.154 11.870 11.587 11.305 11.024 10.744 10.465 10.187  9.911  9.636  9.362  9.089  8.818  8.547  8.278  8.011  7.744  7.479  7.215  6.953  6.691  6.431  6.173  5.915  5.659  5.404  5.150  4.897  4.646  4.395  4.146  3.898  3.650  3.404  3.159  2.914  2.671  2.428  2.186  1.944  1.703  1.463  1.223  0.983  0.744  0.505  0.266 
21.007 20.697 20.387 20.079 19.771 19.464 19.158 18.854 18.550 18.247 17.945 17.644 17.343 17.044 16.746 16.449 16.152 15.857 15.562 15.269 14.977 14.685 14.395 14.105 13.816 13.529 13.242 12.957 12.672 12.389 12.106 11.824 11.544 11.264 10.986 10.708 10.432 10.156  9.881  9.608  9.335  9.063  8.793  8.523  8.254  7.986  7.719  7.453  7.188  6.924  6.660  6.398  6.136  5.875  5.615  5.356  5.097  4.839  4.582  4.325  4.069  3.813  3.559  3.304  3.050  2.797  2.544  2.292  2.039  1.788  1.536  1.285  1.033  0.783  0.532  0.281 
21.219 20.908 20.599 20.290 19.983 19.676 19.370 19.066 18.762 18.459 18.157 17.856 17.556 17.257 16.959 16.662 16.366 16.071 15.776 15.483 15.191 14.899 14.609 14.319 14.030 13.742 13.455 13.169 12.884 12.600 12.317 12.034 11.753 11.472 11.192 10.913 10.635 10.358 10.081  9.806  9.531  9.257  8.984  8.711  8.440  8.169  7.898  7.629  7.360  7.092  6.824  6.557  6.291  6.026  5.761  5.496  5.232  4.969  4.706  4.444  4.182  3.920  3.659  3.398  3.138  2.878  2.618  2.359  2.100  1.841  1.582  1.323  1.065  0.806  0.548  0.290 
21.428 21.118 20.808 20.499 20.192 19.885 19.579 19.274 18.970 18.667 18.365 18.063 17.763 17.463 17.165 16.867 16.570 16.274 15.979 15.685 15.391 15.099 14.807 14.516 14.226 13.937 13.649 13.362 13.075 12.789 12.504 12.220 11.936 11.654 11.372 11.091 10.810 10.531 10.252  9.973  9.696  9.419  9.143  8.867  8.592  8.318  8.044  7.771  7.499  7.227  6.955  6.685  6.414  6.145  5.875  5.606  5.338  5.070  4.802  4.535  4.269  4.002  3.736  3.470  3.205  2.939  2.674  2.410  2.145  1.881  1.617  1.352  1.089  0.825  0.561  0.297 
21.626 21.315 21.006 20.697 20.389 20.082 19.776 19.470 19.166 18.862 18.559 18.257 17.956 17.655 17.355 17.057 16.758 16.461 16.164 15.868 15.573 15.278 14.984 14.691 14.398 14.105 13.813 13.522 13.230 12.939 12.648 12.357 12.066 11.774 11.483 11.190 10.897 10.604 10.309 10.013  9.716  9.417  9.116  8.813  8.507  8.199  7.887  7.572  7.254  6.931  6.605  6.273  5.936  5.594  5.246  4.892  4.532  4.166  3.793  3.414  3.029  2.637  2.239  1.836  1.428  1.016  0.600  0.181 -0.277 -0.816 -1.355 -1.892 -2.428 -2.962 -3.493 -4.020 
21.771 21.460 21.150 20.840 20.530 20.221 19.911 19.603 19.294 18.986 18.677 18.369 18.061 17.754 17.446 17.138 16.830 16.522 16.214 15.906 15.597 15.288 14.979 14.669 14.359 14.048 13.737 13.424 13.111 12.797 12.482 12.166 11.848 11.530 11.210 10.889 10.566 10.242  9.917  9.589  9.260  8.930  8.597  8.263  7.927  7.588  7.248  6.907  6.563  6.217  5.869  5.520  5.168  4.815  4.460  4.104  3.746  3.386  3.025  2.663  2.299  1.934  1.569  1.202  0.835  0.467  0.099 -0.200 -0.492 -0.782 -1.071 -1.358 -1.643 -1.925 -2.205 -2.480 
21.770 21.459 21.148 20.837 20.525 20.213 19.900 19.588 19.275 18.961 18.648 18.333 18.019 17.704 17.389 17.074 16.758 16.441 16.124 15.807 15.489 15.170 14.851 14.531 14.211 13.890 13.568 13.246 12.923 12.599 12.275 11.950 11.624 11.298 10.970 10.642 10.313  9.984  9.654  9.323  8.992  8.660  8.327  7.994  7.661  7.327  6.993  6.659  6.324  5.990  5.655  5.321  4.987  4.653  4.320  3.987  3.654  3.322  2.991  2.660  2.330  2.001  1.672  1.345  1.017  0.691  0.365  0.040 -0.155 -0.276 -0.395 -0.511 -0.625 -0.734 -0.840 -0.940 
21.685 21.374 21.062 20.750 20.438 20.125 19.812 19.498 19.184 18.870 18.555 18.240 17.924 17.608 17.291 16.974 16.657 16.339 16.021 15.703 15.384 15.065 14.745 14.426 14.105 13.785 13.464 13.143 12.822 12.501 12.179 11.857 11.536 11.214 10.892 10.570 10.248  9.926  9.604  9.283  8.961  8.640  8.320  8.000  7.680  7.361  7.042  6.725  6.408  6.092  5.777  5.463  5.151  4.839  4.529  4.220  3.913  3.607  3.303  3.000  2.699  2.400  2.103  1.807  1.512  1.220  0.929  0.639  0.351  0.064 -0.076 -0.104 -0.114 -0.057  0.269  0.600 
21.604 21.293 20.982 20.670 20.359 20.047 19.734 19.422 19.109 18.796 18.483 18.170 17.856 17.543 17.229 16.915 16.601 16.287 15.973 15.659 15.345 15.031 14.717 14.403 14.090 13.777 13.464 13.151 12.839 12.528 12.218 11.908 11.599 11.291 10.984 10.679 10.375 10.073  9.772  9.474  9.178  8.884  8.593  8.305  8.021  7.739  7.462  7.188  6.919  6.655  6.395  6.141  5.892  5.649  5.412  5.181  4.958  4.740  4.530  4.328  4.133  3.945  3.765  3.593  3.429  3.273  3.125  2.984  2.852  2.728  2.611  2.502  2.401  2.307  2.220  2.140 
21.604 21.294 20.983 20.673 20.364 20.054 19.746 19.437 19.129 18.822 18.515 18.209 17.903 17.598 17.293 16.989 16.686 16.384 16.083 15.783 15.483 15.185 14.888 14.593 14.298 14.006 13.714 13.424 13.137 12.850 12.566 12.284 12.004 11.726 11.451 11.178 10.908 10.640 10.375 10.113  9.855  9.599  9.347  9.099  8.854  8.612  8.375  8.141  7.912  7.687  7.466  7.250  7.038  6.831  6.629  6.431  6.239  6.052  5.870  5.694  5.523  5.358  5.198  5.044  4.896  4.754  4.618  4.488  4.364  4.247  4.136  4.031  3.934  3.842  3.758  3.680 
21.776 21.466 21.157 20.849 20.542 20.237 19.932 19.629 19.327 19.026 18.727 18.429 18.132 17.837 17.543 17.250 16.959 16.670 16.382 16.096 15.812 15.529 15.248 14.969 14.693 14.418 14.145 13.874 13.606 13.340 13.077 12.816 12.557 12.301 12.048 11.798 11.551 11.307 11.065 10.827 10.593 10.361 10.134  9.909  9.689  9.472  9.259  9.050  8.845  8.645  8.448  8.256  8.068  7.885  7.707  7.533  7.365  7.201  7.042  6.889  6.741  6.598  6.461  6.329  6.203  6.083  5.968  5.860  5.757  5.661  5.571  5.488  5.411  5.341  5.277  5.220 
22.110 21.800 21.492 21.186 20.881 20.578 20.278 19.978 19.681 19.386 19.093 18.801 18.512 18.224 17.939 17.655 17.374 17.094 16.817 16.542 16.270 15.999 15.731 15.466 15.203 14.942 14.684 14.428 14.176 13.925 13.678 13.434 13.193 12.954 12.719 12.487 12.258 12.032 11.810 11.591 11.376 11.164 10.957 10.752 10.552 10.356 10.164  9.976  9.792  9.612  9.437  9.266  9.100  8.939  8.782  8.630  8.484  8.342  8.205  8.074  7.947  7.827  7.711  7.602  7.498  7.400  7.308  7.222  7.142  7.068  7.000  6.939  6.884  6.836  6.795  6.760 
22.573 22.264 21.956 21.651 21.348 21.048 20.750 20.454 20.161 19.870 19.582 19.296 19.012 18.731 18.452 18.176 17.902 17.631 17.363 17.097 16.834 16.574 16.317 16.062 15.810 15.562 15.316 15.073 14.833 14.596 14.363 14.133 13.906 13.682 13.462 13.245 13.032 12.823 12.617 12.415 12.217 12.022 11.832 11.645 11.463 11.285 11.111 10.942 10.777 10.616 10.460 10.309 10.162 10.021  9.884  9.752  9.625  9.504  9.387  9.276  9.171  9.071  8.976  8.888  8.805  8.728  8.656  8.591  8.532  8.480  8.433  8.394  8.360  8.333  8.313  8.300 
23.144 22.835 22.528 22.224 21.923 21.624 21.329 21.036 20.746 20.459 20.174 19.893 19.614 19.338 19.065 18.795 18.528 18.264 18.003 17.745 17.490 17.238 16.989 16.744 16.501 16.262 16.025 15.792 15.563 15.336 15.113 14.894 14.677 14.464 14.255 14.049 13.846 13.647 13.451 13.259 13.070 12.885 12.703 12.524 12.349 12.178 12.010 11.845 11.684 11.526 11.371 11.219 11.071 10.926 10.783 10.644 10.508 10.374 10.243 10.115  9.989  9.865  9.743  9.624  9.507  9.391  9.277  9.165  9.054  8.944  8.835  8.727  8.619  8.513  8.406  8.300 
23.794 23.485 23.178 22.875 22.575 22.277 21.983 21.691 21.403 21.117 20.835 20.556 20.279 20.006 19.736 19.468 19.204 18.943 18.684 18.429 18.177 17.928 17.681 17.438 17.198 16.961 16.727 16.496 16.268 16.043 15.820 15.601 15.385 15.172 14.961 14.754 14.549 14.347 14.148 13.952 13.759 13.568 13.380 13.195 13.012 12.832 12.655 12.480 12.307 12.137 11.969 11.803 11.640 11.478 11.319 11.162 11.006 10.853 10.701 10.551 10.402 10.255 10.109  9.965  9.822  9.680  9.539  9.399  9.260  9.121  8.983  8.846  8.709  8.573  8.436  8.300 
24.463 24.154 23.847 23.544 23.243 22.946 22.651 22.359 22.070 21.785 21.502 21.222 20.945 20.670 20.399 20.131 19.865 19.603 19.343 19.086 18.832 18.581 18.332 18.087 17.844 17.604 17.366 17.132 16.900 16.670 16.444 16.220 15.998 15.779 15.563 15.349 15.138 14.929 14.722 14.518 14.316 14.117 13.919 13.724 13.531 13.341 13.152 12.965 12.780 12.597 12.416 12.237 12.059 11.883 11.709 11.536 11.365 11.195 11.027 10.859 10.694 10.529 10.365 10.202 10.040  9.879  9.719  9.560  9.401  9.243  9.085  8.927  8.770  8.613  8.457  8.300 
25.106 24.796 24.490 24.186 23.885 23.586 23.290 22.998 22.708 22.420 22.136 21.854 21.575 21.298 21.024 20.753 20.485 20.219 19.956 19.696 19.438 19.183 18.930 18.680 18.432 18.187 17.944 17.704 17.467 17.231 16.998 16.768 16.539 16.313 16.090 15.868 15.649 15.431 15.216 15.003 14.792 14.583 14.376 14.171 13.968 13.766 13.566 13.368 13.172 12.977 12.784 12.592 12.402 12.213 12.026 11.840 11.655 11.471 11.289 11.107 10.927 10.747 10.569 10.391 10.214 10.038  9.862  9.687  9.513  9.339  9.165  8.991  8.818  8.645  8.473  8.300 
25.704 25.394 25.087 24.783 24.481 24.181 23.884 23.590 23.298 23.009 22.723 22.438 22.157 21.877 21.601 21.327 21.055 20.785 20.518 20.254 19.992 19.732 19.474 19.219 18.966 18.716 18.468 18.221 17.978 17.736 17.496 17.259 17.023 16.790 16.559 16.329 16.102 15.877 15.653 15.431 15.211 14.993 14.777 14.562 14.349 14.137 13.927 13.719 13.512 13.306 13.102 12.899 12.698 12.498 12.298 12.101 11.904 11.708 11.513 11.319 11.126 10.934 10.742 10.552 10.362 10.172  9.984  9.795  9.607  9.420  9.233  9.046  8.859  8.673  8.486  8.300 
26.252 25.942 25.635 25.330 25.027 24.727 24.429 24.133 23.840 23.549 23.260 22.973 22.689 22.407 22.127 21.850 21.575 21.302 21.031 20.762 20.496 20.232 19.969 19.709 19.451 19.195 18.941 18.690 18.440 18.192 17.946 17.702 17.460 17.219 16.981 16.744 16.509 16.276 16.044 15.814 15.586 15.359 15.134 14.911 14.688 14.468 14.248 14.030 13.814 13.598 13.384 13.171 12.960 12.749 12.539 12.331 12.123 11.916 11.711 11.506 11.301 11.098 10.895 10.693 10.492 10.291 10.090  9.890  9.690  9.491  9.292  9.093  8.895  8.697  8.498  8.300 
26.752 26.442 26.134 25.829 25.525 25.224 24.925 24.627 24.333 24.040 23.749 23.460 23.173 22.889 22.606 22.326 22.047 21.771 21.497 21.224 20.954 20.685 20.418 20.154 19.891 19.630 19.371 19.114 18.858 18.604 18.352 18.102 17.854 17.607 17.362 17.118 16.876 16.636 16.397 16.160 15.924 15.689 15.456 15.224 14.994 14.765 14.537 14.310 14.085 13.861 13.637 13.415 13.194 12.974 12.755 12.537 12.320 12.103 11.887 11.673 11.458 11.245 11.032 10.819 10.608 10.396 10.185  9.975  9.765  9.555  9.345  9.136  8.927  8.718  8.509  8.300 
27.206 26.896 26.588 26.282 25.978 25.675 25.375 25.077 24.780 24.486 24.193 23.902 23.613 23.326 23.041 22.758 22.477 22.197 21.919 21.643 21.369 21.096 20.826 20.557 20.289 20.024 19.760 19.498 19.237 18.978 18.721 18.465 18.211 17.958 17.707 17.457 17.208 16.961 16.716 16.472 16.229 15.987 15.747 15.508 15.270 15.033 14.797 14.563 14.330 14.097 13.866 13.635 13.406 13.177 12.950 12.723 12.497 12.271 12.047 11.823 11.600 11.377 11.155 10.933 10.712 10.491 10.271 10.051  9.832  9.612  9.393  9.174  8.956  8.737  8.518  8.300 
27.618 27.308 26.999 26.693 26.388 26.085 25.784 25.484 25.187 24.890 24.596 24.304 24.013 23.723 23.436 23.150 22.866 22.583 22.302 22.023 21.746 21.470 21.195 20.922 20.651 20.381 20.113 19.846 19.581 19.317 19.055 18.794 18.534 18.276 18.019 17.763 17.509 17.256 17.005 16.754 16.505 16.257 16.010 15.764 15.519 15.276 15.033 14.792 14.551 14.311 14.072 13.834 13.597 13.361 13.126 12.891 12.657 12.424 12.191 11.959 11.727 11.496 11.266 11.036 10.806 10.577 10.349 10.120  9.892  9.664  9.436  9.209  8.982  8.754  8.527  8.300 
27.991 27.681 27.373 27.066 26.761 26.457 26.155 25.854 25.555 25.258 24.962 24.667 24.375 24.083 23.794 23.505 23.219 22.934 22.650 22.368 22.087 21.808 21.530 21.253 20.978 20.705 20.433 20.162 19.892 19.624 19.357 19.091 18.827 18.564 18.302 18.041 17.782 17.524 17.266 17.010 16.755 16.501 16.248 15.997 15.746 15.496 15.247 14.999 14.751 14.505 14.259 14.015 13.771 13.528 13.285 13.043 12.802 12.561 12.321 12.082 11.843 11.605 11.367 11.129 10.892 10.655 10.419 10.182  9.947  9.711  9.475  9.240  9.005  8.770  8.535  8.300 
28.330 28.020 27.711 27.404 27.098 26.794 26.491 26.189 25.889 25.590 25.293 24.997 24.703 24.410 24.118 23.828 23.539 23.251 22.965 22.680 22.397 22.114 21.833 21.554 21.275 20.998 20.722 20.448 20.174 19.902 19.631 19.361 19.093 18.825 18.559 18.293 18.029 17.766 17.503 17.242 16.982 16.723 16.464 16.207 15.951 15.695 15.440 15.186 14.933 14.681 14.429 14.178 13.928 13.678 13.429 13.181 12.933 12.686 12.440 12.193 11.948 11.703 11.458 11.213 10.969 10.726 10.482 10.239  9.996  9.753  9.511  9.269  9.026  8.784  8.542  8.300 
28.637 28.327 28.018 27.711 27.404 27.099 26.796 26.493 26.192 25.892 25.594 25.296 25.000 24.706 24.412 24.120 23.829 23.539 23.251 22.963 22.677 22.392 22.109 21.826 21.545 21.264 20.985 20.707 20.430 20.155 19.880 19.606 19.333 19.062 18.791 18.522 18.253 17.985 17.718 17.453 17.188 16.924 16.660 16.398 16.136 15.876 15.616 15.356 15.098 14.840 14.583 14.326 14.070 13.815 13.560 13.306 13.052 12.799 12.547 12.294 12.043 11.791 11.540 11.290 11.039 10.789 10.540 10.290 10.041  9.792  9.543  9.294  9.046  8.797  8.548  8.300 
28.916 28.606 28.296 27.988 27.682 27.376 27.072 26.769 26.467 26.166 25.866 25.567 25.270 24.974 24.679 24.385 24.092 23.800 23.510 23.220 22.932 22.644 22.358 22.073 21.789 21.506 21.223 20.942 20.662 20.383 20.105 19.828 19.552 19.276 19.002 18.729 18.456 18.184 17.913 17.643 17.374 17.106 16.838 16.571 16.305 16.039 15.774 15.510 15.247 14.984 14.722 14.460 14.199 13.939 13.679 13.419 13.160 12.902 12.644 12.386 12.129 11.872 11.615 11.359 11.103 10.847 10.592 10.337 10.082  9.827  9.572  9.318  9.063  8.809  8.554  8.300 
29.168 28.858 28.549 28.240 27.933 27.627 27.322 27.018 26.715 26.414 26.113 25.813 25.515 25.217 24.920 24.625 24.330 24.037 23.744 23.453 23.162 22.873 22.584 22.297 22.010 21.724 21.439 21.156 20.873 20.590 20.309 20.029 19.750 19.471 19.193 18.916 18.640 18.365 18.090 17.816 17.543 17.270 16.999 16.728 16.457 16.188 15.919 15.650 15.382 15.115 14.848 14.582 14.316 14.051 13.786 13.522 13.258 12.995 12.732 12.469 12.207 11.945 11.683 11.422 11.161 10.900 10.639 10.379 10.119  9.858  9.599  9.339  9.079  8.819  8.560  8.300 
29.397 29.087 28.777 28.469 28.161 27.855 27.549 27.245 26.941 26.638 26.337 26.036 25.736 25.437 25.139 24.842 24.546 24.251 23.957 23.664 23.371 23.080 22.789 22.499 22.210 21.922 21.635 21.349 21.063 20.778 20.494 20.211 19.929 19.647 19.366 19.086 18.807 18.528 18.250 17.973 17.696 17.420 17.145 16.870 16.596 16.322 16.049 15.777 15.505 15.233 14.963 14.692 14.422 14.153 13.884 13.615 13.347 13.079 12.812 12.544 12.278 12.011 11.745 11.479 11.213 10.947 10.682 10.417 10.152  9.887  9.622  9.358  9.093  8.829  8.564  8.300 
29.605 29.294 28.985 28.676 28.368 28.061 27.755 27.450 27.146 26.842 26.540 26.238 25.937 25.637 25.338 25.040 24.742 24.446 24.150 23.855 23.561 23.267 22.975 22.683 22.392 22.102 21.813 21.524 21.236 20.949 20.662 20.377 20.091 19.807 19.523 19.240 18.958 18.676 18.395 18.115 17.835 17.556 17.277 16.999 16.721 16.444 16.168 15.892 15.616 15.341 15.066 14.792 14.518 14.245 13.972 13.699 13.427 13.155 12.884 12.613 12.342 12.071 11.801 11.530 11.260 10.991 10.721 10.452 10.182  9.913  9.644  9.375  9.106  8.838  8.569  8.300 
29.793 29.482 29.172 28.864 28.555 28.248 27.942 27.636 27.331 27.027 26.724 26.421 26.119 25.818 25.518 25.219 24.920 24.622 24.325 24.028 23.733 23.438 23.143 22.850 22.557 22.265 21.973 21.683 21.393 21.103 20.814 20.526 20.239 19.952 19.666 19.380 19.095 18.811 18.527 18.243 17.961 17.678 17.397 17.116 16.835 16.555 16.275 15.996 15.717 15.438 15.160 14.883 14.605 14.329 14.052 13.776 13.500 13.225 12.949 12.674 12.400 12.125 11.851 11.577 11.303 11.030 10.756 10.483 10.210  9.937  9.664  9.391  9.118  8.845  8.573  8.300 
29.963 29.653 29.343 29.034 28.725 28.418 28.111 27.805 27.499 27.194 26.890 26.587 26.284 25.983 25.681 25.381 25.081 24.782 24.483 24.185 23.888 23.592 23.296 23.001 22.706 22.413 22.119 21.827 21.535 21.243 20.952 20.662 20.372 20.083 19.795 19.507 19.219 18.932 18.646 18.360 18.075 17.790 17.505 17.221 16.938 16.655 16.372 16.090 15.808 15.527 15.246 14.965 14.684 14.404 14.125 13.845 13.566 13.287 13.009 12.730 12.452 12.175 11.897 11.619 11.342 11.065 10.788 10.511 10.235  9.958  9.682  9.405  9.129  8.853  8.576  8.300 
30.118 29.807 29.497 29.188 28.879 28.571 28.264 27.958 27.652 27.346 27.042 26.738 26.434 26.131 25.829 25.528 25.227 24.927 24.627 24.328 24.030 23.732 23.435 23.138 22.842 22.546 22.251 21.957 21.663 21.370 21.077 20.785 20.494 20.202 19.912 19.622 19.332 19.043 18.754 18.466 18.178 17.891 17.604 17.317 17.031 16.746 16.460 16.175 15.891 15.607 15.323 15.039 14.756 14.473 14.190 13.908 13.626 13.344 13.063 12.781 12.500 12.219 11.938 11.658 11.378 11.097 10.817 10.537 10.257  9.977  9.698  9.418  9.139  8.859  8.579  8.300 
30.258 29.947 29.637 29.328 29.019 28.711 28.403 28.096 27.790 27.484 27.179 26.874 26.570 26.266 25.963 25.661 25.359 25.058 24.757 24.457 24.158 23.858 23.560 23.262 22.965 22.668 22.371 22.075 21.780 21.485 21.191 20.897 20.603 20.310 20.018 19.726 19.434 19.143 18.852 18.562 18.272 17.982 17.693 17.404 17.116 16.828 16.540 16.253 15.966 15.679 15.393 15.107 14.821 14.535 14.250 13.965 13.680 13.396 13.111 12.827 12.543 12.260 11.976 11.693 11.410 11.126 10.843 10.561 10.278  9.995  9.712  9.430  9.147  8.865  8.582  8.300 
