31.316 31.005 30.694 30.383 30.073 29.762 29.451 29.140 28.829 28.518 28.207 27.896 27.585 27.274 26.964 26.653 26.342 26.031 25.720 25.409 25.098 24.787 24.476 24.165 23.854 23.543 23.232 22.921 22.610 22.299 21.988 21.677 21.365 21.054 20.743 20.432 20.120 19.809 19.497 19.186 18.874 18.562 18.250 17.938 17.626 17.314 17.001 16.688 16.376 16.063 15.749 15.436 15.122 14.808 14.493 14.179 13.864 13.548 13.232 12.916 12.599 12.282 11.965 11.646 11.327 11.008 10.688 10.367 10.045  9.723  9.400  9.076  8.751  8.426  8.099  7.771 
31.314 31.003 30.692 30.381 30.070 29.759 29.448 29.137 28.826 28.515 28.204 27.893 27.581 27.270 26.959 26.647 26.336 26.025 25.713 25.402 25.090 24.778 24.466 24.155 23.843 23.531 23.219 22.906 22.594 22.282 21.969 21.656 21.343 21.030 20.717 20.404 20.090 19.777 19.463 19.148 18.834 18.519 18.204 17.889 17.574 17.258 16.942 16.625 16.309 15.991 15.674 15.356 15.037 14.719 14.399 14.079 13.759 13.438 13.117 12.795 12.472 12.149 11.825 11.500 11.175 10.849 10.522 10.195  9.866  9.537  9.207  8.876  8.544  8.211  7.878  7.543 
31.302 30.991 30.680 30.369 30.058 29.747 29.435 29.124 28.813 28.501 28.189 27.877 27.565 27.253 26.941 26.629 26.317 26.004 25.692 25.379 25.066 24.753 24.440 24.126 23.813 23.499 23.185 22.871 22.557 22.243 21.928 21.613 21.298 20.982 20.667 20.351 20.035 19.718 19.401 19.084 18.767 18.449 18.131 17.812 17.493 17.174 16.854 16.534 16.213 15.892 15.570 15.248 14.925 14.602 14.278 13.954 13.629 13.304 12.977 12.650 12.323 11.995 11.666 11.336 11.006 10.674 10.342 10.009  9.676  9.341  9.006  8.669  8.332  7.994  7.655  7.314 
31.276 30.965 30.654 30.342 30.031 29.719 29.408 29.096 28.784 28.471 28.159 27.846 27.534 27.221 26.908 26.594 26.281 25.967 25.653 25.339 25.025 24.710 24.395 24.080 23.765 23.449 23.134 22.818 22.501 22.185 21.868 21.551 21.233 20.915 20.597 20.278 19.959 19.640 19.320 19.000 18.680 18.359 18.038 17.716 17.394 17.071 16.748 16.424 16.100 15.775 15.449 15.124 14.797 14.470 14.142 13.814 13.485 13.155 12.825 12.494 12.162 11.829 11.496 11.162 10.827 10.491 10.155  9.818  9.479  9.140  8.800  8.459  8.117  7.774  7.431  7.086 
31.232 30.921 30.610 30.299 29.987 29.675 29.363 29.051 28.738 28.425 28.112 27.799 27.485 27.171 26.857 26.543 26.228 25.913 25.598 25.282 24.966 24.650 24.334 24.017 23.700 23.383 23.065 22.747 22.429 22.110 21.791 21.472 21.152 20.832 20.511 20.190 19.869 19.547 19.224 18.901 18.578 18.254 17.930 17.605 17.280 16.954 16.628 16.301 15.973 15.645 15.316 14.987 14.657 14.326 13.995 13.663 13.331 12.997 12.663 12.328 11.993 11.656 11.319 10.981 10.642 10.303  9.962  9.621  9.279  8.936  8.592  8.247  7.901  7.554  7.206  6.857 
31.173 30.862 30.550 30.239 29.927 29.615 29.302 28.989 28.676 28.363 28.049 27.735 27.420 27.105 26.790 26.475 26.159 25.843 25.527 25.210 24.893 24.575 24.257 23.939 23.620 23.301 22.982 22.662 22.342 22.021 21.700 21.379 21.057 20.734 20.411 20.088 19.764 19.440 19.115 18.790 18.464 18.137 17.810 17.483 17.155 16.826 16.497 16.167 15.836 15.505 15.173 14.841 14.508 14.174 13.840 13.504 13.168 12.832 12.494 12.156 11.817 11.477 11.137 10.795 10.453 10.110  9.766  9.421  9.075  8.729  8.381  8.033  7.683  7.333  6.981  6.629 
31.098 30.787 30.475 30.163 29.851 29.539 29.226 28.912 28.599 28.285 27.970 27.656 27.340 27.025 26.709 26.392 26.076 25.759 25.441 25.123 24.805 24.486 24.166 23.847 23.527 23.206 22.885 22.563 22.242 21.919 21.596 21.273 20.949 20.624 20.299 19.974 19.648 19.321 18.994 18.667 18.338 18.010 17.680 17.350 17.019 16.688 16.356 16.024 15.691 15.357 15.022 14.687 14.351 14.014 13.677 13.339 13.000 12.660 12.320 11.978 11.636 11.294 10.950 10.605 10.260  9.914  9.566  9.218  8.869  8.520  8.169  7.817  7.464  7.110  6.756  6.400 
31.008 30.697 30.386 30.074 29.761 29.449 29.135 28.822 28.508 28.193 27.878 27.563 27.247 26.930 26.614 26.296 25.979 25.661 25.342 25.023 24.703 24.383 24.063 23.742 23.420 23.098 22.776 22.453 22.129 21.805 21.480 21.155 20.830 20.503 20.176 19.849 19.521 19.193 18.863 18.534 18.203 17.872 17.541 17.208 16.875 16.542 16.207 15.872 15.537 15.200 14.863 14.526 14.187 13.848 13.508 13.167 12.825 12.483 12.140 11.796 11.451 11.105 10.759 10.411 10.063  9.714  9.364  9.013  8.661  8.308  7.955  7.600  7.244  6.888  6.530  6.171 
30.906 30.595 30.283 29.971 29.659 29.346 29.032 28.718 28.404 28.089 27.773 27.457 27.141 26.824 26.506 26.188 25.870 25.550 25.231 24.911 24.590 24.269 23.947 23.625 23.302 22.979 22.655 22.331 22.006 21.680 21.354 21.027 20.700 20.372 20.044 19.714 19.385 19.054 18.723 18.392 18.059 17.726 17.393 17.058 16.723 16.387 16.051 15.714 15.376 15.037 14.698 14.358 14.017 13.675 13.333 12.990 12.646 12.301 11.955 11.609 11.262 10.913 10.564 10.214  9.864  9.512  9.159  8.806  8.451  8.096  7.739  7.382  7.024  6.664  6.304  5.943 
30.792 30.481 30.169 29.857 29.544 29.231 28.917 28.603 28.288 27.973 27.657 27.340 27.023 26.705 26.387 26.068 25.749 25.429 25.109 24.788 24.466 24.144 23.821 23.498 23.174 22.850 22.525 22.199 21.873 21.546 21.218 20.890 20.561 20.232 19.902 19.571 19.240 18.908 18.575 18.241 17.907 17.573 17.237 16.901 16.564 16.226 15.888 15.549 15.209 14.868 14.527 14.185 13.842 13.498 13.153 12.808 12.462 12.115 11.767 11.418 11.068 10.718 10.367 10.014  9.661  9.307  8.952  8.596  8.239  7.882  7.523  7.163  6.802  6.441  6.078  5.714 
30.667 30.356 30.045 29.732 29.419 29.106 28.792 28.477 28.162 27.846 27.530 27.213 26.895 26.577 26.258 25.939 25.619 25.298 24.977 24.655 24.333 24.010 23.686 23.362 23.037 22.711 22.385 22.058 21.731 21.403 21.074 20.744 20.414 20.083 19.752 19.420 19.087 18.753 18.419 18.084 17.748 17.412 17.075 16.737 16.398 16.059 15.719 15.378 15.036 14.693 14.350 14.006 13.661 13.315 12.969 12.622 12.273 11.924 11.574 11.224 10.872 10.519 10.166  9.812  9.456  9.100  8.743  8.385  8.026  7.666  7.305  6.943  6.580  6.216  5.852  5.486 
30.533 30.222 29.910 29.598 29.285 28.971 28.657 28.342 28.026 27.710 27.393 27.076 26.758 26.439 26.120 25.800 25.479 25.158 24.836 24.513 24.190 23.866 23.542 23.217 22.891 22.564 22.237 21.909 21.581 21.251 20.921 20.591 20.259 19.927 19.595 19.261 18.927 18.592 18.256 17.920 17.583 17.245 16.906 16.567 16.227 15.886 15.544 15.201 14.858 14.514 14.169 13.823 13.476 13.129 12.780 12.431 12.081 11.730 11.379 11.026 10.672 10.318  9.963  9.606  9.249  8.891  8.532  8.172  7.811  7.449  7.086  6.723  6.358  5.992  5.625  5.257 
30.390 30.079 29.767 29.454 29.141 28.827 28.513 28.198 27.882 27.565 27.248 26.930 26.612 26.293 25.973 25.652 25.331 25.009 24.687 24.363 24.039 23.715 23.390 23.064 22.737 22.410 22.081 21.753 21.423 21.093 20.762 20.430 20.098 19.765 19.431 19.096 18.761 18.424 18.087 17.750 17.411 17.072 16.732 16.391 16.050 15.707 15.364 15.020 14.675 14.329 13.983 13.635 13.287 12.938 12.588 12.237 11.886 11.533 11.180 10.825 10.470 10.114  9.757  9.399  9.040  8.680  8.320  7.958  7.595  7.231  6.867  6.501  6.134  5.767  5.398  5.029 
30.239 29.927 29.616 29.303 28.990 28.676 28.361 28.046 27.729 27.413 27.095 26.777 26.458 26.139 25.818 25.497 25.176 24.853 24.530 24.206 23.882 23.556 23.230 22.904 22.576 22.248 21.919 21.589 21.259 20.928 20.596 20.263 19.930 19.596 19.261 18.925 18.588 18.251 17.913 17.574 17.234 16.894 16.553 16.211 15.868 15.524 15.180 14.834 14.488 14.141 13.793 13.444 13.095 12.744 12.393 12.040 11.687 11.333 10.978 10.622 10.266  9.908  9.549  9.190  8.829  8.468  8.105  7.742  7.378  7.013  6.646  6.279  5.911  5.542  5.171  4.800 
30.080 29.769 29.457 29.144 28.831 28.517 28.202 27.886 27.570 27.253 26.935 26.617 26.297 25.978 25.657 25.335 25.013 24.690 24.367 24.042 23.717 23.391 23.065 22.737 22.409 22.080 21.750 21.420 21.089 20.757 20.424 20.090 19.756 19.421 19.085 18.748 18.411 18.073 17.734 17.394 17.053 16.711 16.369 16.026 15.682 15.337 14.991 14.644 14.297 13.949 13.599 13.249 12.898 12.547 12.194 11.840 11.486 11.130 10.774 10.417 10.059  9.700  9.340  8.979  8.617  8.254  7.890  7.525  7.159  6.793  6.425  6.056  5.687  5.316  4.944  4.571 
29.915 29.604 29.292 28.979 28.666 28.351 28.036 27.721 27.404 27.087 26.769 26.450 26.131 25.810 25.489 25.167 24.845 24.521 24.197 23.872 23.547 23.220 22.893 22.565 22.236 21.907 21.576 21.245 20.913 20.580 20.247 19.913 19.577 19.241 18.905 18.567 18.229 17.890 17.549 17.209 16.867 16.524 16.181 15.837 15.491 15.146 14.799 14.451 14.102 13.753 13.403 13.051 12.699 12.346 11.992 11.638 11.282 10.925 10.568 10.209  9.850  9.489  9.128  8.766  8.403  8.039  7.673  7.307  6.940  6.572  6.203  5.833  5.462  5.090  4.717  4.343 
29.744 29.433 29.121 28.808 28.495 28.180 27.865 27.549 27.232 26.915 26.597 26.278 25.958 25.637 25.316 24.994 24.671 24.347 24.022 23.697 23.371 23.044 22.716 22.387 22.058 21.728 21.397 21.065 20.733 20.399 20.065 19.730 19.394 19.057 18.720 18.381 18.042 17.702 17.361 17.019 16.677 16.333 15.989 15.644 15.298 14.951 14.603 14.254 13.905 13.554 13.203 12.851 12.497 12.143 11.788 11.432 11.076 10.718 10.359 10.000  9.639  9.278  8.915  8.552  8.187  7.822  7.456  7.088  6.720  6.351  5.981  5.609  5.237  4.864  4.490  4.114 
29.568 29.257 28.945 28.632 28.318 28.004 27.688 27.372 27.055 26.738 26.419 26.100 25.780 25.459 25.137 24.815 24.491 24.167 23.842 23.516 23.190 22.862 22.534 22.205 21.875 21.545 21.213 20.881 20.548 20.214 19.879 19.543 19.206 18.869 18.531 18.192 17.852 17.511 17.169 16.827 16.483 16.139 15.794 15.448 15.101 14.753 14.404 14.055 13.704 13.353 13.000 12.647 12.293 11.938 11.582 11.225 10.867 10.509 10.149  9.788  9.427  9.064  8.701  8.336  7.971  7.604  7.237  6.868  6.499  6.129  5.757  5.385  5.012  4.637  4.262  3.886 
29.387 29.076 28.763 28.450 28.137 27.822 27.507 27.191 26.873 26.556 26.237 25.917 25.597 25.276 24.954 24.631 24.308 23.983 23.658 23.332 23.005 22.677 22.348 22.019 21.688 21.357 21.025 20.692 20.358 20.024 19.688 19.352 19.015 18.677 18.338 17.998 17.658 17.316 16.974 16.631 16.286 15.941 15.595 15.249 14.901 14.552 14.203 13.852 13.501 13.149 12.796 12.441 12.086 11.731 11.374 11.016 10.657 10.297  9.937  9.575  9.213  8.849  8.485  8.119  7.753  7.385  7.017  6.648  6.277  5.906  5.534  5.161  4.786  4.411  4.035  3.657 
29.201 28.890 28.578 28.265 27.951 27.636 27.321 27.004 26.687 26.369 26.050 25.731 25.410 25.089 24.767 24.443 24.119 23.795 23.469 23.143 22.815 22.487 22.158 21.828 21.497 21.166 20.833 20.500 20.166 19.831 19.495 19.158 18.820 18.481 18.142 17.802 17.460 17.118 16.775 16.431 16.087 15.741 15.394 15.047 14.698 14.349 13.999 13.648 13.295 12.942 12.588 12.234 11.878 11.521 11.163 10.805 10.445 10.085  9.723  9.361  8.997  8.633  8.268  7.901  7.534  7.166  6.797  6.426  6.055  5.683  5.310  4.936  4.560  4.184  3.807  3.429 
29.012 28.700 28.388 28.075 27.761 27.446 27.131 26.814 26.497 26.179 25.860 25.540 25.219 24.898 24.575 24.252 23.928 23.603 23.277 22.950 22.622 22.294 21.964 21.634 21.303 20.971 20.638 20.304 19.970 19.634 19.298 18.960 18.622 18.283 17.943 17.602 17.260 16.918 16.574 16.229 15.884 15.538 15.190 14.842 14.493 14.143 13.792 13.440 13.088 12.734 12.379 12.024 11.667 11.310 10.951 10.592 10.232  9.870  9.508  9.145  8.781  8.416  8.050  7.682  7.314  6.945  6.575  6.204  5.832  5.459  5.085  4.710  4.334  3.957  3.579  3.200 
28.818 28.507 28.195 27.882 27.568 27.253 26.937 26.621 26.303 25.985 25.666 25.346 25.025 24.703 24.380 24.057 23.732 23.407 23.081 22.754 22.426 22.097 21.767 21.437 21.105 20.773 20.440 20.105 19.770 19.434 19.097 18.760 18.421 18.081 17.741 17.400 17.057 16.714 16.370 16.025 15.679 15.332 14.984 14.636 14.286 13.935 13.584 13.231 12.878 12.524 12.168 11.812 11.455 11.097 10.738 10.378 10.017  9.655  9.292  8.928  8.563  8.197  7.830  7.463  7.094  6.724  6.353  5.982  5.609  5.235  4.860  4.485  4.108  3.730  3.351  2.971 
28.622 28.310 27.998 27.685 27.371 27.056 26.740 26.424 26.106 25.788 25.469 25.148 24.827 24.505 24.182 23.859 23.534 23.209 22.882 22.555 22.227 21.897 21.567 21.237 20.905 20.572 20.238 19.904 19.568 19.232 18.895 18.557 18.218 17.878 17.537 17.195 16.852 16.508 16.164 15.818 15.472 15.124 14.776 14.427 14.077 13.726 13.374 13.021 12.667 12.312 11.956 11.599 11.241 10.883 10.523 10.162  9.801  9.438  9.074  8.710  8.344  7.978  7.611  7.242  6.873  6.502  6.131  5.758  5.385  5.011  4.635  4.259  3.881  3.503  3.123  2.743 
28.422 28.111 27.799 27.485 27.171 26.856 26.541 26.224 25.906 25.588 25.268 24.948 24.627 24.305 23.982 23.658 23.333 23.007 22.680 22.353 22.024 21.695 21.365 21.034 20.702 20.369 20.035 19.700 19.364 19.027 18.690 18.351 18.012 17.671 17.330 16.988 16.645 16.301 15.956 15.610 15.263 14.915 14.566 14.216 13.866 13.514 13.162 12.808 12.454 12.098 11.742 11.384 11.026 10.667 10.307  9.945  9.583  9.220  8.856  8.491  8.125  7.758  7.390  7.021  6.651  6.280  5.908  5.535  5.161  4.786  4.410  4.033  3.655  3.275  2.895  2.514 
28.220 27.908 27.596 27.283 26.969 26.654 26.338 26.021 25.704 25.385 25.065 24.745 24.424 24.101 23.778 23.454 23.129 22.803 22.476 22.149 21.820 21.490 21.160 20.828 20.496 20.163 19.828 19.493 19.157 18.820 18.482 18.144 17.804 17.463 17.121 16.779 16.435 16.091 15.745 15.399 15.052 14.703 14.354 14.004 13.653 13.301 12.948 12.594 12.239 11.883 11.526 11.169 10.810 10.450 10.089  9.728  9.365  9.001  8.637  8.271  7.904  7.537  7.168  6.799  6.428  6.057  5.684  5.310  4.936  4.560  4.184  3.806  3.428  3.048  2.667  2.286 
28.015 27.704 27.391 27.078 26.764 26.449 26.133 25.816 25.499 25.180 24.860 24.540 24.218 23.896 23.572 23.248 22.923 22.597 22.270 21.942 21.613 21.283 20.953 20.621 20.288 19.955 19.620 19.285 18.949 18.611 18.273 17.934 17.594 17.253 16.911 16.568 16.224 15.879 15.533 15.187 14.839 14.490 14.141 13.790 13.439 13.086 12.733 12.379 12.023 11.667 11.310 10.951 10.592 10.232  9.871  9.509  9.146  8.781  8.416  8.050  7.683  7.315  6.946  6.576  6.205  5.833  5.460  5.086  4.711  4.335  3.958  3.580  3.201  2.820  2.439  2.057 
27.808 27.497 27.184 26.871 26.557 26.242 25.926 25.609 25.291 24.972 24.653 24.332 24.011 23.688 23.365 23.040 22.715 22.389 22.061 21.733 21.404 21.074 20.743 20.411 20.079 19.745 19.410 19.075 18.738 18.400 18.062 17.723 17.382 17.041 16.699 16.355 16.011 15.666 15.320 14.973 14.625 14.276 13.926 13.575 13.223 12.871 12.517 12.162 11.806 11.450 11.092 10.733 10.374 10.013  9.651  9.289  8.925  8.561  8.195  7.829  7.461  7.093  6.723  6.353  5.981  5.609  5.235  4.861  4.485  4.109  3.731  3.353  2.973  2.593  2.211  1.829 
27.599 27.288 26.975 26.662 26.348 26.033 25.717 25.400 25.082 24.763 24.443 24.123 23.801 23.478 23.155 22.830 22.505 22.178 21.851 21.523 21.194 20.863 20.532 20.200 19.867 19.533 19.198 18.863 18.526 18.188 17.849 17.510 17.169 16.827 16.485 16.141 15.797 15.452 15.105 14.758 14.409 14.060 13.710 13.359 13.007 12.653 12.299 11.944 11.588 11.231 10.873 10.514 10.154  9.793  9.431  9.068  8.704  8.339  7.974  7.607  7.239  6.870  6.500  6.129  5.757  5.384  5.010  4.636  4.260  3.883  3.505  3.126  2.746  2.365  1.983  1.600 
27.388 27.077 26.765 26.451 26.137 25.822 25.506 25.189 24.871 24.552 24.232 23.911 23.590 23.267 22.943 22.619 22.293 21.966 21.639 21.311 20.981 20.651 20.320 19.987 19.654 19.320 18.985 18.649 18.312 17.974 17.635 17.295 16.954 16.613 16.270 15.926 15.581 15.236 14.889 14.541 14.193 13.843 13.493 13.141 12.789 12.435 12.081 11.726 11.369 11.012 10.653 10.294  9.934  9.573  9.210  8.847  8.483  8.117  7.751  7.384  7.016  6.646  6.276  5.905  5.533  5.159  4.785  4.410  4.034  3.656  3.278  2.899  2.518  2.137  1.755  1.371 
27.176 26.864 26.552 26.239 25.925 25.609 25.293 24.976 24.658 24.339 24.019 23.698 23.377 23.054 22.730 22.405 22.080 21.753 21.425 21.097 20.767 20.437 20.105 19.773 19.440 19.105 18.770 18.434 18.097 17.759 17.419 17.079 16.738 16.396 16.053 15.709 15.364 15.019 14.672 14.324 13.975 13.625 13.274 12.923 12.570 12.216 11.862 11.506 11.149 10.792 10.433 10.073  9.713  9.351  8.989  8.625  8.260  7.895  7.528  7.161  6.792  6.423  6.052  5.680  5.308  4.934  4.560  4.184  3.807  3.430  3.051  2.672  2.291  1.909  1.527  1.143 
26.962 26.650 26.338 26.025 25.711 25.395 25.079 24.762 24.444 24.125 23.805 23.484 23.162 22.839 22.515 22.191 21.865 21.538 21.210 20.882 20.552 20.222 19.890 19.557 19.224 18.890 18.554 18.218 17.880 17.542 17.203 16.862 16.521 16.179 15.836 15.492 15.147 14.800 14.453 14.105 13.756 13.406 13.055 12.703 12.350 11.996 11.641 11.285 10.928 10.571 10.212  9.852  9.491  9.129  8.766  8.402  8.037  7.672  7.305  6.937  6.568  6.198  5.827  5.455  5.083  4.709  4.334  3.958  3.581  3.203  2.824  2.444  2.063  1.681  1.298  0.914 
26.746 26.435 26.123 25.809 25.495 25.180 24.864 24.547 24.229 23.909 23.589 23.268 22.946 22.623 22.299 21.975 21.649 21.322 20.994 20.665 20.336 20.005 19.673 19.341 19.007 18.672 18.337 18.000 17.663 17.324 16.985 16.644 16.303 15.961 15.617 15.273 14.928 14.581 14.234 13.886 13.536 13.186 12.835 12.483 12.130 11.775 11.420 11.064 10.707 10.349  9.990  9.630  9.268  8.906  8.543  8.179  7.814  7.448  7.081  6.713  6.344  5.973  5.602  5.230  4.857  4.483  4.108  3.732  3.354  2.976  2.597  2.217  1.836  1.453  1.070  0.686 
26.530 26.219 25.906 25.593 25.279 24.963 24.647 24.330 24.012 23.693 23.373 23.051 22.729 22.406 22.082 21.757 21.431 21.105 20.777 20.448 20.118 19.787 19.455 19.123 18.789 18.454 18.119 17.782 17.444 17.106 16.766 16.425 16.084 15.741 15.398 15.053 14.708 14.361 14.014 13.665 13.316 12.965 12.614 12.262 11.908 11.554 11.199 10.842 10.485 10.126  9.767  9.407  9.045  8.683  8.320  7.955  7.590  7.224  6.856  6.488  6.119  5.748  5.377  5.005  4.631  4.257  3.881  3.505  3.128  2.749  2.370  1.989  1.608  1.225  0.842  0.457 
26.312 26.001 25.688 25.375 25.061 24.746 24.429 24.112 23.794 23.475 23.155 22.833 22.511 22.188 21.864 21.539 21.213 20.886 20.558 20.229 19.899 19.568 19.237 18.904 18.570 18.235 17.899 17.562 17.225 16.886 16.546 16.205 15.864 15.521 15.177 14.833 14.487 14.140 13.793 13.444 13.095 12.744 12.392 12.040 11.686 11.332 10.976 10.620 10.262  9.904  9.544  9.183  8.822  8.459  8.096  7.731  7.366  6.999  6.632  6.263  5.893  5.523  5.151  4.779  4.405  4.031  3.655  3.278  2.901  2.522  2.142  1.762  1.380  0.997  0.613  0.229 
26.093 25.782 25.470 25.156 24.842 24.527 24.211 23.893 23.575 23.256 22.936 22.614 22.292 21.969 21.645 21.320 20.994 20.667 20.339 20.010 19.680 19.349 19.017 18.684 18.350 18.015 17.679 17.342 17.004 16.665 16.326 15.985 15.643 15.300 14.956 14.611 14.266 13.919 13.571 13.222 12.873 12.522 12.170 11.817 11.464 11.109 10.753 10.396 10.039  9.680  9.320  8.960  8.598  8.235  7.871  7.507  7.141  6.774  6.406  6.038  5.668  5.297  4.925  4.553  4.179  3.804  3.428  3.051  2.673  2.295  1.915  1.534  1.152  0.769  0.385  0.000 
25.874 25.562 25.250 24.937 24.622 24.307 23.991 23.674 23.355 23.036 22.716 22.395 22.072 21.749 21.425 21.100 20.774 20.447 20.119 19.789 19.459 19.128 18.796 18.463 18.129 17.794 17.458 17.121 16.783 16.444 16.104 15.763 15.421 15.078 14.734 14.390 14.044 13.697 13.349 13.000 12.650 12.299 11.947 11.594 11.240 10.886 10.530 10.173  9.815  9.456  9.096  8.735  8.373  8.011  7.647  7.282  6.916  6.549  6.181  5.812  5.442  5.071  4.699  4.326  3.953  3.578  3.202  2.825  2.447  2.068  1.688  1.307  0.925  0.543  0.159 -0.229 
25.653 25.342 25.030 24.716 24.402 24.087 23.770 23.453 23.135 22.815 22.495 22.174 21.852 21.528 21.204 20.879 20.553 20.226 19.897 19.568 19.238 18.907 18.575 18.242 17.907 17.572 17.236 16.899 16.561 16.222 15.881 15.540 15.198 14.855 14.511 14.165 13.819 13.472 13.123 12.774 12.423 12.072 11.719 11.366 11.011 10.655 10.298  9.940  9.581  9.221  8.860  8.498  8.134  7.770  7.404  7.037  6.669  6.300  5.930  5.559  5.186  4.812  4.438  4.062  3.685  3.307  2.928  2.547  2.166  1.783  1.400  1.015  0.629  0.242 -0.146 -0.457 
25.431 25.120 24.807 24.494 24.180 23.864 23.548 23.230 22.912 22.593 22.272 21.951 21.628 21.305 20.981 20.655 20.329 20.001 19.673 19.343 19.013 18.681 18.349 18.015 17.681 17.345 17.009 16.671 16.332 15.993 15.652 15.310 14.968 14.624 14.279 13.933 13.586 13.239 12.890 12.540 12.189 11.837 11.484 11.130 10.775 10.419 10.062  9.704  9.346  8.986  8.625  8.263  7.901  7.537  7.172  6.807  6.441  6.073  5.705  5.337  4.967  4.596  4.225  3.853  3.480  3.106  2.732  2.357  1.981  1.605  1.227  0.850  0.471  0.092 -0.267 -0.686 
25.206 24.895 24.582 24.269 23.954 23.639 23.323 23.005 22.687 22.367 22.047 21.725 21.403 21.079 20.755 20.429 20.103 19.775 19.446 19.117 18.786 18.455 18.122 17.788 17.454 17.118 16.781 16.443 16.104 15.765 15.424 15.082 14.739 14.395 14.049 13.703 13.356 13.007 12.658 12.307 11.956 11.603 11.249 10.894 10.538 10.181  9.823  9.463  9.103  8.741  8.378  8.014  7.649  7.283  6.915  6.547  6.178  5.807  5.435  5.063  4.689  4.315  3.939  3.563  3.186  2.808  2.429  2.050  1.670  1.290  0.909  0.528  0.146 -0.187 -0.550 -0.914 
24.978 24.667 24.355 24.041 23.727 23.411 23.095 22.777 22.459 22.139 21.818 21.497 21.174 20.850 20.526 20.200 19.873 19.545 19.216 18.887 18.556 18.224 17.891 17.557 17.222 16.886 16.549 16.211 15.872 15.532 15.191 14.848 14.505 14.161 13.816 13.470 13.123 12.775 12.425 12.075 11.724 11.372 11.019 10.665 10.310  9.954  9.597  9.238  8.879  8.519  8.157  7.795  7.431  7.066  6.700  6.332  5.963  5.592  5.220  4.846  4.471  4.093  3.714  3.333  2.950  2.566  2.179  1.790  1.399  1.007  0.612  0.216 -0.181 -0.501 -0.821 -1.143 
24.749 24.437 24.125 23.812 23.497 23.182 22.865 22.547 22.229 21.909 21.589 21.267 20.944 20.620 20.295 19.970 19.643 19.315 18.986 18.656 18.325 17.992 17.659 17.325 16.990 16.653 16.316 15.977 15.638 15.297 14.956 14.613 14.269 13.924 13.578 13.231 12.883 12.534 12.184 11.833 11.481 11.127 10.773 10.418 10.061  9.704  9.345  8.986  8.625  8.264  7.901  7.538  7.174  6.808  6.442  6.075  5.708  5.339  4.969  4.599  4.228  3.857  3.484  3.111  2.737  2.363  1.988  1.612  1.236  0.860  0.483  0.105 -0.234 -0.613 -0.992 -1.371 
24.517 24.205 23.893 23.579 23.265 22.949 22.633 22.315 21.997 21.677 21.356 21.034 20.712 20.388 20.063 19.737 19.410 19.082 18.753 18.423 18.092 17.760 17.426 17.092 16.757 16.421 16.083 15.745 15.406 15.065 14.724 14.381 14.037 13.692 13.347 13.000 12.652 12.303 11.952 11.601 11.248 10.895 10.540 10.184  9.827  9.468  9.109  8.748  8.386  8.023  7.658  7.293  6.926  6.558  6.188  5.818  5.446  5.073  4.699  4.325  3.949  3.572  3.194  2.815  2.436  2.055  1.674  1.293  0.911  0.528  0.146 -0.184 -0.537 -0.891 -1.245 -1.600 
24.284 23.972 23.660 23.346 23.032 22.716 22.399 22.082 21.763 21.443 21.122 20.800 20.477 20.153 19.828 19.502 19.175 18.847 18.518 18.187 17.856 17.523 17.190 16.855 16.520 16.183 15.845 15.507 15.167 14.826 14.484 14.141 13.797 13.452 13.107 12.760 12.412 12.063 11.713 11.362 11.010 10.657 10.303  9.948  9.592  9.235  8.878  8.519  8.160  7.799  7.438  7.076  6.713  6.349  5.984  5.618  5.251  4.883  4.514  4.144  3.772  3.399  3.024  2.647  2.267  1.885  1.499  1.108  0.711  0.309 -0.100 -0.435 -0.778 -1.126 -1.476 -1.829 
24.049 23.737 23.425 23.112 22.797 22.481 22.165 21.847 21.528 21.208 20.888 20.566 20.243 19.919 19.594 19.267 18.940 18.612 18.283 17.952 17.621 17.288 16.955 16.620 16.284 15.947 15.609 15.271 14.930 14.589 14.247 13.904 13.559 13.214 12.867 12.519 12.171 11.821 11.470 11.118 10.764 10.410 10.055  9.698  9.341  8.982  8.623  8.262  7.901  7.538  7.174  6.810  6.444  6.078  5.710  5.342  4.973  4.603  4.232  3.861  3.489  3.116  2.742  2.368  1.993  1.618  1.242  0.866  0.489  0.112 -0.222 -0.588 -0.954 -1.321 -1.689 -2.057 
23.812 23.501 23.188 22.875 22.560 22.245 21.928 21.610 21.291 20.972 20.651 20.329 20.006 19.682 19.356 19.030 18.703 18.375 18.045 17.715 17.384 17.051 16.718 16.383 16.047 15.711 15.373 15.034 14.694 14.354 14.012 13.669 13.325 12.980 12.633 12.286 11.938 11.588 11.238 10.886 10.533 10.179  9.824  9.467  9.110  8.751  8.391  8.029  7.666  7.302  6.937  6.570  6.202  5.832  5.461  5.089  4.716  4.341  3.965  3.588  3.209  2.830  2.449  2.068  1.685  1.302  0.919  0.535  0.150 -0.179 -0.529 -0.880 -1.231 -1.582 -1.933 -2.286 
23.576 23.264 22.952 22.638 22.323 22.008 21.691 21.373 21.054 20.734 20.413 20.091 19.768 19.444 19.119 18.792 18.465 18.136 17.807 17.476 17.144 16.812 16.478 16.143 15.807 15.470 15.132 14.792 14.452 14.111 13.768 13.425 13.081 12.735 12.388 12.041 11.692 11.343 10.992 10.640 10.288  9.934  9.579  9.224  8.867  8.510  8.151  7.792  7.432  7.071  6.709  6.346  5.982  5.618  5.253  4.887  4.520  4.153  3.785  3.416  3.046  2.676  2.306  1.934  1.563  1.190  0.817  0.444  0.070 -0.266 -0.639 -1.013 -1.388 -1.763 -2.138 -2.514 
23.337 23.026 22.713 22.400 22.085 21.770 21.453 21.135 20.816 20.496 20.175 19.853 19.530 19.206 18.881 18.554 18.227 17.899 17.569 17.238 16.907 16.574 16.240 15.905 15.569 15.232 14.894 14.554 14.214 13.873 13.530 13.186 12.841 12.495 12.148 11.800 11.451 11.100 10.748 10.396 10.042  9.687  9.331  8.974  8.615  8.256  7.896  7.534  7.171  6.808  6.443  6.078  5.711  5.343  4.975  4.606  4.236  3.865  3.493  3.120  2.747  2.373  1.999  1.624  1.248  0.872  0.495  0.118 -0.212 -0.572 -0.933 -1.294 -1.656 -2.017 -2.380 -2.743 
23.098 22.786 22.474 22.160 21.846 21.530 21.213 20.895 20.576 20.256 19.935 19.613 19.290 18.966 18.640 18.314 17.987 17.658 17.329 16.998 16.666 16.333 16.000 15.665 15.329 14.992 14.654 14.315 13.975 13.634 13.292 12.948 12.604 12.259 11.912 11.565 11.217 10.867 10.516 10.165  9.812  9.458  9.102  8.746  8.388  8.029  7.669  7.307  6.944  6.580  6.214  5.846  5.477  5.106  4.734  4.360  3.985  3.608  3.229  2.849  2.468  2.085  1.701  1.316  0.931  0.544  0.157 -0.175 -0.524 -0.872 -1.221 -1.571 -1.920 -2.270 -2.620 -2.971 
22.858 22.547 22.234 21.921 21.606 21.290 20.974 20.656 20.337 20.017 19.696 19.373 19.050 18.726 18.400 18.074 17.746 17.417 17.088 16.757 16.425 16.092 15.758 15.422 15.086 14.749 14.410 14.071 13.730 13.388 13.046 12.702 12.357 12.011 11.664 11.316 10.967 10.617 10.265  9.913  9.560  9.206  8.851  8.495  8.137  7.779  7.420  7.060  6.700  6.338  5.976  5.612  5.248  4.883  4.518  4.151  3.784  3.416  3.048  2.679  2.309  1.939  1.568  1.197  0.825  0.453  0.080 -0.252 -0.619 -0.987 -1.354 -1.723 -2.091 -2.460 -2.830 -3.200 
22.617 22.306 21.994 21.680 21.365 21.050 20.733 20.415 20.096 19.776 19.455 19.133 18.810 18.486 18.160 17.834 17.506 17.178 16.848 16.517 16.185 15.852 15.518 15.183 14.847 14.510 14.171 13.832 13.491 13.150 12.807 12.463 12.117 11.771 11.424 11.075 10.725 10.375 10.023  9.669  9.315  8.959  8.603  8.245  7.886  7.526  7.165  6.802  6.439  6.075  5.709  5.342  4.975  4.606  4.237  3.867  3.496  3.124  2.751  2.378  2.004  1.629  1.254  0.878  0.502  0.125 -0.204 -0.560 -0.918 -1.275 -1.633 -1.991 -2.350 -2.709 -3.068 -3.429 
22.376 22.065 21.752 21.439 21.124 20.808 20.491 20.173 19.854 19.534 19.213 18.891 18.568 18.243 17.918 17.591 17.264 16.935 16.605 16.274 15.942 15.609 15.275 14.940 14.604 14.267 13.929 13.590 13.249 12.908 12.566 12.222 11.878 11.532 11.186 10.839 10.490 10.141  9.790  9.438  9.086  8.732  8.377  8.021  7.664  7.305  6.946  6.584  6.222  5.858  5.492  5.125  4.755  4.384  4.011  3.636  3.258  2.879  2.497  2.113  1.727  1.340  0.951  0.560  0.168 -0.177 -0.525 -0.873 -1.220 -1.568 -1.915 -2.263 -2.611 -2.959 -3.308 -3.657 
22.135 21.823 21.511 21.197 20.883 20.567 20.250 19.932 19.613 19.293 18.972 18.649 18.326 18.002 17.676 17.349 17.022 16.693 16.363 16.032 15.700 15.367 15.032 14.697 14.360 14.023 13.684 13.344 13.003 12.661 12.318 11.974 11.629 11.283 10.935 10.587 10.237  9.887  9.535  9.182  8.829  8.474  8.119  7.762  7.404  7.046  6.686  6.326  5.965  5.603  5.240  4.876  4.512  4.147  3.781  3.414  3.047  2.679  2.310  1.941  1.571  1.201  0.830  0.459  0.087 -0.242 -0.605 -0.968 -1.331 -1.695 -2.059 -2.423 -2.788 -3.153 -3.519 -3.886 
21.892 21.581 21.268 20.955 20.640 20.324 20.007 19.690 19.371 19.051 18.729 18.407 18.084 17.760 17.434 17.108 16.780 16.451 16.122 15.791 15.459 15.126 14.792 14.457 14.120 13.783 13.444 13.105 12.764 12.422 12.079 11.735 11.389 11.043 10.695 10.346  9.996  9.645  9.293  8.939  8.584  8.228  7.871  7.512  7.153  6.792  6.430  6.067  5.703  5.338  4.971  4.604  4.236  3.866  3.496  3.125  2.753  2.380  2.007  1.632  1.258  0.882  0.507  0.131 -0.197 -0.551 -0.906 -1.261 -1.616 -1.971 -2.327 -2.684 -3.041 -3.398 -3.756 -4.114 
21.649 21.338 21.025 20.712 20.397 20.081 19.764 19.446 19.127 18.807 18.486 18.164 17.840 17.516 17.190 16.863 16.536 16.207 15.877 15.546 15.214 14.881 14.547 14.211 13.875 13.538 13.199 12.860 12.519 12.178 11.835 11.492 11.147 10.802 10.455 10.108  9.759  9.409  9.059  8.707  8.355  8.001  7.647  7.291  6.935  6.577  6.218  5.858  5.497  5.134  4.769  4.403  4.035  3.665  3.292  2.917  2.539  2.157  1.773  1.384  0.992  0.596  0.197 -0.199 -0.536 -0.874 -1.212 -1.553 -1.895 -2.240 -2.586 -2.935 -3.285 -3.637 -3.989 -4.343 
21.407 21.095 20.783 20.469 20.154 19.839 19.522 19.204 18.885 18.564 18.243 17.921 17.597 17.273 16.947 16.621 16.293 15.964 15.634 15.303 14.970 14.637 14.302 13.967 13.630 13.292 12.953 12.613 12.272 11.930 11.587 11.242 10.897 10.550 10.203  9.854  9.504  9.153  8.801  8.448  8.094  7.739  7.383  7.026  6.669  6.310  5.950  5.589  5.228  4.866  4.503  4.139  3.774  3.409  3.043  2.676  2.308  1.941  1.572  1.203  0.834  0.464  0.093 -0.235 -0.594 -0.953 -1.313 -1.674 -2.034 -2.395 -2.757 -3.119 -3.481 -3.844 -4.207 -4.571 
21.162 20.851 20.539 20.225 19.910 19.595 19.278 18.960 18.641 18.321 18.000 17.678 17.354 17.030 16.705 16.378 16.051 15.723 15.393 15.062 14.731 14.398 14.065 13.730 13.394 13.058 12.720 12.381 12.042 11.701 11.360 11.017 10.674 10.330  9.985  9.639  9.292  8.945  8.596  8.247  7.897  7.547  7.195  6.844  6.491  6.138  5.785  5.431  5.076  4.722  4.366  4.011  3.656  3.300  2.945  2.589  2.234  1.879  1.524  1.169  0.815  0.462  0.109 -0.110 -0.255 -0.393 -0.529 -0.664 -0.797 -0.929 -1.058 -1.185 -1.310 -1.433 -1.554 -1.672 
20.931 20.620 20.308 19.995 19.680 19.365 19.049 18.732 18.414 18.095 17.775 17.455 17.133 16.811 16.488 16.163 15.839 15.513 15.186 14.859 14.531 14.202 13.873 13.543 13.212 12.881 12.549 12.217 11.884 11.551 11.217 10.884 10.549 10.215  9.881  9.546  9.211  8.877  8.542  8.208  7.874  7.540  7.207  6.874  6.542  6.210  5.879  5.548  5.219  4.890  4.562  4.235  3.909  3.584  3.260  2.936  2.614  2.294  1.974  1.655  1.337  1.020  0.704  0.389  0.075 -0.106 -0.209 -0.307 -0.404 -0.499 -0.593 -0.686 -0.778 -0.869 -0.958 -1.046 
20.752 20.441 20.129 19.817 19.503 19.190 18.875 18.561 18.245 17.929 17.612 17.295 16.977 16.659 16.340 16.021 15.701 15.381 15.061 14.740 14.419 14.097 13.775 13.453 13.131 12.809 12.486 12.164 11.841 11.518 11.196 10.873 10.551 10.229  9.907  9.586  9.265  8.944  8.624  8.304  7.985  7.667  7.349  7.033  6.717  6.402  6.088  5.775  5.463  5.152  4.843  4.535  4.228  3.922  3.618  3.314  3.013  2.712  2.413  2.115  1.818  1.523  1.228  0.935  0.643  0.352  0.062 -0.099 -0.184 -0.264 -0.344 -0.423 -0.500 -0.577 -0.653 -0.728 
20.651 20.340 20.029 19.717 19.405 19.093 18.781 18.468 18.155 17.842 17.529 17.216 16.902 16.588 16.274 15.960 15.646 15.332 15.017 14.703 14.389 14.074 13.760 13.446 13.132 12.818 12.504 12.191 11.877 11.564 11.252 10.939 10.628 10.316 10.005  9.695  9.385  9.076  8.768  8.461  8.154  7.848  7.543  7.239  6.936  6.634  6.333  6.034  5.735  5.438  5.142  4.848  4.554  4.263  3.972  3.683  3.396  3.110  2.825  2.542  2.260  1.979  1.700  1.422  1.146  0.870  0.596  0.322  0.050 -0.098 -0.172 -0.243 -0.313 -0.381 -0.449 -0.515 
20.626 20.315 20.004 19.693 19.383 19.072 18.761 18.451 18.140 17.830 17.520 17.209 16.899 16.589 16.280 15.970 15.661 15.351 15.042 14.733 14.425 14.117 13.809 13.501 13.194 12.887 12.581 12.275 11.969 11.664 11.360 11.056 10.752 10.450 10.148  9.846  9.546  9.246  8.947  8.649  8.352  8.056  7.761  7.466  7.173  6.881  6.590  6.301  6.012  5.725  5.440  5.155  4.873  4.591  4.311  4.033  3.756  3.481  3.207  2.935  2.664  2.395  2.127  1.861  1.596  1.333  1.071  0.810  0.550  0.291  0.033 -0.104 -0.171 -0.234 -0.296 -0.358 
20.665 20.354 20.044 19.733 19.424 19.114 18.805 18.496 18.187 17.879 17.571 17.264 16.956 16.650 16.343 16.037 15.731 15.426 15.121 14.817 14.513 14.210 13.907 13.605 13.303 13.002 12.701 12.401 12.102 11.803 11.505 11.208 10.911 10.616 10.321 10.027  9.733  9.441  9.150  8.859  8.570  8.281  7.993  7.707  7.422  7.137  6.854  6.572  6.292  6.013  5.735  5.458  5.183  4.909  4.637  4.366  4.097  3.830  3.564  3.300  3.037  2.777  2.518  2.260  2.005  1.751  1.498  1.248  0.998  0.750  0.503  0.257  0.013 -0.115 -0.176 -0.233 
20.755 20.444 20.134 19.824 19.515 19.207 18.899 18.591 18.284 17.977 17.671 17.366 17.061 16.757 16.453 16.150 15.847 15.545 15.243 14.943 14.643 14.343 14.044 13.746 13.449 13.152 12.856 12.561 12.266 11.973 11.680 11.388 11.097 10.807 10.517 10.229  9.942  9.655  9.370  9.085  8.802  8.519  8.238  7.958  7.679  7.401  7.124  6.849  6.574  6.301  6.030  5.759  5.490  5.222  4.956  4.691  4.428  4.166  3.906  3.648  3.391  3.136  2.883  2.632  2.383  2.136  1.891  1.647  1.406  1.166  0.929  0.692  0.458  0.224 -0.008 -0.123 
20.886 20.575 20.265 19.956 19.647 19.340 19.032 18.726 18.420 18.115 17.810 17.506 17.203 16.901 16.599 16.298 15.998 15.699 15.400 15.102 14.805 14.509 14.213 13.919 13.625 13.332 13.040 12.749 12.458 12.169 11.881 11.593 11.307 11.022 10.738 10.454 10.172  9.891  9.612  9.333  9.056  8.780  8.505  8.232  7.960  7.690  7.421  7.153  6.887  6.622  6.359  6.098  5.838  5.580  5.323  5.068  4.815  4.563  4.313  4.064  3.817  3.572  3.328  3.085  2.844  2.604  2.365  2.128  1.891  1.656  1.421  1.188  0.954  0.722  0.490  0.258 
21.052 20.741 20.431 20.123 19.815 19.507 19.201 18.895 18.591 18.287 17.984 17.682 17.380 17.080 16.780 16.482 16.184 15.887 15.591 15.295 15.001 14.708 14.416 14.124 13.834 13.544 13.255 12.968 12.681 12.396 12.111 11.827 11.545 11.263 10.983 10.703 10.425 10.147  9.871  9.596  9.321  9.048  8.776  8.505  8.235  7.966  7.698  7.431  7.164  6.899  6.635  6.372  6.110  5.849  5.589  5.329  5.071  4.813  4.556  4.300  4.045  3.790  3.536  3.283  3.030  2.778  2.527  2.276  2.025  1.775  1.525  1.275  1.026  0.776  0.527  0.278 
21.245 20.935 20.625 20.317 20.009 19.702 19.396 19.091 18.787 18.484 18.181 17.880 17.579 17.280 16.981 16.683 16.386 16.090 15.795 15.501 15.207 14.915 14.623 14.333 14.043 13.754 13.466 13.179 12.893 12.608 12.324 12.041 11.758 11.476 11.196 10.916 10.637 10.359 10.082  9.805  9.530  9.255  8.981  8.708  8.435  8.164  7.893  7.623  7.354  7.085  6.818  6.550  6.284  6.018  5.753  5.488  5.225  4.961  4.698  4.436  4.174  3.913  3.652  3.392  3.132  2.872  2.613  2.354  2.095  1.836  1.578  1.320  1.062  0.804  0.547  0.289 
21.446 21.135 20.826 20.517 20.209 19.902 19.596 19.291 18.987 18.684 18.381 18.080 17.779 17.479 17.180 16.882 16.585 16.288 15.993 15.698 15.404 15.111 14.819 14.528 14.238 13.948 13.659 13.371 13.084 12.798 12.512 12.228 11.944 11.661 11.378 11.096 10.816 10.535 10.256  9.977  9.699  9.422  9.146  8.870  8.594  8.320  8.046  7.772  7.500  7.227  6.956  6.685  6.414  6.144  5.875  5.606  5.337  5.069  4.802  4.534  4.267  4.001  3.735  3.469  3.204  2.938  2.673  2.409  2.144  1.880  1.616  1.352  1.088  0.824  0.560  0.297 
21.639 21.329 21.019 20.710 20.402 20.095 19.789 19.483 19.179 18.875 18.572 18.270 17.969 17.668 17.368 17.070 16.772 16.474 16.178 15.882 15.587 15.293 15.000 14.707 14.416 14.125 13.834 13.545 13.256 12.968 12.681 12.394 12.108 11.823 11.538 11.255 10.971 10.689 10.407 10.126  9.845  9.565  9.286  9.007  8.729  8.451  8.174  7.897  7.621  7.345  7.070  6.796  6.521  6.248  5.974  5.702  5.429  5.157  4.885  4.614  4.343  4.072  3.801  3.531  3.261  2.991  2.722  2.452  2.183  1.914  1.645  1.377  1.108  0.839  0.571  0.303 
21.820 21.509 21.200 20.891 20.582 20.275 19.968 19.663 19.357 19.053 18.750 18.447 18.145 17.843 17.543 17.243 16.944 16.646 16.348 16.051 15.755 15.460 15.165 14.871 14.578 14.285 13.993 13.702 13.412 13.122 12.832 12.544 12.256 11.969 11.682 11.396 11.110 10.825 10.541 10.257  9.974  9.691  9.409  9.127  8.846  8.566  8.286  8.006  7.727  7.448  7.170  6.892  6.614  6.337  6.060  5.784  5.508  5.232  4.957  4.682  4.407  4.132  3.858  3.584  3.310  3.036  2.763  2.490  2.216  1.943  1.671  1.398  1.125  0.853  0.580  0.308 
21.986 21.675 21.366 21.057 20.748 20.440 20.134 19.827 19.522 19.217 18.913 18.609 18.306 18.004 17.703 17.402 17.102 16.803 16.504 16.206 15.909 15.612 15.316 15.020 14.726 14.432 14.138 13.845 13.553 13.261 12.970 12.679 12.389 12.100 11.811 11.523 11.235 10.948 10.661 10.375 10.089  9.804  9.520  9.235  8.952  8.668  8.385  8.103  7.821  7.539  7.258  6.977  6.696  6.416  6.136  5.857  5.578  5.299  5.020  4.742  4.463  4.186  3.908  3.630  3.353  3.076  2.799  2.522  2.246  1.969  1.693  1.416  1.140  0.864  0.588  0.312 
22.138 21.828 21.518 21.208 20.900 20.592 20.284 19.978 19.672 19.366 19.062 18.757 18.454 18.151 17.849 17.547 17.246 16.946 16.646 16.347 16.048 15.751 15.453 15.156 14.860 14.565 14.269 13.975 13.681 13.388 13.095 12.802 12.511 12.219 11.928 11.638 11.348 11.059 10.770 10.482 10.194  9.906  9.619  9.333  9.046  8.761  8.475  8.190  7.905  7.621  7.337  7.054  6.770  6.487  6.205  5.922  5.640  5.358  5.077  4.795  4.514  4.233  3.952  3.672  3.392  3.111  2.831  2.551  2.272  1.992  1.712  1.433  1.153  0.874  0.595  0.315 
22.277 21.966 21.656 21.347 21.038 20.730 20.422 20.115 19.809 19.503 19.197 18.893 18.589 18.285 17.982 17.679 17.378 17.076 16.776 16.475 16.176 15.877 15.578 15.280 14.982 14.685 14.389 14.093 13.797 13.502 13.208 12.914 12.620 12.327 12.035 11.743 11.451 11.160 10.869 10.578 10.288  9.999  9.710  9.421  9.132  8.844  8.556  8.269  7.982  7.695  7.409  7.123  6.837  6.551  6.266  5.981  5.696  5.412  5.128  4.844  4.560  4.276  3.993  3.709  3.426  3.143  2.860  2.578  2.295  2.013  1.730  1.448  1.165  0.883  0.601  0.319 
22.403 22.092 21.782 21.473 21.164 20.855 20.547 20.240 19.933 19.627 19.321 19.016 18.711 18.407 18.103 17.800 17.497 17.195 16.893 16.592 16.291 15.991 15.692 15.392 15.094 14.795 14.498 14.200 13.903 13.607 13.311 13.015 12.720 12.426 12.131 11.838 11.544 11.251 10.958 10.666 10.374 10.083  9.792  9.501  9.210  8.920  8.630  8.341  8.052  7.763  7.474  7.186  6.898  6.610  6.322  6.035  5.748  5.461  5.174  4.888  4.601  4.315  4.029  3.743  3.458  3.172  2.887  2.601  2.316  2.031  1.744  1.445  1.066  0.226 -1.679 -4.800 
22.516 22.205 21.895 21.585 21.275 20.966 20.658 20.350 20.042 19.734 19.427 19.120 18.814 18.507 18.201 17.896 17.590 17.285 16.979 16.674 16.369 16.063 15.758 15.452 15.146 14.840 14.534 14.227 13.919 13.610 13.301 12.991 12.680 12.367 12.054 11.739 11.422 11.103 10.783 10.461 10.136  9.809  9.479  9.147  8.811  8.473  8.132  7.787  7.438  7.086  6.731  6.371  6.008  5.641  5.270  4.895  4.516  4.133  3.747  3.357  2.964  2.567  2.168  1.766  1.362  0.956  0.547  0.138 -0.249 -0.676 -1.102 -1.526 -1.949 -2.369 -2.786 -3.200 
22.543 22.232 21.921 21.609 21.298 20.986 20.674 20.361 20.049 19.736 19.422 19.109 18.795 18.481 18.166 17.850 17.535 17.218 16.902 16.584 16.266 15.947 15.628 15.307 14.986 14.664 14.341 14.017 13.692 13.366 13.039 12.711 12.382 12.051 11.719 11.386 11.052 10.716 10.379 10.040  9.701  9.359  9.016  8.672  8.327  7.980  7.631  7.281  6.930  6.578  6.224  5.869  5.512  5.154  4.796  4.436  4.075  3.713  3.350  2.987  2.623  2.258  1.893  1.527  1.162  0.796  0.430  0.064 -0.194 -0.402 -0.608 -0.813 -1.014 -1.213 -1.408 -1.600 
22.444 22.133 21.821 21.509 21.196 20.882 20.568 20.253 19.938 19.622 19.305 18.988 18.670 18.351 18.032 17.712 17.392 17.070 16.748 16.426 16.102 15.778 15.454 15.128 14.802 14.475 14.148 13.819 13.490 13.161 12.830 12.500 12.168 11.836 11.503 11.169 10.835 10.501 10.166  9.830  9.494  9.158  8.821  8.485  8.148  7.811  7.473  7.136  6.799  6.463  6.126  5.791  5.456  5.122  4.789  4.457  4.126  3.798  3.471  3.146  2.823  2.502  2.183  1.867  1.554  1.242  0.933  0.625  0.320  0.016 -0.118 -0.146 -0.162 -0.161 -0.152  0.000 
22.306 21.995 21.683 21.371 21.058 20.744 20.430 20.116 19.801 19.485 19.169 18.852 18.535 18.217 17.898 17.580 17.260 16.941 16.621 16.300 15.979 15.658 15.336 15.014 14.692 14.369 14.047 13.724 13.400 13.077 12.754 12.431 12.108 11.785 11.462 11.139 10.817 10.495 10.174  9.854  9.534  9.216  8.899  8.583  8.269  7.957  7.647  7.340  7.036  6.735  6.438  6.146  5.858  5.575  5.299  5.028  4.765  4.510  4.263  4.024  3.795  3.575  3.365  3.166  2.978  2.801  2.634  2.479  2.334  2.201  2.077  1.964  1.860  1.765  1.679  1.600 
22.215 21.904 21.593 21.282 20.971 20.659 20.348 20.036 19.724 19.413 19.101 18.790 18.478 18.167 17.856 17.545 17.234 16.924 16.614 16.304 15.995 15.687 15.379 15.072 14.766 14.461 14.156 13.853 13.552 13.251 12.952 12.655 12.359 12.065 11.773 11.483 11.195 10.910 10.627 10.347 10.069  9.795  9.523  9.255  8.990  8.729  8.471  8.217  7.967  7.721  7.479  7.242  7.010  6.782  6.558  6.340  6.127  5.919  5.716  5.519  5.328  5.142  4.962  4.788  4.620  4.458  4.303  4.154  4.011  3.875  3.745  3.622  3.506  3.397  3.295  3.200 
22.278 21.967 21.657 21.348 21.040 20.732 20.425 20.119 19.813 19.509 19.205 18.902 18.600 18.299 17.999 17.699 17.401 17.104 16.809 16.514 16.221 15.929 15.639 15.350 15.063 14.777 14.493 14.211 13.931 13.653 13.377 13.103 12.831 12.562 12.295 12.031 11.769 11.510 11.254 11.001 10.751 10.504 10.260 10.020  9.783  9.550  9.321  9.095  8.874  8.656  8.443  8.234  8.029  7.829  7.633  7.442  7.256  7.075  6.899  6.729  6.563  6.403  6.249  6.100  5.958  5.821  5.690  5.565  5.446  5.334  5.228  5.129  5.036  4.951  4.872  4.800 
22.514 22.204 21.895 21.588 21.282 20.977 20.674 20.373 20.072 19.774 19.477 19.181 18.887 18.594 18.304 18.014 17.727 17.441 17.157 16.875 16.595 16.317 16.041 15.767 15.495 15.225 14.958 14.693 14.430 14.170 13.912 13.657 13.404 13.154 12.907 12.663 12.423 12.185 11.950 11.719 11.491 11.266 11.045 10.827 10.614 10.404 10.198  9.996  9.798  9.605  9.415  9.231  9.050  8.875  8.704  8.538  8.377  8.220  8.070  7.924  7.784  7.649  7.520  7.396  7.279  7.167  7.061  6.962  6.868  6.781  6.701  6.627  6.560  6.500  6.446  6.400 
22.895 22.585 22.277 21.971 21.667 21.365 21.065 20.768 20.472 20.178 19.886 19.597 19.309 19.024 18.741 18.460 18.181 17.905 17.631 17.360 17.090 16.824 16.559 16.298 16.039 15.782 15.528 15.277 15.029 14.784 14.542 14.303 14.066 13.833 13.604 13.377 13.154 12.934 12.718 12.506 12.297 12.092 11.890 11.693 11.499 11.310 11.125 10.944 10.768 10.596 10.428 10.265 10.107  9.954  9.806  9.662  9.524  9.391  9.263  9.141  9.024  8.913  8.807  8.707  8.613  8.525  8.444  8.368  8.299  8.236  8.180  8.130  8.087  8.051  8.022  8.000 
23.397 23.087 22.780 22.475 22.173 21.873 21.576 21.282 20.989 20.700 20.413 20.128 19.847 19.567 19.291 19.017 18.746 18.477 18.211 17.948 17.688 17.431 17.176 16.925 16.676 16.431 16.188 15.948 15.712 15.478 15.248 15.021 14.797 14.576 14.358 14.144 13.933 13.725 13.521 13.320 13.122 12.928 12.737 12.549 12.365 12.184 12.007 11.832 11.661 11.494 11.329 11.168 11.009 10.854 10.702 10.552 10.406 10.262 10.120  9.982  9.845  9.711  9.580  9.450  9.322  9.196  9.072  8.949  8.827  8.707  8.587  8.469  8.351  8.234  8.117  8.000 
23.989 23.680 23.373 23.069 22.768 22.470 22.174 21.881 21.591 21.303 21.019 20.737 20.458 20.182 19.908 19.638 19.370 19.105 18.843 18.583 18.326 18.073 17.822 17.574 17.328 17.086 16.846 16.609 16.375 16.144 15.916 15.690 15.467 15.247 15.030 14.815 14.603 14.394 14.188 13.984 13.783 13.584 13.388 13.195 13.004 12.816 12.630 12.446 12.265 12.086 11.909 11.734 11.562 11.391 11.223 11.056 10.891 10.728 10.567 10.408 10.249 10.093  9.937  9.783  9.630  9.479  9.328  9.178  9.029  8.881  8.733  8.586  8.439  8.292  8.146  8.000 
24.610 24.300 23.994 23.690 23.388 23.090 22.794 22.501 22.211 21.923 21.638 21.356 21.077 20.800 20.526 20.255 19.986 19.720 19.457 19.197 18.939 18.684 18.431 18.181 17.934 17.689 17.446 17.207 16.970 16.735 16.503 16.273 16.046 15.821 15.598 15.378 15.161 14.945 14.732 14.521 14.312 14.106 13.901 13.699 13.498 13.300 13.103 12.909 12.716 12.525 12.336 12.149 11.963 11.779 11.596 11.415 11.235 11.057 10.880 10.704 10.529 10.356 10.183 10.011  9.841  9.671  9.501  9.333  9.165  8.998  8.831  8.664  8.498  8.332  8.166  8.000 
25.210 24.900 24.593 24.289 23.987 23.688 23.391 23.097 22.806 22.517 22.230 21.947 21.666 21.387 21.111 20.837 20.566 20.297 20.031 19.767 19.506 19.247 18.991 18.737 18.485 18.236 17.989 17.744 17.502 17.262 17.024 16.788 16.555 16.323 16.094 15.867 15.642 15.419 15.198 14.978 14.761 14.546 14.332 14.120 13.910 13.702 13.496 13.290 13.087 12.885 12.685 12.486 12.288 12.092 11.897 11.703 11.510 11.319 11.129 10.939 10.751 10.563 10.377 10.191 10.006  9.821  9.637  9.454  9.271  9.089  8.907  8.725  8.544  8.362  8.181  8.000 
25.769 25.460 25.152 24.848 24.545 24.245 23.947 23.652 23.359 23.068 22.780 22.494 22.211 21.930 21.651 21.374 21.100 20.828 20.558 20.291 20.026 19.763 19.502 19.243 18.987 18.732 18.480 18.230 17.982 17.736 17.492 17.250 17.010 16.771 16.535 16.301 16.068 15.837 15.608 15.381 15.155 14.932 14.709 14.489 14.269 14.052 13.835 13.621 13.407 13.195 12.985 12.775 12.567 12.360 12.154 11.949 11.745 11.542 11.340 11.139 10.939 10.739 10.540 10.342 10.145  9.948  9.752  9.556  9.361  9.165  8.971  8.776  8.582  8.388  8.194  8.000 
26.283 25.974 25.666 25.361 25.057 24.756 24.457 24.161 23.866 23.574 23.284 22.996 22.710 22.426 22.145 21.865 21.588 21.312 21.039 20.768 20.498 20.231 19.966 19.703 19.442 19.182 18.925 18.669 18.416 18.164 17.914 17.665 17.419 17.174 16.931 16.690 16.450 16.212 15.976 15.741 15.507 15.276 15.045 14.816 14.589 14.362 14.137 13.914 13.691 13.470 13.250 13.031 12.813 12.596 12.380 12.165 11.951 11.738 11.526 11.314 11.104 10.894 10.684 10.475 10.267 10.059  9.852  9.645  9.439  9.233  9.027  8.821  8.616  8.410  8.205  8.000 
26.752 26.442 26.134 25.828 25.524 25.222 24.922 24.625 24.329 24.035 23.743 23.452 23.164 22.878 22.594 22.311 22.031 21.752 21.476 21.201 20.928 20.657 20.387 20.120 19.854 19.590 19.328 19.067 18.808 18.551 18.295 18.041 17.789 17.538 17.289 17.041 16.795 16.550 16.307 16.065 15.824 15.585 15.347 15.111 14.875 14.641 14.408 14.176 13.946 13.716 13.488 13.260 13.033 12.808 12.583 12.359 12.136 11.914 11.692 11.471 11.251 11.031 10.812 10.594 10.376 10.159  9.942  9.725  9.508  9.292  9.077  8.861  8.646  8.430  8.215  8.000 
27.178 26.868 26.560 26.253 25.949 25.646 25.345 25.046 24.749 24.453 24.159 23.867 23.577 23.289 23.002 22.717 22.434 22.152 21.872 21.594 21.318 21.043 20.770 20.498 20.228 19.960 19.693 19.428 19.164 18.902 18.641 18.382 18.124 17.868 17.613 17.359 17.107 16.856 16.606 16.358 16.111 15.865 15.620 15.377 15.134 14.893 14.653 14.414 14.175 13.938 13.702 13.467 13.232 12.998 12.766 12.534 12.302 12.072 11.842 11.612 11.384 11.156 10.928 10.701 10.474 10.248 10.022  9.796  9.571  9.346  9.122  8.897  8.673  8.448  8.224  8.000 
27.564 27.254 26.946 26.639 26.334 26.030 25.729 25.428 25.130 24.833 24.537 24.244 23.952 23.661 23.372 23.085 22.799 22.515 22.232 21.951 21.671 21.393 21.116 20.841 20.567 20.295 20.024 19.754 19.486 19.220 18.954 18.690 18.427 18.166 17.906 17.647 17.389 17.133 16.877 16.623 16.370 16.118 15.867 15.617 15.369 15.121 14.874 14.628 14.383 14.139 13.896 13.653 13.412 13.171 12.931 12.691 12.453 12.214 11.977 11.740 11.504 11.268 11.032 10.797 10.563 10.329 10.095  9.861  9.628  9.395  9.162  8.929  8.697  8.465  8.232  8.000 
27.915 27.605 27.296 26.989 26.683 26.379 26.076 25.775 25.476 25.177 24.880 24.585 24.291 23.999 23.708 23.418 23.130 22.843 22.558 22.274 21.991 21.710 21.430 21.152 20.874 20.599 20.324 20.051 19.778 19.508 19.238 18.970 18.702 18.436 18.171 17.908 17.645 17.383 17.123 16.863 16.605 16.347 16.091 15.835 15.581 15.327 15.074 14.822 14.571 14.321 14.071 13.822 13.574 13.327 13.080 12.834 12.589 12.344 12.099 11.855 11.612 11.369 11.127 10.885 10.643 10.402 10.161  9.920  9.679  9.439  9.199  8.959  8.719  8.479  8.240  8.000 
28.233 27.923 27.614 27.306 27.000 26.695 26.392 26.090 25.789 25.490 25.191 24.895 24.599 24.305 24.012 23.721 23.430 23.141 22.854 22.567 22.282 21.998 21.715 21.433 21.153 20.874 20.596 20.319 20.043 19.769 19.495 19.223 18.952 18.681 18.412 18.144 17.877 17.611 17.345 17.081 16.818 16.555 16.294 16.033 15.773 15.514 15.256 14.998 14.742 14.486 14.230 13.976 13.722 13.468 13.216 12.964 12.712 12.461 12.210 11.960 11.710 11.461 11.212 10.964 10.716 10.468 10.220  9.973  9.726  9.479  9.232  8.986  8.739  8.493  8.246  8.000 
28.521 28.211 27.902 27.594 27.287 26.982 26.678 26.375 26.073 25.773 25.473 25.175 24.878 24.583 24.288 23.995 23.702 23.411 23.122 22.833 22.545 22.259 21.973 21.689 21.406 21.124 20.842 20.562 20.283 20.005 19.728 19.452 19.177 18.903 18.630 18.358 18.087 17.817 17.547 17.278 17.011 16.744 16.477 16.212 15.947 15.684 15.420 15.158 14.896 14.635 14.375 14.115 13.855 13.597 13.338 13.081 12.824 12.567 12.311 12.055 11.800 11.544 11.290 11.035 10.781 10.528 10.274 10.021  9.768  9.515  9.262  9.010  8.757  8.505  8.252  8.000 
28.782 28.472 28.163 27.855 27.548 27.242 26.937 26.633 26.331 26.029 25.729 25.430 25.131 24.834 24.538 24.243 23.949 23.656 23.364 23.074 22.784 22.495 22.207 21.920 21.635 21.350 21.066 20.783 20.501 20.220 19.940 19.661 19.382 19.105 18.828 18.552 18.277 18.003 17.730 17.457 17.185 16.914 16.644 16.374 16.105 15.837 15.570 15.303 15.036 14.770 14.505 14.241 13.976 13.713 13.450 13.187 12.925 12.663 12.402 12.141 11.880 11.620 11.360 11.100 10.841 10.582 10.323 10.065  9.806  9.548  9.290  9.032  8.774  8.516  8.258  8.000 
29.019 28.709 28.400 28.091 27.784 27.477 27.172 26.868 26.564 26.262 25.961 25.660 25.361 25.062 24.765 24.468 24.173 23.878 23.585 23.292 23.000 22.709 22.419 22.130 21.842 21.555 21.269 20.983 20.698 20.415 20.131 19.849 19.568 19.287 19.007 18.728 18.450 18.172 17.896 17.619 17.344 17.069 16.795 16.522 16.249 15.976 15.705 15.434 15.163 14.893 14.624 14.355 14.086 13.818 13.551 13.283 13.017 12.750 12.484 12.219 11.953 11.688 11.424 11.159 10.895 10.631 10.368 10.104  9.841  9.577  9.314  9.051  8.788  8.526  8.263  8.000 
29.234 28.924 28.614 28.305 27.998 27.691 27.385 27.080 26.776 26.473 26.171 25.869 25.569 25.269 24.971 24.673 24.376 24.080 23.784 23.490 23.196 22.904 22.612 22.321 22.030 21.741 21.452 21.164 20.877 20.591 20.305 20.020 19.736 19.453 19.170 18.888 18.607 18.326 18.046 17.766 17.488 17.209 16.932 16.655 16.378 16.103 15.827 15.552 15.278 15.004 14.731 14.458 14.186 13.914 13.642 13.371 13.100 12.829 12.559 12.289 12.020 11.751 11.482 11.213 10.944 10.676 10.408 10.140  9.872  9.604  9.337  9.069  8.802  8.535  8.267  8.000 
29.429 29.118 28.809 28.500 28.192 27.885 27.578 27.273 26.968 26.664 26.361 26.059 25.757 25.457 25.157 24.858 24.560 24.262 23.965 23.669 23.374 23.080 22.786 22.493 22.201 21.909 21.619 21.329 21.039 20.751 20.463 20.175 19.889 19.603 19.317 19.033 18.748 18.465 18.182 17.900 17.618 17.337 17.056 16.776 16.496 16.217 15.938 15.660 15.382 15.105 14.828 14.552 14.276 14.000 13.725 13.450 13.175 12.901 12.627 12.353 12.080 11.807 11.534 11.261 10.989 10.716 10.444 10.172  9.900  9.629  9.357  9.086  8.814  8.543  8.271  8.000 
29.605 29.295 28.985 28.676 28.368 28.060 27.753 27.447 27.142 26.837 26.534 26.231 25.928 25.627 25.326 25.026 24.726 24.427 24.129 23.832 23.535 23.239 22.944 22.650 22.356 22.062 21.770 21.478 21.186 20.896 20.605 20.316 20.027 19.739 19.451 19.164 18.877 18.591 18.305 18.020 17.736 17.452 17.168 16.885 16.603 16.321 16.039 15.758 15.477 15.197 14.917 14.637 14.358 14.079 13.800 13.522 13.244 12.966 12.689 12.411 12.134 11.858 11.581 11.305 11.029 10.753 10.477 10.202  9.926  9.651  9.376  9.100  8.825  8.550  8.275  8.000 
29.765 29.455 29.145 28.835 28.527 28.219 27.912 27.606 27.300 26.995 26.690 26.386 26.083 25.781 25.479 25.178 24.877 24.577 24.278 23.980 23.682 23.384 23.087 22.791 22.496 22.201 21.906 21.613 21.320 21.027 20.735 20.443 20.152 19.862 19.572 19.283 18.994 18.705 18.417 18.130 17.843 17.556 17.270 16.985 16.700 16.415 16.130 15.846 15.563 15.279 14.997 14.714 14.432 14.150 13.868 13.587 13.306 13.025 12.744 12.464 12.184 11.904 11.624 11.345 11.066 10.786 10.507 10.228  9.950  9.671  9.392  9.114  8.835  8.557  8.278  8.000 
29.910 29.599 29.290 28.980 28.671 28.363 28.056 27.749 27.443 27.137 26.832 26.528 26.224 25.920 25.618 25.316 25.014 24.713 24.413 24.113 23.814 23.515 23.217 22.920 22.623 22.326 22.031 21.735 21.440 21.146 20.852 20.559 20.266 19.974 19.682 19.390 19.099 18.809 18.519 18.229 17.940 17.651 17.363 17.075 16.787 16.500 16.213 15.927 15.640 15.355 15.069 14.784 14.499 14.214 13.930 13.646 13.362 13.078 12.795 12.512 12.229 11.946 11.663 11.381 11.099 10.816 10.534 10.253  9.971  9.689  9.407  9.126  8.844  8.563  8.281  8.000 
30.042 29.731 29.421 29.111 28.802 28.494 28.186 27.879 27.572 27.266 26.961 26.655 26.351 26.047 25.744 25.441 25.138 24.836 24.535 24.234 23.934 23.634 23.335 23.036 22.738 22.440 22.143 21.846 21.550 21.254 20.959 20.664 20.369 20.075 19.781 19.488 19.195 18.903 18.611 18.319 18.028 17.737 17.447 17.157 16.867 16.577 16.288 15.999 15.711 15.423 15.135 14.847 14.560 14.273 13.986 13.699 13.413 13.127 12.841 12.555 12.269 11.984 11.699 11.414 11.129 10.844 10.559 10.274  9.990  9.706  9.421  9.137  8.853  8.568  8.284  8.000 
