28.116 27.805 27.494 27.183 26.873 26.562 26.251 25.940 25.629 25.318 25.007 24.696 24.385 24.074 23.764 23.453 23.142 22.831 22.520 22.209 21.898 21.587 21.276 20.965 20.654 20.343 20.032 19.721 19.410 19.099 18.788 18.476 18.165 17.854 17.543 17.231 16.920 16.608 16.297 15.985 15.673 15.361 15.049 14.737 14.425 14.112 13.800 13.487 13.174 12.861 12.547 12.233 11.919 11.605 11.290 10.975 10.660 10.344 10.028  9.711  9.394  9.076  8.758  8.439  8.119  7.799  7.478  7.156  6.834  6.511  6.187  5.862  5.536  5.209  4.881  4.551 
28.114 27.803 27.492 27.181 26.870 26.559 26.248 25.937 25.626 25.315 25.003 24.692 24.381 24.070 23.758 23.447 23.136 22.824 22.513 22.201 21.889 21.577 21.266 20.954 20.642 20.330 20.017 19.705 19.392 19.080 18.767 18.454 18.141 17.828 17.515 17.201 16.887 16.573 16.259 15.945 15.630 15.315 15.000 14.684 14.368 14.052 13.735 13.418 13.101 12.783 12.465 12.147 11.828 11.508 11.188 10.867 10.546 10.224  9.902  9.579  9.255  8.931  8.606  8.280  7.954  7.626  7.298  6.969  6.639  6.308  5.977  5.644  5.310  4.975  4.640  4.303 
28.101 27.790 27.479 27.168 26.857 26.546 26.234 25.923 25.611 25.299 24.988 24.676 24.364 24.052 23.739 23.427 23.115 22.802 22.489 22.176 21.863 21.550 21.237 20.923 20.609 20.295 19.981 19.667 19.352 19.038 18.722 18.407 18.092 17.776 17.460 17.143 16.827 16.510 16.192 15.875 15.557 15.238 14.919 14.600 14.280 13.960 13.640 13.319 12.997 12.675 12.353 12.029 11.706 11.381 11.057 10.731 10.405 10.078  9.750  9.422  9.093  8.763  8.433  8.102  7.769  7.436  7.102  6.768  6.432  6.095  5.758  5.419  5.079  4.739  4.397  4.054 
28.072 27.761 27.450 27.139 26.827 26.516 26.204 25.892 25.580 25.267 24.955 24.642 24.329 24.016 23.703 23.389 23.075 22.761 22.447 22.133 21.818 21.503 21.188 20.873 20.557 20.241 19.925 19.608 19.292 18.975 18.657 18.339 18.021 17.703 17.384 17.065 16.745 16.425 16.105 15.784 15.462 15.141 14.818 14.496 14.172 13.849 13.524 13.199 12.874 12.548 12.221 11.894 11.566 11.238 10.908 10.578 10.248  9.917  9.584  9.252  8.918  8.584  8.248  7.912  7.575  7.237  6.899  6.559  6.218  5.877  5.534  5.191  4.846  4.500  4.154  3.806 
28.025 27.714 27.403 27.091 26.780 26.468 26.155 25.843 25.530 25.217 24.904 24.590 24.276 23.962 23.648 23.333 23.018 22.703 22.387 22.071 21.755 21.438 21.122 20.804 20.487 20.169 19.851 19.532 19.213 18.894 18.574 18.254 17.933 17.612 17.290 16.969 16.646 16.323 16.000 15.676 15.352 15.027 14.701 14.375 14.049 13.722 13.394 13.065 12.736 12.407 12.077 11.746 11.414 11.082 10.748 10.415 10.080  9.745  9.409  9.072  8.734  8.395  8.056  7.716  7.374  7.032  6.689  6.345  6.000  5.654  5.307  4.960  4.611  4.260  3.909  3.557 
27.960 27.649 27.338 27.026 26.714 26.402 26.089 25.776 25.463 25.149 24.835 24.520 24.206 23.891 23.575 23.259 22.943 22.627 22.310 21.992 21.675 21.357 21.038 20.719 20.400 20.080 19.760 19.439 19.118 18.797 18.475 18.152 17.829 17.506 17.182 16.858 16.533 16.207 15.881 15.554 15.227 14.899 14.571 14.242 13.912 13.582 13.251 12.920 12.588 12.255 11.921 11.587 11.252 10.916 10.579 10.242  9.904  9.565  9.225  8.885  8.543  8.201  7.858  7.514  7.169  6.823  6.476  6.128  5.779  5.429  5.078  4.727  4.374  4.020  3.665  3.309 
27.879 27.567 27.256 26.944 26.632 26.319 26.006 25.693 25.379 25.064 24.750 24.434 24.119 23.803 23.487 23.170 22.852 22.535 22.217 21.898 21.579 21.259 20.939 20.619 20.298 19.976 19.655 19.332 19.009 18.686 18.362 18.037 17.712 17.387 17.060 16.734 16.406 16.078 15.750 15.421 15.091 14.760 14.429 14.098 13.765 13.432 13.099 12.764 12.429 12.093 11.756 11.419 11.081 10.742 10.402 10.062  9.720  9.378  9.035  8.691  8.347  8.001  7.654  7.307  6.958  6.609  6.259  5.907  5.555  5.202  4.847  4.492  4.136  3.778  3.420  3.060 
27.781 27.470 27.159 26.847 26.534 26.221 25.908 25.594 25.279 24.965 24.649 24.333 24.017 23.700 23.383 23.065 22.747 22.428 22.109 21.789 21.469 21.148 20.827 20.505 20.182 19.859 19.536 19.212 18.887 18.562 18.236 17.909 17.582 17.255 16.927 16.598 16.268 15.938 15.607 15.276 14.944 14.611 14.278 13.943 13.609 13.273 12.937 12.600 12.262 11.923 11.584 11.244 10.903 10.561 10.218  9.875  9.531  9.186  8.840  8.493  8.145  7.796  7.447  7.096  6.745  6.392  6.039  5.684  5.329  4.972  4.615  4.256  3.897  3.536  3.174  2.811 
27.670 27.359 27.048 26.735 26.423 26.109 25.796 25.481 25.166 24.851 24.535 24.219 23.902 23.584 23.266 22.947 22.628 22.308 21.988 21.667 21.346 21.024 20.701 20.378 20.054 19.730 19.405 19.079 18.753 18.426 18.099 17.770 17.442 17.112 16.782 16.451 16.120 15.788 15.455 15.122 14.787 14.452 14.117 13.780 13.443 13.105 12.767 12.427 12.087 11.746 11.404 11.061 10.718 10.374 10.028  9.682  9.335  8.988  8.639  8.289  7.939  7.587  7.235  6.882  6.527  6.172  5.816  5.459  5.100  4.741  4.381  4.019  3.657  3.293  2.929  2.563 
27.546 27.235 26.923 26.611 26.298 25.985 25.671 25.356 25.041 24.725 24.408 24.091 23.774 23.456 23.137 22.817 22.497 22.177 21.855 21.533 21.211 20.888 20.564 20.240 19.915 19.589 19.263 18.936 18.608 18.280 17.951 17.621 17.291 16.960 16.628 16.295 15.962 15.628 15.294 14.958 14.622 14.285 13.948 13.609 13.270 12.930 12.589 12.248 11.905 11.562 11.218 10.873 10.527 10.180  9.833  9.485  9.135  8.785  8.434  8.082  7.729  7.375  7.020  6.664  6.307  5.949  5.591  5.231  4.870  4.508  4.145  3.781  3.416  3.050  2.683  2.314 
27.411 27.100 26.788 26.475 26.162 25.848 25.534 25.219 24.903 24.587 24.270 23.953 23.635 23.316 22.996 22.676 22.355 22.034 21.712 21.389 21.066 20.742 20.417 20.091 19.765 19.438 19.111 18.783 18.454 18.124 17.794 17.463 17.131 16.798 16.465 16.131 15.796 15.460 15.124 14.787 14.449 14.111 13.771 13.431 13.090 12.748 12.405 12.062 11.717 11.372 11.026 10.679 10.331  9.982  9.632  9.282  8.930  8.578  8.225  7.870  7.515  7.159  6.802  6.444  6.085  5.724  5.363  5.001  4.638  4.274  3.908  3.542  3.175  2.806  2.436  2.066 
27.265 26.953 26.641 26.329 26.016 25.702 25.387 25.072 24.756 24.439 24.122 23.804 23.485 23.166 22.846 22.525 22.203 21.881 21.558 21.235 20.911 20.586 20.260 19.933 19.606 19.278 18.950 18.620 18.290 17.959 17.628 17.296 16.962 16.628 16.294 15.958 15.622 15.285 14.947 14.609 14.269 13.929 13.588 13.246 12.903 12.559 12.215 11.870 11.523 11.176 10.828 10.480 10.130  9.779  9.428  9.075  8.722  8.367  8.012  7.656  7.298  6.940  6.581  6.221  5.859  5.497  5.134  4.770  4.404  4.038  3.670  3.302  2.932  2.562  2.190  1.817 
27.109 26.798 26.486 26.173 25.860 25.545 25.231 24.915 24.599 24.282 23.964 23.646 23.327 23.007 22.686 22.365 22.043 21.720 21.396 21.072 20.747 20.421 20.094 19.767 19.439 19.110 18.781 18.450 18.119 17.787 17.454 17.121 16.787 16.451 16.116 15.779 15.441 15.103 14.764 14.424 14.083 13.741 13.398 13.055 12.711 12.365 12.019 11.672 11.325 10.976 10.626 10.276  9.924  9.572  9.218  8.864  8.509  8.153  7.796  7.437  7.078  6.718  6.357  5.995  5.632  5.268  4.903  4.536  4.169  3.801  3.432  3.061  2.690  2.317  1.943  1.569 
26.944 26.633 26.321 26.008 25.695 25.381 25.066 24.750 24.433 24.116 23.798 23.479 23.159 22.839 22.518 22.196 21.873 21.550 21.226 20.901 20.575 20.249 19.921 19.593 19.264 18.935 18.604 18.273 17.941 17.608 17.274 16.939 16.604 16.268 15.931 15.593 15.254 14.914 14.574 14.233 13.890 13.547 13.203 12.859 12.513 12.166 11.819 11.470 11.121 10.771 10.420 10.068  9.715  9.361  9.006  8.650  8.293  7.935  7.576  7.217  6.856  6.494  6.131  5.767  5.403  5.037  4.670  4.302  3.933  3.563  3.192  2.820  2.446  2.072  1.697  1.320 
26.772 26.461 26.149 25.836 25.522 25.208 24.893 24.577 24.260 23.942 23.624 23.305 22.985 22.664 22.342 22.020 21.697 21.373 21.048 20.723 20.396 20.069 19.741 19.412 19.083 18.752 18.421 18.089 17.756 17.422 17.087 16.752 16.415 16.078 15.740 15.401 15.061 14.720 14.379 14.036 13.693 13.349 13.004 12.657 12.311 11.963 11.614 11.264 10.913 10.562 10.209  9.856  9.501  9.146  8.790  8.432  8.074  7.715  7.354  6.993  6.631  6.268  5.903  5.538  5.171  4.804  4.436  4.066  3.696  3.324  2.951  2.577  2.203  1.827  1.450  1.071 
26.593 26.281 25.969 25.656 25.343 25.028 24.713 24.396 24.079 23.762 23.443 23.123 22.803 22.482 22.160 21.837 21.514 21.189 20.864 20.538 20.211 19.883 19.554 19.225 18.895 18.563 18.231 17.898 17.565 17.230 16.894 16.558 16.221 15.883 15.544 15.204 14.863 14.521 14.179 13.835 13.491 13.145 12.799 12.452 12.104 11.755 11.405 11.054 10.702 10.349  9.995  9.641  9.285  8.928  8.571  8.212  7.852  7.492  7.130  6.767  6.404  6.039  5.673  5.306  4.939  4.570  4.200  3.829  3.457  3.084  2.710  2.335  1.958  1.581  1.202  0.823 
26.407 26.095 25.783 25.470 25.157 24.842 24.526 24.210 23.893 23.575 23.256 22.936 22.615 22.294 21.972 21.648 21.324 20.999 20.674 20.347 20.020 19.691 19.362 19.032 18.701 18.369 18.036 17.703 17.368 17.033 16.697 16.359 16.021 15.682 15.342 15.002 14.660 14.317 13.974 13.629 13.284 12.938 12.590 12.242 11.893 11.543 11.192 10.840 10.487 10.133  9.778  9.422  9.065  8.707  8.349  7.989  7.628  7.266  6.903  6.539  6.174  5.808  5.441  5.073  4.704  4.334  3.963  3.591  3.218  2.843  2.468  2.091  1.714  1.335  0.955  0.574 
26.215 25.904 25.592 25.278 24.965 24.650 24.334 24.018 23.700 23.382 23.063 22.743 22.422 22.100 21.777 21.454 21.129 20.804 20.478 20.151 19.823 19.494 19.164 18.834 18.502 18.170 17.836 17.502 17.167 16.831 16.494 16.156 15.817 15.478 15.137 14.795 14.453 14.109 13.765 13.420 13.073 12.726 12.378 12.029 11.679 11.328 10.976 10.623 10.269  9.914  9.558  9.201  8.843  8.484  8.124  7.763  7.401  7.038  6.674  6.309  5.943  5.576  5.208  4.839  4.469  4.098  3.725  3.352  2.977  2.602  2.225  1.847  1.469  1.089  0.708  0.326 
26.018 25.707 25.394 25.081 24.767 24.452 24.137 23.820 23.502 23.184 22.865 22.544 22.223 21.901 21.578 21.254 20.929 20.604 20.277 19.950 19.621 19.292 18.962 18.631 18.299 17.966 17.632 17.297 16.961 16.625 16.287 15.949 15.609 15.269 14.927 14.585 14.242 13.898 13.552 13.206 12.859 12.511 12.162 11.812 11.461 11.110 10.757 10.403 10.048  9.692  9.335  8.977  8.618  8.259  7.898  7.536  7.173  6.809  6.444  6.078  5.711  5.343  4.973  4.603  4.232  3.860  3.486  3.112  2.736  2.360  1.982  1.603  1.223  0.842  0.460  0.077 
25.816 25.505 25.193 24.879 24.565 24.250 23.934 23.618 23.300 22.981 22.662 22.341 22.020 21.697 21.374 21.050 20.725 20.399 20.072 19.744 19.415 19.086 18.755 18.424 18.091 17.758 17.423 17.088 16.752 16.414 16.076 15.737 15.397 15.056 14.714 14.371 14.027 13.682 13.337 12.990 12.642 12.293 11.944 11.593 11.241 10.888 10.535 10.180  9.824  9.468  9.110  8.751  8.391  8.031  7.669  7.306  6.942  6.577  6.212  5.845  5.477  5.108  4.737  4.366  3.994  3.621  3.246  2.871  2.495  2.117  1.738  1.359  0.978  0.596  0.213 -0.171 
25.610 25.299 24.986 24.673 24.359 24.044 23.728 23.411 23.093 22.774 22.454 22.134 21.812 21.490 21.166 20.842 20.516 20.190 19.863 19.535 19.206 18.876 18.544 18.213 17.880 17.546 17.211 16.875 16.538 16.201 15.862 15.522 15.182 14.840 14.497 14.154 13.809 13.464 13.117 12.769 12.421 12.071 11.721 11.369 11.016 10.662 10.307  9.951  9.594  9.236  8.877  8.516  8.155  7.792  7.428  7.063  6.696  6.329  5.960  5.590  5.219  4.846  4.473  4.098  3.722  3.344  2.965  2.586  2.204  1.822  1.438  1.054  0.668  0.280 -0.108 -0.420 
25.399 25.088 24.776 24.462 24.148 23.833 23.517 23.200 22.882 22.563 22.243 21.922 21.600 21.277 20.953 20.628 20.303 19.976 19.648 19.319 18.990 18.659 18.327 17.995 17.661 17.327 16.991 16.654 16.317 15.978 15.639 15.298 14.956 14.614 14.270 13.925 13.580 13.233 12.885 12.536 12.186 11.836 11.484 11.131 10.777 10.422 10.066  9.709  9.351  8.992  8.632  8.271  7.909  7.546  7.182  6.817  6.452  6.085  5.717  5.349  4.979  4.609  4.238  3.866  3.494  3.120  2.746  2.371  1.996  1.619  1.242  0.865  0.487  0.108 -0.251 -0.669 
25.183 24.871 24.559 24.246 23.931 23.616 23.300 22.983 22.664 22.345 22.025 21.704 21.382 21.059 20.734 20.409 20.083 19.756 19.428 19.099 18.769 18.438 18.106 17.773 17.439 17.104 16.768 16.431 16.093 15.754 15.413 15.072 14.730 14.387 14.042 13.697 13.351 13.003 12.654 12.305 11.954 11.602 11.249 10.895 10.539 10.183  9.825  9.467  9.107  8.746  8.383  8.020  7.655  7.289  6.922  6.554  6.185  5.815  5.443  5.071  4.697  4.322  3.947  3.570  3.193  2.814  2.435  2.055  1.675  1.294  0.912  0.530  0.148 -0.186 -0.551 -0.917 
24.961 24.650 24.337 24.024 23.710 23.394 23.078 22.760 22.442 22.123 21.802 21.481 21.158 20.835 20.510 20.185 19.859 19.531 19.203 18.873 18.543 18.211 17.878 17.545 17.210 16.875 16.538 16.200 15.862 15.522 15.181 14.840 14.497 14.153 13.809 13.463 13.116 12.768 12.420 12.070 11.719 11.367 11.015 10.661 10.306  9.950  9.593  9.235  8.876  8.515  8.154  7.791  7.427  7.062  6.695  6.327  5.957  5.586  5.213  4.839  4.463  4.085  3.705  3.323  2.939  2.553  2.165  1.775  1.384  0.990  0.594  0.197 -0.197 -0.520 -0.843 -1.166 
24.735 24.424 24.111 23.798 23.484 23.168 22.852 22.534 22.216 21.896 21.575 21.254 20.931 20.608 20.283 19.957 19.630 19.302 18.974 18.644 18.313 17.981 17.648 17.314 16.979 16.642 16.305 15.967 15.628 15.287 14.946 14.603 14.259 13.915 13.569 13.222 12.874 12.525 12.175 11.824 11.472 11.119 10.765 10.409 10.053  9.696  9.337  8.978  8.618  8.256  7.894  7.531  7.166  6.801  6.435  6.068  5.700  5.332  4.962  4.592  4.221  3.849  3.477  3.103  2.729  2.355  1.980  1.604  1.227  0.850  0.473  0.095 -0.249 -0.637 -1.025 -1.414 
24.505 24.193 23.881 23.567 23.253 22.937 22.621 22.303 21.985 21.665 21.344 21.022 20.700 20.376 20.051 19.725 19.398 19.070 18.741 18.411 18.080 17.748 17.414 17.080 16.745 16.408 16.071 15.732 15.393 15.052 14.710 14.367 14.023 13.678 13.332 12.985 12.636 12.287 11.936 11.584 11.231 10.877 10.521 10.165  9.807  9.448  9.088  8.727  8.364  8.001  7.636  7.270  6.903  6.535  6.166  5.795  5.424  5.051  4.678  4.303  3.928  3.552  3.175  2.797  2.418  2.039  1.659  1.279  0.898  0.517  0.135 -0.200 -0.565 -0.930 -1.296 -1.663 
24.271 23.959 23.647 23.333 23.019 22.703 22.387 22.069 21.750 21.430 21.109 20.787 20.464 20.140 19.815 19.489 19.162 18.833 18.504 18.173 17.842 17.509 17.176 16.841 16.505 16.169 15.831 15.492 15.152 14.811 14.469 14.126 13.782 13.437 13.091 12.744 12.395 12.046 11.696 11.344 10.992 10.638 10.284  9.928  9.571  9.213  8.854  8.494  8.132  7.769  7.405  7.039  6.672  6.303  5.933  5.561  5.187  4.812  4.434  4.055  3.674  3.290  2.905  2.518  2.130  1.740  1.348  0.955  0.561  0.166 -0.174 -0.521 -0.868 -1.216 -1.563 -1.911 
24.034 23.723 23.410 23.097 22.782 22.466 22.149 21.832 21.513 21.193 20.872 20.550 20.226 19.902 19.577 19.250 18.923 18.594 18.265 17.934 17.602 17.269 16.935 16.600 16.264 15.927 15.588 15.249 14.908 14.567 14.224 13.880 13.535 13.189 12.842 12.494 12.144 11.794 11.443 11.090 10.737 10.382 10.026  9.669  9.312  8.953  8.593  8.232  7.871  7.508  7.144  6.780  6.414  6.048  5.681  5.313  4.944  4.574  4.204  3.832  3.461  3.088  2.715  2.341  1.966  1.591  1.215  0.839  0.462  0.085 -0.255 -0.635 -1.015 -1.396 -1.778 -2.160 
23.794 23.482 23.170 22.856 22.542 22.226 21.909 21.591 21.272 20.952 20.631 20.309 19.986 19.661 19.336 19.009 18.682 18.353 18.023 17.693 17.361 17.028 16.694 16.358 16.022 15.685 15.346 15.006 14.666 14.324 13.981 13.637 13.291 12.945 12.597 12.248 11.899 11.547 11.195 10.842 10.487 10.131  9.774  9.416  9.057  8.696  8.335  7.972  7.608  7.243  6.876  6.509  6.141  5.771  5.401  5.029  4.657  4.283  3.909  3.534  3.157  2.781  2.403  2.025  1.646  1.267  0.887  0.507  0.126 -0.209 -0.574 -0.940 -1.307 -1.673 -2.041 -2.409 
23.551 23.240 22.927 22.613 22.299 21.983 21.666 21.348 21.029 20.709 20.388 20.065 19.742 19.417 19.092 18.765 18.437 18.108 17.778 17.447 17.115 16.782 16.448 16.112 15.776 15.438 15.100 14.760 14.419 14.077 13.734 13.390 13.045 12.699 12.352 12.004 11.654 11.304 10.952 10.599 10.245  9.890  9.534  9.176  8.818  8.458  8.096  7.734  7.369  7.004  6.637  6.268  5.898  5.526  5.153  4.777  4.401  4.022  3.642  3.260  2.877  2.492  2.106  1.718  1.330  0.940  0.550  0.159 -0.177 -0.531 -0.884 -1.238 -1.592 -1.947 -2.302 -2.657 
23.306 22.995 22.682 22.369 22.054 21.738 21.421 21.103 20.784 20.464 20.142 19.820 19.496 19.172 18.846 18.519 18.191 17.862 17.531 17.200 16.868 16.534 16.199 15.863 15.527 15.188 14.849 14.509 14.168 13.825 13.481 13.137 12.791 12.444 12.096 11.747 11.397 11.045 10.693 10.339  9.985  9.629  9.273  8.915  8.557  8.197  7.837  7.475  7.113  6.749  6.385  6.020  5.654  5.287  4.919  4.551  4.182  3.811  3.441  3.069  2.697  2.325  1.951  1.577  1.203  0.828  0.452  0.076 -0.262 -0.638 -1.015 -1.392 -1.770 -2.148 -2.526 -2.906 
23.059 22.748 22.435 22.121 21.807 21.491 21.174 20.856 20.537 20.216 19.895 19.572 19.249 18.924 18.598 18.271 17.943 17.614 17.284 16.952 16.620 16.286 15.951 15.616 15.278 14.940 14.601 14.260 13.919 13.576 13.232 12.887 12.541 12.193 11.844 11.495 11.144 10.791 10.438 10.083  9.728  9.371  9.013  8.654  8.293  7.932  7.569  7.205  6.840  6.474  6.107  5.739  5.370  5.000  4.629  4.257  3.885  3.511  3.137  2.761  2.386  2.009  1.632  1.254  0.876  0.497  0.118 -0.216 -0.582 -0.948 -1.315 -1.681 -2.049 -2.417 -2.785 -3.154 
22.810 22.498 22.186 21.872 21.557 21.241 20.924 20.606 20.287 19.967 19.645 19.322 18.999 18.674 18.348 18.021 17.693 17.363 17.033 16.702 16.369 16.035 15.700 15.365 15.028 14.689 14.350 14.010 13.669 13.326 12.982 12.638 12.292 11.945 11.597 11.247 10.897 10.545 10.192  9.838  9.483  9.126  8.768  8.409  8.048  7.686  7.323  6.958  6.592  6.224  5.855  5.484  5.112  4.738  4.362  3.986  3.607  3.228  2.847  2.465  2.082  1.697  1.312  0.926  0.540  0.153 -0.182 -0.538 -0.895 -1.252 -1.609 -1.967 -2.325 -2.684 -3.043 -3.403 
22.559 22.248 21.935 21.622 21.307 20.991 20.674 20.356 20.036 19.716 19.394 19.071 18.748 18.423 18.097 17.769 17.441 17.112 16.781 16.450 16.117 15.783 15.448 15.112 14.775 14.437 14.098 13.758 13.417 13.075 12.732 12.388 12.043 11.697 11.351 11.003 10.655 10.306  9.957  9.607  9.256  8.905  8.553  8.201  7.848  7.495  7.142  6.788  6.435  6.081  5.728  5.374  5.021  4.668  4.316  3.964  3.614  3.266  2.919  2.576  2.237  1.902  1.573  1.248  0.929  0.615  0.305 -0.003 -0.176 -0.283 -0.390 -0.495 -0.598 -0.698 -0.796 -0.892 
22.318 22.006 21.694 21.381 21.066 20.751 20.435 20.118 19.799 19.480 19.160 18.839 18.517 18.194 17.871 17.546 17.221 16.894 16.567 16.239 15.911 15.581 15.251 14.921 14.589 14.258 13.925 13.592 13.259 12.925 12.590 12.256 11.921 11.585 11.250 10.915 10.579 10.243  9.908  9.572  9.237  8.902  8.567  8.233  7.899  7.565  7.232  6.900  6.569  6.238  5.909  5.581  5.254  4.928  4.604  4.282  3.961  3.643  3.327  3.013  2.702  2.393  2.087  1.783  1.482  1.183  0.886  0.592  0.299  0.007 -0.145 -0.224 -0.297 -0.369 -0.441 -0.512 
22.132 21.820 21.508 21.196 20.883 20.569 20.254 19.939 19.624 19.307 18.990 18.673 18.355 18.036 17.717 17.397 17.077 16.756 16.435 16.114 15.792 15.470 15.148 14.825 14.502 14.179 13.855 13.532 13.208 12.885 12.561 12.238 11.914 11.591 11.268 10.945 10.623 10.301  9.979  9.657  9.337  9.016  8.697  8.378  8.060  7.743  7.426  7.111  6.796  6.483  6.171  5.860  5.550  5.242  4.936  4.631  4.328  4.027  3.728  3.430  3.135  2.842  2.551  2.262  1.975  1.690  1.406  1.125  0.846  0.568  0.291  0.016 -0.127 -0.194 -0.256 -0.317 
22.023 21.712 21.401 21.089 20.777 20.465 20.152 19.839 19.526 19.213 18.899 18.585 18.271 17.957 17.642 17.328 17.013 16.698 16.383 16.068 15.752 15.437 15.122 14.807 14.492 14.177 13.862 13.547 13.233 12.918 12.605 12.291 11.978 11.665 11.352 11.040 10.729 10.418 10.108  9.798  9.489  9.181  8.873  8.567  8.261  7.957  7.653  7.350  7.049  6.749  6.449  6.152  5.855  5.560  5.267  4.975  4.685  4.396  4.109  3.824  3.541  3.260  2.980  2.703  2.427  2.153  1.881  1.611  1.342  1.075  0.810  0.546  0.283  0.021 -0.113 -0.172 
21.988 21.677 21.366 21.055 20.744 20.433 20.123 19.812 19.501 19.190 18.879 18.569 18.258 17.947 17.637 17.326 17.016 16.706 16.396 16.086 15.777 15.468 15.158 14.850 14.541 14.233 13.925 13.618 13.311 13.004 12.698 12.393 12.088 11.784 11.480 11.177 10.874 10.573 10.272  9.972  9.672  9.374  9.077  8.780  8.485  8.191  7.898  7.606  7.315  7.026  6.739  6.453  6.169  5.886  5.606  5.327  5.051  4.776  4.505  4.235  3.968  3.704  3.442  3.183  2.927  2.673  2.423  2.174  1.928  1.685  1.443  1.204  0.966  0.730  0.494  0.260 
22.016 21.705 21.395 21.084 20.774 20.465 20.155 19.846 19.537 19.229 18.920 18.613 18.305 17.998 17.691 17.384 17.078 16.772 16.467 16.162 15.857 15.553 15.250 14.947 14.644 14.342 14.041 13.740 13.440 13.141 12.842 12.544 12.247 11.950 11.655 11.360 11.066 10.772 10.480 10.189  9.898  9.608  9.320  9.032  8.745  8.459  8.174  7.891  7.608  7.326  7.045  6.765  6.487  6.209  5.932  5.656  5.381  5.107  4.834  4.562  4.290  4.020  3.750  3.481  3.213  2.945  2.678  2.412  2.146  1.881  1.616  1.351  1.087  0.823  0.559  0.295 
22.098 21.787 21.477 21.167 20.858 20.549 20.241 19.933 19.626 19.319 19.012 18.706 18.401 18.096 17.791 17.487 17.184 16.881 16.578 16.276 15.975 15.674 15.374 15.074 14.775 14.477 14.179 13.881 13.585 13.288 12.993 12.698 12.404 12.110 11.817 11.525 11.233 10.942 10.652 10.362 10.073  9.785  9.497  9.210  8.924  8.638  8.353  8.069  7.785  7.502  7.219  6.937  6.656  6.375  6.095  5.815  5.536  5.257  4.979  4.702  4.425  4.148  3.872  3.596  3.320  3.045  2.770  2.496  2.222  1.948  1.674  1.400  1.127  0.854  0.580  0.307 
22.210 21.899 21.589 21.280 20.970 20.662 20.354 20.047 19.740 19.433 19.127 18.822 18.517 18.213 17.909 17.606 17.303 17.001 16.700 16.399 16.098 15.798 15.499 15.200 14.902 14.604 14.307 14.010 13.714 13.419 13.124 12.829 12.535 12.242 11.949 11.657 11.365 11.073 10.783 10.493 10.203  9.914  9.625  9.337  9.049  8.762  8.475  8.189  7.903  7.618  7.333  7.048  6.764  6.481  6.197  5.914  5.632  5.350  5.068  4.787  4.505  4.225  3.944  3.664  3.384  3.104  2.824  2.545  2.265  1.986  1.707  1.428  1.150  0.871  0.592  0.314 
22.329 22.018 21.708 21.399 21.090 20.781 20.473 20.166 19.859 19.552 19.246 18.941 18.636 18.332 18.028 17.725 17.422 17.120 16.818 16.517 16.217 15.916 15.617 15.318 15.019 14.721 14.423 14.126 13.830 13.533 13.238 12.943 12.648 12.354 12.060 11.767 11.474 11.181 10.889 10.598 10.307 10.016  9.726  9.436  9.147  8.858  8.569  8.281  7.993  7.705  7.418  7.131  6.845  6.558  6.273  5.987  5.702  5.417  5.132  4.847  4.563  4.279  3.995  3.712  3.428  3.145  2.862  2.579  2.296  2.013  1.731  1.448  1.166  0.883  0.601  0.319 
22.445 22.134 21.824 21.514 21.205 20.897 20.588 20.281 19.974 19.667 19.361 19.055 18.750 18.446 18.141 17.838 17.535 17.232 16.930 16.628 16.327 16.026 15.726 15.426 15.126 14.827 14.529 14.231 13.933 13.636 13.340 13.043 12.747 12.452 12.157 11.862 11.568 11.274 10.981 10.688 10.395 10.103  9.811  9.520  9.228  8.937  8.647  8.357  8.067  7.777  7.488  7.199  6.910  6.622  6.333  6.045  5.758  5.470  5.183  4.896  4.609  4.322  4.036  3.749  3.463  3.177  2.891  2.606  2.320  2.034  1.749  1.463  1.178  0.893  0.607  0.322 
22.553 22.243 21.933 21.623 21.314 21.005 20.696 20.389 20.081 19.774 19.468 19.162 18.856 18.551 18.246 17.942 17.639 17.335 17.032 16.730 16.428 16.126 15.825 15.525 15.224 14.924 14.625 14.326 14.027 13.729 13.431 13.134 12.837 12.540 12.244 11.948 11.652 11.357 11.062 10.767 10.473 10.179  9.886  9.593  9.300  9.007  8.715  8.423  8.131  7.839  7.548  7.257  6.966  6.676  6.385  6.095  5.806  5.516  5.226  4.937  4.648  4.359  4.070  3.782  3.493  3.205  2.916  2.628  2.340  2.052  1.764  1.476  1.188  0.901  0.613  0.325 
22.653 22.343 22.033 21.723 21.413 21.104 20.796 20.488 20.180 19.873 19.566 19.260 18.954 18.648 18.343 18.038 17.734 17.430 17.126 16.823 16.520 16.218 15.916 15.615 15.313 15.013 14.712 14.412 14.112 13.813 13.514 13.216 12.917 12.619 12.322 12.025 11.728 11.431 11.135 10.839 10.543 10.248  9.953  9.658  9.363  9.069  8.775  8.481  8.188  7.894  7.601  7.309  7.016  6.724  6.431  6.139  5.848  5.556  5.265  4.973  4.682  4.391  4.100  3.810  3.519  3.228  2.938  2.648  2.358  2.067  1.777  1.487  1.197  0.907  0.617  0.328 
22.745 22.434 22.124 21.814 21.505 21.196 20.887 20.579 20.271 19.963 19.656 19.349 19.043 18.737 18.431 18.126 17.821 17.516 17.212 16.908 16.605 16.302 15.999 15.697 15.394 15.093 14.791 14.490 14.190 13.889 13.589 13.290 12.990 12.691 12.392 12.094 11.796 11.498 11.200 10.903 10.606 10.309 10.013  9.716  9.420  9.125  8.829  8.534  8.239  7.944  7.649  7.355  7.061  6.766  6.473  6.179  5.885  5.592  5.299  5.006  4.713  4.420  4.127  3.835  3.542  3.250  2.958  2.665  2.373  2.081  1.789  1.497  1.205  0.913  0.622  0.330 
22.829 22.518 22.208 21.898 21.588 21.279 20.970 20.661 20.353 20.045 19.738 19.431 19.124 18.817 18.511 18.205 17.900 17.595 17.290 16.986 16.681 16.378 16.074 15.771 15.468 15.166 14.864 14.562 14.260 13.959 13.658 13.357 13.057 12.756 12.457 12.157 11.858 11.559 11.260 10.961 10.663 10.365 10.067  9.770  9.472  9.175  8.878  8.581  8.285  7.989  7.693  7.397  7.101  6.805  6.510  6.215  5.919  5.624  5.330  5.035  4.740  4.446  4.152  3.857  3.563  3.269  2.975  2.681  2.387  2.094  1.800  1.506  1.212  0.919  0.625  0.332 
22.905 22.594 22.284 21.974 21.664 21.355 21.045 20.737 20.428 20.120 19.812 19.505 19.198 18.891 18.584 18.278 17.972 17.666 17.361 17.056 16.751 16.447 16.143 15.839 15.535 15.232 14.929 14.626 14.324 14.022 13.720 13.418 13.117 12.816 12.515 12.214 11.914 11.614 11.314 11.014 10.715 10.416 10.117  9.818  9.519  9.221  8.923  8.625  8.327  8.029  7.732  7.434  7.137  6.840  6.543  6.247  5.950  5.654  5.358  5.061  4.765  4.469  4.173  3.878  3.582  3.286  2.991  2.695  2.400  2.105  1.809  1.514  1.219  0.924  0.629  0.334 
22.974 22.663 22.353 22.043 21.733 21.423 21.114 20.805 20.496 20.188 19.880 19.572 19.265 18.957 18.651 18.344 18.037 17.731 17.426 17.120 16.815 16.510 16.205 15.900 15.596 15.292 14.989 14.685 14.382 14.079 13.776 13.474 13.172 12.870 12.568 12.266 11.965 11.664 11.363 11.062 10.762 10.462 10.161  9.862  9.562  9.262  8.963  8.664  8.365  8.066  7.767  7.469  7.170  6.872  6.574  6.276  5.978  5.681  5.383  5.085  4.788  4.491  4.193  3.896  3.599  3.302  3.005  2.708  2.412  2.115  1.818  1.522  1.225  0.928  0.632  0.335 
23.037 22.726 22.416 22.106 21.796 21.486 21.177 20.867 20.559 20.250 19.942 19.634 19.326 19.018 18.711 18.404 18.097 17.790 17.484 17.178 16.872 16.567 16.262 15.956 15.652 15.347 15.043 14.739 14.435 14.131 13.828 13.524 13.221 12.919 12.616 12.314 12.011 11.709 11.408 11.106 10.805 10.503 10.202  9.901  9.601  9.300  9.000  8.700  8.399  8.100  7.800  7.500  7.201  6.901  6.602  6.303  6.004  5.705  5.406  5.107  4.809  4.510  4.212  3.913  3.615  3.317  3.018  2.720  2.422  2.124  1.826  1.528  1.230  0.932  0.634  0.337 
23.094 22.784 22.473 22.163 21.853 21.543 21.233 20.924 20.615 20.306 19.998 19.689 19.381 19.073 18.766 18.458 18.151 17.844 17.538 17.231 16.925 16.619 16.313 16.007 15.702 15.397 15.092 14.787 14.483 14.178 13.874 13.570 13.267 12.963 12.660 12.357 12.054 11.751 11.448 11.146 10.843 10.541 10.239  9.938  9.636  9.334  9.033  8.732  8.431  8.130  7.829  7.528  7.228  6.927  6.627  6.327  6.027  5.727  5.427  5.127  4.827  4.528  4.228  3.929  3.629  3.330  3.030  2.731  2.432  2.133  1.833  1.534  1.235  0.936  0.637  0.338 
23.146 22.836 22.525 22.215 21.905 21.595 21.285 20.976 20.666 20.357 20.049 19.740 19.432 19.124 18.816 18.508 18.200 17.893 17.586 17.279 16.973 16.666 16.360 16.054 15.748 15.442 15.137 14.831 14.526 14.221 13.917 13.612 13.308 13.004 12.699 12.396 12.092 11.788 11.485 11.182 10.879 10.576 10.273  9.970  9.668  9.366  9.063  8.761  8.459  8.158  7.856  7.554  7.253  6.951  6.650  6.349  6.048  5.747  5.446  5.145  4.844  4.544  4.243  3.942  3.642  3.342  3.041  2.741  2.441  2.140  1.840  1.540  1.240  0.939  0.639  0.339 
23.194 22.883 22.572 22.262 21.952 21.642 21.332 21.023 20.713 20.404 20.095 19.786 19.478 19.169 18.861 18.553 18.245 17.938 17.630 17.323 17.016 16.709 16.402 16.096 15.790 15.483 15.177 14.872 14.566 14.260 13.955 13.650 13.345 13.040 12.736 12.431 12.127 11.823 11.519 11.215 10.911 10.607 10.304 10.000  9.697  9.394  9.091  8.788  8.485  8.183  7.880  7.578  7.275  6.973  6.671  6.369  6.067  5.765  5.463  5.161  4.860  4.558  4.257  3.955  3.654  3.352  3.051  2.750  2.448  2.147  1.846  1.545  1.244  0.943  0.641  0.340 
23.237 22.926 22.615 22.305 21.995 21.685 21.375 21.065 20.756 20.446 20.137 19.828 19.519 19.211 18.902 18.594 18.286 17.978 17.670 17.363 17.055 16.748 16.441 16.134 15.827 15.521 15.214 14.908 14.602 14.296 13.990 13.685 13.379 13.074 12.769 12.463 12.159 11.854 11.549 11.244 10.940 10.636 10.332 10.028  9.724  9.420  9.116  8.812  8.509  8.206  7.902  7.599  7.296  6.993  6.690  6.387  6.084  5.782  5.479  5.176  4.874  4.571  4.269  3.967  3.664  3.362  3.060  2.758  2.456  2.154  1.851  1.549  1.247  0.945  0.643  0.341 
23.276 22.965 22.654 22.344 22.034 21.724 21.414 21.104 20.794 20.485 20.175 19.866 19.557 19.248 18.940 18.631 18.323 18.015 17.707 17.399 17.091 16.784 16.476 16.169 15.862 15.555 15.248 14.941 14.635 14.328 14.022 13.716 13.410 13.104 12.798 12.493 12.187 11.882 11.577 11.272 10.967 10.662 10.357 10.052  9.748  9.443  9.139  8.835  8.530  8.226  7.922  7.618  7.315  7.011  6.707  6.404  6.100  5.797  5.493  5.190  4.887  4.583  4.280  3.977  3.674  3.371  3.068  2.765  2.462  2.159  1.856  1.554  1.251  0.948  0.645  0.342 
23.311 23.001 22.690 22.380 22.069 21.759 21.449 21.139 20.829 20.520 20.210 19.901 19.592 19.283 18.974 18.665 18.357 18.048 17.740 17.432 17.124 16.816 16.508 16.201 15.893 15.586 15.279 14.972 14.665 14.358 14.051 13.745 13.438 13.132 12.826 12.520 12.214 11.908 11.602 11.296 10.991 10.685 10.380 10.075  9.770  9.465  9.160  8.855  8.550  8.245  7.941  7.636  7.332  7.027  6.723  6.419  6.114  5.810  5.506  5.202  4.898  4.594  4.290  3.987  3.683  3.379  3.075  2.772  2.468  2.164  1.861  1.557  1.254  0.950  0.647  0.343 
23.344 23.033 22.722 22.412 22.101 21.791 21.481 21.171 20.861 20.551 20.242 19.932 19.623 19.314 19.005 18.696 18.387 18.079 17.770 17.462 17.153 16.845 16.537 16.229 15.922 15.614 15.306 14.999 14.692 14.385 14.077 13.770 13.464 13.157 12.850 12.544 12.237 11.931 11.625 11.319 11.013 10.707 10.401 10.095  9.790  9.484  9.178  8.873  8.568  8.262  7.957  7.652  7.347  7.042  6.737  6.432  6.128  5.823  5.518  5.213  4.909  4.604  4.300  3.995  3.691  3.386  3.082  2.778  2.473  2.169  1.865  1.561  1.256  0.952  0.648  0.344 
23.373 23.062 22.752 22.441 22.131 21.820 21.510 21.200 20.890 20.580 20.271 19.961 19.652 19.342 19.033 18.724 18.415 18.106 17.797 17.489 17.180 16.872 16.564 16.255 15.947 15.639 15.332 15.024 14.716 14.409 14.101 13.794 13.487 13.180 12.873 12.566 12.259 11.952 11.646 11.339 11.033 10.726 10.420 10.114  9.808  9.502  9.196  8.890  8.584  8.278  7.972  7.667  7.361  7.056  6.750  6.445  6.139  5.834  5.529  5.224  4.918  4.613  4.308  4.003  3.698  3.393  3.088  2.783  2.478  2.174  1.869  1.564  1.259  0.954  0.649  0.344 
23.400 23.089 22.778 22.468 22.157 21.847 21.537 21.227 20.917 20.607 20.297 19.987 19.678 19.368 19.059 18.749 18.440 18.131 17.822 17.514 17.205 16.896 16.588 16.279 15.971 15.663 15.355 15.047 14.739 14.431 14.123 13.816 13.508 13.201 12.893 12.586 12.279 11.972 11.665 11.358 11.051 10.744 10.437 10.131  9.824  9.518  9.211  8.905  8.598  8.292  7.986  7.680  7.374  7.068  6.762  6.456  6.150  5.844  5.539  5.233  4.927  4.622  4.316  4.010  3.705  3.399  3.094  2.788  2.483  2.177  1.872  1.567  1.261  0.956  0.650  0.345 
23.424 23.113 22.803 22.492 22.182 21.871 21.561 21.251 20.941 20.631 20.321 20.011 19.701 19.392 19.082 18.773 18.463 18.154 17.845 17.536 17.227 16.918 16.610 16.301 15.992 15.684 15.376 15.067 14.759 14.451 14.143 13.835 13.527 13.219 12.912 12.604 12.297 11.989 11.682 11.374 11.067 10.760 10.453 10.146  9.839  9.532  9.225  8.919  8.612  8.305  7.999  7.692  7.385  7.079  6.773  6.466  6.160  5.854  5.547  5.241  4.935  4.629  4.323  4.017  3.711  3.405  3.099  2.793  2.487  2.181  1.875  1.569  1.263  0.957  0.652  0.346 
23.446 23.136 22.825 22.514 22.204 21.893 21.583 21.272 20.962 20.652 20.342 20.032 19.723 19.413 19.103 18.794 18.484 18.175 17.866 17.556 17.247 16.938 16.629 16.321 16.012 15.703 15.395 15.086 14.778 14.469 14.161 13.853 13.545 13.237 12.929 12.621 12.313 12.005 11.697 11.390 11.082 10.775 10.467 10.160  9.853  9.545  9.238  8.931  8.624  8.317  8.010  7.703  7.396  7.089  6.782  6.476  6.169  5.862  5.556  5.249  4.942  4.636  4.329  4.023  3.716  3.410  3.103  2.797  2.491  2.184  1.878  1.572  1.265  0.959  0.653  0.346 
23.466 23.156 22.845 22.534 22.224 21.913 21.603 21.292 20.982 20.672 20.362 20.052 19.742 19.432 19.122 18.813 18.503 18.194 17.884 17.575 17.266 16.957 16.647 16.338 16.029 15.721 15.412 15.103 14.794 14.486 14.177 13.869 13.560 13.252 12.944 12.636 12.328 12.020 11.712 11.404 11.096 10.788 10.480 10.173  9.865  9.557  9.250  8.942  8.635  8.328  8.020  7.713  7.406  7.098  6.791  6.484  6.177  5.870  5.563  5.256  4.949  4.642  4.335  4.028  3.721  3.414  3.108  2.801  2.494  2.187  1.880  1.574  1.267  0.960  0.653  0.347 
23.485 23.174 22.863 22.552 22.242 21.931 21.621 21.310 21.000 20.690 20.380 20.070 19.760 19.450 19.140 18.830 18.520 18.211 17.901 17.592 17.282 16.973 16.664 16.355 16.046 15.736 15.427 15.119 14.810 14.501 14.192 13.884 13.575 13.266 12.958 12.649 12.341 12.033 11.725 11.416 11.108 10.800 10.492 10.184  9.876  9.568  9.260  8.953  8.645  8.337  8.030  7.722  7.414  7.107  6.799  6.492  6.184  5.877  5.570  5.262  4.955  4.648  4.340  4.033  3.726  3.419  3.111  2.804  2.497  2.190  1.883  1.576  1.268  0.961  0.654  0.347 
23.501 23.190 22.880 22.569 22.258 21.948 21.637 21.327 21.017 20.706 20.396 20.086 19.776 19.466 19.156 18.846 18.536 18.226 17.917 17.607 17.298 16.988 16.679 16.369 16.060 15.751 15.442 15.133 14.824 14.515 14.206 13.897 13.588 13.279 12.971 12.662 12.353 12.045 11.736 11.428 11.120 10.811 10.503 10.195  9.886  9.578  9.270  8.962  8.654  8.346  8.038  7.730  7.422  7.114  6.807  6.499  6.191  5.883  5.576  5.268  4.960  4.653  4.345  4.037  3.730  3.422  3.115  2.807  2.500  2.192  1.885  1.577  1.270  0.962  0.655  0.347 
23.516 23.206 22.895 22.584 22.273 21.963 21.652 21.342 21.031 20.721 20.411 20.101 19.790 19.480 19.170 18.860 18.550 18.241 17.931 17.621 17.311 17.002 16.692 16.383 16.073 15.764 15.455 15.145 14.836 14.527 14.218 13.909 13.600 13.291 12.982 12.673 12.364 12.056 11.747 11.438 11.130 10.821 10.513 10.204  9.896  9.587  9.279  8.971  8.662  8.354  8.046  7.738  7.429  7.121  6.813  6.505  6.197  5.889  5.581  5.273  4.965  4.657  4.349  4.042  3.734  3.426  3.118  2.810  2.502  2.195  1.887  1.579  1.271  0.963  0.656  0.348 
23.530 23.219 22.908 22.598 22.287 21.976 21.666 21.355 21.045 20.735 20.424 20.114 19.804 19.494 19.183 18.873 18.563 18.254 17.944 17.634 17.324 17.014 16.705 16.395 16.085 15.776 15.467 15.157 14.848 14.538 14.229 13.920 13.611 13.302 12.993 12.684 12.375 12.066 11.757 11.448 11.139 10.830 10.522 10.213  9.904  9.596  9.287  8.978  8.670  8.361  8.053  7.744  7.436  7.128  6.819  6.511  6.203  5.894  5.586  5.278  4.970  4.662  4.353  4.045  3.737  3.429  3.121  2.813  2.505  2.197  1.888  1.580  1.272  0.964  0.656  0.348 
23.543 23.232 22.921 22.610 22.299 21.989 21.678 21.368 21.057 20.747 20.436 20.126 19.816 19.506 19.195 18.885 18.575 18.265 17.955 17.645 17.335 17.026 16.716 16.406 16.096 15.787 15.477 15.168 14.858 14.549 14.239 13.930 13.621 13.311 13.002 12.693 12.384 12.075 11.766 11.457 11.148 10.839 10.530 10.221  9.912  9.603  9.294  8.985  8.677  8.368  8.059  7.751  7.442  7.133  6.825  6.516  6.208  5.899  5.591  5.282  4.974  4.665  4.357  4.049  3.740  3.432  3.123  2.815  2.507  2.198  1.890  1.582  1.273  0.965  0.657  0.348 
23.554 23.243 22.932 22.622 22.311 22.000 21.690 21.379 21.068 20.758 20.448 20.137 19.827 19.517 19.206 18.896 18.586 18.276 17.966 17.656 17.346 17.036 16.726 16.416 16.106 15.797 15.487 15.177 14.868 14.558 14.249 13.939 13.630 13.320 13.011 12.701 12.392 12.083 11.774 11.464 11.155 10.846 10.537 10.228  9.919  9.610  9.301  8.992  8.683  8.374  8.065  7.756  7.447  7.139  6.830  6.521  6.212  5.904  5.595  5.286  4.977  4.669  4.360  4.052  3.743  3.434  3.126  2.817  2.509  2.200  1.891  1.583  1.274  0.966  0.657  0.349 
23.564 23.253 22.943 22.632 22.321 22.010 21.700 21.389 21.079 20.768 20.458 20.147 19.837 19.526 19.216 18.906 18.596 18.286 17.975 17.665 17.355 17.045 16.735 16.425 16.116 15.806 15.496 15.186 14.876 14.567 14.257 13.947 13.638 13.328 13.019 12.709 12.400 12.090 11.781 11.472 11.162 10.853 10.544 10.234  9.925  9.616  9.307  8.998  8.689  8.379  8.070  7.761  7.452  7.143  6.834  6.525  6.216  5.908  5.599  5.290  4.981  4.672  4.363  4.054  3.745  3.437  3.128  2.819  2.510  2.202  1.893  1.584  1.275  0.966  0.658  0.349 
23.574 23.263 22.952 22.641 22.330 22.020 21.709 21.398 21.088 20.777 20.467 20.156 19.846 19.536 19.225 18.915 18.605 18.294 17.984 17.674 17.364 17.054 16.744 16.434 16.124 15.814 15.504 15.194 14.884 14.574 14.265 13.955 13.645 13.335 13.026 12.716 12.407 12.097 11.788 11.478 11.169 10.859 10.550 10.240  9.931  9.622  9.312  9.003  8.694  8.384  8.075  7.766  7.457  7.148  6.838  6.529  6.220  5.911  5.602  5.293  4.984  4.675  4.366  4.057  3.748  3.439  3.130  2.821  2.512  2.203  1.894  1.585  1.276  0.967  0.658  0.349 
23.582 23.271 22.960 22.650 22.339 22.028 21.718 21.407 21.096 20.786 20.475 20.165 19.854 19.544 19.233 18.923 18.613 18.302 17.992 17.682 17.372 17.062 16.751 16.441 16.131 15.821 15.511 15.201 14.891 14.581 14.272 13.962 13.652 13.342 13.032 12.723 12.413 12.103 11.794 11.484 11.174 10.865 10.555 10.246  9.936  9.627  9.317  9.008  8.698  8.389  8.080  7.770  7.461  7.152  6.842  6.533  6.224  5.914  5.605  5.296  4.987  4.677  4.368  4.059  3.750  3.441  3.132  2.822  2.513  2.204  1.895  1.586  1.277  0.968  0.658  0.349 
23.590 23.279 22.968 22.657 22.347 22.036 21.725 21.415 21.104 20.793 20.483 20.172 19.862 19.551 19.241 18.930 18.620 18.310 17.999 17.689 17.379 17.069 16.758 16.448 16.138 15.828 15.518 15.208 14.898 14.588 14.278 13.968 13.658 13.348 13.038 12.728 12.419 12.109 11.799 11.489 11.180 10.870 10.560 10.251  9.941  9.631  9.322  9.012  8.703  8.393  8.084  7.774  7.465  7.155  6.846  6.536  6.227  5.917  5.608  5.299  4.989  4.680  4.371  4.061  3.752  3.443  3.133  2.824  2.515  2.205  1.896  1.587  1.277  0.968  0.659  0.350 
23.597 23.286 22.975 22.664 22.354 22.043 21.732 21.422 21.111 20.800 20.490 20.179 19.869 19.558 19.248 18.937 18.627 18.316 18.006 17.696 17.385 17.075 16.765 16.454 16.144 15.834 15.524 15.214 14.904 14.594 14.284 13.974 13.664 13.354 13.044 12.734 12.424 12.114 11.804 11.494 11.184 10.875 10.565 10.255  9.945  9.636  9.326  9.016  8.706  8.397  8.087  7.778  7.468  7.158  6.849  6.539  6.230  5.920  5.611  5.301  4.992  4.682  4.373  4.063  3.754  3.444  3.135  2.825  2.516  2.206  1.897  1.587  1.278  0.969  0.659  0.350 
23.603 23.292 22.982 22.671 22.360 22.049 21.739 21.428 21.117 20.807 20.496 20.185 19.875 19.564 19.254 18.943 18.633 18.322 18.012 17.701 17.391 17.081 16.770 16.460 16.150 15.840 15.529 15.219 14.909 14.599 14.289 13.979 13.669 13.359 13.049 12.739 12.429 12.119 11.809 11.499 11.189 10.879 10.569 10.259  9.949  9.639  9.330  9.020  8.710  8.400  8.090  7.781  7.471  7.161  6.852  6.542  6.232  5.923  5.613  5.303  4.994  4.684  4.374  4.065  3.755  3.446  3.136  2.826  2.517  2.207  1.898  1.588  1.279  0.969  0.659  0.350 
23.609 23.298 22.987 22.677 22.366 22.055 21.744 21.434 21.123 20.812 20.502 20.191 19.880 19.570 19.259 18.949 18.638 18.328 18.017 17.707 17.396 17.086 16.776 16.465 16.155 15.845 15.534 15.224 14.914 14.604 14.294 13.983 13.673 13.363 13.053 12.743 12.433 12.123 11.813 11.503 11.193 10.883 10.573 10.263  9.953  9.643  9.333  9.023  8.713  8.403  8.093  7.784  7.474  7.164  6.854  6.544  6.235  5.925  5.615  5.305  4.996  4.686  4.376  4.066  3.757  3.447  3.137  2.828  2.518  2.208  1.898  1.589  1.279  0.969  0.660  0.350 
23.614 23.303 22.992 22.681 22.371 22.060 21.749 21.438 21.127 20.816 20.505 20.194 19.883 19.572 19.261 18.950 18.639 18.327 18.016 17.704 17.392 17.080 16.768 16.455 16.142 15.829 15.515 15.201 14.886 14.570 14.254 13.937 13.619 13.300 12.980 12.659 12.337 12.013 11.688 11.360 11.031 10.700 10.367 10.031  9.693  9.352  9.009  8.662  8.312  7.959  7.602  7.242  6.878  6.510  6.138  5.763  5.383  4.999  4.612  4.221  3.826  3.427  3.025  2.620  2.212  1.802  1.389  0.974  0.558  0.140 -0.236 -0.625 -1.013 -1.398 -1.781 -2.160 
23.576 23.265 22.953 22.642 22.329 22.017 21.703 21.390 21.076 20.761 20.446 20.131 19.814 19.498 19.181 18.863 18.544 18.225 17.905 17.585 17.263 16.941 16.618 16.294 15.970 15.644 15.317 14.990 14.661 14.331 14.000 13.668 13.334 13.000 12.664 12.327 11.988 11.649 11.308 10.965 10.622 10.277  9.930  9.583  9.234  8.884  8.533  8.180  7.827  7.473  7.118  6.762  6.406  6.050  5.693  5.336  4.979  4.622  4.266  3.910  3.554  3.200  2.845  2.492  2.140  1.789  1.438  1.089  0.740  0.393  0.047 -0.144 -0.230 -0.299 -0.362 -0.420 
23.445 23.134 22.822 22.509 22.196 21.882 21.567 21.252 20.936 20.619 20.302 19.983 19.664 19.345 19.025 18.704 18.382 18.060 17.737 17.413 17.088 16.763 16.438 16.111 15.784 15.456 15.128 14.799 14.470 14.140 13.809 13.478 13.147 12.815 12.483 12.151 11.818 11.486 11.153 10.821 10.489 10.157  9.826  9.496  9.166  8.838  8.512  8.187  7.864  7.544  7.227  6.912  6.602  6.295  5.993  5.695  5.403  5.117  4.837  4.564  4.297  4.039  3.788  3.545  3.311  3.086  2.869  2.662  2.463  2.274  2.093  1.922  1.759  1.604  1.458  1.320 
23.307 22.996 22.684 22.372 22.060 21.747 21.434 21.120 20.807 20.492 20.178 19.863 19.548 19.233 18.917 18.601 18.286 17.970 17.654 17.338 17.023 16.707 16.392 16.077 15.762 15.448 15.135 14.822 14.509 14.198 13.887 13.578 13.269 12.962 12.656 12.352 12.049 11.748 11.448 11.151 10.856 10.563 10.272  9.984  9.699  9.416  9.137  8.860  8.587  8.318  8.052  7.790  7.532  7.278  7.028  6.782  6.542  6.306  6.075  5.849  5.628  5.413  5.204  5.000  4.802  4.610  4.424  4.245  4.073  3.907  3.747  3.595  3.450  3.313  3.183  3.060 
23.288 22.978 22.667 22.357 22.047 21.738 21.428 21.120 20.811 20.503 20.195 19.888 19.581 19.275 18.969 18.664 18.359 18.056 17.753 17.450 17.149 16.849 16.549 16.251 15.954 15.658 15.363 15.070 14.778 14.488 14.199 13.912 13.627 13.344 13.062 12.783 12.507 12.232 11.960 11.691 11.424 11.160 10.899 10.641 10.386 10.135  9.886  9.642  9.401  9.164  8.931  8.702  8.477  8.256  8.040  7.829  7.622  7.420  7.224  7.032  6.846  6.666  6.491  6.322  6.159  6.002  5.851  5.706  5.569  5.437  5.313  5.196  5.086  4.983  4.888  4.800 
23.432 23.121 22.812 22.503 22.196 21.890 21.584 21.280 20.977 20.674 20.373 20.073 19.774 19.477 19.180 18.885 18.591 18.298 18.007 17.717 17.429 17.142 16.857 16.573 16.291 16.011 15.733 15.456 15.181 14.908 14.637 14.368 14.102 13.837 13.575 13.314 13.057 12.801 12.548 12.297 12.049 11.803 11.560 11.319 11.081 10.845 10.612 10.382 10.154  9.929  9.706  9.486  9.269  9.054  8.841  8.631  8.423  8.218  8.014  7.813  7.614  7.417  7.222  7.028  6.836  6.646  6.457  6.270  6.084  5.898  5.714  5.530  5.347  5.164  4.982  4.800 
23.710 23.400 23.091 22.784 22.478 22.173 21.871 21.569 21.269 20.971 20.674 20.378 20.084 19.792 19.501 19.211 18.923 18.637 18.352 18.069 17.788 17.508 17.230 16.953 16.679 16.405 16.134 15.864 15.597 15.330 15.066 14.803 14.543 14.284 14.026 13.771 13.517 13.265 13.015 12.767 12.521 12.276 12.033 11.792 11.553 11.315 11.079 10.845 10.613 10.382 10.152  9.925  9.699  9.474  9.251  9.029  8.808  8.589  8.371  8.155  7.939  7.725  7.512  7.299  7.088  6.877  6.667  6.458  6.249  6.041  5.834  5.626  5.420  5.213  5.006  4.800 
24.052 23.742 23.433 23.126 22.821 22.517 22.215 21.914 21.615 21.318 21.022 20.727 20.435 20.143 19.854 19.566 19.279 18.995 18.711 18.430 18.150 17.871 17.594 17.319 17.045 16.773 16.502 16.233 15.965 15.699 15.435 15.172 14.911 14.651 14.392 14.136 13.880 13.626 13.374 13.123 12.873 12.625 12.378 12.133 11.889 11.646 11.404 11.164 10.925 10.687 10.450 10.215  9.980  9.747  9.515  9.283  9.053  8.824  8.595  8.367  8.140  7.914  7.689  7.464  7.240  7.016  6.793  6.570  6.348  6.126  5.905  5.684  5.462  5.242  5.021  4.800 
24.402 24.092 23.784 23.477 23.171 22.867 22.565 22.264 21.965 21.667 21.371 21.076 20.783 20.491 20.201 19.912 19.625 19.339 19.055 18.772 18.491 18.211 17.933 17.656 17.381 17.107 16.834 16.563 16.293 16.025 15.758 15.492 15.228 14.965 14.703 14.443 14.184 13.926 13.669 13.414 13.159 12.906 12.655 12.404 12.154 11.906 11.658 11.412 11.166 10.922 10.678 10.436 10.194  9.953  9.713  9.474  9.235  8.997  8.760  8.524  8.288  8.053  7.818  7.584  7.350  7.117  6.884  6.652  6.420  6.188  5.956  5.725  5.493  5.262  5.031  4.800 
24.737 24.427 24.119 23.811 23.505 23.201 22.898 22.597 22.297 21.998 21.701 21.405 21.111 20.818 20.526 20.236 19.947 19.660 19.374 19.089 18.806 18.524 18.243 17.964 17.686 17.409 17.134 16.860 16.587 16.315 16.045 15.776 15.508 15.241 14.975 14.711 14.447 14.185 13.924 13.664 13.405 13.147 12.890 12.634 12.379 12.125 11.872 11.619 11.368 11.117 10.867 10.618 10.370 10.123  9.876  9.630  9.384  9.139  8.895  8.651  8.408  8.165  7.923  7.681  7.439  7.198  6.957  6.717  6.477  6.237  5.997  5.757  5.518  5.279  5.039  4.800 
25.048 24.738 24.429 24.122 23.815 23.510 23.207 22.905 22.604 22.304 22.006 21.709 21.413 21.119 20.826 20.534 20.243 19.954 19.666 19.379 19.093 18.809 18.526 18.244 17.963 17.684 17.405 17.128 16.852 16.577 16.303 16.030 15.759 15.488 15.218 14.950 14.682 14.416 14.150 13.886 13.622 13.359 13.097 12.836 12.576 12.317 12.058 11.800 11.544 11.287 11.032 10.777 10.523 10.269 10.016  9.764  9.512  9.261  9.010  8.760  8.510  8.261  8.012  7.764  7.516  7.268  7.020  6.773  6.526  6.279  6.032  5.785  5.539  5.293  5.046  4.800 
25.333 25.023 24.714 24.406 24.099 23.794 23.490 23.187 22.885 22.584 22.285 21.986 21.689 21.394 21.099 20.805 20.513 20.222 19.932 19.643 19.355 19.068 18.783 18.498 18.215 17.932 17.651 17.371 17.092 16.813 16.536 16.260 15.985 15.710 15.437 15.165 14.893 14.623 14.353 14.084 13.816 13.549 13.282 13.017 12.752 12.488 12.225 11.962 11.700 11.439 11.178 10.918 10.658 10.399 10.141  9.883  9.626  9.369  9.113  8.857  8.601  8.346  8.091  7.837  7.583  7.329  7.075  6.822  6.569  6.316  6.063  5.810  5.557  5.305  5.052  4.800 
25.592 25.282 24.973 24.665 24.358 24.052 23.747 23.443 23.141 22.839 22.539 22.239 21.941 21.644 21.347 21.052 20.758 20.465 20.173 19.882 19.592 19.304 19.016 18.729 18.443 18.158 17.874 17.591 17.309 17.027 16.747 16.468 16.189 15.912 15.635 15.359 15.084 14.809 14.536 14.263 13.991 13.720 13.449 13.179 12.910 12.642 12.374 12.107 11.840 11.574 11.309 11.044 10.780 10.516 10.253  9.990  9.728  9.466  9.204  8.943  8.683  8.422  8.162  7.902  7.643  7.384  7.125  6.866  6.607  6.349  6.090  5.832  5.574  5.316  5.058  4.800 
25.828 25.518 25.208 24.900 24.592 24.286 23.981 23.676 23.373 23.070 22.769 22.469 22.169 21.871 21.573 21.277 20.981 20.686 20.393 20.100 19.808 19.517 19.227 18.938 18.650 18.362 18.076 17.790 17.505 17.221 16.938 16.656 16.374 16.094 15.814 15.534 15.256 14.978 14.701 14.425 14.149 13.874 13.600 13.326 13.053 12.781 12.509 12.238 11.967 11.697 11.427 11.158 10.890 10.622 10.354 10.087  9.820  9.553  9.287  9.021  8.756  8.491  8.226  7.961  7.697  7.433  7.169  6.905  6.642  6.378  6.115  5.852  5.589  5.326  5.063  4.800 
26.042 25.731 25.422 25.113 24.805 24.499 24.193 23.888 23.584 23.280 22.978 22.677 22.376 22.077 21.778 21.480 21.183 20.887 20.591 20.297 20.003 19.711 19.419 19.127 18.837 18.547 18.259 17.971 17.683 17.397 17.111 16.826 16.542 16.259 15.976 15.694 15.412 15.131 14.851 14.572 14.293 14.014 13.737 13.460 13.183 12.907 12.631 12.357 12.082 11.808 11.535 11.262 10.989 10.717 10.445 10.174  9.903  9.632  9.362  9.092  8.822  8.553  8.283  8.015  7.746  7.477  7.209  6.941  6.673  6.405  6.138  5.870  5.602  5.335  5.067  4.800 
26.236 25.925 25.615 25.307 24.999 24.691 24.385 24.080 23.775 23.471 23.168 22.866 22.564 22.263 21.963 21.664 21.366 21.069 20.772 20.476 20.180 19.886 19.592 19.299 19.007 18.715 18.425 18.134 17.845 17.556 17.268 16.981 16.694 16.408 16.123 15.838 15.553 15.270 14.987 14.704 14.422 14.141 13.860 13.580 13.300 13.021 12.742 12.464 12.186 11.909 11.632 11.355 11.079 10.803 10.528 10.253  9.978  9.704  9.429  9.156  8.882  8.609  8.336  8.063  7.790  7.518  7.246  6.973  6.701  6.430  6.158  5.886  5.615  5.343  5.071  4.800 
26.411 26.101 25.791 25.482 25.174 24.866 24.560 24.253 23.948 23.644 23.340 23.037 22.734 22.433 22.132 21.832 21.532 21.233 20.935 20.638 20.341 20.045 19.750 19.455 19.161 18.868 18.575 18.283 17.991 17.701 17.410 17.121 16.832 16.543 16.256 15.968 15.682 15.395 15.110 14.825 14.540 14.256 13.972 13.689 13.407 13.124 12.843 12.561 12.280 12.000 11.720 11.440 11.160 10.881 10.603 10.324 10.046  9.768  9.491  9.213  8.936  8.660  8.383  8.107  7.830  7.554  7.278  7.003  6.727  6.452  6.176  5.901  5.626  5.350  5.075  4.800 
26.571 26.260 25.950 25.641 25.333 25.025 24.718 24.411 24.105 23.800 23.496 23.192 22.889 22.586 22.284 21.983 21.683 21.383 21.083 20.785 20.487 20.189 19.892 19.596 19.301 19.006 18.711 18.417 18.124 17.832 17.539 17.248 16.957 16.666 16.376 16.087 15.798 15.509 15.221 14.934 14.647 14.360 14.074 13.788 13.503 13.218 12.934 12.649 12.366 12.082 11.799 11.517 11.234 10.952 10.671 10.389 10.108  9.827  9.546  9.266  8.986  8.706  8.426  8.146  7.867  7.588  7.308  7.029  6.750  6.472  6.193  5.914  5.636  5.357  5.079  4.800 
26.715 26.405 26.095 25.785 25.477 25.168 24.861 24.554 24.248 23.942 23.637 23.333 23.029 22.725 22.423 22.121 21.819 21.518 21.218 20.918 20.619 20.320 20.022 19.724 19.427 19.131 18.835 18.539 18.245 17.950 17.656 17.363 17.070 16.778 16.486 16.194 15.903 15.613 15.322 15.033 14.743 14.455 14.166 13.878 13.590 13.303 13.016 12.729 12.443 12.157 11.872 11.586 11.301 11.016 10.732 10.448 10.164  9.880  9.597  9.313  9.030  8.747  8.465  8.182  7.900  7.618  7.335  7.053  6.772  6.490  6.208  5.926  5.645  5.363  5.082  4.800 
26.846 26.536 26.225 25.916 25.607 25.299 24.991 24.684 24.377 24.071 23.765 23.460 23.155 22.851 22.548 22.245 21.943 21.641 21.339 21.039 20.738 20.439 20.139 19.840 19.542 19.244 18.947 18.650 18.354 18.058 17.762 17.467 17.173 16.879 16.585 16.292 15.999 15.706 15.414 15.122 14.831 14.540 14.250 13.959 13.670 13.380 13.091 12.802 12.513 12.225 11.937 11.649 11.362 11.075 10.788 10.501 10.215  9.928  9.642  9.356  9.071  8.785  8.500  8.215  7.930  7.645  7.360  7.075  6.791  6.506  6.222  5.937  5.653  5.369  5.084  4.800 
26.965 26.654 26.344 26.035 25.725 25.417 25.109 24.801 24.494 24.187 23.881 23.576 23.270 22.966 22.662 22.358 22.055 21.752 21.450 21.148 20.847 20.546 20.246 19.946 19.646 19.347 19.048 18.750 18.453 18.155 17.858 17.562 17.266 16.970 16.675 16.380 16.085 15.791 15.497 15.204 14.911 14.618 14.325 14.033 13.741 13.450 13.159 12.868 12.577 12.287 11.996 11.707 11.417 11.128 10.838 10.549 10.261  9.972  9.684  9.396  9.107  8.820  8.532  8.244  7.957  7.669  7.382  7.095  6.808  6.521  6.234  5.947  5.660  5.374  5.087  4.800 
27.072 26.762 26.452 26.142 25.833 25.524 25.215 24.908 24.600 24.293 23.986 23.680 23.375 23.069 22.765 22.460 22.156 21.853 21.550 21.247 20.945 20.643 20.342 20.041 19.740 19.440 19.141 18.841 18.542 18.244 17.945 17.648 17.350 17.053 16.756 16.460 16.164 15.868 15.572 15.277 14.983 14.688 14.394 14.100 13.806 13.513 13.220 12.927 12.635 12.342 12.050 11.758 11.467 11.175 10.884 10.593 10.302 10.012  9.721  9.431  9.141  8.851  8.561  8.271  7.981  7.692  7.402  7.113  6.824  6.534  6.245  5.956  5.667  5.378  5.089  4.800 
27.170 26.859 26.549 26.239 25.930 25.621 25.312 25.004 24.696 24.389 24.082 23.775 23.469 23.163 22.858 22.553 22.249 21.944 21.641 21.337 21.034 20.732 20.429 20.127 19.826 19.525 19.224 18.924 18.623 18.324 18.024 17.725 17.426 17.128 16.830 16.532 16.235 15.938 15.641 15.344 15.048 14.752 14.456 14.161 13.865 13.570 13.276 12.981 12.687 12.393 12.099 11.805 11.512 11.219 10.926 10.633 10.340 10.048  9.755  9.463  9.171  8.879  8.587  8.295  8.004  7.712  7.421  7.129  6.838  6.547  6.256  5.964  5.673  5.382  5.091  4.800 
27.259 26.948 26.637 26.328 26.018 25.709 25.400 25.092 24.783 24.476 24.168 23.861 23.555 23.249 22.943 22.637 22.332 22.027 21.723 21.419 21.115 20.812 20.509 20.206 19.903 19.601 19.300 18.998 18.697 18.396 18.096 17.796 17.496 17.196 16.897 16.598 16.299 16.001 15.703 15.405 15.107 14.810 14.512 14.216 13.919 13.622 13.326 13.030 12.734 12.439 12.143 11.848 11.553 11.258 10.963 10.669 10.374 10.080  9.786  9.492  9.198  8.904  8.611  8.317  8.024  7.731  7.437  7.144  6.851  6.558  6.265  5.972  5.679  5.386  5.093  4.800 
27.339 27.028 26.718 26.408 26.098 25.789 25.480 25.171 24.863 24.555 24.247 23.940 23.633 23.326 23.020 22.714 22.408 22.102 21.797 21.493 21.188 20.884 20.580 20.277 19.974 19.671 19.368 19.066 18.764 18.462 18.161 17.860 17.559 17.258 16.958 16.658 16.358 16.058 15.759 15.460 15.161 14.862 14.564 14.265 13.967 13.669 13.372 13.074 12.777 12.480 12.183 11.887 11.590 11.294 10.998 10.701 10.405 10.110  9.814  9.518  9.223  8.928  8.632  8.337  8.042  7.747  7.452  7.157  6.863  6.568  6.273  5.978  5.684  5.389  5.095  4.800 
