27.016 26.705 26.394 26.083 25.773 25.462 25.151 24.840 24.529 24.218 23.907 23.596 23.285 22.974 22.664 22.353 22.042 21.731 21.420 21.109 20.798 20.487 20.176 19.865 19.554 19.243 18.932 18.621 18.310 17.999 17.688 17.377 17.065 16.754 16.443 16.131 15.820 15.508 15.197 14.885 14.573 14.261 13.949 13.637 13.325 13.013 12.700 12.387 12.074 11.761 11.448 11.134 10.820 10.505 10.191  9.876  9.561  9.245  8.929  8.612  8.295  7.977  7.659  7.340  7.020  6.700  6.380  6.058  5.736  5.412  5.088  4.764  4.438  4.111  3.783  3.454 
27.014 26.703 26.392 26.081 25.770 25.459 25.148 24.837 24.526 24.215 23.904 23.592 23.281 22.970 22.658 22.347 22.036 21.724 21.413 21.101 20.789 20.478 20.166 19.854 19.542 19.230 18.917 18.605 18.293 17.980 17.667 17.355 17.042 16.728 16.415 16.101 15.788 15.474 15.160 14.845 14.530 14.216 13.900 13.585 13.269 12.953 12.636 12.319 12.002 11.685 11.366 11.048 10.729 10.409 10.090  9.769  9.448  9.126  8.804  8.481  8.158  7.834  7.509  7.183  6.857  6.529  6.201  5.873  5.543  5.212  4.881  4.548  4.215  3.881  3.545  3.209 
27.001 26.690 26.379 26.068 25.757 25.446 25.134 24.823 24.511 24.200 23.888 23.576 23.264 22.952 22.640 22.327 22.015 21.702 21.389 21.077 20.764 20.450 20.137 19.823 19.510 19.196 18.882 18.567 18.253 17.938 17.623 17.308 16.993 16.677 16.361 16.044 15.728 15.411 15.094 14.776 14.458 14.140 13.821 13.502 13.182 12.862 12.542 12.221 11.899 11.578 11.255 10.932 10.609 10.284  9.960  9.634  9.308  8.982  8.654  8.326  7.997  7.668  7.338  7.006  6.675  6.342  6.008  5.674  5.338  5.002  4.665  4.326  3.987  3.647  3.305  2.963 
26.973 26.662 26.351 26.039 25.728 25.416 25.104 24.792 24.480 24.168 23.855 23.543 23.230 22.917 22.603 22.290 21.976 21.662 21.348 21.034 20.719 20.404 20.089 19.774 19.458 19.142 18.826 18.510 18.193 17.876 17.559 17.241 16.923 16.604 16.286 15.967 15.647 15.327 15.007 14.686 14.365 14.043 13.721 13.398 13.075 12.752 12.428 12.103 11.778 11.452 11.125 10.798 10.471 10.142  9.813  9.484  9.153  8.822  8.490  8.158  7.824  7.490  7.155  6.819  6.483  6.145  5.807  5.467  5.127  4.786  4.444  4.100  3.756  3.411  3.065  2.717 
26.926 26.615 26.304 25.992 25.681 25.369 25.056 24.744 24.431 24.118 23.805 23.491 23.177 22.863 22.549 22.234 21.919 21.604 21.289 20.973 20.657 20.340 20.023 19.706 19.389 19.071 18.753 18.434 18.115 17.796 17.476 17.156 16.836 16.515 16.193 15.872 15.549 15.227 14.903 14.580 14.255 13.931 13.605 13.280 12.953 12.626 12.299 11.970 11.642 11.312 10.982 10.651 10.320  9.988  9.655  9.322  8.987  8.652  8.316  7.980  7.642  7.304  6.965  6.625  6.284  5.942  5.600  5.256  4.912  4.566  4.219  3.872  3.523  3.174  2.823  2.471 
26.862 26.551 26.240 25.928 25.616 25.304 24.991 24.678 24.365 24.051 23.737 23.422 23.108 22.793 22.477 22.162 21.845 21.529 21.212 20.895 20.577 20.259 19.941 19.622 19.303 18.983 18.663 18.343 18.022 17.700 17.378 17.056 16.733 16.410 16.086 15.762 15.437 15.112 14.786 14.459 14.132 13.805 13.477 13.148 12.819 12.488 12.158 11.827 11.495 11.162 10.829 10.494 10.160  9.824  9.488  9.151  8.813  8.474  8.135  7.795  7.454  7.112  6.769  6.425  6.081  5.735  5.389  5.041  4.693  4.343  3.993  3.642  3.289  2.936  2.581  2.226 
26.781 26.470 26.159 25.847 25.535 25.222 24.909 24.595 24.282 23.967 23.653 23.337 23.022 22.706 22.390 22.073 21.756 21.438 21.120 20.801 20.483 20.163 19.843 19.523 19.202 18.881 18.559 18.237 17.914 17.590 17.267 16.942 16.617 16.292 15.966 15.639 15.312 14.984 14.656 14.327 13.998 13.667 13.337 13.005 12.673 12.340 12.007 11.673 11.338 11.002 10.666 10.329  9.991  9.652  9.313  8.973  8.632  8.290  7.947  7.604  7.259  6.914  6.568  6.221  5.873  5.524  5.174  4.823  4.471  4.119  3.765  3.410  3.054  2.697  2.339  1.980 
26.685 26.374 26.063 25.751 25.438 25.125 24.812 24.498 24.183 23.869 23.553 23.238 22.921 22.605 22.287 21.970 21.651 21.333 21.014 20.694 20.374 20.053 19.732 19.410 19.088 18.765 18.441 18.117 17.793 17.468 17.142 16.816 16.489 16.162 15.834 15.505 15.176 14.846 14.515 14.184 13.852 13.520 13.187 12.853 12.518 12.183 11.847 11.510 11.173 10.834 10.495 10.155  9.815  9.473  9.131  8.788  8.444  8.100  7.754  7.407  7.060  6.712  6.363  6.013  5.661  5.309  4.957  4.603  4.248  3.892  3.535  3.177  2.818  2.458  2.097  1.734 
26.575 26.264 25.953 25.640 25.328 25.015 24.701 24.387 24.072 23.756 23.441 23.124 22.807 22.490 22.172 21.853 21.534 21.214 20.894 20.573 20.252 19.930 19.608 19.285 18.961 18.637 18.312 17.986 17.660 17.334 17.006 16.679 16.350 16.021 15.691 15.360 15.029 14.697 14.365 14.032 13.698 13.363 13.028 12.691 12.355 12.017 11.679 11.340 11.000 10.659 10.318  9.975  9.632  9.288  8.943  8.598  8.251  7.904  7.556  7.206  6.856  6.505  6.154  5.801  5.447  5.092  4.736  4.380  4.022  3.663  3.303  2.942  2.581  2.218  1.854  1.489 
26.453 26.142 25.830 25.518 25.205 24.891 24.577 24.263 23.947 23.632 23.315 22.998 22.681 22.363 22.044 21.725 21.405 21.084 20.763 20.441 20.119 19.796 19.472 19.148 18.823 18.498 18.172 17.845 17.517 17.189 16.860 16.531 16.201 15.870 15.538 15.206 14.873 14.540 14.205 13.870 13.534 13.198 12.860 12.522 12.183 11.844 11.503 11.162 10.820 10.477 10.133  9.789  9.443  9.097  8.750  8.402  8.053  7.704  7.353  7.001  6.649  6.295  5.941  5.586  5.229  4.872  4.514  4.154  3.794  3.433  3.070  2.707  2.343  1.977  1.611  1.243 
26.319 26.008 25.696 25.383 25.070 24.757 24.442 24.127 23.812 23.496 23.179 22.861 22.543 22.224 21.905 21.585 21.264 20.943 20.621 20.298 19.975 19.651 19.327 19.001 18.675 18.349 18.021 17.693 17.365 17.035 16.705 16.374 16.043 15.710 15.377 15.044 14.709 14.374 14.038 13.701 13.363 13.025 12.686 12.346 12.005 11.664 11.321 10.978 10.634 10.289  9.944  9.597  9.250  8.901  8.552  8.202  7.851  7.499  7.146  6.792  6.438  6.082  5.725  5.368  5.009  4.649  4.289  3.927  3.565  3.201  2.836  2.471  2.104  1.736  1.367  0.997 
26.174 25.863 25.551 25.239 24.925 24.612 24.297 23.982 23.666 23.349 23.032 22.714 22.396 22.076 21.756 21.436 21.114 20.792 20.470 20.146 19.822 19.497 19.172 18.845 18.518 18.191 17.862 17.533 17.203 16.873 16.541 16.209 15.876 15.543 15.208 14.873 14.537 14.200 13.863 13.525 13.185 12.845 12.505 12.163 11.821 11.477 11.133 10.788 10.443 10.096  9.748  9.400  9.051  8.700  8.349  7.997  7.644  7.290  6.936  6.580  6.223  5.865  5.507  5.147  4.786  4.425  4.062  3.698  3.334  2.968  2.601  2.233  1.865  1.495  1.124  0.751 
26.020 25.709 25.397 25.085 24.771 24.457 24.142 23.827 23.511 23.194 22.876 22.558 22.239 21.919 21.598 21.277 20.955 20.633 20.309 19.985 19.660 19.334 19.008 18.681 18.353 18.024 17.695 17.365 17.034 16.702 16.370 16.036 15.702 15.368 15.032 14.696 14.358 14.020 13.681 13.342 13.001 12.660 12.317 11.974 11.630 11.286 10.940 10.594 10.246  9.898  9.549  9.199  8.848  8.496  8.143  7.789  7.434  7.079  6.722  6.364  6.006  5.646  5.286  4.924  4.562  4.198  3.834  3.468  3.101  2.734  2.365  1.995  1.625  1.253  0.880  0.506 
25.858 25.547 25.235 24.922 24.608 24.294 23.979 23.663 23.347 23.030 22.712 22.393 22.074 21.753 21.432 21.111 20.788 20.465 20.141 19.816 19.490 19.164 18.837 18.509 18.180 17.851 17.520 17.189 16.858 16.525 16.191 15.857 15.522 15.186 14.849 14.512 14.173 13.834 13.494 13.153 12.811 12.468 12.125 11.780 11.435 11.089 10.742 10.394 10.045  9.695  9.344  8.993  8.640  8.287  7.932  7.577  7.221  6.863  6.505  6.146  5.786  5.425  5.062  4.699  4.335  3.970  3.604  3.236  2.868  2.499  2.128  1.757  1.384  1.011  0.636  0.260 
25.688 25.376 25.064 24.751 24.438 24.123 23.808 23.492 23.176 22.858 22.540 22.221 21.901 21.580 21.259 20.937 20.614 20.290 19.965 19.640 19.314 18.987 18.659 18.330 18.001 17.670 17.339 17.007 16.675 16.341 16.007 15.671 15.335 14.998 14.661 14.322 13.982 13.642 13.301 12.959 12.616 12.272 11.927 11.581 11.235 10.887 10.539 10.190  9.840  9.489  9.136  8.783  8.430  8.075  7.719  7.362  7.004  6.646  6.286  5.925  5.563  5.201  4.837  4.472  4.106  3.740  3.372  3.003  2.633  2.262  1.890  1.517  1.143  0.768  0.392  0.014 
25.510 25.199 24.887 24.574 24.260 23.946 23.630 23.314 22.997 22.680 22.361 22.042 21.721 21.400 21.079 20.756 20.432 20.108 19.783 19.457 19.130 18.803 18.474 18.145 17.815 17.484 17.152 16.819 16.486 16.151 15.816 15.480 15.143 14.805 14.467 14.127 13.787 13.445 13.103 12.760 12.416 12.071 11.725 11.378 11.031 10.682 10.332  9.982  9.631  9.278  8.925  8.571  8.216  7.859  7.502  7.144  6.785  6.425  6.064  5.702  5.339  4.975  4.610  4.244  3.877  3.509  3.140  2.770  2.399  2.027  1.655  1.281  0.906  0.530  0.153 -0.231 
25.326 25.015 24.703 24.390 24.076 23.762 23.446 23.130 22.813 22.495 22.176 21.856 21.536 21.214 20.892 20.569 20.245 19.920 19.595 19.268 18.941 18.613 18.284 17.954 17.623 17.291 16.959 16.626 16.291 15.956 15.620 15.283 14.945 14.606 14.266 13.926 13.584 13.241 12.898 12.553 12.208 11.862 11.514 11.166 10.816 10.466 10.115  9.762  9.409  9.054  8.698  8.342  7.984  7.625  7.265  6.904  6.542  6.179  5.814  5.449  5.082  4.714  4.346  3.976  3.604  3.232  2.859  2.484  2.108  1.731  1.353  0.974  0.594  0.213 -0.170 -0.477 
25.136 24.825 24.512 24.199 23.885 23.571 23.255 22.938 22.621 22.303 21.984 21.664 21.343 21.021 20.698 20.375 20.050 19.725 19.399 19.071 18.743 18.414 18.085 17.754 17.422 17.090 16.756 16.422 16.087 15.750 15.413 15.075 14.736 14.396 14.055 13.714 13.371 13.027 12.683 12.337 11.991 11.643 11.295 10.946 10.596 10.245  9.893  9.540  9.186  8.831  8.476  8.119  7.762  7.403  7.044  6.684  6.323  5.961  5.599  5.235  4.870  4.505  4.138  3.769  3.400  3.028  2.655  2.279  1.901  1.520  1.136  0.749  0.360 -0.033 -0.368 -0.723 
24.938 24.627 24.315 24.001 23.687 23.373 23.057 22.740 22.422 22.104 21.784 21.464 21.143 20.821 20.498 20.174 19.849 19.523 19.196 18.869 18.540 18.211 17.880 17.549 17.217 16.883 16.549 16.214 15.878 15.541 15.203 14.864 14.524 14.183 13.841 13.498 13.154 12.809 12.463 12.116 11.768 11.418 11.068 10.717 10.365 10.012  9.657  9.302  8.946  8.589  8.230  7.871  7.510  7.149  6.787  6.424  6.059  5.694  5.328  4.961  4.593  4.225  3.856  3.485  3.115  2.743  2.371  1.998  1.625  1.251  0.876  0.502  0.126 -0.211 -0.590 -0.969 
24.734 24.422 24.110 23.797 23.483 23.168 22.852 22.535 22.217 21.898 21.578 21.258 20.936 20.614 20.290 19.966 19.641 19.314 18.987 18.659 18.330 18.000 17.669 17.337 17.004 16.671 16.336 16.000 15.664 15.326 14.988 14.648 14.308 13.966 13.624 13.280 12.936 12.591 12.244 11.897 11.548 11.199 10.848 10.496 10.143  9.789  9.434  9.078  8.720  8.362  8.002  7.640  7.278  6.914  6.549  6.182  5.814  5.445  5.074  4.703  4.329  3.955  3.579  3.202  2.824  2.445  2.065  1.684  1.303  0.920  0.538  0.154 -0.172 -0.519 -0.866 -1.214 
24.524 24.212 23.900 23.587 23.272 22.957 22.641 22.324 22.006 21.687 21.367 21.046 20.724 20.401 20.078 19.753 19.427 19.100 18.773 18.444 18.114 17.784 17.452 17.120 16.786 16.451 16.116 15.779 15.442 15.103 14.764 14.424 14.082 13.740 13.396 13.052 12.707 12.360 12.013 11.665 11.315 10.965 10.614 10.262  9.909  9.555  9.200  8.844  8.487  8.130  7.771  7.412  7.052  6.691  6.329  5.966  5.603  5.238  4.873  4.507  4.140  3.773  3.404  3.034  2.662  2.289  1.913  1.535  1.154  0.769  0.381 -0.011 -0.353 -0.720 -1.089 -1.460 
24.308 23.997 23.684 23.371 23.057 22.741 22.425 22.108 21.790 21.471 21.151 20.829 20.507 20.184 19.860 19.535 19.209 18.882 18.554 18.225 17.895 17.564 17.232 16.899 16.565 16.230 15.894 15.557 15.219 14.880 14.540 14.198 13.856 13.513 13.168 12.823 12.477 12.129 11.780 11.431 11.080 10.728 10.375 10.021  9.666  9.310  8.953  8.595  8.236  7.876  7.515  7.152  6.789  6.425  6.060  5.694  5.327  4.959  4.591  4.222  3.851  3.480  3.109  2.737  2.364  1.990  1.616  1.241  0.866  0.490  0.114 -0.220 -0.591 -0.962 -1.334 -1.706 
24.087 23.776 23.464 23.150 22.836 22.521 22.204 21.887 21.569 21.249 20.929 20.608 20.285 19.962 19.638 19.312 18.986 18.659 18.331 18.001 17.671 17.340 17.007 16.674 16.340 16.005 15.668 15.331 14.993 14.653 14.313 13.972 13.629 13.286 12.941 12.596 12.249 11.901 11.553 11.203 10.852 10.499 10.146  9.792  9.436  9.079  8.721  8.361  8.001  7.639  7.276  6.911  6.545  6.178  5.809  5.439  5.068  4.696  4.322  3.947  3.571  3.194  2.816  2.437  2.057  1.677  1.295  0.913  0.531  0.148 -0.182 -0.535 -0.888 -1.242 -1.596 -1.951 
23.863 23.552 23.239 22.926 22.612 22.296 21.980 21.662 21.344 21.024 20.704 20.382 20.060 19.736 19.411 19.086 18.759 18.431 18.103 17.773 17.442 17.110 16.777 16.444 16.109 15.773 15.436 15.098 14.759 14.419 14.078 13.736 13.392 13.048 12.703 12.357 12.010 11.662 11.313 10.962 10.611 10.259  9.906  9.552  9.197  8.841  8.485  8.127  7.768  7.409  7.048  6.687  6.325  5.962  5.598  5.233  4.868  4.501  4.133  3.764  3.394  3.022  2.648  2.273  1.895  1.515  1.133  0.747  0.359 -0.038 -0.375 -0.733 -1.097 -1.462 -1.829 -2.197 
23.635 23.324 23.011 22.698 22.383 22.068 21.751 21.434 21.115 20.796 20.475 20.153 19.831 19.507 19.182 18.856 18.529 18.201 17.872 17.542 17.211 16.879 16.546 16.212 15.877 15.540 15.203 14.864 14.525 14.184 13.842 13.500 13.156 12.811 12.465 12.118 11.769 11.420 11.069 10.718 10.365 10.012  9.657  9.301  8.944  8.586  8.227  7.867  7.506  7.144  6.781  6.417  6.052  5.686  5.319  4.952  4.583  4.214  3.844  3.473  3.101  2.729  2.356  1.983  1.609  1.234  0.859  0.483  0.107 -0.227 -0.595 -0.963 -1.333 -1.702 -2.072 -2.443 
23.403 23.092 22.779 22.466 22.151 21.836 21.519 21.201 20.883 20.563 20.242 19.920 19.597 19.273 18.949 18.623 18.296 17.968 17.638 17.308 16.977 16.645 16.312 15.977 15.642 15.306 14.968 14.630 14.290 13.949 13.608 13.265 12.921 12.576 12.230 11.883 11.534 11.185 10.834 10.482 10.129  9.775  9.420  9.063  8.705  8.346  7.985  7.624  7.261  6.896  6.531  6.164  5.795  5.426  5.055  4.683  4.310  3.936  3.560  3.184  2.807  2.428  2.049  1.669  1.288  0.907  0.526  0.144 -0.187 -0.544 -0.900 -1.257 -1.614 -1.972 -2.330 -2.689 
23.168 22.857 22.544 22.231 21.916 21.601 21.284 20.966 20.647 20.327 20.006 19.684 19.361 19.037 18.712 18.386 18.058 17.730 17.401 17.070 16.739 16.406 16.072 15.738 15.402 15.065 14.727 14.389 14.049 13.708 13.366 13.024 12.680 12.336 11.990 11.644 11.297 10.949 10.601 10.252  9.902  9.551  9.201  8.849  8.497  8.145  7.792  7.440  7.087  6.734  6.381  6.028  5.675  5.322  4.970  4.618  4.267  3.915  3.565  3.215  2.865  2.517  2.169  1.822  1.477  1.137  0.808  0.497  0.212 -0.043 -0.186 -0.282 -0.372 -0.460 -0.547 -0.631 
22.938 22.627 22.314 22.001 21.687 21.372 21.056 20.738 20.420 20.102 19.782 19.461 19.139 18.817 18.494 18.169 17.844 17.518 17.192 16.864 16.536 16.207 15.878 15.547 15.217 14.885 14.553 14.220 13.887 13.554 13.220 12.885 12.551 12.216 11.881 11.545 11.210 10.874 10.539 10.203  9.868  9.532  9.198  8.863  8.529  8.195  7.862  7.529  7.197  6.866  6.535  6.206  5.878  5.551  5.225  4.901  4.578  4.258  3.939  3.622  3.308  2.996  2.686  2.379  2.075  1.773  1.474  1.177  0.882  0.589  0.298  0.008 -0.139 -0.207 -0.269 -0.331 
22.755 22.444 22.132 21.820 21.507 21.193 20.878 20.563 20.248 19.931 19.614 19.297 18.979 18.660 18.341 18.021 17.701 17.381 17.060 16.738 16.416 16.094 15.772 15.449 15.126 14.802 14.479 14.155 13.832 13.508 13.184 12.860 12.537 12.213 11.890 11.566 11.243 10.921 10.599 10.277  9.956  9.635  9.315  8.995  8.676  8.358  8.041  7.725  7.410  7.096  6.783  6.471  6.161  5.852  5.544  5.238  4.934  4.631  4.330  4.030  3.733  3.437  3.143  2.852  2.562  2.274  1.987  1.703  1.420  1.139  0.859  0.581  0.304  0.029 -0.111 -0.168 
22.646 22.335 22.024 21.712 21.400 21.088 20.775 20.462 20.149 19.835 19.522 19.208 18.893 18.579 18.264 17.949 17.634 17.319 17.004 16.689 16.373 16.058 15.742 15.427 15.111 14.796 14.481 14.166 13.851 13.536 13.222 12.907 12.594 12.280 11.967 11.655 11.343 11.031 10.721 10.410 10.101  9.793  9.485  9.178  8.872  8.568  8.264  7.962  7.661  7.361  7.063  6.767  6.472  6.179  5.888  5.599  5.312  5.028  4.745  4.465  4.187  3.911  3.638  3.368  3.100  2.834  2.570  2.309  2.050  1.792  1.537  1.283  1.030  0.779  0.528  0.278 
22.609 22.298 21.987 21.676 21.365 21.054 20.743 20.433 20.122 19.811 19.500 19.189 18.879 18.568 18.258 17.947 17.637 17.327 17.017 16.708 16.398 16.089 15.780 15.471 15.163 14.855 14.548 14.240 13.934 13.627 13.322 13.016 12.711 12.407 12.104 11.801 11.498 11.197 10.896 10.596 10.296  9.997  9.699  9.402  9.106  8.811  8.516  8.222  7.929  7.637  7.346  7.056  6.767  6.478  6.191  5.904  5.618  5.333  5.049  4.765  4.482  4.201  3.919  3.639  3.359  3.080  2.801  2.523  2.245  1.968  1.691  1.414  1.138  0.862  0.586  0.310 
22.636 22.325 22.014 21.704 21.394 21.084 20.774 20.465 20.156 19.847 19.538 19.230 18.922 18.614 18.306 17.999 17.692 17.385 17.079 16.772 16.467 16.161 15.856 15.551 15.247 14.943 14.640 14.336 14.034 13.731 13.430 13.128 12.827 12.527 12.227 11.927 11.628 11.329 11.031 10.734 10.437 10.140  9.844  9.548  9.253  8.959  8.665  8.371  8.078  7.786  7.494  7.202  6.911  6.621  6.331  6.041  5.752  5.463  5.175  4.887  4.600  4.313  4.026  3.739  3.453  3.167  2.882  2.597  2.311  2.027  1.742  1.457  1.173  0.889  0.605  0.320 
22.698 22.387 22.077 21.767 21.457 21.147 20.838 20.530 20.221 19.913 19.605 19.298 18.990 18.684 18.377 18.071 17.765 17.460 17.154 16.850 16.545 16.241 15.937 15.634 15.331 15.028 14.726 14.424 14.123 13.822 13.521 13.220 12.920 12.621 12.321 12.022 11.724 11.426 11.128 10.831 10.534 10.237  9.941  9.645  9.349  9.054  8.759  8.465  8.170  7.877  7.583  7.290  6.997  6.705  6.412  6.120  5.829  5.537  5.246  4.955  4.665  4.374  4.084  3.794  3.505  3.215  2.926  2.636  2.347  2.058  1.769  1.480  1.192  0.903  0.614  0.326 
22.772 22.462 22.151 21.841 21.532 21.222 20.913 20.605 20.296 19.988 19.681 19.373 19.066 18.760 18.454 18.148 17.842 17.537 17.232 16.927 16.623 16.319 16.015 15.712 15.409 15.107 14.805 14.503 14.201 13.900 13.599 13.298 12.998 12.698 12.399 12.099 11.800 11.502 11.203 10.905 10.608 10.310 10.013  9.716  9.420  9.123  8.827  8.532  8.236  7.941  7.646  7.351  7.057  6.762  6.468  6.174  5.881  5.587  5.294  5.001  4.708  4.415  4.123  3.830  3.538  3.246  2.954  2.662  2.370  2.078  1.787  1.495  1.204  0.912  0.621  0.329 
22.848 22.537 22.227 21.917 21.607 21.298 20.989 20.680 20.372 20.063 19.756 19.448 19.141 18.834 18.528 18.222 17.916 17.611 17.306 17.001 16.696 16.392 16.088 15.785 15.481 15.178 14.876 14.573 14.271 13.969 13.668 13.367 13.066 12.765 12.465 12.165 11.865 11.566 11.267 10.968 10.669 10.370 10.072  9.774  9.477  9.179  8.882  8.585  8.288  7.991  7.695  7.399  7.103  6.807  6.511  6.216  5.921  5.625  5.330  5.036  4.741  4.446  4.152  3.858  3.563  3.269  2.975  2.681  2.387  2.094  1.800  1.506  1.212  0.919  0.625  0.332 
22.920 22.609 22.299 21.989 21.679 21.369 21.060 20.751 20.443 20.135 19.827 19.519 19.212 18.905 18.598 18.292 17.985 17.680 17.374 17.069 16.764 16.459 16.155 15.851 15.547 15.243 14.940 14.637 14.334 14.032 13.730 13.428 13.126 12.825 12.524 12.223 11.922 11.622 11.322 11.022 10.722 10.423 10.123  9.824  9.525  9.227  8.928  8.630  8.332  8.034  7.736  7.439  7.141  6.844  6.547  6.250  5.954  5.657  5.360  5.064  4.768  4.472  4.176  3.880  3.584  3.288  2.992  2.697  2.401  2.106  1.810  1.515  1.220  0.924  0.629  0.334 
22.987 22.676 22.366 22.056 21.746 21.436 21.127 20.818 20.509 20.201 19.892 19.584 19.277 18.969 18.662 18.356 18.049 17.743 17.437 17.131 16.826 16.521 16.216 15.911 15.607 15.303 14.999 14.695 14.392 14.089 13.786 13.483 13.181 12.878 12.576 12.275 11.973 11.672 11.371 11.070 10.769 10.469 10.168  9.868  9.568  9.269  8.969  8.670  8.370  8.071  7.773  7.474  7.175  6.877  6.578  6.280  5.982  5.684  5.386  5.089  4.791  4.494  4.196  3.899  3.602  3.304  3.007  2.710  2.413  2.116  1.819  1.523  1.226  0.929  0.632  0.335 
23.048 22.737 22.427 22.117 21.807 21.497 21.188 20.878 20.570 20.261 19.953 19.644 19.336 19.029 18.721 18.414 18.107 17.801 17.494 17.188 16.882 16.577 16.271 15.966 15.661 15.356 15.052 14.748 14.444 14.140 13.836 13.533 13.230 12.927 12.624 12.321 12.019 11.717 11.415 11.113 10.812 10.510 10.209  9.908  9.607  9.306  9.006  8.705  8.405  8.105  7.805  7.505  7.205  6.906  6.606  6.307  6.008  5.709  5.410  5.111  4.812  4.513  4.214  3.916  3.617  3.319  3.020  2.722  2.424  2.126  1.827  1.529  1.231  0.933  0.635  0.337 
23.104 22.794 22.483 22.173 21.863 21.553 21.243 20.934 20.625 20.316 20.007 19.699 19.391 19.083 18.775 18.468 18.161 17.854 17.547 17.240 16.934 16.628 16.322 16.016 15.711 15.405 15.100 14.796 14.491 14.186 13.882 13.578 13.274 12.971 12.667 12.364 12.061 11.758 11.455 11.152 10.850 10.548 10.246  9.944  9.642  9.340  9.039  8.737  8.436  8.135  7.834  7.533  7.232  6.932  6.631  6.331  6.031  5.730  5.430  5.130  4.830  4.531  4.231  3.931  3.631  3.332  3.032  2.733  2.433  2.134  1.835  1.535  1.236  0.937  0.637  0.338 
23.155 22.845 22.534 22.224 21.914 21.604 21.294 20.985 20.675 20.366 20.057 19.749 19.440 19.132 18.824 18.516 18.209 17.902 17.594 17.287 16.981 16.674 16.368 16.062 15.756 15.450 15.144 14.839 14.534 14.229 13.924 13.619 13.315 13.010 12.706 12.402 12.098 11.795 11.491 11.188 10.885 10.582 10.279  9.976  9.673  9.371  9.069  8.766  8.464  8.162  7.860  7.559  7.257  6.955  6.654  6.353  6.051  5.750  5.449  5.148  4.847  4.546  4.246  3.945  3.644  3.344  3.043  2.742  2.442  2.142  1.841  1.541  1.240  0.940  0.640  0.339 
23.202 22.891 22.581 22.270 21.960 21.650 21.340 21.031 20.721 20.412 20.103 19.794 19.485 19.177 18.869 18.561 18.253 17.945 17.638 17.330 17.023 16.716 16.410 16.103 15.797 15.490 15.184 14.878 14.573 14.267 13.962 13.657 13.351 13.047 12.742 12.437 12.133 11.828 11.524 11.220 10.916 10.613 10.309 10.005  9.702  9.399  9.096  8.793  8.490  8.187  7.884  7.582  7.279  6.977  6.675  6.372  6.070  5.768  5.466  5.164  4.862  4.561  4.259  3.957  3.656  3.354  3.053  2.751  2.450  2.148  1.847  1.546  1.244  0.943  0.642  0.340 
23.244 22.933 22.623 22.312 22.002 21.692 21.382 21.072 20.763 20.454 20.144 19.835 19.526 19.218 18.909 18.601 18.293 17.985 17.677 17.370 17.062 16.755 16.448 16.141 15.834 15.527 15.221 14.914 14.608 14.302 13.996 13.691 13.385 13.079 12.774 12.469 12.164 11.859 11.554 11.250 10.945 10.641 10.336 10.032  9.728  9.424  9.120  8.817  8.513  8.209  7.906  7.603  7.299  6.996  6.693  6.390  6.087  5.784  5.482  5.179  4.876  4.574  4.271  3.969  3.666  3.364  3.061  2.759  2.457  2.155  1.852  1.550  1.248  0.946  0.644  0.341 
23.283 22.972 22.661 22.351 22.040 21.730 21.420 21.110 20.801 20.491 20.182 19.873 19.564 19.255 18.946 18.638 18.329 18.021 17.713 17.405 17.097 16.790 16.482 16.175 15.868 15.561 15.254 14.947 14.640 14.334 14.028 13.721 13.415 13.109 12.804 12.498 12.192 11.887 11.581 11.276 10.971 10.666 10.361 10.056  9.752  9.447  9.143  8.838  8.534  8.230  7.926  7.622  7.318  7.014  6.710  6.406  6.103  5.799  5.496  5.192  4.889  4.585  4.282  3.979  3.676  3.373  3.069  2.766  2.463  2.160  1.857  1.554  1.251  0.948  0.645  0.342 
23.318 23.007 22.696 22.386 22.075 21.765 21.455 21.145 20.835 20.526 20.216 19.907 19.598 19.289 18.980 18.671 18.362 18.054 17.746 17.437 17.129 16.821 16.514 16.206 15.898 15.591 15.284 14.977 14.670 14.363 14.056 13.749 13.443 13.137 12.830 12.524 12.218 11.912 11.606 11.300 10.995 10.689 10.384 10.079  9.773  9.468  9.163  8.858  8.553  8.248  7.944  7.639  7.335  7.030  6.726  6.421  6.117  5.813  5.508  5.204  4.900  4.596  4.292  3.988  3.684  3.381  3.077  2.773  2.469  2.165  1.862  1.558  1.254  0.951  0.647  0.343 
23.349 23.039 22.728 22.417 22.107 21.797 21.487 21.177 20.867 20.557 20.247 19.938 19.628 19.319 19.010 18.701 18.392 18.084 17.775 17.467 17.158 16.850 16.542 16.234 15.926 15.619 15.311 15.004 14.696 14.389 14.082 13.775 13.468 13.161 12.855 12.548 12.241 11.935 11.629 11.323 11.016 10.710 10.404 10.099  9.793  9.487  9.182  8.876  8.571  8.265  7.960  7.655  7.350  7.045  6.740  6.435  6.130  5.825  5.520  5.215  4.911  4.606  4.301  3.997  3.692  3.388  3.083  2.779  2.474  2.170  1.866  1.561  1.257  0.953  0.648  0.344 
23.378 23.067 22.757 22.446 22.136 21.825 21.515 21.205 20.895 20.585 20.276 19.966 19.657 19.347 19.038 18.729 18.420 18.111 17.802 17.493 17.185 16.876 16.568 16.260 15.952 15.644 15.336 15.028 14.721 14.413 14.105 13.798 13.491 13.184 12.877 12.570 12.263 11.956 11.649 11.343 11.036 10.730 10.423 10.117  9.811  9.505  9.198  8.892  8.587  8.281  7.975  7.669  7.364  7.058  6.752  6.447  6.141  5.836  5.531  5.225  4.920  4.615  4.310  4.005  3.699  3.394  3.089  2.784  2.479  2.174  1.869  1.564  1.259  0.954  0.650  0.345 
23.405 23.094 22.783 22.472 22.162 21.852 21.541 21.231 20.921 20.611 20.301 19.992 19.682 19.372 19.063 18.754 18.445 18.136 17.827 17.518 17.209 16.900 16.592 16.283 15.975 15.667 15.359 15.050 14.743 14.435 14.127 13.819 13.512 13.204 12.897 12.589 12.282 11.975 11.668 11.361 11.054 10.747 10.440 10.134  9.827  9.520  9.214  8.907  8.601  8.295  7.988  7.682  7.376  7.070  6.764  6.458  6.152  5.846  5.540  5.234  4.929  4.623  4.317  4.012  3.706  3.400  3.095  2.789  2.484  2.178  1.873  1.567  1.262  0.956  0.651  0.345 
23.428 23.118 22.807 22.496 22.186 21.875 21.565 21.255 20.945 20.635 20.325 20.015 19.705 19.396 19.086 18.777 18.467 18.158 17.849 17.540 17.231 16.922 16.613 16.305 15.996 15.687 15.379 15.071 14.763 14.454 14.146 13.838 13.530 13.223 12.915 12.607 12.300 11.992 11.685 11.377 11.070 10.763 10.456 10.149  9.842  9.535  9.228  8.921  8.614  8.307  8.001  7.694  7.387  7.081  6.774  6.468  6.162  5.855  5.549  5.243  4.936  4.630  4.324  4.018  3.712  3.406  3.100  2.794  2.488  2.182  1.876  1.570  1.264  0.958  0.652  0.346 
23.450 23.139 22.829 22.518 22.207 21.897 21.587 21.276 20.966 20.656 20.346 20.036 19.726 19.416 19.107 18.797 18.488 18.178 17.869 17.560 17.251 16.942 16.633 16.324 16.015 15.706 15.398 15.089 14.781 14.472 14.164 13.856 13.548 13.240 12.931 12.624 12.316 12.008 11.700 11.392 11.085 10.777 10.470 10.162  9.855  9.548  9.240  8.933  8.626  8.319  8.012  7.705  7.398  7.091  6.784  6.477  6.170  5.864  5.557  5.250  4.944  4.637  4.330  4.024  3.717  3.411  3.104  2.798  2.491  2.185  1.878  1.572  1.266  0.959  0.653  0.346 
23.470 23.159 22.848 22.538 22.227 21.917 21.606 21.296 20.986 20.675 20.365 20.055 19.745 19.435 19.126 18.816 18.506 18.197 17.887 17.578 17.269 16.960 16.651 16.341 16.032 15.724 15.415 15.106 14.797 14.489 14.180 13.872 13.563 13.255 12.947 12.638 12.330 12.022 11.714 11.406 11.098 10.790 10.483 10.175  9.867  9.559  9.252  8.944  8.637  8.329  8.022  7.715  7.407  7.100  6.793  6.486  6.178  5.871  5.564  5.257  4.950  4.643  4.336  4.029  3.722  3.415  3.108  2.801  2.495  2.188  1.881  1.574  1.267  0.960  0.654  0.347 
23.488 23.177 22.866 22.556 22.245 21.934 21.624 21.314 21.003 20.693 20.383 20.073 19.763 19.453 19.143 18.833 18.523 18.214 17.904 17.595 17.285 16.976 16.667 16.357 16.048 15.739 15.430 15.121 14.812 14.503 14.195 13.886 13.577 13.269 12.960 12.652 12.343 12.035 11.727 11.419 11.110 10.802 10.494 10.186  9.878  9.570  9.262  8.954  8.647  8.339  8.031  7.723  7.416  7.108  6.801  6.493  6.186  5.878  5.571  5.263  4.956  4.649  4.341  4.034  3.727  3.419  3.112  2.805  2.498  2.190  1.883  1.576  1.269  0.962  0.654  0.347 
23.504 23.193 22.883 22.572 22.261 21.951 21.640 21.330 21.019 20.709 20.399 20.089 19.779 19.469 19.159 18.849 18.539 18.229 17.919 17.610 17.300 16.991 16.681 16.372 16.063 15.753 15.444 15.135 14.826 14.517 14.208 13.899 13.590 13.281 12.973 12.664 12.355 12.047 11.738 11.430 11.121 10.813 10.505 10.196  9.888  9.580  9.272  8.964  8.656  8.348  8.040  7.732  7.424  7.116  6.808  6.500  6.192  5.884  5.577  5.269  4.961  4.654  4.346  4.038  3.731  3.423  3.115  2.808  2.500  2.193  1.885  1.578  1.270  0.963  0.655  0.348 
23.519 23.208 22.897 22.587 22.276 21.965 21.655 21.344 21.034 20.724 20.413 20.103 19.793 19.483 19.173 18.863 18.553 18.243 17.933 17.624 17.314 17.004 16.695 16.385 16.076 15.766 15.457 15.148 14.838 14.529 14.220 13.911 13.602 13.293 12.984 12.675 12.366 12.058 11.749 11.440 11.131 10.823 10.514 10.206  9.897  9.589  9.280  8.972  8.664  8.355  8.047  7.739  7.431  7.123  6.814  6.506  6.198  5.890  5.582  5.274  4.966  4.658  4.350  4.042  3.734  3.426  3.118  2.811  2.503  2.195  1.887  1.579  1.271  0.964  0.656  0.348 
23.532 23.222 22.911 22.600 22.289 21.979 21.668 21.358 21.047 20.737 20.427 20.116 19.806 19.496 19.186 18.876 18.566 18.256 17.946 17.636 17.326 17.016 16.707 16.397 16.088 15.778 15.469 15.159 14.850 14.540 14.231 13.922 13.613 13.303 12.994 12.685 12.376 12.067 11.758 11.449 11.141 10.832 10.523 10.214  9.906  9.597  9.288  8.980  8.671  8.363  8.054  7.746  7.437  7.129  6.820  6.512  6.204  5.895  5.587  5.279  4.970  4.662  4.354  4.046  3.738  3.429  3.121  2.813  2.505  2.197  1.889  1.581  1.273  0.964  0.656  0.348 
23.545 23.234 22.923 22.612 22.302 21.991 21.680 21.370 21.059 20.749 20.439 20.128 19.818 19.508 19.197 18.887 18.577 18.267 17.957 17.647 17.337 17.028 16.718 16.408 16.098 15.789 15.479 15.169 14.860 14.551 14.241 13.932 13.622 13.313 13.004 12.695 12.385 12.076 11.767 11.458 11.149 10.840 10.531 10.222  9.913  9.604  9.295  8.987  8.678  8.369  8.060  7.752  7.443  7.134  6.826  6.517  6.209  5.900  5.591  5.283  4.974  4.666  4.358  4.049  3.741  3.432  3.124  2.815  2.507  2.199  1.890  1.582  1.274  0.965  0.657  0.348 
23.556 23.245 22.934 22.623 22.313 22.002 21.691 21.381 21.070 20.760 20.449 20.139 19.829 19.518 19.208 18.898 18.588 18.278 17.968 17.658 17.348 17.038 16.728 16.418 16.108 15.798 15.489 15.179 14.869 14.560 14.250 13.941 13.631 13.322 13.012 12.703 12.394 12.084 11.775 11.466 11.157 10.847 10.538 10.229  9.920  9.611  9.302  8.993  8.684  8.375  8.066  7.757  7.448  7.139  6.831  6.522  6.213  5.904  5.596  5.287  4.978  4.669  4.361  4.052  3.743  3.435  3.126  2.818  2.509  2.200  1.892  1.583  1.274  0.966  0.657  0.349 
23.566 23.255 22.944 22.634 22.323 22.012 21.702 21.391 21.080 20.770 20.459 20.149 19.839 19.528 19.218 18.908 18.597 18.287 17.977 17.667 17.357 17.047 16.737 16.427 16.117 15.807 15.497 15.188 14.878 14.568 14.258 13.949 13.639 13.330 13.020 12.710 12.401 12.092 11.782 11.473 11.163 10.854 10.545 10.235  9.926  9.617  9.308  8.999  8.690  8.380  8.071  7.762  7.453  7.144  6.835  6.526  6.217  5.908  5.599  5.290  4.981  4.673  4.364  4.055  3.746  3.437  3.128  2.819  2.511  2.202  1.893  1.584  1.275  0.967  0.658  0.349 
23.575 23.264 22.954 22.643 22.332 22.021 21.711 21.400 21.089 20.779 20.468 20.158 19.847 19.537 19.227 18.916 18.606 18.296 17.986 17.675 17.365 17.055 16.745 16.435 16.125 15.815 15.505 15.195 14.886 14.576 14.266 13.956 13.646 13.337 13.027 12.717 12.408 12.098 11.789 11.479 11.170 10.860 10.551 10.241  9.932  9.623  9.313  9.004  8.695  8.385  8.076  7.767  7.458  7.148  6.839  6.530  6.221  5.912  5.603  5.294  4.984  4.675  4.366  4.057  3.748  3.439  3.130  2.821  2.512  2.203  1.894  1.585  1.276  0.967  0.658  0.349 
23.584 23.273 22.962 22.651 22.340 22.030 21.719 21.408 21.098 20.787 20.477 20.166 19.856 19.545 19.235 18.924 18.614 18.304 17.993 17.683 17.373 17.063 16.753 16.443 16.133 15.822 15.512 15.202 14.893 14.583 14.273 13.963 13.653 13.343 13.033 12.724 12.414 12.104 11.795 11.485 11.175 10.866 10.556 10.247  9.937  9.628  9.318  9.009  8.699  8.390  8.080  7.771  7.462  7.152  6.843  6.534  6.224  5.915  5.606  5.296  4.987  4.678  4.369  4.059  3.750  3.441  3.132  2.823  2.514  2.204  1.895  1.586  1.277  0.968  0.659  0.349 
23.591 23.280 22.970 22.659 22.348 22.037 21.727 21.416 21.105 20.795 20.484 20.173 19.863 19.552 19.242 18.932 18.621 18.311 18.001 17.690 17.380 17.070 16.760 16.449 16.139 15.829 15.519 15.209 14.899 14.589 14.279 13.969 13.659 13.349 13.039 12.729 12.420 12.110 11.800 11.490 11.180 10.871 10.561 10.251  9.942  9.632  9.323  9.013  8.703  8.394  8.084  7.775  7.465  7.156  6.846  6.537  6.227  5.918  5.608  5.299  4.990  4.680  4.371  4.062  3.752  3.443  3.133  2.824  2.515  2.205  1.896  1.587  1.277  0.968  0.659  0.350 
23.598 23.287 22.976 22.666 22.355 22.044 21.733 21.423 21.112 20.801 20.491 20.180 19.870 19.559 19.249 18.938 18.628 18.317 18.007 17.697 17.386 17.076 16.766 16.456 16.145 15.835 15.525 15.215 14.905 14.595 14.285 13.975 13.665 13.355 13.045 12.735 12.425 12.115 11.805 11.495 11.185 10.875 10.566 10.256  9.946  9.636  9.327  9.017  8.707  8.397  8.088  7.778  7.469  7.159  6.849  6.540  6.230  5.921  5.611  5.301  4.992  4.682  4.373  4.063  3.754  3.444  3.135  2.825  2.516  2.206  1.897  1.588  1.278  0.969  0.659  0.350 
23.604 23.294 22.983 22.672 22.361 22.050 21.740 21.429 21.118 20.808 20.497 20.186 19.876 19.565 19.255 18.944 18.634 18.323 18.013 17.702 17.392 17.082 16.771 16.461 16.151 15.841 15.530 15.220 14.910 14.600 14.290 13.980 13.669 13.359 13.049 12.739 12.429 12.119 11.809 11.499 11.189 10.880 10.570 10.260  9.950  9.640  9.330  9.020  8.711  8.401  8.091  7.781  7.472  7.162  6.852  6.542  6.233  5.923  5.613  5.304  4.994  4.684  4.375  4.065  3.755  3.446  3.136  2.827  2.517  2.207  1.898  1.588  1.279  0.969  0.659  0.350 
23.610 23.299 22.988 22.678 22.367 22.056 21.745 21.435 21.124 20.813 20.503 20.192 19.881 19.571 19.260 18.950 18.639 18.329 18.018 17.708 17.397 17.087 16.777 16.466 16.156 15.846 15.535 15.225 14.915 14.605 14.294 13.984 13.674 13.364 13.054 12.744 12.434 12.123 11.813 11.503 11.193 10.883 10.573 10.263  9.953  9.643  9.334  9.024  8.714  8.404  8.094  7.784  7.474  7.164  6.855  6.545  6.235  5.925  5.615  5.306  4.996  4.686  4.376  4.067  3.757  3.447  3.137  2.828  2.518  2.208  1.899  1.589  1.279  0.969  0.660  0.350 
23.615 23.304 22.994 22.683 22.372 22.061 21.750 21.440 21.129 20.818 20.508 20.197 19.886 19.576 19.265 18.955 18.644 18.334 18.023 17.713 17.402 17.092 16.781 16.471 16.160 15.850 15.540 15.229 14.919 14.609 14.299 13.988 13.678 13.368 13.058 12.748 12.437 12.127 11.817 11.507 11.197 10.887 10.577 10.267  9.957  9.647  9.337  9.027  8.717  8.407  8.097  7.787  7.477  7.167  6.857  6.547  6.237  5.927  5.617  5.307  4.998  4.688  4.378  4.068  3.758  3.448  3.138  2.829  2.519  2.209  1.899  1.589  1.280  0.970  0.660  0.350 
23.620 23.309 22.998 22.688 22.377 22.066 21.755 21.444 21.134 20.823 20.512 20.202 19.891 19.580 19.270 18.959 18.649 18.338 18.027 17.717 17.406 17.096 16.785 16.475 16.165 15.854 15.544 15.233 14.923 14.613 14.302 13.992 13.682 13.372 13.061 12.751 12.441 12.131 11.820 11.510 11.200 10.890 10.580 10.270  9.960  9.649  9.339  9.029  8.719  8.409  8.099  7.789  7.479  7.169  6.859  6.549  6.239  5.929  5.619  5.309  4.999  4.689  4.379  4.069  3.759  3.449  3.139  2.830  2.520  2.210  1.900  1.590  1.280  0.970  0.660  0.350 
23.624 23.314 23.003 22.692 22.381 22.070 21.759 21.449 21.138 20.827 20.516 20.206 19.895 19.584 19.274 18.963 18.653 18.342 18.031 17.721 17.410 17.100 16.789 16.479 16.168 15.858 15.548 15.237 14.927 14.616 14.306 13.996 13.685 13.375 13.065 12.754 12.444 12.134 11.823 11.513 11.203 10.893 10.583 10.272  9.962  9.652  9.342  9.032  8.722  8.411  8.101  7.791  7.481  7.171  6.861  6.551  6.241  5.931  5.621  5.311  5.000  4.690  4.380  4.070  3.760  3.450  3.140  2.830  2.520  2.210  1.900  1.590  1.280  0.970  0.660  0.350 
23.628 23.317 23.007 22.696 22.385 22.074 21.763 21.453 21.142 20.831 20.520 20.210 19.899 19.588 19.278 18.967 18.656 18.346 18.035 17.725 17.414 17.103 16.793 16.482 16.172 15.861 15.551 15.240 14.930 14.620 14.309 13.999 13.688 13.378 13.068 12.757 12.447 12.137 11.826 11.516 11.206 10.895 10.585 10.275  9.965  9.654  9.344  9.034  8.724  8.413  8.103  7.793  7.483  7.173  6.863  6.552  6.242  5.932  5.622  5.312  5.002  4.692  4.382  4.071  3.761  3.451  3.141  2.831  2.521  2.211  1.901  1.591  1.281  0.971  0.660  0.350 
23.632 23.321 23.010 22.699 22.388 22.078 21.767 21.456 21.145 20.835 20.524 20.213 19.902 19.592 19.281 18.970 18.660 18.349 18.038 17.728 17.417 17.107 16.796 16.486 16.175 15.864 15.554 15.243 14.933 14.622 14.312 14.002 13.691 13.381 13.070 12.760 12.449 12.139 11.829 11.518 11.208 10.898 10.587 10.277  9.967  9.656  9.346  9.036  8.726  8.415  8.105  7.795  7.485  7.174  6.864  6.554  6.244  5.933  5.623  5.313  5.003  4.693  4.383  4.072  3.762  3.452  3.142  2.832  2.522  2.211  1.901  1.591  1.281  0.971  0.661  0.350 
23.635 23.324 23.013 22.702 22.392 22.081 21.770 21.459 21.148 20.838 20.527 20.216 19.905 19.595 19.284 18.973 18.663 18.352 18.041 17.731 17.420 17.110 16.799 16.488 16.178 15.867 15.557 15.246 14.936 14.625 14.315 14.004 13.694 13.383 13.073 12.762 12.452 12.141 11.831 11.521 11.210 10.900 10.589 10.279  9.969  9.658  9.348  9.038  8.727  8.417  8.107  7.796  7.486  7.176  6.866  6.555  6.245  5.935  5.624  5.314  5.004  4.694  4.383  4.073  3.763  3.453  3.143  2.832  2.522  2.212  1.902  1.591  1.281  0.971  0.661  0.351 
23.638 23.327 23.016 22.705 22.395 22.084 21.773 21.462 21.151 20.841 20.530 20.219 19.908 19.598 19.287 18.976 18.665 18.355 18.044 17.733 17.423 17.112 16.802 16.491 16.180 15.870 15.559 15.249 14.938 14.628 14.317 14.006 13.696 13.385 13.075 12.765 12.454 12.144 11.833 11.523 11.212 10.902 10.591 10.281  9.971  9.660  9.350  9.039  8.729  8.419  8.108  7.798  7.488  7.177  6.867  6.557  6.246  5.936  5.626  5.315  5.005  4.695  4.384  4.074  3.764  3.453  3.143  2.833  2.523  2.212  1.902  1.592  1.281  0.971  0.661  0.351 
23.641 23.330 23.019 22.708 22.397 22.086 21.776 21.465 21.154 20.843 20.532 20.222 19.911 19.600 19.289 18.979 18.668 18.357 18.047 17.736 17.425 17.115 16.804 16.493 16.183 15.872 15.562 15.251 14.940 14.630 14.319 14.009 13.698 13.388 13.077 12.767 12.456 12.145 11.835 11.525 11.214 10.904 10.593 10.283  9.972  9.662  9.351  9.041  8.730  8.420  8.110  7.799  7.489  7.178  6.868  6.558  6.247  5.937  5.627  5.316  5.006  4.695  4.385  4.075  3.764  3.454  3.144  2.833  2.523  2.213  1.902  1.592  1.282  0.971  0.661  0.351 
23.643 23.332 23.021 22.710 22.400 22.089 21.778 21.467 21.156 20.846 20.535 20.224 19.913 19.603 19.292 18.981 18.670 18.360 18.049 17.738 17.428 17.117 16.806 16.496 16.185 15.874 15.564 15.253 14.942 14.632 14.321 14.011 13.700 13.389 13.079 12.768 12.458 12.147 11.837 11.526 11.216 10.905 10.595 10.284  9.974  9.663  9.353  9.042  8.732  8.421  8.111  7.800  7.490  7.180  6.869  6.559  6.248  5.938  5.627  5.317  5.007  4.696  4.386  4.075  3.765  3.455  3.144  2.834  2.523  2.213  1.903  1.592  1.282  0.971  0.661  0.351 
23.645 23.334 23.024 22.713 22.402 22.091 21.780 21.469 21.159 20.848 20.537 20.226 19.915 19.605 19.294 18.983 18.672 18.362 18.051 17.740 17.430 17.119 16.808 16.497 16.187 15.876 15.565 15.255 14.944 14.634 14.323 14.012 13.702 13.391 13.081 12.770 12.459 12.149 11.838 11.528 11.217 10.907 10.596 10.286  9.975  9.665  9.354  9.043  8.733  8.422  8.112  7.801  7.491  7.181  6.870  6.560  6.249  5.939  5.628  5.318  5.007  4.697  4.386  4.076  3.766  3.455  3.145  2.834  2.524  2.213  1.903  1.592  1.282  0.972  0.661  0.351 
23.647 23.336 23.026 22.715 22.404 22.093 21.782 21.471 21.161 20.850 20.539 20.228 19.917 19.607 19.296 18.985 18.674 18.364 18.053 17.742 17.431 17.121 16.810 16.499 16.189 15.878 15.567 15.257 14.946 14.635 14.325 14.014 13.703 13.393 13.082 12.771 12.461 12.150 11.840 11.529 11.219 10.908 10.597 10.287  9.976  9.666  9.355  9.045  8.734  8.424  8.113  7.802  7.492  7.181  6.871  6.560  6.250  5.939  5.629  5.318  5.008  4.697  4.387  4.076  3.766  3.456  3.145  2.835  2.524  2.214  1.903  1.593  1.282  0.972  0.661  0.351 
23.649 23.338 23.027 22.717 22.406 22.095 21.784 21.473 21.162 20.852 20.541 20.230 19.919 19.608 19.298 18.987 18.676 18.365 18.055 17.744 17.433 17.122 16.812 16.501 16.190 15.879 15.569 15.258 14.947 14.637 14.326 14.015 13.705 13.394 13.083 12.773 12.462 12.152 11.841 11.530 11.220 10.909 10.599 10.288  9.977  9.667  9.356  9.046  8.735  8.425  8.114  7.803  7.493  7.182  6.872  6.561  6.251  5.940  5.630  5.319  5.009  4.698  4.388  4.077  3.766  3.456  3.145  2.835  2.524  2.214  1.903  1.593  1.282  0.972  0.661  0.351 
23.651 23.340 23.029 22.718 22.407 22.096 21.786 21.475 21.164 20.853 20.542 20.232 19.921 19.610 19.299 18.988 18.678 18.367 18.056 17.745 17.435 17.124 16.813 16.502 16.192 15.881 15.570 15.260 14.949 14.638 14.327 14.017 13.706 13.395 13.085 12.774 12.463 12.153 11.842 11.532 11.221 10.910 10.600 10.289  9.978  9.668  9.357  9.047  8.736  8.425  8.115  7.804  7.494  7.183  6.872  6.562  6.251  5.941  5.630  5.320  5.009  4.699  4.388  4.077  3.767  3.456  3.146  2.835  2.525  2.214  1.904  1.593  1.283  0.972  0.662  0.351 
23.652 23.341 23.030 22.719 22.408 22.097 21.786 21.475 21.164 20.853 20.542 20.231 19.920 19.609 19.297 18.986 18.674 18.363 18.051 17.739 17.427 17.115 16.802 16.489 16.176 15.862 15.548 15.234 14.918 14.603 14.286 13.969 13.651 13.333 13.013 12.692 12.370 12.047 11.722 11.395 11.068 10.738 10.406 10.073  9.737  9.399  9.059  8.716  8.371  8.023  7.673  7.319  6.963  6.604  6.242  5.877  5.509  5.138  4.764  4.388  4.009  3.627  3.242  2.856  2.467  2.076  1.683  1.289  0.894  0.497  0.100 -0.229 -0.541 -0.850 -1.157 -1.460 
23.615 23.303 22.992 22.680 22.368 22.055 21.743 21.429 21.115 20.801 20.487 20.172 19.856 19.540 19.224 18.907 18.589 18.271 17.952 17.633 17.313 16.992 16.671 16.348 16.026 15.702 15.377 15.052 14.726 14.399 14.071 13.742 13.413 13.082 12.750 12.418 12.084 11.750 11.414 11.078 10.741 10.402 10.063  9.723  9.383  9.041  8.699  8.356  8.013  7.669  7.324  6.979  6.634  6.289  5.944  5.599  5.255  4.911  4.568  4.226  3.886  3.547  3.210  2.876  2.544  2.215  1.888  1.565  1.245  0.928  0.614  0.303 -0.006 -0.117 -0.031  0.260 
23.504 23.192 22.881 22.568 22.256 21.942 21.629 21.314 20.999 20.684 20.368 20.051 19.734 19.417 19.099 18.780 18.461 18.142 17.822 17.502 17.182 16.861 16.540 16.218 15.897 15.575 15.253 14.931 14.609 14.287 13.965 13.643 13.322 13.001 12.681 12.361 12.042 11.724 11.406 11.090 10.775 10.462 10.150  9.840  9.531  9.225  8.921  8.620  8.321  8.025  7.732  7.442  7.156  6.874  6.595  6.321  6.050  5.784  5.523  5.267  5.016  4.770  4.530  4.295  4.066  3.843  3.626  3.416  3.212  3.015  2.825  2.641  2.465  2.296  2.134  1.980 
23.420 23.109 22.798 22.487 22.176 21.864 21.553 21.242 20.930 20.618 20.307 19.995 19.684 19.372 19.061 18.750 18.439 18.129 17.818 17.508 17.199 16.890 16.581 16.273 15.966 15.659 15.353 15.048 14.744 14.442 14.140 13.839 13.540 13.242 12.946 12.651 12.358 12.067 11.778 11.491 11.206 10.923 10.643 10.366 10.091  9.818  9.549  9.283  9.020  8.761  8.505  8.253  8.004  7.760  7.519  7.283  7.051  6.824  6.602  6.384  6.171  5.964  5.762  5.566  5.375  5.190  5.011  4.839  4.672  4.513  4.359  4.213  4.074  3.942  3.817  3.700 
23.468 23.157 22.847 22.538 22.229 21.920 21.613 21.305 20.999 20.693 20.387 20.083 19.779 19.476 19.173 18.872 18.571 18.271 17.972 17.674 17.377 17.081 16.786 16.493 16.200 15.909 15.619 15.331 15.044 14.759 14.475 14.192 13.912 13.633 13.356 13.080 12.807 12.536 12.266 11.999 11.733 11.470 11.209 10.950 10.693 10.438 10.186  9.936  9.688  9.442  9.199  8.958  8.719  8.482  8.247  8.015  7.785  7.556  7.330  7.106  6.883  6.663  6.443  6.226  6.010  5.795  5.582  5.370  5.159  4.949  4.739  4.531  4.322  4.115  3.907  3.700 
23.648 23.338 23.028 22.720 22.412 22.106 21.801 21.497 21.193 20.891 20.590 20.290 19.991 19.693 19.396 19.101 18.806 18.513 18.221 17.930 17.640 17.352 17.064 16.778 16.494 16.210 15.928 15.647 15.368 15.090 14.813 14.538 14.264 13.992 13.721 13.451 13.183 12.916 12.651 12.388 12.125 11.864 11.605 11.347 11.091 10.836 10.582 10.330 10.079  9.830  9.582  9.335  9.089  8.845  8.602  8.360  8.120  7.880  7.642  7.404  7.168  6.932  6.697  6.464  6.231  5.998  5.766  5.535  5.305  5.075  4.845  4.616  4.386  4.157  3.929  3.700 
23.896 23.586 23.277 22.969 22.662 22.356 22.052 21.749 21.446 21.146 20.846 20.547 20.250 19.954 19.659 19.365 19.072 18.781 18.491 18.202 17.914 17.627 17.342 17.058 16.775 16.493 16.212 15.933 15.655 15.378 15.102 14.828 14.554 14.282 14.011 13.741 13.472 13.205 12.939 12.673 12.409 12.146 11.884 11.623 11.364 11.105 10.847 10.591 10.335 10.080  9.827  9.574  9.322  9.071  8.821  8.571  8.323  8.075  7.828  7.581  7.335  7.090  6.846  6.601  6.358  6.115  5.872  5.630  5.388  5.146  4.905  4.664  4.422  4.182  3.941  3.700 
24.160 23.849 23.540 23.232 22.926 22.620 22.316 22.012 21.710 21.409 21.109 20.811 20.513 20.217 19.922 19.628 19.335 19.043 18.753 18.463 18.175 17.888 17.602 17.317 17.033 16.750 16.468 16.188 15.908 15.630 15.353 15.076 14.801 14.527 14.254 13.981 13.710 13.440 13.171 12.902 12.635 12.368 12.103 11.838 11.574 11.311 11.049 10.788 10.527 10.268 10.009  9.750  9.493  9.236  8.980  8.724  8.469  8.214  7.961  7.707  7.454  7.202  6.950  6.698  6.447  6.196  5.946  5.695  5.445  5.196  4.946  4.697  4.447  4.198  3.949  3.700 
24.415 24.105 23.796 23.488 23.181 22.875 22.570 22.266 21.964 21.662 21.362 21.062 20.764 20.467 20.171 19.876 19.582 19.289 18.997 18.706 18.417 18.128 17.840 17.554 17.268 16.983 16.700 16.417 16.135 15.854 15.575 15.296 15.018 14.741 14.465 14.189 13.915 13.642 13.369 13.097 12.826 12.556 12.287 12.018 11.750 11.483 11.216 10.950 10.685 10.421 10.157  9.894  9.631  9.369  9.108  8.847  8.586  8.326  8.066  7.807  7.549  7.290  7.032  6.775  6.517  6.260  6.004  5.747  5.491  5.235  4.979  4.723  4.467  4.211  3.956  3.700 
24.654 24.343 24.034 23.726 23.418 23.112 22.807 22.502 22.199 21.897 21.596 21.295 20.996 20.698 20.401 20.105 19.809 19.515 19.222 18.929 18.638 18.347 18.058 17.769 17.481 17.195 16.909 16.624 16.340 16.056 15.774 15.492 15.212 14.932 14.653 14.374 14.097 13.820 13.544 13.269 12.994 12.720 12.447 12.175 11.903 11.632 11.361 11.091 10.822 10.553 10.285 10.017  9.750  9.483  9.217  8.951  8.686  8.421  8.157  7.892  7.629  7.365  7.102  6.839  6.577  6.314  6.052  5.790  5.529  5.267  5.006  4.744  4.483  4.222  3.961  3.700 
24.872 24.562 24.253 23.944 23.636 23.330 23.024 22.719 22.415 22.112 21.810 21.509 21.209 20.910 20.611 20.314 20.017 19.721 19.426 19.132 18.839 18.547 18.255 17.965 17.675 17.386 17.098 16.811 16.524 16.239 15.954 15.669 15.386 15.103 14.821 14.540 14.259 13.980 13.700 13.422 13.144 12.867 12.590 12.314 12.039 11.764 11.490 11.216 10.943 10.670 10.398 10.126  9.855  9.584  9.313  9.043  8.774  8.505  8.236  7.967  7.699  7.431  7.163  6.896  6.629  6.362  6.095  5.828  5.562  5.296  5.030  4.764  4.498  4.232  3.966  3.700 
25.072 24.762 24.452 24.143 23.835 23.528 23.222 22.917 22.612 22.308 22.006 21.704 21.402 21.102 20.802 20.504 20.206 19.909 19.612 19.317 19.022 18.728 18.435 18.142 17.851 17.560 17.270 16.980 16.691 16.403 16.116 15.829 15.544 15.258 14.974 14.690 14.406 14.124 13.841 13.560 13.279 12.999 12.719 12.440 12.161 11.883 11.605 11.328 11.051 10.775 10.499 10.224  9.949  9.674  9.400  9.126  8.852  8.579  8.307  8.034  7.762  7.490  7.218  6.946  6.675  6.404  6.133  5.862  5.592  5.321  5.051  4.781  4.510  4.240  3.970  3.700 
25.253 24.943 24.633 24.324 24.016 23.709 23.402 23.096 22.791 22.487 22.183 21.880 21.578 21.277 20.976 20.676 20.377 20.079 19.781 19.484 19.188 18.893 18.598 18.304 18.010 17.717 17.425 17.134 16.843 16.553 16.263 15.974 15.686 15.399 15.111 14.825 14.539 14.254 13.969 13.685 13.401 13.118 12.835 12.553 12.271 11.990 11.709 11.429 11.149 10.869 10.590 10.312 10.033  9.755  9.478  9.200  8.923  8.647  8.370  8.094  7.818  7.543  7.267  6.992  6.717  6.442  6.167  5.893  5.619  5.344  5.070  4.796  4.522  4.248  3.974  3.700 
25.418 25.108 24.798 24.489 24.180 23.872 23.565 23.259 22.953 22.648 22.344 22.041 21.738 21.435 21.134 20.833 20.533 20.233 19.934 19.636 19.339 19.042 18.745 18.450 18.155 17.860 17.566 17.273 16.980 16.688 16.397 16.106 15.815 15.526 15.236 14.948 14.659 14.372 14.084 13.798 13.511 13.226 12.940 12.655 12.371 12.087 11.803 11.520 11.237 10.955 10.673 10.391 10.110  9.829  9.548  9.268  8.987  8.707  8.428  8.148  7.869  7.590  7.312  7.033  6.755  6.476  6.198  5.920  5.643  5.365  5.087  4.810  4.532  4.255  3.977  3.700 
25.567 25.257 24.947 24.638 24.329 24.021 23.714 23.407 23.101 22.795 22.490 22.186 21.882 21.579 21.277 20.975 20.674 20.373 20.073 19.774 19.475 19.177 18.879 18.582 18.285 17.989 17.694 17.399 17.105 16.811 16.518 16.225 15.933 15.641 15.349 15.059 14.768 14.478 14.189 13.900 13.611 13.323 13.036 12.748 12.461 12.175 11.889 11.603 11.317 11.032 10.748 10.463 10.179  9.895  9.612  9.328  9.045  8.763  8.480  8.198  7.916  7.634  7.352  7.070  6.789  6.508  6.226  5.945  5.665  5.384  5.103  4.822  4.542  4.261  3.981  3.700 
25.703 25.392 25.082 24.773 24.464 24.156 23.848 23.541 23.234 22.928 22.623 22.318 22.014 21.710 21.407 21.104 20.802 20.500 20.199 19.899 19.599 19.299 19.000 18.702 18.404 18.107 17.810 17.513 17.218 16.922 16.627 16.333 16.039 15.745 15.452 15.159 14.867 14.575 14.284 13.993 13.702 13.412 13.122 12.832 12.543 12.255 11.966 11.678 11.390 11.103 10.815 10.528 10.242  9.955  9.669  9.383  9.098  8.812  8.527  8.242  7.957  7.673  7.388  7.104  6.820  6.536  6.252  5.968  5.684  5.401  5.117  4.834  4.550  4.267  3.983  3.700 
25.826 25.515 25.205 24.895 24.586 24.278 23.970 23.662 23.355 23.049 22.743 22.437 22.132 21.828 21.524 21.221 20.918 20.615 20.313 20.012 19.711 19.410 19.110 18.811 18.512 18.213 17.915 17.617 17.320 17.023 16.727 16.431 16.135 15.840 15.545 15.251 14.957 14.663 14.370 14.077 13.784 13.492 13.200 12.909 12.618 12.327 12.036 11.746 11.456 11.166 10.877 10.588 10.299 10.010  9.722  9.433  9.145  8.858  8.570  8.283  7.995  7.708  7.421  7.135  6.848  6.561  6.275  5.989  5.702  5.416  5.130  4.844  4.558  4.272  3.986  3.700 
25.937 25.626 25.316 25.006 24.697 24.388 24.080 23.772 23.465 23.158 22.852 22.546 22.240 21.935 21.631 21.327 21.023 20.720 20.417 20.114 19.813 19.511 19.210 18.909 18.609 18.309 18.010 17.711 17.413 17.114 16.817 16.519 16.222 15.925 15.629 15.333 15.038 14.742 14.448 14.153 13.859 13.565 13.271 12.978 12.685 12.392 12.100 11.807 11.516 11.224 10.932 10.641 10.350 10.060  9.769  9.479  9.189  8.899  8.609  8.319  8.030  7.740  7.451  7.162  6.873  6.584  6.296  6.007  5.719  5.430  5.142  4.853  4.565  4.277  3.988  3.700 
26.038 25.727 25.417 25.107 24.798 24.489 24.180 23.872 23.564 23.257 22.950 22.644 22.338 22.032 21.727 21.422 21.118 20.814 20.511 20.207 19.905 19.602 19.300 18.999 18.698 18.397 18.096 17.796 17.497 17.197 16.898 16.600 16.301 16.003 15.706 15.408 15.111 14.815 14.518 14.222 13.926 13.631 13.335 13.041 12.746 12.451 12.157 11.863 11.570 11.276 10.983 10.690 10.397 10.104  9.812  9.520  9.228  8.936  8.644  8.352  8.061  7.770  7.478  7.187  6.896  6.605  6.315  6.024  5.733  5.443  5.152  4.862  4.571  4.281  3.990  3.700 
26.129 25.819 25.508 25.198 24.889 24.580 24.271 23.963 23.655 23.347 23.040 22.733 22.427 22.120 21.815 21.509 21.204 20.900 20.596 20.292 19.988 19.685 19.382 19.080 18.778 18.476 18.175 17.874 17.573 17.272 16.972 16.672 16.373 16.074 15.775 15.476 15.178 14.880 14.582 14.285 13.987 13.690 13.394 13.097 12.801 12.505 12.209 11.914 11.619 11.324 11.029 10.734 10.439 10.145  9.851  9.557  9.263  8.969  8.676  8.382  8.089  7.796  7.503  7.210  6.917  6.624  6.332  6.039  5.747  5.454  5.162  4.869  4.577  4.285  3.992  3.700 
26.212 25.901 25.591 25.281 24.971 24.662 24.353 24.045 23.736 23.428 23.121 22.814 22.507 22.200 21.894 21.588 21.283 20.978 20.673 20.368 20.064 19.760 19.457 19.153 18.850 18.548 18.246 17.944 17.642 17.340 17.039 16.738 16.438 16.138 15.838 15.538 15.238 14.939 14.640 14.341 14.043 13.745 13.447 13.149 12.851 12.554 12.257 11.960 11.663 11.366 11.070 10.774 10.478 10.182  9.886  9.591  9.295  9.000  8.705  8.410  8.115  7.820  7.525  7.231  6.936  6.642  6.347  6.053  5.759  5.465  5.170  4.876  4.582  4.288  3.994  3.700 
26.287 25.977 25.666 25.356 25.046 24.737 24.428 24.119 23.810 23.502 23.194 22.887 22.580 22.273 21.966 21.660 21.354 21.048 20.743 20.438 20.133 19.828 19.524 19.220 18.916 18.613 18.310 18.007 17.704 17.402 17.100 16.798 16.497 16.195 15.894 15.594 15.293 14.993 14.693 14.393 14.093 13.794 13.495 13.196 12.897 12.598 12.300 12.001 11.703 11.405 11.108 10.810 10.513 10.215  9.918  9.621  9.324  9.028  8.731  8.434  8.138  7.842  7.545  7.249  6.953  6.657  6.361  6.066  5.770  5.474  5.178  4.883  4.587  4.291  3.996  3.700 
26.355 26.045 25.734 25.424 25.114 24.805 24.495 24.186 23.878 23.569 23.261 22.953 22.646 22.338 22.031 21.725 21.418 21.112 20.806 20.500 20.195 19.890 19.585 19.280 18.976 18.672 18.368 18.065 17.761 17.458 17.155 16.853 16.550 16.248 15.946 15.644 15.343 15.041 14.740 14.439 14.139 13.838 13.538 13.238 12.938 12.638 12.339 12.039 11.740 11.441 11.142 10.843 10.544 10.246  9.947  9.649  9.351  9.053  8.755  8.457  8.159  7.861  7.564  7.266  6.969  6.671  6.374  6.077  5.780  5.482  5.185  4.888  4.591  4.294  3.997  3.700 
26.417 26.106 25.796 25.486 25.176 24.866 24.557 24.247 23.939 23.630 23.321 23.013 22.705 22.398 22.090 21.783 21.476 21.170 20.863 20.557 20.251 19.946 19.640 19.335 19.030 18.725 18.421 18.117 17.813 17.509 17.205 16.902 16.599 16.296 15.993 15.690 15.388 15.086 14.784 14.482 14.180 13.879 13.577 13.276 12.975 12.674 12.374 12.073 11.773 11.473 11.173 10.873 10.573 10.273  9.974  9.674  9.375  9.075  8.776  8.477  8.178  7.879  7.580  7.282  6.983  6.684  6.386  6.087  5.789  5.490  5.192  4.893  4.595  4.297  3.998  3.700 
