33.171 32.860 32.549 32.238 31.928 31.617 31.306 30.995 30.684 30.373 30.062 29.751 29.440 29.130 28.819 28.508 28.197 27.886 27.575 27.264 26.953 26.642 26.331 26.020 25.709 25.398 25.087 24.776 24.465 24.154 23.843 23.532 23.221 22.910 22.598 22.287 21.976 21.664 21.353 21.041 20.730 20.418 20.106 19.795 19.483 19.170 18.858 18.546 18.233 17.921 17.608 17.295 16.981 16.668 16.354 16.040 15.725 15.410 15.095 14.780 14.464 14.148 13.831 13.514 13.196 12.878 12.559 12.240 11.920 11.599 11.278 10.956 10.634 10.310  9.986  9.661 
33.169 32.858 32.547 32.236 31.926 31.615 31.304 30.993 30.681 30.370 30.059 29.748 29.437 29.126 28.815 28.503 28.192 27.881 27.569 27.258 26.946 26.635 26.323 26.011 25.700 25.388 25.076 24.764 24.452 24.139 23.827 23.515 23.202 22.889 22.576 22.263 21.950 21.637 21.324 21.010 20.696 20.382 20.068 19.753 19.438 19.123 18.808 18.492 18.176 17.860 17.544 17.227 16.909 16.592 16.274 15.955 15.636 15.317 14.997 14.677 14.356 14.034 13.712 13.390 13.067 12.743 12.418 12.093 11.768 11.441 11.114 10.786 10.457 10.128  9.797  9.466 
33.159 32.848 32.537 32.226 31.915 31.604 31.293 30.981 30.670 30.358 30.047 29.735 29.423 29.112 28.800 28.488 28.175 27.863 27.551 27.238 26.926 26.613 26.300 25.987 25.674 25.361 25.048 24.734 24.420 24.106 23.792 23.478 23.163 22.849 22.534 22.218 21.903 21.587 21.271 20.955 20.639 20.322 20.005 19.687 19.370 19.052 18.733 18.414 18.095 17.775 17.455 17.135 16.814 16.493 16.171 15.849 15.526 15.202 14.878 14.554 14.229 13.903 13.577 13.250 12.923 12.594 12.266 11.936 11.606 11.275 10.943 10.610 10.277  9.943  9.608  9.272 
33.137 32.826 32.515 32.203 31.892 31.581 31.269 30.957 30.645 30.333 30.021 29.709 29.396 29.084 28.771 28.458 28.145 27.832 27.518 27.205 26.891 26.577 26.262 25.948 25.633 25.319 25.004 24.688 24.373 24.057 23.741 23.425 23.108 22.791 22.474 22.157 21.839 21.521 21.203 20.884 20.565 20.246 19.926 19.606 19.285 18.964 18.643 18.321 17.999 17.676 17.353 17.029 16.705 16.380 16.055 15.729 15.403 15.076 14.749 14.421 14.092 13.763 13.433 13.102 12.771 12.439 12.106 11.773 11.439 11.104 10.768 10.432 10.094  9.756  9.417  9.078 
33.100 32.789 32.478 32.166 31.855 31.543 31.231 30.919 30.607 30.294 29.981 29.668 29.355 29.042 28.728 28.414 28.100 27.786 27.471 27.156 26.841 26.526 26.210 25.895 25.578 25.262 24.945 24.629 24.311 23.994 23.676 23.358 23.039 22.720 22.401 22.082 21.762 21.442 21.121 20.800 20.478 20.157 19.834 19.512 19.188 18.865 18.541 18.216 17.891 17.566 17.240 16.913 16.586 16.258 15.930 15.601 15.272 14.942 14.611 14.280 13.948 13.615 13.282 12.948 12.614 12.278 11.942 11.606 11.268 10.930 10.591 10.251  9.910  9.569  9.226  8.883 
33.049 32.738 32.427 32.115 31.804 31.492 31.179 30.867 30.554 30.241 29.927 29.614 29.300 28.986 28.671 28.357 28.042 27.726 27.411 27.095 26.778 26.462 26.145 25.828 25.511 25.193 24.875 24.556 24.237 23.918 23.598 23.279 22.958 22.638 22.316 21.995 21.673 21.351 21.028 20.705 20.381 20.057 19.733 19.407 19.082 18.756 18.429 18.102 17.775 17.447 17.118 16.789 16.459 16.129 15.798 15.466 15.134 14.801 14.468 14.134 13.799 13.463 13.127 12.790 12.453 12.115 11.775 11.436 11.095 10.754 10.412 10.069  9.725  9.381  9.035  8.689 
32.985 32.674 32.363 32.051 31.739 31.427 31.114 30.802 30.488 30.175 29.861 29.547 29.232 28.917 28.602 28.286 27.971 27.654 27.338 27.021 26.704 26.386 26.068 25.750 25.431 25.112 24.792 24.472 24.152 23.831 23.510 23.188 22.867 22.544 22.221 21.898 21.574 21.250 20.925 20.600 20.275 19.948 19.622 19.295 18.967 18.639 18.310 17.981 17.651 17.320 16.989 16.658 16.326 15.993 15.659 15.325 14.991 14.655 14.319 13.982 13.645 13.307 12.968 12.629 12.288 11.948 11.606 11.263 10.920 10.576 10.231  9.885  9.539  9.192  8.844  8.495 
32.909 32.598 32.287 31.975 31.663 31.350 31.038 30.724 30.411 30.097 29.782 29.468 29.152 28.837 28.521 28.205 27.888 27.571 27.254 26.936 26.617 26.299 25.980 25.660 25.340 25.020 24.699 24.378 24.056 23.734 23.412 23.089 22.765 22.441 22.117 21.792 21.466 21.140 20.814 20.487 20.160 19.832 19.503 19.174 18.844 18.514 18.183 17.852 17.520 17.188 16.854 16.521 16.186 15.851 15.516 15.179 14.842 14.505 14.166 13.827 13.487 13.147 12.806 12.464 12.121 11.778 11.434 11.089 10.743 10.397 10.049  9.701  9.352  9.002  8.652  8.300 
32.823 32.511 32.200 31.888 31.576 31.263 30.950 30.636 30.322 30.008 29.693 29.378 29.062 28.746 28.430 28.113 27.795 27.477 27.159 26.840 26.521 26.202 25.882 25.561 25.240 24.919 24.597 24.274 23.951 23.628 23.304 22.980 22.655 22.330 22.004 21.677 21.350 21.023 20.695 20.366 20.037 19.708 19.377 19.046 18.715 18.383 18.050 17.717 17.383 17.049 16.714 16.378 16.042 15.705 15.367 15.029 14.690 14.350 14.009 13.668 13.326 12.984 12.640 12.296 11.951 11.606 11.260 10.912 10.564 10.216  9.866  9.516  9.165  8.812  8.460  8.106 
32.726 32.414 32.103 31.791 31.478 31.166 30.852 30.538 30.224 29.909 29.594 29.278 28.962 28.646 28.328 28.011 27.693 27.374 27.055 26.736 26.416 26.095 25.775 25.453 25.131 24.809 24.486 24.162 23.838 23.514 23.189 22.863 22.537 22.210 21.883 21.555 21.227 20.898 20.569 20.239 19.908 19.577 19.245 18.913 18.580 18.246 17.912 17.577 17.241 16.905 16.568 16.231 15.893 15.554 15.214 14.874 14.533 14.191 13.849 13.506 13.162 12.818 12.472 12.126 11.779 11.432 11.083 10.734 10.384 10.034  9.682  9.330  8.976  8.622  8.267  7.911 
32.620 32.308 31.997 31.685 31.372 31.059 30.745 30.431 30.117 29.802 29.486 29.170 28.853 28.536 28.219 27.901 27.582 27.263 26.943 26.623 26.302 25.981 25.659 25.337 25.014 24.691 24.367 24.043 23.718 23.392 23.066 22.739 22.412 22.084 21.756 21.427 21.097 20.767 20.436 20.105 19.773 19.440 19.107 18.773 18.439 18.104 17.768 17.431 17.094 16.756 16.418 16.079 15.739 15.399 15.057 14.715 14.373 14.030 13.685 13.341 12.995 12.649 12.302 11.954 11.605 11.256 10.906 10.555 10.203  9.850  9.497  9.143  8.787  8.432  8.075  7.717 
32.505 32.194 31.882 31.570 31.258 30.944 30.630 30.316 30.001 29.686 29.370 29.054 28.737 28.419 28.101 27.782 27.463 27.143 26.823 26.502 26.181 25.859 25.537 25.214 24.890 24.566 24.241 23.916 23.590 23.263 22.936 22.609 22.280 21.951 21.622 21.292 20.961 20.630 20.298 19.965 19.632 19.298 18.964 18.629 18.293 17.956 17.619 17.281 16.943 16.604 16.264 15.923 15.582 15.240 14.897 14.554 14.210 13.865 13.519 13.173 12.825 12.478 12.129 11.779 11.429 11.078 10.726 10.374 10.020  9.666  9.311  8.955  8.598  8.241  7.882  7.523 
32.383 32.072 31.761 31.448 31.135 30.822 30.508 30.194 29.879 29.563 29.247 28.930 28.612 28.295 27.976 27.657 27.337 27.017 26.696 26.375 26.053 25.730 25.407 25.084 24.759 24.434 24.109 23.783 23.456 23.129 22.801 22.472 22.143 21.813 21.483 21.151 20.820 20.487 20.154 19.821 19.486 19.151 18.816 18.479 18.142 17.805 17.466 17.127 16.787 16.447 16.106 15.764 15.421 15.078 14.734 14.389 14.043 13.697 13.350 13.002 12.654 12.304 11.954 11.603 11.251 10.899 10.546 10.191  9.836  9.481  9.124  8.767  8.408  8.049  7.689  7.328 
32.255 31.944 31.632 31.320 31.007 30.693 30.379 30.064 29.749 29.433 29.117 28.800 28.482 28.164 27.845 27.525 27.205 26.884 26.563 26.241 25.919 25.596 25.272 24.948 24.623 24.297 23.971 23.644 23.316 22.988 22.659 22.330 22.000 21.669 21.338 21.006 20.673 20.340 20.006 19.671 19.336 19.000 18.663 18.326 17.988 17.649 17.309 16.969 16.628 16.287 15.944 15.601 15.257 14.913 14.567 14.221 13.874 13.527 13.179 12.829 12.479 12.129 11.777 11.425 11.072 10.718 10.363 10.008  9.652  9.295  8.937  8.578  8.218  7.858  7.496  7.134 
32.120 31.809 31.497 31.185 30.872 30.558 30.244 29.929 29.613 29.297 28.981 28.663 28.345 28.027 27.707 27.388 27.067 26.746 26.424 26.102 25.779 25.455 25.131 24.806 24.480 24.154 23.827 23.500 23.172 22.843 22.513 22.183 21.852 21.521 21.189 20.856 20.522 20.188 19.853 19.518 19.181 18.845 18.507 18.168 17.829 17.490 17.149 16.808 16.466 16.123 15.780 15.435 15.091 14.745 14.398 14.051 13.703 13.354 13.005 12.655 12.304 11.952 11.599 11.246 10.891 10.536 10.180  9.824  9.466  9.108  8.748  8.388  8.027  7.666  7.303  6.940 
31.980 31.669 31.357 31.044 30.731 30.418 30.103 29.788 29.472 29.156 28.839 28.522 28.203 27.884 27.565 27.245 26.924 26.602 26.280 25.957 25.634 25.310 24.985 24.660 24.333 24.007 23.679 23.351 23.022 22.693 22.363 22.032 21.700 21.368 21.035 20.702 20.367 20.032 19.697 19.360 19.023 18.685 18.347 18.008 17.668 17.327 16.986 16.643 16.300 15.957 15.612 15.267 14.921 14.575 14.227 13.879 13.530 13.180 12.829 12.478 12.126 11.773 11.419 11.065 10.709 10.353  9.996  9.638  9.280  8.920  8.560  8.199  7.837  7.474  7.110  6.745 
31.835 31.523 31.212 30.899 30.586 30.272 29.957 29.642 29.326 29.010 28.693 28.375 28.056 27.737 27.417 27.097 26.776 26.454 26.131 25.808 25.484 25.160 24.835 24.509 24.182 23.855 23.527 23.198 22.869 22.539 22.208 21.877 21.544 21.212 20.878 20.544 20.209 19.873 19.537 19.200 18.862 18.523 18.184 17.844 17.503 17.161 16.819 16.476 16.132 15.788 15.442 15.096 14.750 14.402 14.054 13.704 13.354 13.004 12.652 12.300 11.947 11.593 11.238 10.882 10.526 10.169  9.811  9.452  9.092  8.732  8.371  8.008  7.645  7.281  6.917  6.551 
31.685 31.373 31.062 30.749 30.436 30.122 29.807 29.492 29.176 28.859 28.542 28.224 27.905 27.586 27.266 26.945 26.623 26.301 25.978 25.655 25.331 25.006 24.680 24.354 24.027 23.699 23.370 23.041 22.712 22.381 22.050 21.718 21.385 21.052 20.717 20.382 20.047 19.711 19.373 19.036 18.697 18.358 18.018 17.677 17.335 16.993 16.650 16.306 15.962 15.616 15.270 14.923 14.576 14.227 13.878 13.528 13.177 12.826 12.473 12.120 11.766 11.411 11.056 10.699 10.342  9.984  9.625  9.265  8.905  8.543  8.181  7.818  7.454  7.089  6.723  6.357 
31.531 31.219 30.907 30.595 30.281 29.967 29.653 29.337 29.021 28.704 28.387 28.069 27.750 27.430 27.110 26.789 26.467 26.145 25.821 25.498 25.173 24.848 24.522 24.195 23.868 23.539 23.211 22.881 22.551 22.220 21.888 21.555 21.222 20.888 20.554 20.218 19.882 19.545 19.207 18.869 18.530 18.190 17.849 17.508 17.165 16.823 16.479 16.134 15.789 15.443 15.096 14.748 14.400 14.051 13.701 13.350 12.999 12.646 12.293 11.939 11.584 11.229 10.872 10.515 10.157  9.798  9.438  9.077  8.716  8.354  7.991  7.627  7.262  6.896  6.530  6.162 
31.373 31.062 30.750 30.437 30.124 29.809 29.495 29.179 28.863 28.546 28.228 27.910 27.591 27.271 26.950 26.629 26.307 25.984 25.661 25.337 25.012 24.686 24.360 24.033 23.705 23.377 23.047 22.717 22.387 22.055 21.723 21.390 21.056 20.722 20.387 20.051 19.714 19.377 19.038 18.700 18.360 18.019 17.678 17.336 16.993 16.650 16.305 15.960 15.614 15.267 14.920 14.572 14.223 13.873 13.522 13.171 12.818 12.465 12.111 11.757 11.401 11.045 10.688 10.330  9.971  9.611  9.251  8.889  8.527  8.164  7.800  7.435  7.070  6.703  6.336  5.968 
31.211 30.900 30.588 30.276 29.962 29.648 29.333 29.017 28.701 28.384 28.066 27.748 27.428 27.108 26.788 26.466 26.144 25.821 25.497 25.173 24.848 24.522 24.195 23.868 23.540 23.211 22.881 22.551 22.220 21.888 21.555 21.222 20.888 20.553 20.217 19.881 19.544 19.206 18.867 18.528 18.188 17.847 17.505 17.162 16.819 16.475 16.130 15.784 15.438 15.090 14.742 14.393 14.044 13.693 13.342 12.990 12.637 12.283 11.929 11.573 11.217 10.860 10.502 10.143  9.784  9.424  9.062  8.700  8.338  7.974  7.609  7.244  6.878  6.510  6.142  5.774 
31.047 30.736 30.424 30.111 29.798 29.483 29.169 28.853 28.536 28.219 27.901 27.583 27.263 26.943 26.622 26.300 25.978 25.655 25.331 25.006 24.681 24.355 24.028 23.700 23.372 23.043 22.713 22.382 22.051 21.718 21.385 21.052 20.717 20.382 20.046 19.709 19.371 19.033 18.694 18.354 18.013 17.672 17.330 16.986 16.643 16.298 15.953 15.606 15.259 14.911 14.563 14.213 13.863 13.512 13.160 12.808 12.454 12.100 11.745 11.389 11.032 10.674 10.316  9.957  9.596  9.235  8.874  8.511  8.148  7.783  7.418  7.052  6.685  6.317  5.949  5.579 
30.880 30.569 30.257 29.944 29.630 29.316 29.001 28.685 28.369 28.052 27.733 27.415 27.095 26.775 26.454 26.132 25.809 25.486 25.162 24.837 24.511 24.185 23.858 23.530 23.201 22.872 22.542 22.211 21.879 21.546 21.213 20.879 20.544 20.208 19.872 19.535 19.197 18.858 18.519 18.178 17.837 17.495 17.153 16.809 16.465 16.120 15.774 15.427 15.080 14.731 14.382 14.032 13.681 13.330 12.977 12.624 12.270 11.915 11.560 11.203 10.846 10.488 10.129  9.769  9.408  9.047  8.684  8.321  7.957  7.592  7.226  6.860  6.492  6.124  5.755  5.385 
30.710 30.399 30.087 29.774 29.461 29.146 28.831 28.515 28.199 27.881 27.563 27.244 26.925 26.604 26.283 25.961 25.638 25.315 24.990 24.665 24.340 24.013 23.686 23.357 23.029 22.699 22.368 22.037 21.705 21.372 21.039 20.704 20.369 20.033 19.696 19.359 19.021 18.681 18.341 18.001 17.659 17.317 16.974 16.630 16.285 15.940 15.593 15.246 14.898 14.550 14.200 13.850 13.498 13.146 12.794 12.440 12.085 11.730 11.374 11.017 10.659 10.301  9.941  9.581  9.220  8.858  8.495  8.131  7.766  7.401  7.035  6.668  6.300  5.931  5.561  5.190 
30.538 30.227 29.915 29.602 29.289 28.974 28.659 28.343 28.026 27.709 27.391 27.072 26.752 26.431 26.110 25.788 25.465 25.141 24.817 24.492 24.166 23.839 23.511 23.183 22.854 22.524 22.193 21.862 21.529 21.196 20.862 20.528 20.192 19.856 19.519 19.181 18.842 18.503 18.163 17.822 17.480 17.137 16.794 16.450 16.104 15.759 15.412 15.064 14.716 14.367 14.017 13.666 13.314 12.962 12.609 12.255 11.900 11.544 11.187 10.830 10.472 10.113  9.753  9.392  9.030  8.668  8.304  7.940  7.575  7.209  6.843  6.475  6.107  5.737  5.367  4.996 
30.364 30.053 29.741 29.428 29.114 28.800 28.485 28.169 27.852 27.535 27.216 26.897 26.577 26.257 25.935 25.613 25.290 24.966 24.641 24.316 23.990 23.663 23.335 23.007 22.677 22.347 22.016 21.684 21.352 21.019 20.684 20.349 20.014 19.677 19.340 19.002 18.663 18.323 17.983 17.641 17.299 16.956 16.612 16.268 15.922 15.576 15.229 14.881 14.532 14.183 13.833 13.481 13.130 12.777 12.423 12.069 11.713 11.357 11.000 10.642 10.284  9.924  9.564  9.203  8.841  8.478  8.114  7.749  7.384  7.018  6.650  6.282  5.914  5.544  5.173  4.802 
30.188 29.877 29.565 29.252 28.938 28.624 28.309 27.993 27.676 27.358 27.040 26.721 26.401 26.080 25.758 25.436 25.113 24.789 24.464 24.139 23.812 23.485 23.157 22.828 22.499 22.169 21.837 21.506 21.173 20.839 20.505 20.170 19.834 19.497 19.159 18.821 18.482 18.142 17.801 17.459 17.117 16.774 16.430 16.085 15.739 15.393 15.045 14.697 14.348 13.998 13.647 13.296 12.944 12.590 12.237 11.882 11.526 11.170 10.812 10.454 10.095  9.735  9.374  9.013  8.650  8.287  7.923  7.558  7.192  6.826  6.458  6.090  5.720  5.350  4.979  4.607 
30.010 29.699 29.387 29.074 28.761 28.446 28.131 27.815 27.498 27.180 26.862 26.543 26.222 25.902 25.580 25.257 24.934 24.610 24.285 23.960 23.633 23.306 22.978 22.649 22.319 21.989 21.657 21.325 20.992 20.659 20.324 19.989 19.653 19.316 18.978 18.639 18.300 17.959 17.618 17.277 16.934 16.590 16.246 15.901 15.555 15.208 14.860 14.512 14.163 13.812 13.461 13.110 12.757 12.404 12.049 11.694 11.338 10.981 10.624 10.265  9.906  9.546  9.184  8.823  8.460  8.096  7.732  7.366  7.000  6.633  6.265  5.897  5.527  5.157  4.785  4.413 
29.831 29.520 29.208 28.895 28.581 28.267 27.951 27.635 27.318 27.001 26.682 26.363 26.043 25.722 25.400 25.077 24.754 24.430 24.105 23.779 23.453 23.125 22.797 22.468 22.138 21.807 21.476 21.144 20.811 20.477 20.142 19.806 19.470 19.133 18.795 18.456 18.116 17.776 17.435 17.092 16.750 16.406 16.061 15.716 15.370 15.022 14.675 14.326 13.976 13.626 13.275 12.923 12.570 12.216 11.861 11.506 11.150 10.792 10.435 10.076  9.716  9.356  8.994  8.632  8.269  7.905  7.540  7.175  6.808  6.441  6.073  5.704  5.334  4.963  4.591  4.219 
29.651 29.339 29.027 28.714 28.401 28.086 27.771 27.455 27.138 26.820 26.501 26.182 25.862 25.541 25.219 24.896 24.573 24.248 23.923 23.597 23.271 22.943 22.615 22.286 21.956 21.625 21.293 20.961 20.628 20.293 19.959 19.623 19.286 18.949 18.611 18.272 17.932 17.591 17.250 16.907 16.564 16.220 15.876 15.530 15.183 14.836 14.488 14.139 13.789 13.439 13.087 12.735 12.382 12.028 11.673 11.317 10.961 10.603 10.245  9.886  9.526  9.165  8.804  8.441  8.078  7.714  7.348  6.983  6.616  6.248  5.880  5.510  5.140  4.769  4.397  4.024 
29.469 29.157 28.845 28.532 28.219 27.904 27.589 27.272 26.955 26.638 26.319 26.000 25.679 25.358 25.036 24.714 24.390 24.066 23.740 23.414 23.088 22.760 22.432 22.102 21.772 21.441 21.109 20.777 20.444 20.109 19.774 19.438 19.102 18.764 18.426 18.087 17.747 17.406 17.064 16.722 16.378 16.034 15.689 15.343 14.997 14.649 14.301 13.952 13.602 13.251 12.899 12.546 12.193 11.839 11.484 11.128 10.771 10.413 10.055  9.696  9.335  8.974  8.613  8.250  7.886  7.522  7.156  6.790  6.423  6.055  5.687  5.317  4.947  4.575  4.203  3.830 
29.285 28.974 28.662 28.349 28.035 27.721 27.405 27.089 26.772 26.454 26.136 25.816 25.496 25.175 24.853 24.530 24.206 23.882 23.557 23.230 22.904 22.576 22.247 21.918 21.588 21.257 20.925 20.592 20.259 19.924 19.589 19.253 18.916 18.578 18.240 17.901 17.560 17.219 16.878 16.535 16.191 15.847 15.502 15.156 14.809 14.461 14.113 13.763 13.413 13.062 12.710 12.357 12.004 11.649 11.294 10.938 10.581 10.223  9.864  9.505  9.145  8.783  8.421  8.058  7.694  7.330  6.964  6.598  6.231  5.862  5.493  5.124  4.753  4.381  4.009  3.636 
29.101 28.790 28.478 28.165 27.851 27.537 27.221 26.905 26.588 26.270 25.951 25.632 25.311 24.990 24.668 24.345 24.022 23.697 23.372 23.046 22.719 22.391 22.062 21.733 21.402 21.071 20.739 20.406 20.073 19.738 19.403 19.067 18.730 18.392 18.053 17.714 17.374 17.032 16.690 16.348 16.004 15.659 15.314 14.968 14.621 14.273 13.924 13.575 13.224 12.873 12.521 12.168 11.814 11.460 11.104 10.748 10.391 10.033  9.674  9.314  8.953  8.592  8.230  7.866  7.502  7.137  6.772  6.405  6.038  5.669  5.300  4.930  4.559  4.187  3.815  3.441 
28.916 28.605 28.293 27.980 27.666 27.351 27.036 26.720 26.403 26.085 25.766 25.446 25.126 24.805 24.483 24.160 23.836 23.511 23.186 22.860 22.533 22.205 21.876 21.546 21.216 20.885 20.553 20.220 19.886 19.551 19.216 18.880 18.543 18.205 17.866 17.526 17.186 16.845 16.503 16.160 15.816 15.471 15.126 14.779 14.432 14.084 13.735 13.385 13.035 12.683 12.331 11.978 11.624 11.269 10.914 10.557 10.200  9.842  9.483  9.123  8.762  8.400  8.038  7.674  7.310  6.945  6.579  6.212  5.845  5.476  5.107  4.737  4.365  3.993  3.621  3.247 
28.730 28.419 28.107 27.794 27.480 27.165 26.850 26.534 26.217 25.899 25.580 25.260 24.940 24.618 24.296 23.973 23.649 23.325 22.999 22.673 22.346 22.018 21.689 21.359 21.029 20.698 20.365 20.032 19.699 19.364 19.028 18.692 18.355 18.017 17.678 17.338 16.998 16.656 16.314 15.971 15.627 15.282 14.937 14.590 14.243 13.895 13.546 13.196 12.845 12.493 12.141 11.788 11.434 11.079 10.723 10.366 10.009  9.650  9.291  8.931  8.570  8.208  7.846  7.482  7.118  6.752  6.386  6.019  5.652  5.283  4.913  4.543  4.172  3.799  3.426  3.053 
28.543 28.232 27.920 27.607 27.293 26.979 26.663 26.347 26.030 25.712 25.393 25.073 24.753 24.431 24.109 23.786 23.462 23.138 22.812 22.486 22.158 21.830 21.502 21.172 20.841 20.510 20.178 19.845 19.511 19.176 18.840 18.504 18.166 17.828 17.489 17.150 16.809 16.467 16.125 15.782 15.438 15.093 14.747 14.400 14.053 13.705 13.356 13.006 12.655 12.303 11.950 11.597 11.243 10.888 10.532 10.175  9.817  9.459  9.099  8.739  8.378  8.016  7.653  7.290  6.925  6.560  6.193  5.826  5.458  5.089  4.720  4.349  3.978  3.605  3.232  2.858 
28.356 28.045 27.733 27.420 27.106 26.791 26.476 26.159 25.842 25.524 25.205 24.885 24.565 24.244 23.921 23.598 23.274 22.950 22.624 22.298 21.970 21.642 21.313 20.984 20.653 20.321 19.989 19.656 19.322 18.987 18.651 18.315 17.978 17.639 17.300 16.960 16.620 16.278 15.935 15.592 15.248 14.903 14.557 14.210 13.863 13.514 13.165 12.815 12.464 12.112 11.760 11.406 11.052 10.696 10.340  9.983  9.626  9.267  8.907  8.547  8.186  7.824  7.461  7.097  6.732  6.367  6.000  5.633  5.265  4.896  4.526  4.155  3.784  3.411  3.038  2.664 
28.168 27.857 27.544 27.231 26.918 26.603 26.287 25.971 25.654 25.336 25.017 24.697 24.377 24.055 23.733 23.410 23.086 22.761 22.436 22.109 21.782 21.454 21.125 20.795 20.464 20.133 19.800 19.467 19.133 18.798 18.462 18.126 17.788 17.450 17.111 16.771 16.430 16.088 15.745 15.402 15.058 14.713 14.367 14.020 13.672 13.324 12.974 12.624 12.273 11.921 11.568 11.215 10.860 10.505 10.149  9.792  9.434  9.075  8.715  8.355  7.993  7.631  7.268  6.904  6.539  6.174  5.807  5.440  5.071  4.702  4.332  3.962  3.590  3.217  2.844  2.469 
27.979 27.668 27.356 27.043 26.729 26.414 26.099 25.782 25.465 25.147 24.828 24.508 24.188 23.866 23.544 23.221 22.897 22.572 22.246 21.920 21.593 21.264 20.935 20.605 20.275 19.943 19.611 19.277 18.943 18.608 18.272 17.936 17.598 17.260 16.920 16.580 16.239 15.898 15.555 15.212 14.867 14.522 14.176 13.829 13.481 13.133 12.783 12.433 12.082 11.730 11.377 11.023 10.668 10.313  9.957  9.600  9.241  8.883  8.523  8.162  7.801  7.438  7.075  6.711  6.346  5.980  5.614  5.246  4.878  4.509  4.139  3.768  3.396  3.023  2.650  2.275 
27.790 27.479 27.166 26.853 26.540 26.225 25.909 25.593 25.276 24.958 24.639 24.319 23.998 23.677 23.355 23.031 22.707 22.383 22.057 21.730 21.403 21.075 20.746 20.416 20.085 19.753 19.421 19.087 18.753 18.418 18.082 17.745 17.408 17.069 16.730 16.390 16.049 15.707 15.364 15.021 14.676 14.331 13.985 13.638 13.290 12.941 12.592 12.241 11.890 11.538 11.185 10.831 10.476 10.121  9.765  9.407  9.049  8.690  8.330  7.970  7.608  7.246  6.882  6.518  6.153  5.787  5.420  5.053  4.684  4.315  3.945  3.574  3.202  2.829  2.455  2.081 
27.600 27.289 26.977 26.664 26.350 26.035 25.720 25.403 25.086 24.768 24.449 24.129 23.809 23.487 23.165 22.841 22.517 22.193 21.867 21.540 21.213 20.884 20.555 20.225 19.894 19.563 19.230 18.897 18.563 18.227 17.892 17.555 17.217 16.879 16.539 16.199 15.858 15.516 15.173 14.830 14.485 14.140 13.793 13.446 13.098 12.750 12.400 12.050 11.698 11.346 10.993 10.639 10.284  9.929  9.572  9.215  8.857  8.497  8.138  7.777  7.415  7.053  6.689  6.325  5.960  5.594  5.227  4.859  4.491  4.121  3.751  3.380  3.008  2.635  2.261  1.886 
27.410 27.099 26.787 26.474 26.160 25.845 25.529 25.213 24.896 24.578 24.259 23.939 23.618 23.297 22.974 22.651 22.327 22.002 21.676 21.350 21.022 20.694 20.365 20.035 19.704 19.372 19.039 18.706 18.372 18.037 17.701 17.364 17.026 16.687 16.348 16.008 15.667 15.325 14.982 14.638 14.293 13.948 13.602 13.255 12.907 12.558 12.208 11.858 11.506 11.154 10.801 10.447 10.092  9.736  9.380  9.022  8.664  8.305  7.945  7.584  7.222  6.859  6.496  6.132  5.766  5.400  5.033  4.666  4.297  3.927  3.557  3.186  2.814  2.441  2.067  1.692 
27.220 26.908 26.596 26.283 25.969 25.654 25.339 25.022 24.705 24.387 24.068 23.748 23.428 23.106 22.784 22.460 22.136 21.811 21.486 21.159 20.831 20.503 20.174 19.844 19.513 19.181 18.848 18.515 18.181 17.845 17.509 17.172 16.835 16.496 16.157 15.816 15.475 15.133 14.790 14.446 14.102 13.756 13.410 13.063 12.715 12.366 12.016 11.665 11.314 10.961 10.608 10.254  9.899  9.544  9.187  8.829  8.471  8.112  7.752  7.391  7.029  6.666  6.303  5.938  5.573  5.207  4.840  4.472  4.103  3.734  3.363  2.992  2.619  2.246  1.872  1.498 
27.029 26.717 26.405 26.092 25.778 25.464 25.148 24.832 24.514 24.196 23.877 23.557 23.237 22.915 22.593 22.269 21.945 21.620 21.294 20.968 20.640 20.312 19.983 19.652 19.321 18.990 18.657 18.323 17.989 17.654 17.318 16.981 16.643 16.304 15.965 15.624 15.283 14.941 14.598 14.254 13.910 13.564 13.218 12.870 12.522 12.173 11.824 11.473 11.121 10.769 10.416 10.062  9.707  9.351  8.994  8.636  8.278  7.919  7.558  7.197  6.836  6.473  6.109  5.745  5.379  5.013  4.646  4.278  3.909  3.540  3.169  2.798  2.425  2.052  1.678  1.303 
26.837 26.526 26.214 25.901 25.587 25.272 24.957 24.640 24.323 24.005 23.686 23.366 23.045 22.724 22.401 22.078 21.754 21.429 21.103 20.776 20.449 20.120 19.791 19.461 19.130 18.798 18.465 18.132 17.797 17.462 17.126 16.789 16.451 16.112 15.773 15.432 15.091 14.749 14.406 14.062 13.717 13.372 13.025 12.678 12.330 11.981 11.631 11.280 10.929 10.576 10.223  9.869  9.514  9.158  8.801  8.443  8.085  7.725  7.365  7.004  6.642  6.279  5.916  5.551  5.186  4.819  4.452  4.084  3.715  3.346  2.975  2.604  2.231  1.858  1.484  1.109 
26.646 26.335 26.022 25.709 25.396 25.081 24.765 24.449 24.131 23.813 23.494 23.174 22.854 22.532 22.210 21.886 21.562 21.237 20.911 20.585 20.257 19.929 19.599 19.269 18.938 18.606 18.273 17.940 17.605 17.270 16.934 16.597 16.259 15.920 15.581 15.240 14.899 14.557 14.214 13.870 13.525 13.179 12.833 12.485 12.137 11.788 11.438 11.087 10.736 10.383 10.030  9.676  9.321  8.965  8.608  8.250  7.892  7.532  7.172  6.811  6.449  6.086  5.722  5.357  4.992  4.626  4.258  3.890  3.521  3.152  2.781  2.409  2.037  1.664  1.290  0.915 
26.454 26.143 25.831 25.518 25.204 24.889 24.573 24.257 23.940 23.621 23.302 22.983 22.662 22.340 22.018 21.694 21.370 21.045 20.719 20.393 20.065 19.736 19.407 19.077 18.746 18.414 18.081 17.748 17.413 17.078 16.742 16.405 16.067 15.728 15.388 15.048 14.706 14.364 14.021 13.677 13.332 12.987 12.640 12.293 11.944 11.595 11.245 10.895 10.543 10.190  9.837  9.483  9.127  8.771  8.415  8.057  7.698  7.339  6.978  6.617  6.255  5.892  5.528  5.164  4.798  4.432  4.065  3.696  3.327  2.958  2.587  2.215  1.843  1.469  1.095  0.720 
26.262 25.951 25.639 25.326 25.012 24.697 24.381 24.065 23.748 23.429 23.110 22.790 22.470 22.148 21.826 21.502 21.178 20.853 20.527 20.200 19.873 19.544 19.215 18.885 18.554 18.222 17.889 17.555 17.221 16.885 16.549 16.212 15.874 15.535 15.196 14.855 14.514 14.171 13.828 13.484 13.140 12.794 12.447 12.100 11.752 11.402 11.052 10.701 10.350  9.997  9.644  9.289  8.934  8.578  8.221  7.863  7.505  7.145  6.785  6.424  6.061  5.699  5.335  4.970  4.604  4.238  3.871  3.502  3.133  2.764  2.393  2.021  1.649  1.275  0.901  0.526 
26.070 25.759 25.446 25.133 24.819 24.505 24.189 23.873 23.555 23.237 22.918 22.598 22.277 21.956 21.633 21.310 20.986 20.661 20.335 20.008 19.680 19.352 19.022 18.692 18.361 18.029 17.696 17.363 17.028 16.693 16.357 16.019 15.681 15.343 15.003 14.662 14.321 13.979 13.635 13.291 12.947 12.601 12.254 11.907 11.558 11.209 10.859 10.508 10.157  9.804  9.450  9.096  8.741  8.385  8.028  7.670  7.311  6.952  6.591  6.230  5.868  5.505  5.141  4.776  4.411  4.044  3.677  3.308  2.939  2.569  2.199  1.827  1.454  1.081  0.707  0.332 
25.877 25.566 25.254 24.941 24.627 24.312 23.997 23.680 23.363 23.045 22.726 22.406 22.085 21.763 21.441 21.117 20.793 20.468 20.142 19.815 19.488 19.159 18.830 18.500 18.168 17.836 17.504 17.170 16.835 16.500 16.164 15.827 15.489 15.150 14.810 14.469 14.128 13.786 13.442 13.098 12.754 12.408 12.061 11.714 11.365 11.016 10.666 10.315  9.963  9.611  9.257  8.903  8.547  8.191  7.834  7.476  7.118  6.758  6.398  6.036  5.674  5.311  4.947  4.582  4.217  3.850  3.483  3.114  2.745  2.375  2.004  1.633  1.260  0.887  0.512  0.137 
25.685 25.374 25.061 24.748 24.434 24.120 23.804 23.488 23.170 22.852 22.533 22.213 21.892 21.571 21.248 20.925 20.600 20.275 19.949 19.623 19.295 18.966 18.637 18.307 17.976 17.644 17.311 16.977 16.642 16.307 15.971 15.634 15.296 14.957 14.617 14.276 13.935 13.593 13.249 12.905 12.560 12.215 11.868 11.520 11.172 10.823 10.473 10.122  9.770  9.417  9.064  8.709  8.354  7.998  7.641  7.283  6.924  6.564  6.204  5.842  5.480  5.117  4.753  4.388  4.023  3.656  3.289  2.920  2.551  2.181  1.810  1.439  1.066  0.692  0.318 -0.057 
25.492 25.181 24.869 24.556 24.242 23.927 23.611 23.295 22.977 22.659 22.340 22.020 21.699 21.378 21.055 20.732 20.408 20.083 19.757 19.430 19.102 18.773 18.444 18.114 17.783 17.451 17.118 16.784 16.449 16.114 15.778 15.440 15.102 14.764 14.424 14.083 13.742 13.399 13.056 12.712 12.367 12.021 11.675 11.327 10.979 10.629 10.279  9.928  9.576  9.223  8.870  8.515  8.160  7.804  7.447  7.089  6.730  6.370  6.010  5.648  5.286  4.923  4.558  4.194  3.828  3.461  3.093  2.725  2.355  1.985  1.614  1.242  0.869  0.495  0.120 -0.252 
25.299 24.988 24.676 24.363 24.049 23.734 23.418 23.102 22.784 22.466 22.147 21.827 21.506 21.185 20.862 20.539 20.214 19.889 19.563 19.236 18.909 18.580 18.250 17.920 17.589 17.257 16.924 16.590 16.255 15.919 15.583 15.246 14.907 14.568 14.228 13.887 13.545 13.202 12.859 12.514 12.168 11.822 11.475 11.126 10.777 10.427 10.076  9.724  9.371  9.017  8.662  8.306  7.949  7.591  7.233  6.873  6.512  6.151  5.788  5.424  5.060  4.694  4.328  3.961  3.592  3.223  2.853  2.481  2.109  1.736  1.362  0.987  0.612  0.235 -0.142 -0.446 
25.105 24.793 24.481 24.168 23.854 23.539 23.224 22.907 22.590 22.271 21.952 21.632 21.311 20.989 20.666 20.343 20.018 19.693 19.367 19.040 18.712 18.383 18.053 17.722 17.391 17.058 16.725 16.391 16.055 15.719 15.382 15.045 14.706 14.366 14.026 13.684 13.342 12.999 12.655 12.310 11.964 11.617 11.270 10.921 10.572 10.222  9.871  9.519  9.166  8.812  8.458  8.102  7.746  7.389  7.031  6.673  6.313  5.953  5.592  5.231  4.869  4.505  4.142  3.777  3.412  3.047  2.680  2.313  1.946  1.577  1.209  0.839  0.469  0.099 -0.246 -0.640 
24.908 24.597 24.284 23.971 23.657 23.342 23.027 22.710 22.393 22.074 21.755 21.435 21.114 20.792 20.469 20.146 19.821 19.496 19.169 18.842 18.514 18.185 17.855 17.525 17.193 16.860 16.527 16.193 15.858 15.521 15.184 14.847 14.508 14.168 13.827 13.486 13.143 12.800 12.455 12.110 11.764 11.417 11.069 10.719 10.369 10.018  9.666  9.313  8.959  8.604  8.248  7.890  7.532  7.173  6.813  6.451  6.089  5.726  5.361  4.995  4.629  4.261  3.892  3.522  3.151  2.780  2.407  2.033  1.659  1.284  0.908  0.532  0.155 -0.165 -0.500 -0.835 
24.710 24.398 24.086 23.773 23.459 23.144 22.828 22.512 22.194 21.876 21.556 21.236 20.915 20.593 20.270 19.946 19.621 19.295 18.969 18.641 18.313 17.984 17.654 17.322 16.990 16.658 16.324 15.989 15.654 15.317 14.980 14.641 14.302 13.962 13.621 13.279 12.937 12.593 12.248 11.903 11.557 11.210 10.862 10.513 10.163  9.813  9.462  9.109  8.757  8.403  8.048  7.693  7.337  6.980  6.622  6.264  5.905  5.545  5.185  4.824  4.462  4.100  3.737  3.373  3.009  2.644  2.279  1.913  1.546  1.179  0.811  0.443  0.075 -0.263 -0.646 -1.029 
24.509 24.198 23.886 23.573 23.259 22.944 22.628 22.311 21.994 21.675 21.356 21.036 20.714 20.392 20.069 19.746 19.421 19.095 18.769 18.441 18.113 17.783 17.453 17.122 16.790 16.457 16.123 15.789 15.453 15.116 14.779 14.440 14.101 13.761 13.419 13.077 12.734 12.390 12.045 11.699 11.351 11.003 10.654 10.304  9.953  9.601  9.248  8.894  8.539  8.183  7.826  7.468  7.109  6.749  6.388  6.026  5.664  5.300  4.936  4.570  4.204  3.838  3.470  3.102  2.733  2.364  1.994  1.623  1.252  0.881  0.509  0.137 -0.184 -0.530 -0.876 -1.223 
24.308 23.996 23.684 23.371 23.057 22.742 22.426 22.109 21.792 21.473 21.153 20.833 20.512 20.189 19.866 19.542 19.217 18.891 18.565 18.237 17.908 17.579 17.248 16.917 16.585 16.252 15.918 15.583 15.247 14.910 14.573 14.234 13.895 13.555 13.214 12.872 12.529 12.185 11.840 11.495 11.149 10.802 10.454 10.105  9.755  9.405  9.054  8.702  8.349  7.995  7.641  7.286  6.930  6.573  6.215  5.857  5.497  5.137  4.775  4.412  4.048  3.682  3.314  2.945  2.573  2.199  1.822  1.441  1.057  0.669  0.277 -0.118 -0.439 -0.764 -1.090 -1.418 
24.105 23.794 23.481 23.168 22.854 22.539 22.223 21.907 21.589 21.270 20.951 20.630 20.309 19.987 19.664 19.340 19.015 18.689 18.362 18.034 17.706 17.376 17.046 16.714 16.382 16.048 15.714 15.379 15.043 14.706 14.368 14.029 13.689 13.348 13.006 12.664 12.320 11.975 11.630 11.283 10.935 10.587 10.237  9.887  9.536  9.183  8.830  8.476  8.121  7.765  7.408  7.050  6.692  6.332  5.972  5.611  5.249  4.887  4.524  4.160  3.795  3.430  3.064  2.697  2.330  1.963  1.595  1.227  0.858  0.488  0.119 -0.204 -0.555 -0.907 -1.259 -1.612 
23.900 23.589 23.277 22.964 22.650 22.335 22.019 21.702 21.384 21.065 20.746 20.425 20.104 19.782 19.458 19.134 18.809 18.483 18.156 17.829 17.500 17.170 16.840 16.508 16.176 15.843 15.509 15.174 14.838 14.501 14.163 13.825 13.486 13.145 12.804 12.462 12.119 11.775 11.431 11.085 10.739 10.391 10.043  9.694  9.344  8.993  8.641  8.287  7.933  7.578  7.221  6.864  6.505  6.145  5.783  5.420  5.055  4.689  4.321  3.952  3.580  3.207  2.833  2.456  2.078  1.698  1.316  0.933  0.549  0.164 -0.169 -0.496 -0.824 -1.151 -1.479 -1.806 
23.696 23.385 23.072 22.759 22.445 22.130 21.814 21.497 21.180 20.861 20.541 20.221 19.899 19.577 19.254 18.929 18.604 18.278 17.951 17.623 17.294 16.964 16.634 16.302 15.969 15.636 15.301 14.966 14.629 14.292 13.954 13.615 13.274 12.933 12.591 12.248 11.904 11.560 11.214 10.867 10.519 10.171  9.822  9.471  9.120  8.768  8.415  8.061  7.707  7.351  6.995  6.638  6.280  5.921  5.562  5.202  4.841  4.480  4.118  3.755  3.392  3.028  2.664  2.299  1.933  1.567  1.201  0.834  0.467  0.099 -0.225 -0.579 -0.934 -1.289 -1.645 -2.001 
23.490 23.178 22.866 22.553 22.239 21.924 21.608 21.291 20.973 20.654 20.335 20.014 19.693 19.370 19.047 18.723 18.398 18.072 17.745 17.417 17.088 16.759 16.428 16.097 15.764 15.431 15.097 14.762 14.426 14.089 13.751 13.412 13.073 12.732 12.390 12.048 11.704 11.360 11.014 10.668 10.320  9.972  9.622  9.272  8.920  8.567  8.213  7.858  7.502  7.144  6.786  6.426  6.065  5.703  5.339  4.975  4.609  4.242  3.874  3.505  3.135  2.764  2.392  2.019  1.646  1.272  0.897  0.522  0.147 -0.172 -0.508 -0.845 -1.182 -1.519 -1.857 -2.195 
23.284 22.972 22.660 22.347 22.033 21.718 21.402 21.085 20.767 20.448 20.128 19.808 19.486 19.164 18.840 18.516 18.190 17.864 17.537 17.209 16.880 16.550 16.219 15.887 15.554 15.221 14.886 14.550 14.214 13.877 13.538 13.199 12.859 12.518 12.176 11.833 11.489 11.144 10.798 10.452 10.105  9.756  9.407  9.057  8.707  8.355  8.003  7.649  7.295  6.941  6.585  6.229  5.872  5.514  5.156  4.797  4.437  4.077  3.716  3.355  2.993  2.630  2.267  1.904  1.540  1.175  0.810  0.445  0.079 -0.245 -0.602 -0.958 -1.316 -1.673 -2.031 -2.389 
23.076 22.765 22.452 22.139 21.825 21.510 21.194 20.877 20.560 20.241 19.921 19.601 19.279 18.957 18.633 18.309 17.984 17.658 17.331 17.003 16.674 16.344 16.014 15.682 15.349 15.016 14.681 14.346 14.010 13.672 13.334 12.995 12.654 12.313 11.971 11.628 11.284 10.938 10.592 10.245  9.896  9.547  9.197  8.845  8.493  8.139  7.785  7.429  7.073  6.715  6.356  5.997  5.636  5.274  4.912  4.549  4.184  3.819  3.453  3.087  2.720  2.352  1.983  1.614  1.244  0.874  0.504  0.133 -0.186 -0.527 -0.869 -1.211 -1.554 -1.897 -2.240 -2.584 
22.868 22.557 22.245 21.932 21.617 21.302 20.986 20.669 20.351 20.033 19.713 19.392 19.071 18.748 18.424 18.100 17.775 17.448 17.121 16.793 16.464 16.134 15.803 15.471 15.138 14.805 14.470 14.134 13.798 13.461 13.122 12.783 12.443 12.102 11.760 11.418 11.074 10.730 10.384 10.038  9.691  9.344  8.995  8.646  8.295  7.944  7.593  7.240  6.887  6.533  6.178  5.823  5.467  5.110  4.753  4.395  4.036  3.677  3.317  2.955  2.593  2.229  1.863  1.496  1.125  0.752  0.376 -0.003 -0.327 -0.671 -1.018 -1.367 -1.718 -2.070 -2.424 -2.778 
22.660 22.349 22.037 21.724 21.410 21.094 20.779 20.462 20.144 19.825 19.505 19.185 18.863 18.541 18.217 17.893 17.568 17.241 16.914 16.586 16.257 15.927 15.596 15.264 14.931 14.597 14.263 13.927 13.590 13.252 12.914 12.574 12.233 11.892 11.549 11.206 10.861 10.516 10.169  9.821  9.473  9.123  8.773  8.422  8.069  7.716  7.362  7.007  6.651  6.294  5.936  5.577  5.218  4.858  4.497  4.135  3.772  3.409  3.046  2.681  2.316  1.951  1.585  1.218  0.851  0.484  0.117 -0.203 -0.548 -0.893 -1.239 -1.585 -1.931 -2.278 -2.625 -2.973 
22.451 22.140 21.828 21.514 21.200 20.885 20.569 20.252 19.934 19.615 19.296 18.975 18.653 18.331 18.007 17.683 17.357 17.031 16.704 16.376 16.047 15.717 15.386 15.054 14.722 14.388 14.053 13.718 13.382 13.045 12.707 12.368 12.028 11.687 11.346 11.003 10.660 10.316  9.971  9.625  9.278  8.930  8.582  8.232  7.882  7.531  7.178  6.825  6.470  6.114  5.757  5.398  5.038  4.676  4.313  3.948  3.580  3.211  2.839  2.465  2.089  1.710  1.329  0.946  0.561  0.174 -0.177 -0.510 -0.843 -1.174 -1.506 -1.838 -2.170 -2.502 -2.834 -3.167 
22.243 21.932 21.619 21.306 20.992 20.677 20.361 20.044 19.726 19.407 19.087 18.767 18.445 18.122 17.799 17.474 17.149 16.823 16.495 16.167 15.838 15.507 15.176 14.844 14.511 14.177 13.842 13.506 13.169 12.831 12.493 12.153 11.812 11.470 11.128 10.784 10.440 10.094  9.748  9.400  9.052  8.703  8.353  8.002  7.651  7.298  6.944  6.590  6.235  5.879  5.523  5.165  4.807  4.448  4.089  3.729  3.368  3.007  2.645  2.283  1.920  1.556  1.192  0.828  0.463  0.098 -0.221 -0.569 -0.916 -1.265 -1.613 -1.962 -2.311 -2.661 -3.011 -3.361 
22.033 21.721 21.409 21.096 20.782 20.467 20.151 19.834 19.516 19.197 18.877 18.557 18.235 17.913 17.589 17.265 16.939 16.613 16.286 15.958 15.629 15.299 14.968 14.637 14.304 13.971 13.636 13.301 12.964 12.627 12.289 11.950 11.610 11.269 10.927 10.584 10.240  9.895  9.549  9.202  8.854  8.504  8.154  7.802  7.449  7.095  6.740  6.384  6.026  5.667  5.307  4.945  4.582  4.218  3.853  3.486  3.119  2.750  2.381  2.010  1.638  1.266  0.894  0.520  0.146 -0.173 -0.510 -0.847 -1.185 -1.522 -1.860 -2.199 -2.537 -2.876 -3.216 -3.556 
21.824 21.512 21.200 20.887 20.573 20.258 19.941 19.624 19.307 18.988 18.668 18.347 18.025 17.702 17.379 17.054 16.729 16.402 16.075 15.746 15.417 15.087 14.756 14.423 14.090 13.756 13.421 13.085 12.748 12.411 12.072 11.732 11.392 11.050 10.708 10.364 10.020  9.675  9.329  8.982  8.635  8.286  7.937  7.587  7.236  6.884  6.532  6.178  5.825  5.470  5.114  4.758  4.402  4.044  3.686  3.328  2.969  2.609  2.249  1.888  1.527  1.165  0.803  0.441  0.078 -0.242 -0.591 -0.940 -1.290 -1.640 -1.991 -2.342 -2.693 -3.045 -3.397 -3.750 
21.614 21.302 20.990 20.677 20.363 20.048 19.732 19.415 19.097 18.778 18.458 18.138 17.816 17.494 17.171 16.846 16.521 16.195 15.868 15.541 15.212 14.882 14.552 14.220 13.888 13.555 13.221 12.886 12.551 12.214 11.877 11.539 11.200 10.860 10.519 10.178  9.836  9.493  9.149  8.805  8.460  8.115  7.768  7.421  7.074  6.726  6.377  6.028  5.679  5.329  4.978  4.627  4.276  3.924  3.573  3.220  2.868  2.516  2.163  1.810  1.458  1.105  0.752  0.399  0.047 -0.211 -0.436 -0.661 -0.884 -1.106 -1.326 -1.544 -1.760 -1.973 -2.183 -2.389 
21.412 21.101 20.789 20.476 20.162 19.847 19.532 19.215 18.898 18.580 18.261 17.941 17.620 17.299 16.976 16.653 16.329 16.005 15.679 15.353 15.026 14.698 14.369 14.040 13.710 13.379 13.047 12.715 12.383 12.049 11.715 11.381 11.045 10.710 10.374 10.037  9.700  9.363  9.026  8.688  8.350  8.012  7.674  7.336  6.999  6.661  6.324  5.987  5.650  5.314  4.979  4.644  4.310  3.977  3.645  3.313  2.983  2.653  2.324  1.997  1.670  1.344  1.019  0.695  0.372  0.050 -0.139 -0.252 -0.357 -0.461 -0.563 -0.663 -0.760 -0.854 -0.944 -1.029 
21.236 20.925 20.613 20.301 19.987 19.673 19.359 19.044 18.728 18.411 18.094 17.776 17.458 17.139 16.819 16.499 16.178 15.857 15.535 15.213 14.890 14.567 14.243 13.920 13.595 13.271 12.946 12.621 12.296 11.970 11.645 11.319 10.994 10.668 10.343 10.017  9.692  9.367  9.043  8.719  8.395  8.072  7.750  7.428  7.107  6.786  6.467  6.149  5.832  5.516  5.201  4.887  4.575  4.264  3.954  3.646  3.340  3.035  2.731  2.430  2.130  1.831  1.534  1.238  0.944  0.652  0.361  0.071 -0.074 -0.111 -0.117 -0.121 -0.122 -0.118 -0.000  0.332 
21.117 20.806 20.495 20.183 19.871 19.558 19.246 18.932 18.619 18.305 17.991 17.677 17.362 17.047 16.732 16.417 16.101 15.785 15.470 15.154 14.838 14.522 14.206 13.890 13.574 13.258 12.942 12.627 12.312 11.997 11.682 11.368 11.054 10.741 10.428 10.116  9.804  9.493  9.183  8.874  8.565  8.258  7.952  7.647  7.344  7.042  6.742  6.444  6.148  5.855  5.565  5.279  4.997  4.720  4.449  4.184  3.927  3.678  3.439  3.212  2.997  2.795  2.608  2.437  2.282  2.146  2.027  1.926  1.844  1.779  1.731  1.698  1.680  1.674  1.679  1.692 
21.083 20.773 20.462 20.151 19.841 19.531 19.221 18.911 18.602 18.292 17.983 17.675 17.366 17.058 16.751 16.444 16.138 15.832 15.527 15.223 14.919 14.617 14.316 14.015 13.716 13.418 13.122 12.827 12.534 12.242 11.952 11.665 11.379 11.096 10.815 10.537 10.261  9.989  9.719  9.452  9.189  8.929  8.673  8.421  8.172  7.928  7.688  7.452  7.221  6.994  6.772  6.555  6.343  6.137  5.935  5.739  5.549  5.364  5.184  5.011  4.843  4.681  4.526  4.376  4.232  4.094  3.962  3.837  3.717  3.604  3.497  3.396  3.301  3.212  3.129  3.052 
21.214 20.904 20.594 20.286 19.979 19.673 19.368 19.063 18.760 18.459 18.158 17.859 17.560 17.263 16.968 16.674 16.381 16.089 15.800 15.511 15.225 14.940 14.657 14.376 14.097 13.819 13.544 13.271 13.000 12.732 12.466 12.202 11.941 11.683 11.427 11.174 10.925 10.678 10.434 10.194  9.957  9.723  9.493  9.266  9.043  8.824  8.609  8.397  8.190  7.986  7.787  7.593  7.402  7.217  7.035  6.859  6.687  6.519  6.357  6.200  6.047  5.900  5.758  5.621  5.490  5.364  5.243  5.128  5.018  4.915  4.816  4.724  4.637  4.557  4.482  4.413 
21.525 21.215 20.907 20.600 20.295 19.992 19.691 19.391 19.093 18.797 18.503 18.211 17.920 17.632 17.345 17.060 16.778 16.497 16.218 15.942 15.668 15.396 15.126 14.858 14.593 14.330 14.070 13.813 13.557 13.305 13.055 12.808 12.564 12.323 12.085 11.850 11.617 11.389 11.163 10.941 10.722 10.506 10.294 10.086  9.881  9.680  9.483  9.290  9.101  8.916  8.735  8.558  8.385  8.217  8.053  7.894  7.740  7.590  7.444  7.304  7.169  7.038  6.913  6.792  6.677  6.567  6.462  6.363  6.269  6.181  6.099  6.022  5.951  5.886  5.827  5.774 
21.968 21.659 21.351 21.046 20.743 20.442 20.143 19.847 19.553 19.261 18.972 18.684 18.400 18.117 17.837 17.559 17.284 17.012 16.741 16.474 16.209 15.946 15.686 15.429 15.175 14.923 14.674 14.428 14.185 13.945 13.708 13.474 13.243 13.015 12.790 12.569 12.351 12.136 11.925 11.718 11.514 11.313 11.116 10.923 10.734 10.549 10.367 10.190 10.017  9.848  9.683  9.522  9.366  9.214  9.066  8.924  8.785  8.652  8.523  8.399  8.280  8.166  8.057  7.953  7.855  7.761  7.673  7.591  7.514  7.442  7.376  7.316  7.262  7.213  7.171  7.134 
22.512 22.203 21.896 21.592 21.290 20.991 20.695 20.401 20.110 19.821 19.536 19.253 18.972 18.695 18.420 18.148 17.879 17.613 17.349 17.089 16.831 16.576 16.324 16.076 15.830 15.587 15.348 15.112 14.878 14.649 14.422 14.199 13.979 13.762 13.549 13.340 13.134 12.931 12.733 12.538 12.347 12.159 11.976 11.796 11.621 11.449 11.282 11.118 10.959 10.804 10.654 10.508 10.366 10.229 10.097  9.969  9.846  9.728  9.615  9.506  9.403  9.304  9.211  9.123  9.040  8.962  8.890  8.823  8.762  8.707  8.657  8.613  8.574  8.542  8.515  8.495 
23.139 22.830 22.523 22.220 21.919 21.622 21.327 21.036 20.747 20.462 20.179 19.900 19.623 19.350 19.080 18.813 18.549 18.288 18.030 17.776 17.524 17.276 17.031 16.790 16.552 16.317 16.086 15.858 15.633 15.412 15.195 14.981 14.771 14.564 14.361 14.162 13.967 13.775 13.587 13.404 13.224 13.048 12.876 12.709 12.545 12.386 12.231 12.081 11.935 11.793 11.656 11.523 11.395 11.271 11.152 11.038 10.929 10.825 10.726 10.631 10.542 10.458 10.379 10.306 10.237 10.174 10.117 10.065 10.019  9.978  9.943  9.913  9.890  9.872  9.861  9.855 
23.837 23.528 23.222 22.919 22.619 22.323 22.030 21.741 21.454 21.171 20.892 20.615 20.342 20.072 19.806 19.543 19.283 19.027 18.774 18.524 18.278 18.036 17.797 17.561 17.329 17.100 16.875 16.654 16.436 16.222 16.011 15.804 15.600 15.400 15.204 15.011 14.822 14.637 14.455 14.277 14.103 13.932 13.765 13.601 13.441 13.284 13.131 12.981 12.835 12.692 12.552 12.416 12.283 12.153 12.025 11.901 11.780 11.661 11.545 11.432 11.321 11.212 11.106 11.002 10.899 10.798 10.699 10.602 10.505 10.410 10.316 10.223 10.130 10.038  9.947  9.855 
24.585 24.276 23.970 23.668 23.369 23.073 22.781 22.492 22.206 21.924 21.645 21.370 21.098 20.829 20.564 20.302 20.044 19.789 19.537 19.288 19.043 18.802 18.563 18.328 18.096 17.868 17.643 17.421 17.202 16.987 16.775 16.566 16.360 16.158 15.958 15.762 15.569 15.378 15.191 15.007 14.826 14.648 14.472 14.299 14.130 13.962 13.798 13.636 13.477 13.320 13.166 13.013 12.864 12.716 12.571 12.427 12.286 12.147 12.009 11.873 11.739 11.606 11.475 11.345 11.216 11.089 10.962 10.837 10.712 10.588 10.465 10.342 10.220 10.098  9.977  9.855 
25.333 25.024 24.718 24.415 24.116 23.820 23.527 23.237 22.951 22.668 22.388 22.111 21.838 21.568 21.301 21.037 20.776 20.519 20.265 20.013 19.765 19.520 19.279 19.040 18.804 18.571 18.342 18.115 17.891 17.670 17.452 17.237 17.024 16.815 16.608 16.404 16.203 16.004 15.808 15.614 15.423 15.234 15.048 14.864 14.682 14.503 14.326 14.151 13.978 13.807 13.638 13.472 13.306 13.143 12.982 12.822 12.663 12.506 12.351 12.197 12.044 11.893 11.742 11.593 11.445 11.297 11.151 11.005 10.860 10.715 10.571 10.427 10.284 10.141  9.998  9.855 
26.043 25.734 25.428 25.124 24.824 24.527 24.233 23.942 23.654 23.369 23.087 22.808 22.532 22.259 21.989 21.722 21.458 21.197 20.938 20.683 20.430 20.181 19.934 19.689 19.448 19.210 18.974 18.740 18.510 18.282 18.057 17.834 17.614 17.396 17.181 16.968 16.757 16.549 16.343 16.139 15.938 15.739 15.542 15.346 15.153 14.962 14.773 14.586 14.400 14.216 14.034 13.854 13.675 13.498 13.322 13.147 12.974 12.802 12.632 12.462 12.294 12.127 11.960 11.795 11.630 11.467 11.303 11.141 10.979 10.817 10.656 10.496 10.335 10.175 10.015  9.855 
26.700 26.391 26.084 25.780 25.479 25.181 24.885 24.593 24.303 24.016 23.731 23.450 23.171 22.895 22.621 22.351 22.083 21.817 21.555 21.295 21.037 20.782 20.530 20.280 20.033 19.788 19.546 19.306 19.069 18.833 18.601 18.370 18.142 17.916 17.692 17.471 17.251 17.034 16.819 16.606 16.394 16.185 15.977 15.772 15.568 15.366 15.165 14.967 14.769 14.574 14.380 14.187 13.996 13.806 13.617 13.430 13.244 13.059 12.875 12.692 12.510 12.329 12.148 11.969 11.790 11.612 11.435 11.258 11.081 10.905 10.730 10.554 10.379 10.204 10.030  9.855 
27.301 26.992 26.685 26.380 26.078 25.779 25.482 25.188 24.896 24.607 24.320 24.036 23.754 23.475 23.198 22.924 22.652 22.383 22.116 21.851 21.589 21.329 21.072 20.816 20.563 20.313 20.064 19.818 19.574 19.332 19.092 18.854 18.619 18.385 18.153 17.924 17.696 17.470 17.246 17.024 16.803 16.585 16.368 16.152 15.938 15.726 15.515 15.306 15.099 14.892 14.687 14.483 14.281 14.080 13.880 13.681 13.483 13.286 13.090 12.895 12.701 12.507 12.315 12.123 11.931 11.741 11.551 11.361 11.172 10.983 10.794 10.606 10.418 10.230 10.043  9.855 
27.848 27.539 27.231 26.926 26.623 26.323 26.025 25.729 25.436 25.145 24.856 24.569 24.285 24.003 23.723 23.445 23.170 22.897 22.626 22.357 22.090 21.826 21.563 21.303 21.044 20.788 20.534 20.282 20.032 19.783 19.537 19.292 19.050 18.809 18.570 18.333 18.097 17.864 17.632 17.401 17.172 16.945 16.719 16.495 16.272 16.051 15.831 15.612 15.395 15.179 14.964 14.750 14.537 14.326 14.115 13.906 13.697 13.490 13.283 13.077 12.872 12.667 12.464 12.261 12.058 11.856 11.655 11.454 11.253 11.053 10.852 10.653 10.453 10.254 10.054  9.855 
28.345 28.035 27.728 27.422 27.119 26.817 26.518 26.221 25.926 25.633 25.342 25.053 24.766 24.481 24.199 23.918 23.639 23.363 23.088 22.815 22.545 22.276 22.009 21.744 21.481 21.219 20.960 20.702 20.446 20.192 19.940 19.689 19.440 19.193 18.947 18.703 18.461 18.220 17.980 17.742 17.506 17.271 17.037 16.805 16.574 16.344 16.116 15.888 15.662 15.437 15.213 14.990 14.769 14.548 14.328 14.109 13.891 13.674 13.457 13.241 13.026 12.812 12.598 12.385 12.172 11.960 11.748 11.537 11.326 11.115 10.905 10.695 10.484 10.275 10.065  9.855 
28.796 28.486 28.178 27.872 27.568 27.266 26.965 26.667 26.370 26.076 25.783 25.492 25.203 24.916 24.631 24.347 24.065 23.786 23.507 23.231 22.957 22.684 22.413 22.144 21.876 21.610 21.346 21.083 20.822 20.563 20.305 20.049 19.794 19.541 19.289 19.039 18.790 18.542 18.296 18.052 17.808 17.566 17.325 17.085 16.847 16.610 16.373 16.138 15.904 15.671 15.439 15.208 14.978 14.749 14.520 14.293 14.066 13.840 13.615 13.390 13.166 12.943 12.720 12.497 12.275 12.054 11.833 11.612 11.392 11.172 10.952 10.732 10.513 10.294 10.074  9.855 
29.205 28.895 28.587 28.280 27.975 27.672 27.371 27.071 26.774 26.477 26.183 25.890 25.599 25.310 25.022 24.736 24.452 24.169 23.888 23.608 23.330 23.054 22.779 22.506 22.234 21.964 21.696 21.429 21.163 20.899 20.636 20.375 20.115 19.856 19.599 19.343 19.088 18.835 18.583 18.332 18.082 17.833 17.586 17.340 17.094 16.850 16.607 16.365 16.124 15.883 15.644 15.405 15.168 14.931 14.695 14.459 14.225 13.991 13.757 13.525 13.293 13.061 12.830 12.599 12.369 12.139 11.910 11.681 11.452 11.223 10.995 10.767 10.539 10.311 10.083  9.855 
29.576 29.266 28.957 28.650 28.345 28.041 27.739 27.438 27.139 26.842 26.546 26.251 25.958 25.667 25.377 25.089 24.802 24.516 24.232 23.950 23.669 23.389 23.111 22.835 22.559 22.285 22.013 21.742 21.472 21.203 20.936 20.670 20.405 20.142 19.879 19.618 19.358 19.100 18.842 18.586 18.330 18.076 17.822 17.570 17.319 17.068 16.819 16.570 16.322 16.075 15.829 15.584 15.340 15.096 14.853 14.610 14.368 14.127 13.887 13.647 13.407 13.168 12.930 12.691 12.454 12.216 11.979 11.742 11.506 11.270 11.034 10.798 10.562 10.326 10.091  9.855 
29.912 29.602 29.293 28.986 28.680 28.375 28.072 27.771 27.471 27.172 26.874 26.578 26.284 25.991 25.699 25.408 25.119 24.831 24.545 24.260 23.976 23.694 23.412 23.133 22.854 22.577 22.300 22.025 21.752 21.479 21.208 20.938 20.669 20.401 20.134 19.868 19.604 19.340 19.077 18.816 18.555 18.295 18.037 17.779 17.522 17.266 17.010 16.756 16.502 16.250 15.997 15.746 15.495 15.245 14.996 14.747 14.499 14.251 14.004 13.757 13.511 13.265 13.020 12.775 12.530 12.286 12.042 11.799 11.555 11.312 11.069 10.826 10.583 10.340 10.098  9.855 
30.217 29.906 29.597 29.290 28.983 28.678 28.375 28.072 27.771 27.471 27.172 26.875 26.579 26.284 25.990 25.698 25.407 25.117 24.828 24.541 24.254 23.969 23.685 23.403 23.121 22.840 22.561 22.283 22.006 21.729 21.454 21.180 20.907 20.636 20.365 20.095 19.826 19.558 19.290 19.024 18.759 18.494 18.231 17.968 17.706 17.445 17.184 16.925 16.666 16.407 16.150 15.893 15.636 15.381 15.126 14.871 14.617 14.363 14.110 13.857 13.605 13.353 13.102 12.851 12.600 12.350 12.099 11.849 11.600 11.350 11.101 10.851 10.602 10.353 10.104  9.855 
30.493 30.183 29.873 29.565 29.259 28.953 28.649 28.345 28.043 27.742 27.443 27.144 26.846 26.550 26.255 25.961 25.668 25.376 25.085 24.795 24.507 24.219 23.933 23.647 23.363 23.080 22.797 22.516 22.236 21.956 21.678 21.400 21.124 20.848 20.574 20.300 20.027 19.755 19.484 19.213 18.944 18.675 18.407 18.140 17.873 17.607 17.342 17.078 16.814 16.550 16.288 16.026 15.764 15.504 15.243 14.983 14.724 14.465 14.206 13.948 13.691 13.433 13.176 12.920 12.663 12.407 12.151 11.895 11.640 11.385 11.129 10.874 10.619 10.365 10.110  9.855 
30.743 30.433 30.124 29.815 29.508 29.202 28.897 28.593 28.290 27.988 27.687 27.388 27.089 26.791 26.495 26.199 25.904 25.611 25.318 25.026 24.735 24.446 24.157 23.869 23.582 23.296 23.011 22.727 22.444 22.162 21.880 21.600 21.320 21.041 20.763 20.486 20.210 19.934 19.659 19.385 19.111 18.839 18.566 18.295 18.024 17.754 17.485 17.216 16.948 16.680 16.413 16.147 15.880 15.615 15.350 15.085 14.821 14.557 14.294 14.031 13.768 13.506 13.244 12.982 12.720 12.459 12.198 11.937 11.676 11.416 11.156 10.895 10.635 10.375 10.115  9.855 
30.970 30.660 30.350 30.042 29.734 29.428 29.122 28.818 28.514 28.211 27.909 27.609 27.309 27.010 26.712 26.415 26.119 25.823 25.529 25.235 24.943 24.651 24.360 24.070 23.781 23.493 23.206 22.919 22.633 22.348 22.064 21.781 21.498 21.216 20.935 20.655 20.375 20.096 19.818 19.540 19.263 18.987 18.711 18.436 18.162 17.888 17.614 17.342 17.069 16.798 16.527 16.256 15.986 15.716 15.446 15.177 14.909 14.641 14.373 14.105 13.838 13.571 13.305 13.038 12.772 12.506 12.241 11.975 11.710 11.444 11.179 10.914 10.649 10.385 10.120  9.855 
31.176 30.866 30.556 30.247 29.939 29.632 29.326 29.021 28.717 28.413 28.111 27.809 27.508 27.208 26.909 26.610 26.313 26.016 25.720 25.425 25.131 24.837 24.545 24.253 23.962 23.671 23.382 23.093 22.805 22.517 22.231 21.945 21.659 21.375 21.091 20.808 20.525 20.243 19.962 19.681 19.401 19.121 18.842 18.564 18.286 18.009 17.732 17.456 17.180 16.904 16.629 16.355 16.081 15.807 15.534 15.261 14.989 14.716 14.445 14.173 13.902 13.631 13.360 13.089 12.819 12.549 12.279 12.009 11.740 11.470 11.201 10.932 10.662 10.393 10.124  9.855 
31.362 31.052 30.742 30.433 30.125 29.818 29.511 29.206 28.901 28.597 28.293 27.991 27.689 27.388 27.087 26.788 26.489 26.191 25.894 25.597 25.301 25.006 24.712 24.418 24.125 23.833 23.541 23.250 22.960 22.670 22.381 22.093 21.805 21.518 21.232 20.946 20.661 20.376 20.092 19.809 19.526 19.243 18.961 18.680 18.399 18.118 17.838 17.559 17.280 17.001 16.723 16.445 16.167 15.890 15.613 15.337 15.061 14.785 14.510 14.234 13.959 13.685 13.410 13.136 12.862 12.588 12.314 12.040 11.767 11.494 11.220 10.947 10.674 10.401 10.128  9.855 
31.532 31.221 30.911 30.602 30.294 29.986 29.679 29.373 29.067 28.763 28.459 28.155 27.853 27.551 27.249 26.949 26.649 26.349 26.051 25.753 25.456 25.159 24.863 24.568 24.273 23.979 23.686 23.393 23.101 22.809 22.518 22.228 21.938 21.649 21.360 21.072 20.784 20.497 20.210 19.924 19.639 19.354 19.069 18.785 18.501 18.218 17.935 17.652 17.370 17.089 16.807 16.526 16.246 15.965 15.685 15.406 15.126 14.847 14.568 14.290 14.012 13.733 13.456 13.178 12.900 12.623 12.346 12.069 11.792 11.515 11.238 10.961 10.685 10.408 10.132  9.855 
31.685 31.374 31.064 30.755 30.447 30.139 29.831 29.525 29.219 28.913 28.609 28.304 28.001 27.698 27.396 27.094 26.793 26.493 26.193 25.894 25.596 25.298 25.000 24.704 24.408 24.112 23.817 23.522 23.228 22.935 22.642 22.350 22.058 21.767 21.476 21.186 20.896 20.607 20.318 20.029 19.741 19.454 19.167 18.880 18.594 18.308 18.022 17.737 17.452 17.168 16.884 16.600 16.317 16.034 15.751 15.468 15.186 14.904 14.622 14.340 14.059 13.778 13.497 13.216 12.935 12.655 12.374 12.094 11.814 11.534 11.254 10.974 10.694 10.415 10.135  9.855 
