32.016 31.705 31.394 31.083 30.773 30.462 30.151 29.840 29.529 29.218 28.907 28.596 28.285 27.975 27.664 27.353 27.042 26.731 26.420 26.109 25.798 25.487 25.176 24.865 24.554 24.243 23.932 23.621 23.310 22.999 22.688 22.377 22.066 21.754 21.443 21.132 20.821 20.509 20.198 19.886 19.574 19.263 18.951 18.639 18.327 18.015 17.702 17.390 17.077 16.764 16.451 16.138 15.824 15.511 15.197 14.882 14.567 14.252 13.937 13.621 13.305 12.988 12.671 12.354 12.035 11.717 11.397 11.077 10.757 10.436 10.114  9.791  9.467  9.143  8.818  8.491 
32.014 31.703 31.392 31.081 30.770 30.459 30.148 29.837 29.526 29.215 28.904 28.593 28.282 27.971 27.659 27.348 27.037 26.725 26.414 26.102 25.791 25.479 25.167 24.856 24.544 24.232 23.920 23.608 23.296 22.983 22.671 22.358 22.045 21.733 21.420 21.107 20.793 20.480 20.166 19.852 19.538 19.224 18.909 18.594 18.279 17.964 17.648 17.332 17.016 16.699 16.382 16.065 15.747 15.429 15.111 14.791 14.472 14.152 13.831 13.510 13.189 12.867 12.544 12.220 11.896 11.572 11.246 10.920 10.593 10.266  9.937  9.608  9.278  8.947  8.616  8.283 
32.003 31.693 31.382 31.071 30.759 30.448 30.137 29.825 29.514 29.202 28.891 28.579 28.267 27.955 27.643 27.331 27.019 26.707 26.394 26.082 25.769 25.456 25.143 24.830 24.517 24.203 23.890 23.576 23.262 22.948 22.633 22.319 22.004 21.689 21.374 21.058 20.742 20.426 20.110 19.794 19.477 19.159 18.842 18.524 18.206 17.887 17.568 17.249 16.929 16.609 16.288 15.967 15.645 15.323 15.000 14.677 14.353 14.029 13.704 13.379 13.053 12.726 12.399 12.071 11.742 11.412 11.082 10.751 10.420 10.087  9.754  9.420  9.085  8.749  8.412  8.074 
31.979 31.668 31.357 31.046 30.735 30.423 30.111 29.800 29.488 29.175 28.863 28.551 28.238 27.925 27.612 27.299 26.986 26.673 26.359 26.045 25.731 25.417 25.102 24.788 24.473 24.158 23.842 23.527 23.211 22.895 22.578 22.262 21.945 21.628 21.310 20.992 20.674 20.355 20.036 19.717 19.398 19.077 18.757 18.436 18.115 17.793 17.471 17.148 16.825 16.502 16.178 15.853 15.528 15.202 14.876 14.549 14.222 13.894 13.565 13.236 12.906 12.575 12.244 11.912 11.579 11.245 10.911 10.576 10.240  9.904  9.566  9.228  8.889  8.549  8.208  7.866 
31.940 31.629 31.318 31.006 30.695 30.383 30.071 29.758 29.446 29.133 28.820 28.507 28.194 27.880 27.566 27.252 26.938 26.623 26.308 25.993 25.678 25.362 25.047 24.730 24.414 24.097 23.780 23.463 23.145 22.827 22.509 22.190 21.871 21.551 21.232 20.911 20.591 20.270 19.949 19.627 19.305 18.982 18.659 18.335 18.011 17.687 17.362 17.036 16.710 16.383 16.056 15.729 15.400 15.071 14.742 14.412 14.081 13.750 13.417 13.085 12.751 12.417 12.082 11.747 11.410 11.073 10.735 10.397 10.057  9.717  9.376  9.034  8.691  8.347  8.003  7.657 
31.885 31.574 31.263 30.951 30.640 30.327 30.015 29.702 29.389 29.076 28.763 28.449 28.135 27.820 27.506 27.190 26.875 26.560 26.244 25.927 25.611 25.294 24.977 24.659 24.341 24.023 23.704 23.385 23.065 22.746 22.425 22.105 21.784 21.462 21.141 20.818 20.496 20.173 19.849 19.525 19.200 18.875 18.550 18.224 17.897 17.570 17.242 16.914 16.585 16.256 15.926 15.595 15.264 14.932 14.600 14.267 13.933 13.599 13.264 12.928 12.591 12.254 11.916 11.577 11.238 10.897 10.556 10.214  9.872  9.528  9.184  8.839  8.492  8.145  7.797  7.449 
31.817 31.506 31.194 30.883 30.571 30.258 29.945 29.632 29.319 29.005 28.691 28.377 28.062 27.747 27.431 27.115 26.799 26.482 26.165 25.848 25.530 25.212 24.894 24.575 24.255 23.936 23.615 23.295 22.974 22.652 22.331 22.008 21.685 21.362 21.038 20.714 20.390 20.064 19.739 19.413 19.086 18.759 18.431 18.102 17.773 17.444 17.114 16.783 16.452 16.120 15.788 15.455 15.121 14.786 14.451 14.116 13.779 13.442 13.104 12.766 12.426 12.086 11.745 11.404 11.061 10.718 10.374 10.029  9.684  9.337  8.990  8.642  8.293  7.943  7.592  7.240 
31.735 31.424 31.113 30.801 30.489 30.176 29.863 29.550 29.236 28.921 28.607 28.292 27.976 27.661 27.344 27.028 26.711 26.393 26.075 25.757 25.438 25.119 24.799 24.479 24.158 23.837 23.516 23.194 22.871 22.548 22.225 21.901 21.577 21.252 20.926 20.600 20.274 19.947 19.619 19.291 18.962 18.633 18.303 17.973 17.642 17.310 16.978 16.645 16.312 15.978 15.643 15.307 14.971 14.635 14.297 13.959 13.620 13.280 12.940 12.599 12.257 11.914 11.571 11.227 10.882 10.536 10.190  9.842  9.494  9.145  8.795  8.444  8.092  7.739  7.386  7.031 
31.642 31.331 31.019 30.707 30.395 30.082 29.769 29.455 29.141 28.826 28.511 28.196 27.879 27.563 27.246 26.929 26.611 26.293 25.974 25.654 25.335 25.014 24.694 24.372 24.051 23.729 23.406 23.083 22.759 22.435 22.110 21.784 21.459 21.132 20.805 20.478 20.149 19.821 19.491 19.162 18.831 18.500 18.168 17.836 17.503 17.170 16.835 16.501 16.165 15.829 15.492 15.154 14.816 14.477 14.138 13.797 13.456 13.114 12.772 12.428 12.084 11.739 11.394 11.047 10.700 10.352 10.003  9.653  9.302  8.951  8.598  8.245  7.891  7.536  7.180  6.823 
31.538 31.227 30.915 30.603 30.291 29.978 29.664 29.350 29.035 28.720 28.405 28.089 27.772 27.455 27.138 26.820 26.501 26.182 25.862 25.542 25.222 24.900 24.579 24.257 23.934 23.611 23.287 22.962 22.637 22.312 21.986 21.659 21.332 21.004 20.676 20.347 20.017 19.687 19.356 19.025 18.693 18.360 18.026 17.692 17.358 17.023 16.687 16.350 16.013 15.675 15.336 14.996 14.656 14.315 13.974 13.631 13.288 12.944 12.600 12.254 11.908 11.561 11.213 10.864 10.515 10.165  9.814  9.462  9.109  8.755  8.401  8.045  7.689  7.332  6.973  6.614 
31.424 31.113 30.801 30.489 30.176 29.863 29.549 29.235 28.920 28.605 28.289 27.972 27.655 27.338 27.020 26.701 26.382 26.062 25.742 25.421 25.100 24.778 24.455 24.132 23.808 23.484 23.159 22.834 22.508 22.181 21.854 21.526 21.198 20.869 20.539 20.209 19.878 19.546 19.214 18.881 18.547 18.213 17.878 17.543 17.207 16.870 16.532 16.194 15.855 15.515 15.175 14.833 14.491 14.149 13.805 13.461 13.116 12.771 12.424 12.077 11.729 11.380 11.030 10.679 10.328  9.976  9.623  9.269  8.914  8.558  8.202  7.845  7.486  7.127  6.767  6.406 
31.302 30.990 30.679 30.366 30.054 29.740 29.426 29.112 28.796 28.481 28.164 27.848 27.530 27.212 26.893 26.574 26.255 25.934 25.613 25.292 24.970 24.647 24.324 24.000 23.675 23.350 23.024 22.698 22.371 22.043 21.715 21.386 21.056 20.726 20.395 20.064 19.732 19.399 19.065 18.731 18.396 18.061 17.725 17.388 17.050 16.712 16.373 16.033 15.692 15.351 15.009 14.666 14.323 13.978 13.633 13.288 12.941 12.594 12.245 11.896 11.547 11.196 10.845 10.492 10.139  9.785  9.430  9.075  8.718  8.361  8.002  7.643  7.283  6.922  6.560  6.197 
31.171 30.860 30.548 30.236 29.923 29.609 29.295 28.980 28.665 28.349 28.032 27.715 27.397 27.079 26.759 26.440 26.120 25.799 25.477 25.155 24.832 24.509 24.185 23.860 23.535 23.209 22.882 22.555 22.227 21.898 21.569 21.239 20.909 20.578 20.246 19.913 19.580 19.246 18.911 18.576 18.240 17.903 17.566 17.227 16.888 16.549 16.208 15.867 15.525 15.183 14.839 14.495 14.150 13.805 13.458 13.111 12.763 12.414 12.064 11.713 11.362 11.010 10.657 10.303  9.948  9.593  9.236  8.879  8.521  8.162  7.802  7.441  7.079  6.717  6.353  5.989 
31.033 30.722 30.410 30.097 29.784 29.471 29.156 28.841 28.526 28.209 27.892 27.575 27.257 26.938 26.618 26.298 25.978 25.656 25.334 25.011 24.688 24.364 24.039 23.714 23.388 23.061 22.734 22.406 22.077 21.748 21.418 21.087 20.756 20.423 20.091 19.757 19.423 19.088 18.752 18.416 18.079 17.741 17.402 17.063 16.723 16.382 16.040 15.698 15.355 15.011 14.666 14.321 13.974 13.627 13.280 12.931 12.581 12.231 11.880 11.528 11.175 10.822 10.467 10.112  9.756  9.399  9.041  8.682  8.323  7.962  7.601  7.238  6.875  6.511  6.146  5.780 
30.888 30.577 30.265 29.953 29.640 29.326 29.011 28.696 28.380 28.064 27.747 27.429 27.110 26.791 26.471 26.151 25.829 25.508 25.185 24.862 24.538 24.213 23.888 23.562 23.236 22.908 22.580 22.251 21.922 21.592 21.261 20.929 20.597 20.264 19.930 19.596 19.261 18.925 18.588 18.251 17.913 17.574 17.234 16.894 16.553 16.211 15.868 15.525 15.180 14.835 14.490 14.143 13.795 13.447 13.098 12.748 12.398 12.046 11.694 11.341 10.987 10.632 10.276  9.919  9.562  9.204  8.844  8.484  8.123  7.762  7.399  7.035  6.671  6.305  5.939  5.571 
30.738 30.427 30.115 29.802 29.489 29.175 28.860 28.545 28.229 27.912 27.595 27.277 26.958 26.638 26.318 25.997 25.676 25.353 25.030 24.707 24.382 24.057 23.732 23.405 23.078 22.750 22.421 22.092 21.762 21.431 21.099 20.767 20.434 20.100 19.766 19.431 19.095 18.758 18.420 18.082 17.743 17.403 17.063 16.721 16.379 16.036 15.693 15.348 15.003 14.657 14.310 13.962 13.614 13.264 12.914 12.563 12.212 11.859 11.505 11.151 10.796 10.440 10.083  9.725  9.367  9.007  8.647  8.286  7.923  7.560  7.196  6.831  6.466  6.099  5.731  5.363 
30.582 30.271 29.959 29.646 29.333 29.019 28.704 28.388 28.072 27.755 27.438 27.119 26.800 26.480 26.160 25.839 25.517 25.194 24.871 24.547 24.222 23.896 23.570 23.243 22.915 22.587 22.258 21.928 21.597 21.266 20.933 20.600 20.267 19.932 19.597 19.261 18.924 18.587 18.249 17.910 17.570 17.229 16.888 16.545 16.202 15.859 15.514 15.169 14.823 14.476 14.128 13.779 13.430 13.079 12.728 12.376 12.023 11.670 11.315 10.960 10.604 10.247  9.889  9.530  9.170  8.810  8.448  8.086  7.722  7.358  6.993  6.627  6.260  5.893  5.524  5.154 
30.421 30.110 29.798 29.485 29.172 28.857 28.543 28.227 27.911 27.593 27.276 26.957 26.638 26.318 25.997 25.676 25.353 25.030 24.707 24.382 24.057 23.731 23.404 23.077 22.749 22.420 22.090 21.759 21.428 21.096 20.763 20.430 20.096 19.760 19.425 19.088 18.751 18.412 18.073 17.734 17.393 17.052 16.709 16.367 16.023 15.678 15.333 14.987 14.640 14.292 13.943 13.593 13.243 12.892 12.540 12.187 11.833 11.479 11.123 10.767 10.410 10.052  9.693  9.333  8.972  8.611  8.248  7.885  7.521  7.156  6.790  6.423  6.055  5.686  5.316  4.946 
30.256 29.944 29.632 29.320 29.006 28.692 28.377 28.061 27.745 27.427 27.109 26.791 26.471 26.151 25.830 25.508 25.186 24.862 24.538 24.213 23.888 23.561 23.234 22.907 22.578 22.248 21.918 21.587 21.256 20.923 20.590 20.256 19.921 19.585 19.249 18.912 18.573 18.235 17.895 17.555 17.213 16.871 16.528 16.185 15.840 15.495 15.149 14.802 14.454 14.105 13.756 13.406 13.055 12.703 12.350 11.996 11.641 11.286 10.930 10.573 10.215  9.856  9.496  9.135  8.774  8.411  8.048  7.684  7.319  6.953  6.586  6.218  5.849  5.479  5.109  4.737 
30.086 29.775 29.463 29.150 28.837 28.522 28.207 27.891 27.575 27.257 26.939 26.620 26.300 25.980 25.659 25.337 25.014 24.690 24.366 24.041 23.715 23.388 23.061 22.733 22.404 22.074 21.743 21.412 21.080 20.747 20.413 20.078 19.743 19.407 19.070 18.732 18.393 18.054 17.714 17.373 17.031 16.688 16.345 16.001 15.655 15.309 14.963 14.615 14.267 13.917 13.567 13.216 12.864 12.511 12.158 11.803 11.448 11.092 10.735 10.377 10.018  9.658  9.298  8.936  8.574  8.211  7.847  7.482  7.116  6.749  6.381  6.012  5.643  5.272  4.901  4.529 
29.913 29.602 29.290 28.977 28.663 28.349 28.034 27.718 27.401 27.084 26.765 26.446 26.126 25.806 25.484 25.162 24.839 24.515 24.191 23.865 23.539 23.212 22.884 22.556 22.226 21.896 21.565 21.233 20.901 20.567 20.233 19.898 19.562 19.226 18.888 18.550 18.211 17.871 17.530 17.189 16.846 16.503 16.159 15.814 15.468 15.122 14.774 14.426 14.077 13.727 13.376 13.025 12.672 12.319 11.964 11.609 11.253 10.896 10.539 10.180  9.821  9.460  9.099  8.737  8.374  8.010  7.645  7.279  6.912  6.545  6.176  5.807  5.437  5.065  4.693  4.320 
29.737 29.426 29.113 28.801 28.487 28.172 27.857 27.541 27.224 26.907 26.588 26.269 25.949 25.628 25.306 24.984 24.661 24.337 24.012 23.686 23.360 23.032 22.704 22.376 22.046 21.715 21.384 21.052 20.719 20.385 20.051 19.715 19.379 19.042 18.704 18.365 18.026 17.685 17.344 17.002 16.659 16.315 15.971 15.625 15.279 14.932 14.584 14.235 13.886 13.535 13.184 12.831 12.478 12.124 11.770 11.414 11.057 10.700 10.341  9.982  9.622  9.261  8.899  8.536  8.172  7.808  7.442  7.076  6.708  6.340  5.971  5.601  5.230  4.858  4.485  4.111 
29.557 29.246 28.934 28.621 28.307 27.993 27.678 27.361 27.045 26.727 26.408 26.089 25.769 25.448 25.126 24.803 24.480 24.156 23.830 23.505 23.178 22.850 22.522 22.193 21.863 21.532 21.200 20.868 20.535 20.201 19.866 19.530 19.193 18.856 18.517 18.178 17.838 17.498 17.156 16.813 16.470 16.126 15.781 15.435 15.088 14.741 14.392 14.043 13.693 13.342 12.990 12.637 12.283 11.929 11.573 11.217 10.860 10.502 10.143  9.783  9.422  9.061  8.698  8.335  7.971  7.605  7.239  6.872  6.504  6.135  5.766  5.395  5.023  4.651  4.277  3.903 
29.375 29.064 28.752 28.439 28.125 27.811 27.495 27.179 26.862 26.544 26.225 25.906 25.586 25.265 24.943 24.620 24.296 23.972 23.646 23.320 22.993 22.666 22.337 22.008 21.677 21.346 21.014 20.682 20.348 20.014 19.678 19.342 19.005 18.668 18.329 17.989 17.649 17.308 16.966 16.623 16.279 15.935 15.589 15.243 14.896 14.548 14.199 13.849 13.498 13.147 12.794 12.441 12.087 11.732 11.376 11.019 10.662 10.303  9.944  9.583  9.222  8.860  8.497  8.133  7.768  7.402  7.036  6.668  6.299  5.930  5.560  5.189  4.816  4.443  4.069  3.694 
29.191 28.879 28.567 28.254 27.941 27.626 27.310 26.994 26.677 26.359 26.040 25.721 25.400 25.079 24.757 24.434 24.110 23.786 23.460 23.134 22.807 22.479 22.150 21.820 21.490 21.159 20.826 20.493 20.160 19.825 19.489 19.153 18.816 18.477 18.139 17.799 17.458 17.117 16.774 16.431 16.087 15.742 15.396 15.049 14.702 14.353 14.004 13.654 13.303 12.951 12.598 12.244 11.890 11.534 11.178 10.820 10.462 10.103  9.743  9.383  9.021  8.658  8.295  7.930  7.565  7.199  6.831  6.463  6.094  5.725  5.354  4.982  4.609  4.236  3.861  3.486 
29.004 28.693 28.380 28.067 27.754 27.439 27.123 26.807 26.490 26.172 25.853 25.533 25.213 24.891 24.569 24.246 23.922 23.597 23.272 22.945 22.618 22.290 21.961 21.631 21.300 20.969 20.636 20.303 19.969 19.634 19.298 18.962 18.624 18.286 17.946 17.606 17.265 16.923 16.581 16.237 15.893 15.547 15.201 14.854 14.506 14.157 13.808 13.457 13.106 12.753 12.400 12.046 11.691 11.335 10.978 10.621 10.262  9.903  9.542  9.181  8.819  8.456  8.092  7.727  7.361  6.995  6.627  6.258  5.889  5.519  5.147  4.775  4.402  4.028  3.653  3.277 
28.815 28.504 28.192 27.879 27.565 27.250 26.934 26.618 26.301 25.983 25.664 25.344 25.023 24.702 24.380 24.056 23.732 23.407 23.082 22.755 22.428 22.099 21.770 21.440 21.109 20.777 20.445 20.111 19.777 19.442 19.106 18.769 18.431 18.092 17.753 17.412 17.071 16.729 16.386 16.042 15.697 15.352 15.005 14.658 14.310 13.960 13.610 13.259 12.908 12.555 12.201 11.847 11.492 11.135 10.778 10.420 10.061  9.701  9.341  8.979  8.616  8.253  7.889  7.523  7.157  6.790  6.422  6.053  5.683  5.313  4.941  4.568  4.195  3.820  3.445  3.069 
28.624 28.313 28.001 27.688 27.374 27.059 26.744 26.427 26.110 25.792 25.473 25.153 24.832 24.510 24.188 23.865 23.541 23.216 22.890 22.563 22.235 21.907 21.577 21.247 20.916 20.584 20.251 19.918 19.583 19.248 18.912 18.574 18.236 17.897 17.558 17.217 16.876 16.533 16.190 15.846 15.501 15.155 14.808 14.460 14.112 13.762 13.412 13.061 12.709 12.356 12.002 11.647 11.291 10.935 10.577 10.219  9.860  9.499  9.138  8.776  8.413  8.050  7.685  7.319  6.953  6.585  6.217  5.848  5.477  5.106  4.734  4.361  3.987  3.612  3.237  2.860 
28.432 28.121 27.808 27.495 27.182 26.867 26.551 26.235 25.917 25.599 25.280 24.960 24.639 24.318 23.995 23.672 23.347 23.022 22.696 22.369 22.041 21.713 21.383 21.053 20.722 20.390 20.057 19.723 19.388 19.053 18.716 18.379 18.041 17.701 17.361 17.021 16.679 16.336 15.993 15.648 15.303 14.957 14.610 14.262 13.913 13.563 13.213 12.861 12.509 12.156 11.801 11.446 11.090 10.733 10.376 10.017  9.657  9.297  8.935  8.573  8.210  7.846  7.481  7.115  6.748  6.380  6.011  5.642  5.271  4.900  4.527  4.154  3.780  3.405  3.028  2.651 
28.238 27.927 27.615 27.302 26.988 26.673 26.357 26.041 25.723 25.405 25.086 24.766 24.445 24.123 23.800 23.477 23.153 22.827 22.501 22.174 21.846 21.518 21.188 20.857 20.526 20.194 19.861 19.527 19.192 18.856 18.519 18.182 17.843 17.504 17.164 16.823 16.481 16.138 15.794 15.450 15.104 14.758 14.411 14.062 13.713 13.363 13.013 12.661 12.308 11.955 11.600 11.245 10.888 10.531 10.173  9.814  9.454  9.094  8.732  8.369  8.006  7.641  7.276  6.910  6.543  6.175  5.806  5.436  5.065  4.693  4.320  3.947  3.572  3.197  2.820  2.443 
28.043 27.731 27.419 27.106 26.792 26.477 26.162 25.845 25.528 25.209 24.890 24.570 24.249 23.927 23.605 23.281 22.957 22.631 22.305 21.978 21.650 21.321 20.991 20.661 20.329 19.997 19.664 19.329 18.994 18.658 18.322 17.984 17.645 17.306 16.965 16.624 16.282 15.939 15.595 15.250 14.905 14.558 14.210 13.862 13.513 13.163 12.812 12.460 12.107 11.753 11.398 11.043 10.686 10.329  9.970  9.611  9.251  8.890  8.528  8.165  7.801  7.437  7.071  6.705  6.337  5.969  5.599  5.229  4.858  4.486  4.113  3.739  3.364  2.989  2.612  2.234 
27.846 27.535 27.223 26.910 26.596 26.281 25.965 25.649 25.331 25.013 24.693 24.373 24.052 23.730 23.408 23.084 22.759 22.434 22.108 21.780 21.452 21.123 20.794 20.463 20.131 19.799 19.465 19.131 18.796 18.460 18.123 17.785 17.446 17.107 16.766 16.425 16.082 15.739 15.395 15.050 14.704 14.357 14.010 13.661 13.312 12.961 12.610 12.258 11.905 11.551 11.196 10.840 10.483 10.125  9.767  9.407  9.047  8.686  8.324  7.961  7.597  7.232  6.866  6.499  6.131  5.763  5.393  5.023  4.651  4.279  3.906  3.532  3.157  2.781  2.404  2.026 
27.649 27.337 27.025 26.712 26.398 26.083 25.767 25.451 25.133 24.815 24.496 24.175 23.854 23.532 23.210 22.886 22.561 22.236 21.909 21.582 21.254 20.925 20.595 20.264 19.932 19.600 19.266 18.932 18.596 18.260 17.923 17.585 17.246 16.906 16.566 16.224 15.882 15.538 15.194 14.849 14.503 14.156 13.808 13.459 13.110 12.759 12.408 12.055 11.702 11.348 10.993 10.637 10.280  9.922  9.563  9.203  8.843  8.481  8.119  7.756  7.391  7.026  6.660  6.293  5.925  5.556  5.187  4.816  4.444  4.072  3.698  3.324  2.949  2.572  2.195  1.817 
27.450 27.139 26.826 26.513 26.199 25.884 25.569 25.252 24.934 24.616 24.297 23.976 23.655 23.333 23.010 22.687 22.362 22.036 21.710 21.383 21.054 20.725 20.395 20.064 19.732 19.400 19.066 18.731 18.396 18.060 17.723 17.384 17.045 16.705 16.365 16.023 15.680 15.337 14.992 14.647 14.301 13.954 13.606 13.257 12.907 12.556 12.205 11.852 11.499 11.144 10.789 10.433 10.076  9.718  9.359  8.999  8.638  8.276  7.914  7.550  7.186  6.820  6.454  6.087  5.719  5.350  4.980  4.609  4.237  3.864  3.491  3.116  2.741  2.364  1.987  1.609 
27.250 26.939 26.627 26.314 26.000 25.685 25.369 25.052 24.735 24.416 24.097 23.777 23.455 23.133 22.810 22.487 22.162 21.836 21.510 21.182 20.854 20.525 20.195 19.864 19.532 19.199 18.865 18.530 18.195 17.859 17.521 17.183 16.844 16.504 16.163 15.821 15.478 15.135 14.790 14.445 14.098 13.751 13.403 13.054 12.704 12.353 12.001 11.648 11.295 10.940 10.585 10.228  9.871  9.513  9.154  8.794  8.433  8.071  7.708  7.345  6.980  6.614  6.248  5.881  5.512  5.143  4.773  4.402  4.030  3.657  3.283  2.908  2.533  2.156  1.778  1.400 
27.050 26.739 26.426 26.113 25.799 25.484 25.169 24.852 24.534 24.216 23.896 23.576 23.255 22.933 22.610 22.286 21.961 21.635 21.309 20.981 20.653 20.323 19.993 19.662 19.330 18.997 18.663 18.329 17.993 17.657 17.319 16.981 16.642 16.302 15.961 15.619 15.276 14.932 14.587 14.242 13.895 13.548 13.200 12.850 12.500 12.149 11.797 11.444 11.091 10.736 10.380 10.024  9.666  9.308  8.949  8.589  8.228  7.866  7.503  7.139  6.774  6.408  6.042  5.674  5.306  4.936  4.566  4.195  3.823  3.449  3.075  2.701  2.325  1.948  1.570  1.191 
26.849 26.537 26.225 25.912 25.598 25.283 24.967 24.651 24.333 24.014 23.695 23.375 23.053 22.731 22.408 22.084 21.759 21.434 21.107 20.779 20.451 20.122 19.791 19.460 19.128 18.795 18.461 18.126 17.791 17.454 17.117 16.778 16.439 16.099 15.758 15.415 15.073 14.729 14.384 14.038 13.692 13.344 12.996 12.646 12.296 11.945 11.593 11.240 10.886 10.531 10.175  9.819  9.461  9.103  8.743  8.383  8.022  7.660  7.297  6.933  6.568  6.202  5.835  5.467  5.099  4.729  4.359  3.987  3.615  3.242  2.868  2.493  2.117  1.740  1.362  0.983 
26.647 26.336 26.023 25.710 25.396 25.081 24.765 24.449 24.131 23.812 23.493 23.173 22.851 22.529 22.206 21.882 21.557 21.231 20.905 20.577 20.249 19.919 19.589 19.258 18.925 18.592 18.258 17.924 17.588 17.251 16.913 16.575 16.236 15.895 15.554 15.212 14.869 14.525 14.180 13.834 13.488 13.140 12.791 12.442 12.092 11.740 11.388 11.035 10.681 10.326  9.970  9.613  9.256  8.897  8.538  8.177  7.816  7.454  7.090  6.726  6.361  5.995  5.628  5.260  4.892  4.522  4.151  3.780  3.407  3.034  2.660  2.285  1.908  1.531  1.153  0.774 
26.444 26.133 25.821 25.508 25.194 24.879 24.563 24.246 23.928 23.610 23.290 22.970 22.649 22.326 22.003 21.679 21.354 21.028 20.702 20.374 20.045 19.716 19.386 19.054 18.722 18.389 18.055 17.720 17.384 17.047 16.710 16.371 16.032 15.691 15.350 15.008 14.665 14.321 13.976 13.630 13.283 12.935 12.587 12.237 11.887 11.535 11.183 10.830 10.476 10.121  9.765  9.408  9.050  8.691  8.332  7.971  7.610  7.247  6.884  6.520  6.154  5.788  5.421  5.053  4.685  4.315  3.944  3.572  3.200  2.826  2.452  2.076  1.700  1.323  0.945  0.566 
26.241 25.930 25.618 25.305 24.991 24.676 24.360 24.043 23.725 23.407 23.087 22.767 22.445 22.123 21.800 21.476 21.151 20.825 20.498 20.171 19.842 19.512 19.182 18.851 18.518 18.185 17.851 17.516 17.180 16.843 16.506 16.167 15.827 15.487 15.146 14.803 14.460 14.116 13.771 13.425 13.078 12.730 12.382 12.032 11.681 11.330 10.978 10.624 10.270  9.915  9.559  9.202  8.844  8.485  8.125  7.765  7.403  7.041  6.677  6.313  5.948  5.581  5.214  4.846  4.477  4.107  3.736  3.365  2.992  2.618  2.244  1.868  1.492  1.115  0.736  0.357 
26.038 25.726 25.414 25.101 24.787 24.472 24.156 23.839 23.522 23.203 22.883 22.563 22.242 21.919 21.596 21.272 20.947 20.621 20.294 19.967 19.638 19.308 18.978 18.646 18.314 17.981 17.647 17.312 16.976 16.639 16.301 15.962 15.623 15.282 14.941 14.598 14.255 13.911 13.566 13.220 12.873 12.525 12.176 11.827 11.476 11.124 10.772 10.418 10.064  9.709  9.353  8.996  8.638  8.279  7.919  7.558  7.197  6.834  6.470  6.106  5.741  5.374  5.007  4.639  4.270  3.900  3.529  3.157  2.784  2.410  2.036  1.660  1.284  0.906  0.528  0.149 
25.834 25.522 25.210 24.897 24.583 24.268 23.952 23.635 23.317 22.999 22.679 22.359 22.037 21.715 21.392 21.068 20.743 20.417 20.090 19.762 19.433 19.104 18.773 18.442 18.110 17.776 17.442 17.107 16.771 16.434 16.096 15.757 15.418 15.077 14.736 14.393 14.050 13.706 13.360 13.014 12.667 12.319 11.971 11.621 11.270 10.918 10.566 10.212  9.858  9.503  9.146  8.789  8.431  8.072  7.712  7.352  6.990  6.627  6.263  5.899  5.533  5.167  4.800  4.431  4.062  3.692  3.321  2.949  2.576  2.202  1.828  1.452  1.075  0.698  0.319 -0.060 
25.629 25.318 25.006 24.693 24.378 24.063 23.748 23.431 23.113 22.794 22.475 22.154 21.833 21.511 21.187 20.863 20.538 20.212 19.885 19.557 19.229 18.899 18.568 18.237 17.905 17.571 17.237 16.902 16.566 16.229 15.891 15.552 15.212 14.872 14.530 14.188 13.844 13.500 13.155 12.809 12.462 12.113 11.765 11.415 11.064 10.712 10.360 10.006  9.652  9.296  8.940  8.583  8.225  7.865  7.505  7.145  6.783  6.420  6.056  5.692  5.326  4.959  4.592  4.224  3.854  3.484  3.113  2.741  2.368  1.994  1.619  1.243  0.866  0.489  0.110 -0.269 
25.424 25.113 24.801 24.488 24.174 23.859 23.543 23.226 22.908 22.589 22.270 21.949 21.628 21.305 20.982 20.658 20.333 20.007 19.680 19.352 19.023 18.693 18.363 18.031 17.698 17.365 17.031 16.695 16.359 16.022 15.684 15.344 15.004 14.663 14.321 13.978 13.635 13.290 12.944 12.597 12.249 11.901 11.551 11.200 10.849 10.496 10.142  9.787  9.432  9.075  8.717  8.359  7.999  7.638  7.276  6.914  6.550  6.185  5.819  5.452  5.084  4.716  4.346  3.975  3.603  3.230  2.856  2.481  2.105  1.728  1.350  0.972  0.592  0.211 -0.171 -0.477 
25.218 24.906 24.594 24.281 23.967 23.652 23.336 23.019 22.701 22.382 22.062 21.742 21.420 21.097 20.774 20.450 20.124 19.798 19.471 19.143 18.813 18.483 18.152 17.821 17.488 17.154 16.819 16.483 16.147 15.809 15.471 15.131 14.791 14.449 14.107 13.764 13.420 13.074 12.728 12.381 12.034 11.685 11.335 10.984 10.633 10.280  9.927  9.572  9.217  8.861  8.504  8.146  7.788  7.428  7.068  6.707  6.345  5.982  5.619  5.254  4.889  4.523  4.157  3.789  3.421  3.053  2.683  2.313  1.942  1.571  1.199  0.826  0.453  0.079 -0.275 -0.686 
25.009 24.697 24.385 24.072 23.758 23.442 23.126 22.809 22.492 22.173 21.853 21.532 21.211 20.888 20.564 20.240 19.915 19.588 19.261 18.933 18.603 18.273 17.942 17.610 17.277 16.943 16.608 16.272 15.936 15.598 15.259 14.919 14.579 14.237 13.894 13.550 13.206 12.860 12.513 12.166 11.817 11.467 11.116 10.765 10.412 10.058  9.703  9.347  8.990  8.632  8.273  7.913  7.552  7.190  6.826  6.462  6.097  5.731  5.364  4.996  4.627  4.257  3.886  3.515  3.143  2.770  2.396  2.022  1.647  1.272  0.897  0.520  0.144 -0.183 -0.538 -0.894 
24.797 24.486 24.174 23.861 23.546 23.231 22.915 22.598 22.280 21.961 21.641 21.320 20.998 20.676 20.352 20.027 19.702 19.375 19.047 18.719 18.390 18.059 17.728 17.395 17.062 16.728 16.393 16.057 15.720 15.382 15.043 14.703 14.362 14.021 13.678 13.334 12.990 12.644 12.298 11.951 11.603 11.254 10.904 10.553 10.201  9.849  9.495  9.141  8.785  8.429  8.072  7.713  7.354  6.994  6.633  6.270  5.906  5.541  5.174  4.806  4.437  4.066  3.692  3.317  2.940  2.561  2.180  1.797  1.412  1.024  0.635  0.243 -0.150 -0.467 -0.784 -1.103 
24.585 24.273 23.961 23.648 23.334 23.018 22.702 22.385 22.067 21.748 21.428 21.107 20.785 20.463 20.139 19.814 19.488 19.162 18.834 18.505 18.176 17.845 17.514 17.181 16.848 16.513 16.178 15.841 15.504 15.166 14.826 14.486 14.144 13.802 13.459 13.114 12.769 12.423 12.075 11.727 11.377 11.027 10.676 10.323  9.970  9.616  9.261  8.904  8.547  8.189  7.830  7.470  7.110  6.748  6.385  6.022  5.658  5.293  4.927  4.561  4.193  3.826  3.457  3.088  2.718  2.348  1.977  1.605  1.234  0.861  0.488  0.115 -0.216 -0.580 -0.946 -1.311 
24.370 24.058 23.746 23.433 23.118 22.803 22.487 22.170 21.852 21.533 21.213 20.892 20.570 20.247 19.923 19.598 19.272 18.946 18.618 18.289 17.960 17.629 17.298 16.965 16.632 16.297 15.962 15.626 15.289 14.950 14.611 14.271 13.930 13.588 13.245 12.901 12.556 12.210 11.864 11.516 11.167 10.817 10.466 10.114  9.761  9.406  9.051  8.695  8.337  7.978  7.618  7.256  6.894  6.530  6.165  5.798  5.430  5.061  4.690  4.318  3.945  3.570  3.195  2.818  2.440  2.061  1.681  1.300  0.919  0.537  0.155 -0.168 -0.506 -0.843 -1.181 -1.520 
24.154 23.843 23.530 23.217 22.903 22.588 22.271 21.954 21.636 21.317 20.997 20.676 20.354 20.031 19.707 19.382 19.056 18.729 18.401 18.072 17.742 17.411 17.079 16.746 16.413 16.078 15.742 15.405 15.067 14.729 14.389 14.048 13.707 13.364 13.020 12.676 12.330 11.984 11.636 11.288 10.939 10.588 10.237  9.885  9.532  9.178  8.823  8.468  8.111  7.754  7.395  7.036  6.677  6.316  5.955  5.592  5.230  4.866  4.502  4.137  3.771  3.405  3.038  2.671  2.303  1.934  1.565  1.195  0.825  0.455  0.084 -0.248 -0.618 -0.988 -1.358 -1.729 
23.936 23.625 23.313 22.999 22.685 22.370 22.054 21.737 21.418 21.099 20.779 20.458 20.136 19.813 19.489 19.164 18.838 18.511 18.184 17.855 17.525 17.194 16.863 16.530 16.196 15.861 15.526 15.189 14.851 14.513 14.173 13.832 13.491 13.148 12.804 12.459 12.113 11.767 11.419 11.070 10.719 10.368 10.016  9.663  9.308  8.953  8.596  8.239  7.880  7.520  7.159  6.797  6.434  6.070  5.705  5.339  4.973  4.605  4.236  3.866  3.496  3.125  2.753  2.381  2.008  1.634  1.260  0.885  0.510  0.135 -0.189 -0.538 -0.887 -1.237 -1.587 -1.937 
23.718 23.407 23.095 22.781 22.467 22.152 21.835 21.518 21.200 20.881 20.560 20.239 19.917 19.594 19.270 18.945 18.618 18.291 17.963 17.634 17.304 16.973 16.641 16.308 15.974 15.640 15.304 14.967 14.629 14.290 13.951 13.610 13.268 12.926 12.582 12.238 11.893 11.546 11.199 10.851 10.502 10.152  9.802  9.450  9.098  8.744  8.390  8.035  7.679  7.323  6.965  6.607  6.247  5.887  5.526  5.163  4.800  4.435  4.069  3.702  3.333  2.961  2.587  2.211  1.831  1.448  1.061  0.669  0.272 -0.129 -0.456 -0.789 -1.125 -1.464 -1.804 -2.146 
23.499 23.188 22.876 22.562 22.248 21.933 21.616 21.299 20.981 20.662 20.342 20.020 19.698 19.375 19.051 18.726 18.400 18.073 17.745 17.415 17.085 16.754 16.422 16.089 15.755 15.420 15.084 14.747 14.409 14.069 13.729 13.388 13.046 12.703 12.358 12.013 11.667 11.320 10.971 10.622 10.272  9.920  9.568  9.215  8.860  8.505  8.149  7.792  7.434  7.075  6.715  6.354  5.992  5.630  5.266  4.902  4.537  4.172  3.805  3.438  3.071  2.703  2.334  1.964  1.594  1.224  0.853  0.482  0.110 -0.216 -0.571 -0.927 -1.283 -1.640 -1.997 -2.354 
23.279 22.967 22.655 22.342 22.027 21.712 21.396 21.078 20.760 20.441 20.121 19.799 19.477 19.154 18.830 18.505 18.179 17.852 17.524 17.195 16.865 16.534 16.202 15.869 15.535 15.200 14.864 14.527 14.190 13.851 13.511 13.171 12.829 12.487 12.143 11.799 11.453 11.107 10.759 10.411 10.061  9.710  9.358  9.006  8.651  8.296  7.940  7.582  7.223  6.863  6.501  6.138  5.774  5.408  5.041  4.672  4.302  3.930  3.558  3.183  2.808  2.431  2.054  1.675  1.295  0.915  0.534  0.153 -0.172 -0.513 -0.853 -1.195 -1.536 -1.878 -2.220 -2.563 
23.059 22.747 22.435 22.121 21.807 21.492 21.175 20.858 20.540 20.221 19.900 19.579 19.257 18.933 18.609 18.284 17.957 17.630 17.302 16.973 16.642 16.311 15.979 15.646 15.311 14.976 14.640 14.302 13.964 13.625 13.285 12.943 12.601 12.258 11.914 11.569 11.222 10.875 10.527 10.178  9.828  9.478  9.126  8.773  8.420  8.065  7.710  7.354  6.997  6.639  6.280  5.921  5.561  5.200  4.838  4.476  4.113  3.749  3.385  3.020  2.655  2.289  1.922  1.555  1.188  0.820  0.451  0.082 -0.245 -0.604 -0.965 -1.325 -1.686 -2.047 -2.409 -2.771 
22.837 22.526 22.213 21.900 21.585 21.270 20.954 20.637 20.318 19.999 19.679 19.358 19.035 18.712 18.388 18.063 17.737 17.410 17.082 16.752 16.422 16.091 15.759 15.426 15.092 14.757 14.421 14.084 13.745 13.406 13.066 12.725 12.383 12.039 11.695 11.349 11.003 10.655 10.306  9.957  9.606  9.254  8.901  8.547  8.191  7.835  7.477  7.119  6.759  6.398  6.037  5.674  5.310  4.945  4.579  4.213  3.845  3.477  3.108  2.738  2.367  1.996  1.624  1.252  0.879  0.506  0.132 -0.191 -0.539 -0.886 -1.234 -1.583 -1.931 -2.280 -2.630 -2.980 
22.615 22.304 21.991 21.678 21.363 21.048 20.732 20.414 20.096 19.777 19.456 19.135 18.813 18.489 18.165 17.839 17.513 17.186 16.857 16.528 16.198 15.867 15.534 15.201 14.867 14.532 14.195 13.858 13.520 13.181 12.841 12.500 12.158 11.815 11.471 11.127 10.781 10.435 10.087  9.739  9.390  9.040  8.689  8.337  7.984  7.631  7.276  6.921  6.565  6.208  5.851  5.492  5.133  4.772  4.410  4.048  3.683  3.318  2.951  2.582  2.211  1.837  1.460  1.078  0.692  0.301 -0.097 -0.424 -0.757 -1.096 -1.439 -1.785 -2.133 -2.484 -2.836 -3.189 
22.393 22.082 21.769 21.456 21.142 20.826 20.510 20.192 19.874 19.555 19.235 18.913 18.591 18.268 17.943 17.618 17.292 16.964 16.636 16.307 15.976 15.645 15.312 14.979 14.645 14.309 13.973 13.635 13.297 12.957 12.616 12.275 11.932 11.588 11.244 10.898 10.551 10.203  9.854  9.505  9.154  8.802  8.449  8.095  7.741  7.385  7.028  6.671  6.312  5.953  5.593  5.232  4.870  4.507  4.144  3.780  3.415  3.050  2.684  2.317  1.950  1.582  1.214  0.846  0.477  0.107 -0.216 -0.568 -0.920 -1.273 -1.626 -1.979 -2.333 -2.687 -3.042 -3.397 
22.169 21.858 21.546 21.232 20.918 20.603 20.286 19.969 19.650 19.331 19.011 18.689 18.367 18.044 17.720 17.394 17.068 16.741 16.413 16.083 15.753 15.422 15.090 14.757 14.423 14.088 13.752 13.415 13.077 12.738 12.398 12.057 11.715 11.372 11.028 10.684 10.338  9.991  9.643  9.293  8.943  8.592  8.239  7.885  7.530  7.174  6.816  6.457  6.097  5.735  5.372  5.007  4.641  4.273  3.905  3.534  3.163  2.790  2.416  2.040  1.664  1.287  0.909  0.531  0.152 -0.173 -0.515 -0.857 -1.200 -1.543 -1.885 -2.229 -2.572 -2.916 -3.261 -3.606 
21.947 21.635 21.323 21.010 20.695 20.380 20.063 19.746 19.428 19.108 18.788 18.466 18.144 17.820 17.496 17.171 16.844 16.517 16.188 15.859 15.528 15.197 14.864 14.530 14.196 13.860 13.524 13.186 12.848 12.508 12.168 11.826 11.484 11.140 10.796 10.450 10.104  9.757  9.408  9.059  8.709  8.358  8.006  7.654  7.300  6.946  6.590  6.234  5.877  5.520  5.162  4.802  4.443  4.082  3.721  3.359  2.997  2.634  2.271  1.907  1.542  1.177  0.812  0.446  0.079 -0.245 -0.600 -0.955 -1.311 -1.668 -2.024 -2.381 -2.739 -3.097 -3.455 -3.814 
21.723 21.411 21.099 20.786 20.471 20.156 19.840 19.522 19.204 18.885 18.564 18.243 17.921 17.598 17.273 16.948 16.622 16.294 15.966 15.637 15.307 14.975 14.643 14.310 13.975 13.640 13.303 12.966 12.627 12.288 11.947 11.606 11.263 10.919 10.574 10.228  9.881  9.533  9.184  8.833  8.482  8.129  7.775  7.421  7.065  6.708  6.350  5.991  5.630  5.269  4.907  4.544  4.180  3.815  3.450  3.083  2.716  2.348  1.979  1.610  1.240  0.870  0.500  0.129 -0.193 -0.540 -0.886 -1.233 -1.581 -1.928 -2.276 -2.625 -2.974 -3.323 -3.673 -4.023 
21.499 21.187 20.875 20.561 20.247 19.932 19.615 19.298 18.979 18.660 18.340 18.018 17.696 17.372 17.048 16.722 16.396 16.068 15.740 15.410 15.080 14.749 14.416 14.083 13.749 13.413 13.077 12.740 12.401 12.062 11.722 11.381 11.039 10.696 10.353 10.008  9.662  9.316  8.968  8.620  8.271  7.921  7.570  7.219  6.866  6.513  6.158  5.803  5.447  5.090  4.732  4.372  4.012  3.650  3.286  2.920  2.553  2.183  1.810  1.433  1.053  0.668  0.278 -0.118 -0.441 -0.771 -1.106 -1.445 -1.786 -2.130 -2.476 -2.824 -3.174 -3.526 -3.878 -4.231 
21.275 20.964 20.651 20.338 20.024 19.708 19.392 19.074 18.756 18.437 18.116 17.795 17.472 17.149 16.824 16.499 16.172 15.845 15.516 15.187 14.856 14.525 14.192 13.858 13.524 13.188 12.851 12.513 12.175 11.835 11.494 11.152 10.809 10.465 10.120  9.774  9.427  9.079  8.730  8.380  8.029  7.677  7.324  6.970  6.616  6.260  5.903  5.546  5.188  4.829  4.469  4.109  3.748  3.386  3.023  2.660  2.296  1.932  1.567  1.202  0.836  0.470  0.103 -0.218 -0.568 -0.918 -1.269 -1.620 -1.971 -2.322 -2.674 -3.026 -3.379 -3.732 -4.086 -4.440 
21.050 20.738 20.426 20.113 19.798 19.483 19.166 18.849 18.531 18.211 17.891 17.570 17.247 16.924 16.600 16.274 15.948 15.621 15.292 14.963 14.633 14.302 13.970 13.636 13.302 12.967 12.631 12.294 11.956 11.617 11.277 10.935 10.593 10.250  9.906  9.560  9.214  8.866  8.517  8.167  7.816  7.464  7.110  6.755  6.398  6.041  5.682  5.321  4.959  4.596  4.232  3.866  3.499  3.130  2.761  2.390  2.018  1.646  1.272  0.898  0.523  0.148 -0.175 -0.517 -0.860 -1.203 -1.546 -1.889 -2.233 -2.577 -2.921 -3.266 -3.611 -3.956 -4.302 -4.649 
20.826 20.514 20.202 19.888 19.574 19.259 18.942 18.625 18.306 17.987 17.666 17.345 17.022 16.699 16.374 16.048 15.722 15.394 15.066 14.736 14.405 14.074 13.741 13.407 13.073 12.737 12.401 12.063 11.724 11.385 11.044 10.703 10.360 10.017  9.672  9.327  8.981  8.633  8.285  7.936  7.587  7.236  6.884  6.532  6.179  5.825  5.470  5.115  4.759  4.402  4.044  3.686  3.327  2.968  2.607  2.247  1.885  1.523  1.161  0.798  0.434  0.070 -0.232 -0.513 -0.791 -1.064 -1.331 -1.593 -1.846 -2.091 -2.326 -2.551 -2.763 -2.963 -3.149 -3.323 
20.601 20.290 19.978 19.664 19.350 19.035 18.718 18.401 18.083 17.764 17.444 17.123 16.800 16.477 16.154 15.829 15.503 15.176 14.848 14.520 14.190 13.860 13.529 13.197 12.864 12.530 12.196 11.860 11.524 11.187 10.850 10.512 10.173  9.834  9.495  9.154  8.814  8.473  8.132  7.791  7.449  7.108  6.767  6.426  6.085  5.744  5.404  5.064  4.725  4.386  4.048  3.711  3.374  3.038  2.703  2.369  2.036  1.704  1.372  1.042  0.712  0.383  0.055 -0.140 -0.265 -0.389 -0.512 -0.634 -0.754 -0.872 -0.988 -1.103 -1.217 -1.329 -1.439 -1.547 
20.400 20.089 19.777 19.464 19.151 18.836 18.521 18.205 17.889 17.571 17.253 16.934 16.615 16.295 15.974 15.653 15.331 15.008 14.685 14.361 14.037 13.712 13.387 13.061 12.735 12.409 12.082 11.755 11.428 11.100 10.773 10.445 10.118  9.790  9.462  9.135  8.807  8.480  8.153  7.827  7.501  7.175  6.851  6.526  6.203  5.881  5.559  5.239  4.920  4.602  4.286  3.971  3.658  3.346  3.036  2.728  2.422  2.117  1.814  1.513  1.213  0.915  0.618  0.322  0.027 -0.140 -0.239 -0.333 -0.425 -0.516 -0.606 -0.695 -0.784 -0.871 -0.957 -1.042 
20.264 19.953 19.641 19.329 19.017 18.704 18.391 18.077 17.763 17.449 17.134 16.819 16.504 16.188 15.872 15.555 15.239 14.922 14.605 14.288 13.970 13.653 13.335 13.018 12.700 12.382 12.065 11.747 11.430 11.113 10.796 10.479 10.163  9.847  9.531  9.216  8.902  8.588  8.274  7.961  7.649  7.337  7.027  6.717  6.408  6.101  5.794  5.489  5.185  4.882  4.581  4.282  3.984  3.688  3.393  3.101  2.811  2.522  2.236  1.952  1.669  1.389  1.110  0.833  0.558  0.284  0.010 -0.139 -0.222 -0.300 -0.377 -0.453 -0.528 -0.603 -0.677 -0.751 
20.206 19.895 19.584 19.273 18.962 18.650 18.339 18.028 17.716 17.405 17.093 16.781 16.470 16.158 15.847 15.535 15.224 14.912 14.601 14.290 13.979 13.668 13.358 13.047 12.737 12.427 12.118 11.809 11.500 11.192 10.884 10.577 10.270  9.964  9.659  9.354  9.049  8.746  8.443  8.141  7.840  7.540  7.241  6.942  6.645  6.349  6.053  5.759  5.466  5.174  4.884  4.595  4.307  4.021  3.737  3.454  3.174  2.895  2.619  2.345  2.074  1.805  1.539  1.275  1.013  0.754  0.497  0.241 -0.013 -0.145 -0.217 -0.284 -0.351 -0.418 -0.484 -0.549 
20.218 19.907 19.597 19.286 18.976 18.666 18.356 18.047 17.738 17.428 17.120 16.811 16.503 16.194 15.887 15.579 15.272 14.965 14.659 14.352 14.047 13.741 13.436 13.132 12.828 12.525 12.222 11.919 11.618 11.317 11.016 10.716 10.417 10.119  9.821  9.524  9.228  8.933  8.639  8.346  8.053  7.762  7.472  7.182  6.894  6.607  6.321  6.036  5.753  5.470  5.189  4.909  4.630  4.353  4.076  3.801  3.528  3.255  2.984  2.714  2.445  2.178  1.913  1.650  1.391  1.135  0.886  0.644  0.408  0.179 -0.046 -0.145 -0.208 -0.270 -0.332 -0.392 
20.288 19.977 19.667 19.357 19.048 18.739 18.430 18.122 17.815 17.507 17.201 16.894 16.589 16.283 15.978 15.674 15.370 15.067 14.764 14.462 14.161 13.860 13.559 13.260 12.960 12.662 12.364 12.067 11.771 11.475 11.180 10.886 10.593 10.301 10.009  9.718  9.428  9.138  8.850  8.562  8.275  7.989  7.703  7.418  7.133  6.849  6.565  6.282  5.998  5.714  5.430  5.145  4.858  4.571  4.281  3.990  3.695  3.398  3.096  2.791  2.481  2.167  1.848  1.524  1.196  0.863  0.527  0.187 -0.265 -0.864 -1.464 -2.063 -2.661 -3.256 -3.850 -4.440 
20.396 20.086 19.775 19.466 19.156 18.848 18.539 18.231 17.924 17.617 17.311 17.004 16.699 16.393 16.088 15.784 15.480 15.176 14.872 14.569 14.266 13.963 13.661 13.358 13.056 12.754 12.452 12.150 11.848 11.545 11.243 10.941 10.638 10.335 10.031  9.728  9.423  9.118  8.813  8.506  8.199  7.891  7.582  7.272  6.961  6.649  6.336  6.021  5.704  5.387  5.068  4.747  4.425  4.102  3.776  3.450  3.122  2.792  2.461  2.129  1.795  1.461  1.125  0.788  0.451  0.113 -0.187 -0.503 -0.819 -1.134 -1.448 -1.759 -2.069 -2.376 -2.680 -2.980 
20.469 20.158 19.847 19.537 19.227 18.917 18.607 18.297 17.987 17.677 17.368 17.058 16.749 16.440 16.131 15.822 15.513 15.204 14.894 14.585 14.276 13.967 13.658 13.348 13.039 12.729 12.419 12.109 11.799 11.489 11.178 10.867 10.556 10.244  9.932  9.620  9.308  8.995  8.681  8.368  8.054  7.739  7.424  7.109  6.793  6.477  6.161  5.844  5.527  5.209  4.891  4.573  4.254  3.936  3.617  3.297  2.978  2.658  2.339  2.019  1.699  1.379  1.060  0.741  0.422  0.103 -0.113 -0.282 -0.444 -0.605 -0.764 -0.921 -1.075 -1.227 -1.375 -1.520 
20.482 20.171 19.861 19.550 19.239 18.928 18.617 18.306 17.995 17.684 17.373 17.062 16.751 16.440 16.130 15.819 15.508 15.197 14.886 14.575 14.264 13.953 13.642 13.331 13.020 12.709 12.398 12.087 11.776 11.465 11.155 10.844 10.534 10.223  9.913  9.603  9.293  8.983  8.674  8.365  8.056  7.748  7.440  7.132  6.825  6.519  6.213  5.908  5.604  5.301  4.999  4.697  4.397  4.098  3.800  3.503  3.207  2.913  2.620  2.329  2.038  1.749  1.462  1.175  0.890  0.606  0.324  0.042 -0.092 -0.132 -0.165 -0.186 -0.194 -0.182 -0.137 -0.060 
20.486 20.176 19.865 19.554 19.244 18.933 18.623 18.312 18.002 17.692 17.382 17.072 16.762 16.452 16.143 15.833 15.524 15.215 14.906 14.597 14.289 13.981 13.673 13.365 13.058 12.751 12.444 12.138 11.832 11.527 11.222 10.917 10.613 10.310 10.007  9.705  9.404  9.103  8.803  8.504  8.206  7.909  7.612  7.317  7.023  6.729  6.437  6.147  5.857  5.569  5.282  4.997  4.713  4.431  4.151  3.873  3.596  3.322  3.049  2.779  2.512  2.247  1.984  1.725  1.467  1.213  0.961  0.711  0.463  0.218 -0.025 -0.009  0.336  0.685  1.040  1.400 
20.528 20.217 19.907 19.597 19.287 18.978 18.669 18.361 18.053 17.745 17.438 17.131 16.825 16.520 16.215 15.910 15.606 15.303 15.001 14.700 14.399 14.100 13.801 13.504 13.207 12.912 12.619 12.327 12.036 11.747 11.460 11.175 10.892 10.611 10.332 10.056  9.783  9.512  9.245  8.980  8.719  8.462  8.208  7.958  7.711  7.470  7.232  6.999  6.771  6.548  6.329  6.116  5.909  5.707  5.510  5.320  5.135  4.957  4.785  4.619  4.459  4.306  4.160  4.020  3.886  3.759  3.639  3.526  3.420  3.320  3.226  3.140  3.060  2.987  2.920  2.860 
20.689 20.379 20.070 19.762 19.455 19.149 18.844 18.541 18.239 17.938 17.638 17.340 17.043 16.747 16.453 16.160 15.869 15.579 15.291 15.005 14.720 14.438 14.157 13.878 13.601 13.326 13.054 12.784 12.516 12.250 11.988 11.727 11.470 11.215 10.963 10.714 10.469 10.226  9.987  9.751  9.519  9.290  9.065  8.844  8.626  8.413  8.204  7.998  7.798  7.601  7.409  7.222  7.039  6.861  6.688  6.520  6.357  6.199  6.046  5.898  5.756  5.620  5.488  5.363  5.243  5.129  5.020  4.918  4.822  4.731  4.647  4.569  4.497  4.432  4.373  4.320 
21.024 20.714 20.406 20.100 19.796 19.493 19.192 18.893 18.597 18.302 18.008 17.717 17.428 17.141 16.856 16.573 16.293 16.014 15.738 15.464 15.192 14.922 14.655 14.391 14.129 13.869 13.613 13.359 13.107 12.859 12.613 12.370 12.131 11.894 11.661 11.431 11.204 10.980 10.760 10.544 10.331 10.122  9.916  9.715  9.517  9.323  9.134  8.949  8.767  8.591  8.418  8.250  8.087  7.928  7.774  7.625  7.481  7.342  7.207  7.078  6.955  6.836  6.723  6.615  6.513  6.417  6.326  6.241  6.162  6.089  6.022  5.961  5.906  5.858  5.816  5.780 
21.498 21.188 20.881 20.576 20.273 19.973 19.675 19.380 19.087 18.797 18.509 18.223 17.940 17.659 17.381 17.106 16.833 16.563 16.296 16.031 15.769 15.510 15.253 15.000 14.749 14.501 14.256 14.015 13.776 13.541 13.309 13.080 12.854 12.632 12.413 12.198 11.986 11.778 11.573 11.373 11.176 10.983 10.794 10.609 10.428 10.251 10.078  9.910  9.746  9.586  9.431  9.280  9.135  8.993  8.857  8.726  8.599  8.478  8.361  8.250  8.144  8.044  7.949  7.859  7.775  7.696  7.624  7.557  7.496  7.441  7.392  7.349  7.312  7.282  7.258  7.240 
22.078 21.769 21.462 21.158 20.857 20.559 20.264 19.971 19.681 19.395 19.111 18.829 18.551 18.276 18.004 17.734 17.468 17.205 16.944 16.687 16.433 16.182 15.934 15.690 15.449 15.211 14.976 14.745 14.517 14.292 14.071 13.854 13.640 13.430 13.224 13.021 12.822 12.627 12.436 12.249 12.066 11.887 11.712 11.542 11.375 11.213 11.056 10.902 10.754 10.610 10.470 10.336 10.206 10.081  9.960  9.845  9.735  9.630  9.530  9.436  9.347  9.263  9.185  9.112  9.045  8.984  8.928  8.878  8.834  8.797  8.765  8.739  8.720  8.707  8.700  8.700 
22.747 22.438 22.132 21.829 21.529 21.233 20.939 20.649 20.362 20.078 19.797 19.520 19.246 18.975 18.707 18.443 18.182 17.924 17.670 17.419 17.171 16.927 16.686 16.449 16.215 15.985 15.758 15.534 15.315 15.098 14.886 14.677 14.471 14.270 14.072 13.877 13.686 13.499 13.316 13.136 12.960 12.788 12.619 12.454 12.292 12.134 11.980 11.829 11.682 11.538 11.397 11.260 11.126 10.995 10.867 10.743 10.621 10.502 10.386 10.272 10.161 10.052  9.946  9.842  9.739  9.639  9.540  9.443  9.347  9.252  9.159  9.066  8.974  8.882  8.791  8.700 
23.479 23.170 22.864 22.562 22.263 21.967 21.674 21.385 21.099 20.816 20.537 20.261 19.989 19.719 19.454 19.191 18.932 18.676 18.423 18.174 17.928 17.685 17.446 17.210 16.977 16.748 16.522 16.299 16.079 15.863 15.650 15.440 15.233 15.029 14.829 14.631 14.437 14.246 14.058 13.873 13.691 13.511 13.335 13.161 12.991 12.823 12.657 12.494 12.334 12.177 12.022 11.869 11.718 11.570 11.424 11.280 11.138 10.998 10.860 10.723 10.589 10.456 10.324 10.193 10.064  9.937  9.810  9.684  9.559  9.435  9.311  9.188  9.066  8.944  8.822  8.700 
24.219 23.909 23.603 23.301 23.001 22.705 22.412 22.122 21.835 21.552 21.272 20.995 20.721 20.450 20.183 19.919 19.658 19.400 19.145 18.893 18.645 18.399 18.157 17.918 17.681 17.448 17.218 16.990 16.766 16.544 16.325 16.110 15.896 15.686 15.479 15.274 15.072 14.872 14.675 14.481 14.289 14.100 13.913 13.728 13.546 13.366 13.188 13.013 12.839 12.667 12.498 12.330 12.165 12.001 11.838 11.678 11.519 11.361 11.205 11.051 10.897 10.745 10.594 10.444 10.296 10.148 10.000  9.854  9.708  9.563  9.419  9.274  9.130  8.987  8.843  8.700 
24.923 24.614 24.307 24.004 23.704 23.406 23.112 22.821 22.533 22.248 21.966 21.686 21.410 21.137 20.867 20.599 20.335 20.073 19.815 19.559 19.306 19.056 18.809 18.564 18.322 18.083 17.847 17.613 17.382 17.154 16.928 16.705 16.484 16.266 16.050 15.836 15.625 15.417 15.210 15.006 14.804 14.604 14.406 14.211 14.017 13.825 13.635 13.447 13.261 13.077 12.894 12.713 12.534 12.356 12.179 12.004 11.831 11.658 11.487 11.317 11.148 10.980 10.813 10.647 10.482 10.318 10.154  9.991  9.828  9.666  9.504  9.343  9.182  9.021  8.861  8.700 
25.576 25.266 24.960 24.656 24.355 24.056 23.761 23.468 23.178 22.891 22.606 22.325 22.045 21.769 21.496 21.225 20.956 20.691 20.428 20.168 19.910 19.655 19.402 19.152 18.904 18.659 18.417 18.176 17.938 17.703 17.470 17.239 17.010 16.784 16.560 16.338 16.118 15.900 15.684 15.471 15.259 15.049 14.841 14.635 14.430 14.228 14.027 13.827 13.630 13.434 13.239 13.046 12.854 12.664 12.474 12.286 12.100 11.914 11.730 11.546 11.363 11.182 11.001 10.821 10.642 10.463 10.285 10.107  9.930  9.754  9.578  9.402  9.226  9.051  8.875  8.700 
26.174 25.864 25.557 25.252 24.951 24.651 24.354 24.060 23.768 23.479 23.192 22.908 22.626 22.346 22.070 21.795 21.523 21.253 20.986 20.721 20.459 20.199 19.941 19.686 19.432 19.181 18.933 18.686 18.442 18.199 17.959 17.721 17.485 17.251 17.019 16.789 16.561 16.334 16.110 15.887 15.666 15.447 15.230 15.014 14.800 14.587 14.376 14.166 13.958 13.751 13.546 13.341 13.138 12.937 12.736 12.536 12.338 12.141 11.944 11.749 11.554 11.360 11.167 10.974 10.783 10.591 10.401 10.210 10.021  9.831  9.642  9.453  9.265  9.077  8.888  8.700 
26.718 26.408 26.101 25.796 25.493 25.193 24.895 24.599 24.305 24.014 23.725 23.438 23.154 22.871 22.591 22.314 22.038 21.765 21.494 21.225 20.958 20.693 20.430 20.170 19.911 19.655 19.400 19.148 18.897 18.649 18.402 18.157 17.914 17.673 17.434 17.196 16.960 16.726 16.494 16.263 16.034 15.806 15.580 15.355 15.132 14.910 14.690 14.471 14.253 14.036 13.821 13.607 13.394 13.182 12.971 12.761 12.552 12.344 12.136 11.930 11.724 11.520 11.315 11.112 10.909 10.706 10.504 10.303 10.101  9.901  9.700  9.500  9.300  9.100  8.900  8.700 
27.213 26.903 26.595 26.290 25.986 25.685 25.385 25.088 24.793 24.500 24.209 23.920 23.633 23.348 23.065 22.784 22.506 22.229 21.954 21.681 21.410 21.141 20.874 20.609 20.345 20.084 19.824 19.566 19.310 19.056 18.803 18.552 18.303 18.055 17.809 17.565 17.322 17.081 16.841 16.603 16.366 16.130 15.896 15.664 15.432 15.202 14.973 14.746 14.519 14.294 14.069 13.846 13.624 13.403 13.182 12.963 12.745 12.527 12.310 12.094 11.878 11.663 11.449 11.235 11.022 10.810 10.597 10.386 10.174  9.963  9.752  9.541  9.331  9.121  8.910  8.700 
27.661 27.352 27.044 26.737 26.433 26.131 25.831 25.532 25.235 24.941 24.648 24.357 24.068 23.780 23.495 23.211 22.929 22.649 22.371 22.095 21.820 21.547 21.276 21.007 20.739 20.473 20.208 19.945 19.684 19.424 19.166 18.910 18.655 18.401 18.149 17.899 17.650 17.402 17.155 16.910 16.667 16.424 16.183 15.943 15.704 15.466 15.230 14.994 14.760 14.527 14.294 14.063 13.832 13.603 13.374 13.146 12.919 12.693 12.467 12.242 12.017 11.793 11.570 11.347 11.125 10.903 10.682 10.461 10.240 10.019  9.799  9.579  9.359  9.139  8.920  8.700 
28.068 27.758 27.450 27.144 26.839 26.536 26.234 25.935 25.637 25.340 25.046 24.753 24.462 24.172 23.885 23.598 23.314 23.031 22.750 22.470 22.192 21.916 21.641 21.367 21.096 20.825 20.556 20.289 20.023 19.759 19.496 19.234 18.974 18.715 18.458 18.201 17.947 17.693 17.440 17.189 16.939 16.690 16.443 16.196 15.950 15.706 15.462 15.220 14.978 14.738 14.498 14.259 14.021 13.784 13.548 13.312 13.077 12.843 12.609 12.376 12.143 11.911 11.680 11.449 11.218 10.988 10.758 10.529 10.299 10.070  9.842  9.613  9.385  9.156  8.928  8.700 
28.437 28.127 27.819 27.512 27.207 26.903 26.600 26.300 26.001 25.703 25.407 25.112 24.819 24.528 24.238 23.949 23.662 23.377 23.093 22.810 22.529 22.250 21.971 21.694 21.419 21.145 20.872 20.601 20.331 20.062 19.794 19.528 19.263 19.000 18.737 18.476 18.216 17.957 17.699 17.442 17.186 16.932 16.678 16.425 16.174 15.923 15.673 15.424 15.176 14.929 14.683 14.437 14.192 13.948 13.705 13.462 13.220 12.978 12.738 12.497 12.257 12.018 11.779 11.541 11.302 11.065 10.827 10.590 10.353 10.117  9.880  9.644  9.408  9.172  8.936  8.700 
28.772 28.462 28.153 27.846 27.540 27.235 26.932 26.631 26.330 26.032 25.734 25.438 25.143 24.850 24.558 24.268 23.978 23.690 23.404 23.119 22.835 22.552 22.271 21.991 21.712 21.435 21.158 20.883 20.609 20.337 20.065 19.795 19.526 19.257 18.990 18.724 18.460 18.196 17.933 17.671 17.410 17.150 16.891 16.633 16.376 16.120 15.864 15.609 15.356 15.102 14.850 14.598 14.347 14.097 13.847 13.598 13.350 13.102 12.854 12.607 12.361 12.115 11.869 11.624 11.379 11.134 10.890 10.646 10.402 10.159  9.915  9.672  9.429  9.186  8.943  8.700 
29.075 28.765 28.456 28.148 27.842 27.537 27.233 26.931 26.629 26.329 26.031 25.733 25.437 25.142 24.848 24.556 24.265 23.975 23.686 23.398 23.112 22.827 22.543 22.260 21.978 21.697 21.418 21.139 20.862 20.586 20.311 20.036 19.763 19.491 19.220 18.950 18.681 18.412 18.145 17.879 17.613 17.348 17.085 16.822 16.559 16.298 16.037 15.777 15.518 15.259 15.002 14.744 14.488 14.232 13.976 13.721 13.467 13.213 12.960 12.707 12.454 12.202 11.951 11.699 11.448 11.197 10.947 10.697 10.447 10.197  9.947  9.697  9.448  9.199  8.949  8.700 
29.350 29.040 28.731 28.423 28.116 27.810 27.506 27.203 26.901 26.600 26.300 26.001 25.703 25.407 25.112 24.817 24.524 24.232 23.942 23.652 23.363 23.075 22.789 22.503 22.219 21.935 21.653 21.371 21.091 20.811 20.533 20.255 19.979 19.703 19.428 19.154 18.881 18.609 18.337 18.067 17.797 17.528 17.260 16.992 16.726 16.459 16.194 15.929 15.665 15.402 15.139 14.877 14.615 14.354 14.093 13.833 13.574 13.314 13.056 12.797 12.539 12.282 12.025 11.768 11.511 11.255 10.998 10.742 10.487 10.231  9.976  9.720  9.465  9.210  8.955  8.700 
29.599 29.289 28.980 28.672 28.364 28.058 27.753 27.449 27.146 26.844 26.543 26.244 25.945 25.647 25.350 25.055 24.760 24.466 24.173 23.882 23.591 23.301 23.012 22.724 22.437 22.151 21.866 21.582 21.299 21.016 20.735 20.454 20.174 19.895 19.617 19.339 19.063 18.787 18.512 18.237 17.964 17.691 17.419 17.147 16.876 16.606 16.336 16.067 15.799 15.531 15.264 14.997 14.731 14.465 14.200 13.935 13.670 13.406 13.143 12.879 12.616 12.354 12.092 11.830 11.568 11.306 11.045 10.784 10.523 10.262 10.002  9.741  9.481  9.221  8.960  8.700 
29.825 29.515 29.206 28.897 28.590 28.283 27.977 27.673 27.369 27.066 26.764 26.464 26.164 25.865 25.567 25.269 24.973 24.678 24.383 24.090 23.797 23.505 23.214 22.924 22.635 22.347 22.059 21.773 21.487 21.202 20.917 20.634 20.351 20.069 19.788 19.507 19.227 18.948 18.670 18.392 18.115 17.839 17.563 17.287 17.013 16.739 16.465 16.192 15.920 15.648 15.377 15.106 14.835 14.565 14.296 14.027 13.758 13.489 13.221 12.954 12.686 12.419 12.152 11.886 11.619 11.353 11.087 10.822 10.556 10.291 10.025  9.760  9.495  9.230  8.965  8.700 
30.030 29.720 29.410 29.101 28.794 28.487 28.181 27.875 27.571 27.267 26.965 26.663 26.362 26.062 25.763 25.464 25.167 24.870 24.574 24.279 23.984 23.691 23.398 23.106 22.815 22.524 22.235 21.946 21.657 21.370 21.083 20.797 20.512 20.227 19.943 19.659 19.377 19.095 18.813 18.532 18.252 17.972 17.693 17.415 17.137 16.859 16.582 16.306 16.030 15.754 15.479 15.204 14.930 14.656 14.383 14.110 13.837 13.565 13.293 13.021 12.750 12.478 12.207 11.937 11.666 11.396 11.126 10.856 10.586 10.316 10.047  9.777  9.508  9.239  8.969  8.700 
30.216 29.905 29.596 29.287 28.979 28.671 28.365 28.059 27.754 27.450 27.146 26.844 26.542 26.241 25.940 25.641 25.342 25.044 24.746 24.450 24.154 23.859 23.564 23.270 22.977 22.685 22.393 22.102 21.812 21.522 21.233 20.945 20.657 20.370 20.083 19.797 19.512 19.227 18.943 18.659 18.376 18.094 17.812 17.530 17.249 16.968 16.688 16.408 16.129 15.850 15.572 15.294 15.016 14.739 14.462 14.185 13.909 13.633 13.357 13.082 12.807 12.532 12.257 11.983 11.709 11.435 11.161 10.887 10.613 10.340 10.066  9.793  9.520  9.246  8.973  8.700 
30.384 30.074 29.764 29.455 29.146 28.839 28.532 28.225 27.920 27.615 27.311 27.008 26.705 26.403 26.101 25.801 25.501 25.202 24.903 24.605 24.308 24.011 23.715 23.420 23.125 22.831 22.537 22.244 21.952 21.660 21.369 21.079 20.789 20.500 20.211 19.922 19.635 19.348 19.061 18.775 18.489 18.204 17.919 17.635 17.351 17.067 16.784 16.502 16.219 15.938 15.656 15.375 15.094 14.814 14.534 14.254 13.974 13.695 13.416 13.137 12.859 12.581 12.303 12.025 11.747 11.470 11.192 10.915 10.638 10.361 10.084  9.807  9.530  9.253  8.977  8.700 
30.537 30.226 29.916 29.607 29.298 28.990 28.683 28.376 28.070 27.765 27.460 27.156 26.853 26.550 26.248 25.946 25.645 25.345 25.045 24.746 24.447 24.149 23.852 23.555 23.259 22.963 22.668 22.373 22.079 21.786 21.493 21.200 20.909 20.617 20.326 20.036 19.746 19.457 19.168 18.879 18.591 18.303 18.016 17.729 17.443 17.157 16.871 16.586 16.301 16.017 15.732 15.448 15.165 14.882 14.599 14.316 14.033 13.751 13.469 13.188 12.906 12.625 12.344 12.063 11.782 11.501 11.221 10.940 10.660 10.380 10.100  9.820  9.540  9.260  8.980  8.700 
