24.016 23.705 23.394 23.083 22.773 22.462 22.151 21.840 21.529 21.218 20.907 20.596 20.285 19.974 19.664 19.353 19.042 18.731 18.420 18.109 17.798 17.487 17.176 16.865 16.554 16.243 15.932 15.621 15.310 14.999 14.687 14.376 14.065 13.754 13.442 13.131 12.819 12.508 12.196 11.884 11.573 11.261 10.948 10.636 10.324 10.011  9.698  9.385  9.072  8.759  8.445  8.131  7.816  7.502  7.187  6.871  6.555  6.239  5.922  5.605  5.287  4.969  4.650  4.330  4.010  3.688  3.366  3.044  2.720  2.396  2.070  1.744  1.416  1.088  0.758  0.427 
24.014 23.703 23.392 23.081 22.770 22.459 22.148 21.837 21.525 21.214 20.903 20.592 20.281 19.969 19.658 19.346 19.035 18.723 18.412 18.100 17.788 17.476 17.165 16.852 16.540 16.228 15.916 15.603 15.291 14.978 14.665 14.352 14.039 13.725 13.412 13.098 12.784 12.469 12.155 11.840 11.525 11.210 10.894 10.578 10.261  9.945  9.628  9.310  8.992  8.674  8.355  8.035  7.716  7.395  7.074  6.753  6.430  6.108  5.784  5.460  5.135  4.809  4.483  4.156  3.828  3.499  3.169  2.838  2.506  2.173  1.840  1.505  1.169  0.832  0.494  0.154 
24.000 23.689 23.378 23.067 22.755 22.444 22.133 21.821 21.509 21.198 20.886 20.574 20.262 19.949 19.637 19.324 19.012 18.699 18.386 18.073 17.760 17.446 17.133 16.819 16.505 16.191 15.876 15.561 15.247 14.931 14.616 14.300 13.984 13.668 13.351 13.034 12.717 12.400 12.082 11.763 11.445 11.125 10.806 10.486 10.165  9.844  9.523  9.201  8.878  8.555  8.231  7.907  7.582  7.256  6.930  6.603  6.275  5.947  5.618  5.288  4.957  4.625  4.293  3.960  3.625  3.290  2.954  2.617  2.279  1.940  1.599  1.258  0.916  0.572  0.227 -0.119 
23.968 23.657 23.346 23.034 22.723 22.411 22.099 21.787 21.475 21.162 20.850 20.537 20.224 19.910 19.597 19.283 18.969 18.655 18.340 18.025 17.710 17.395 17.080 16.764 16.448 16.131 15.815 15.497 15.180 14.862 14.544 14.226 13.907 13.588 13.268 12.948 12.628 12.307 11.986 11.664 11.341 11.018 10.695 10.371 10.046  9.721  9.395  9.069  8.742  8.414  8.085  7.756  7.426  7.094  6.763  6.430  6.096  5.761  5.425  5.089  4.751  4.412  4.071  3.730  3.388  3.044  2.699  2.353  2.005  1.657  1.307  0.955  0.603  0.249 -0.106 -0.391 
23.916 23.605 23.294 22.982 22.670 22.358 22.046 21.733 21.420 21.107 20.793 20.479 20.165 19.850 19.536 19.220 18.905 18.589 18.273 17.956 17.639 17.322 17.005 16.687 16.368 16.049 15.730 15.410 15.090 14.770 14.449 14.127 13.805 13.483 13.160 12.836 12.512 12.188 11.863 11.537 11.211 10.884 10.557 10.228  9.900  9.571  9.241  8.910  8.579  8.247  7.914  7.581  7.247  6.913  6.578  6.242  5.905  5.568  5.230  4.892  4.552  4.212  3.872  3.531  3.189  2.846  2.503  2.159  1.814  1.469  1.123  0.777  0.430  0.082 -0.258 -0.664 
23.843 23.532 23.220 22.909 22.596 22.284 21.971 21.658 21.344 21.030 20.715 20.401 20.085 19.770 19.454 19.137 18.820 18.503 18.185 17.867 17.549 17.230 16.910 16.590 16.270 15.949 15.627 15.305 14.983 14.660 14.336 14.012 13.687 13.362 13.036 12.710 12.382 12.055 11.726 11.397 11.067 10.736 10.405 10.073  9.740  9.407  9.073  8.737  8.402  8.065  7.728  7.389  7.050  6.710  6.370  6.028  5.686  5.343  4.999  4.655  4.309  3.963  3.617  3.269  2.921  2.572  2.223  1.873  1.523  1.172  0.820  0.468  0.116 -0.206 -0.571 -0.937 
23.750 23.439 23.127 22.815 22.503 22.190 21.876 21.563 21.248 20.933 20.618 20.302 19.986 19.670 19.352 19.035 18.716 18.398 18.079 17.759 17.439 17.118 16.797 16.475 16.153 15.830 15.506 15.182 14.858 14.533 14.207 13.881 13.554 13.226 12.898 12.569 12.239 11.909 11.577 11.246 10.913 10.580 10.245  9.910  9.574  9.238  8.900  8.561  8.222  7.881  7.539  7.197  6.853  6.508  6.163  5.816  5.468  5.119  4.769  4.418  4.065  3.712  3.358  3.003  2.648  2.291  1.934  1.576  1.217  0.858  0.498  0.138 -0.177 -0.520 -0.865 -1.210 
23.639 23.328 23.016 22.704 22.391 22.078 21.764 21.450 21.135 20.819 20.503 20.187 19.869 19.552 19.233 18.915 18.595 18.275 17.955 17.634 17.312 16.989 16.666 16.343 16.019 15.694 15.369 15.043 14.716 14.388 14.061 13.732 13.403 13.073 12.742 12.411 12.079 11.746 11.413 11.079 10.744 10.408 10.072  9.735  9.397  9.059  8.720  8.380  8.039  7.697  7.354  7.010  6.665  6.319  5.971  5.622  5.272  4.920  4.567  4.211  3.854  3.494  3.133  2.769  2.403  2.035  1.664  1.292  0.918  0.542  0.165 -0.170 -0.498 -0.826 -1.154 -1.483 
23.511 23.200 22.888 22.576 22.263 21.949 21.635 21.320 21.005 20.689 20.372 20.055 19.737 19.418 19.099 18.779 18.459 18.138 17.816 17.493 17.170 16.846 16.522 16.197 15.871 15.544 15.217 14.889 14.560 14.231 13.901 13.570 13.238 12.906 12.573 12.239 11.904 11.569 11.232 10.895 10.557 10.219  9.879  9.539  9.198  8.856  8.514  8.170  7.826  7.481  7.136  6.789  6.442  6.094  5.745  5.396  5.045  4.695  4.343  3.991  3.638  3.284  2.930  2.575  2.220  1.864  1.507  1.150  0.792  0.434  0.075 -0.254 -0.629 -1.004 -1.379 -1.756 
23.368 23.057 22.745 22.433 22.119 21.806 21.491 21.176 20.860 20.543 20.226 19.908 19.589 19.270 18.950 18.629 18.308 17.986 17.663 17.339 17.015 16.690 16.364 16.038 15.711 15.383 15.054 14.724 14.394 14.063 13.731 13.398 13.064 12.730 12.395 12.059 11.722 11.384 11.045 10.705 10.365 10.023  9.681  9.337  8.993  8.648  8.302  7.955  7.607  7.258  6.908  6.557  6.205  5.853  5.499  5.145  4.790  4.434  4.077  3.720  3.362  3.003  2.643  2.283  1.922  1.560  1.198  0.836  0.473  0.110 -0.216 -0.577 -0.939 -1.302 -1.665 -2.029 
23.211 22.900 22.588 22.275 21.962 21.648 21.333 21.017 20.701 20.384 20.066 19.747 19.428 19.108 18.787 18.466 18.143 17.820 17.496 17.172 16.847 16.520 16.194 15.866 15.537 15.208 14.878 14.547 14.216 13.883 13.550 13.216 12.881 12.545 12.208 11.870 11.532 11.192 10.852 10.511 10.168  9.825  9.480  9.135  8.788  8.441  8.092  7.742  7.391  7.038  6.685  6.330  5.974  5.617  5.259  4.900  4.539  4.177  3.814  3.451  3.086  2.720  2.353  1.985  1.617  1.248  0.879  0.509  0.138 -0.186 -0.537 -0.889 -1.241 -1.594 -1.947 -2.301 
23.042 22.731 22.419 22.106 21.792 21.478 21.163 20.847 20.530 20.212 19.894 19.575 19.255 18.934 18.612 18.290 17.967 17.643 17.318 16.992 16.666 16.338 16.010 15.681 15.351 15.021 14.689 14.357 14.024 13.690 13.355 13.019 12.683 12.345 12.007 11.668 11.328 10.987 10.646 10.303  9.960  9.616  9.271  8.925  8.578  8.230  7.881  7.532  7.181  6.829  6.477  6.123  5.767  5.411  5.053  4.693  4.331  3.967  3.601  3.232  2.860  2.486  2.109  1.728  1.345  0.959  0.571  0.180 -0.184 -0.526 -0.867 -1.208 -1.549 -1.891 -2.232 -2.574 
22.861 22.550 22.238 21.925 21.611 21.296 20.981 20.665 20.348 20.030 19.711 19.391 19.071 18.749 18.427 18.104 17.780 17.455 17.129 16.803 16.475 16.147 15.818 15.488 15.157 14.825 14.492 14.158 13.824 13.488 13.152 12.814 12.476 12.137 11.797 11.456 11.114 10.772 10.428 10.084  9.739  9.393  9.047  8.700  8.352  8.004  7.656  7.307  6.958  6.608  6.259  5.909  5.560  5.211  4.862  4.514  4.166  3.818  3.472  3.126  2.780  2.436  2.092  1.749  1.407  1.066  0.726  0.386  0.048 -0.147 -0.261 -0.374 -0.485 -0.595 -0.703 -0.808 
22.673 22.362 22.050 21.737 21.423 21.108 20.793 20.477 20.160 19.842 19.524 19.204 18.884 18.563 18.242 17.919 17.596 17.272 16.948 16.623 16.297 15.970 15.643 15.315 14.986 14.657 14.328 13.998 13.667 13.336 13.004 12.672 12.340 12.007 11.674 11.341 11.008 10.674 10.340 10.007  9.673  9.339  9.006  8.672  8.339  8.007  7.675  7.343  7.012  6.681  6.352  6.023  5.696  5.369  5.044  4.720  4.397  4.076  3.756  3.437  3.121  2.806  2.492  2.181  1.870  1.562  1.254  0.949  0.644  0.341  0.038 -0.126 -0.211 -0.290 -0.368 -0.445 
22.513 22.201 21.890 21.577 21.264 20.951 20.637 20.322 20.007 19.691 19.375 19.058 18.740 18.422 18.104 17.785 17.466 17.146 16.826 16.505 16.185 15.863 15.542 15.220 14.898 14.576 14.253 13.931 13.608 13.285 12.962 12.639 12.316 11.994 11.671 11.349 11.026 10.704 10.383 10.062  9.741  9.420  9.101  8.781  8.463  8.145  7.828  7.512  7.197  6.883  6.569  6.257  5.947  5.637  5.329  5.022  4.717  4.413  4.111  3.810  3.511  3.214  2.918  2.624  2.331  2.040  1.751  1.462  1.176  0.890  0.606  0.323  0.041 -0.110 -0.183 -0.252 
22.412 22.101 21.790 21.478 21.166 20.854 20.542 20.229 19.916 19.603 19.289 18.975 18.661 18.347 18.033 17.718 17.403 17.088 16.773 16.458 16.143 15.828 15.513 15.198 14.883 14.567 14.253 13.938 13.623 13.309 12.994 12.680 12.367 12.053 11.740 11.428 11.116 10.804 10.493 10.183  9.873  9.564  9.255  8.947  8.641  8.335  8.030  7.726  7.423  7.121  6.820  6.520  6.222  5.925  5.629  5.335  5.042  4.751  4.461  4.173  3.886  3.601  3.318  3.036  2.756  2.478  2.201  1.926  1.652  1.380  1.109  0.840  0.572  0.305  0.038 -0.100 
22.377 22.066 21.755 21.444 21.133 20.822 20.511 20.200 19.889 19.578 19.267 18.956 18.646 18.335 18.024 17.714 17.403 17.093 16.783 16.473 16.163 15.853 15.544 15.235 14.926 14.618 14.310 14.002 13.695 13.388 13.082 12.776 12.471 12.167 11.863 11.560 11.258 10.956 10.655 10.355 10.056  9.758  9.461  9.165  8.870  8.576  8.283  7.991  7.701  7.411  7.123  6.836  6.551  6.267  5.984  5.702  5.421  5.142  4.864  4.588  4.312  4.038  3.765  3.493  3.222  2.952  2.683  2.415  2.148  1.881  1.615  1.350  1.085  0.821  0.557  0.293 
22.402 22.091 21.781 21.470 21.160 20.850 20.541 20.232 19.922 19.614 19.305 18.997 18.689 18.381 18.074 17.767 17.460 17.154 16.848 16.542 16.237 15.932 15.628 15.324 15.020 14.717 14.415 14.112 13.811 13.510 13.209 12.909 12.610 12.311 12.013 11.715 11.418 11.121 10.826 10.531 10.236  9.942  9.649  9.357  9.065  8.774  8.483  8.193  7.904  7.616  7.328  7.041  6.755  6.469  6.184  5.900  5.616  5.332  5.050  4.768  4.486  4.205  3.924  3.644  3.365  3.085  2.807  2.528  2.250  1.972  1.694  1.417  1.140  0.863  0.586  0.309 
22.472 22.161 21.851 21.541 21.232 20.922 20.614 20.305 19.997 19.689 19.382 19.075 18.769 18.463 18.157 17.851 17.547 17.242 16.938 16.634 16.331 16.028 15.726 15.424 15.122 14.821 14.521 14.221 13.921 13.622 13.323 13.025 12.727 12.429 12.133 11.836 11.540 11.245 10.950 10.655 10.361 10.068  9.775  9.482  9.190  8.898  8.607  8.317  8.026  7.736  7.447  7.158  6.869  6.581  6.293  6.006  5.719  5.432  5.146  4.860  4.574  4.289  4.004  3.719  3.435  3.150  2.866  2.582  2.299  2.015  1.732  1.449  1.165  0.882  0.599  0.316 
22.561 22.250 21.940 21.630 21.321 21.012 20.703 20.395 20.087 19.780 19.473 19.166 18.860 18.554 18.249 17.944 17.640 17.336 17.032 16.729 16.426 16.124 15.822 15.520 15.219 14.918 14.618 14.318 14.018 13.719 13.420 13.122 12.824 12.527 12.230 11.933 11.637 11.341 11.045 10.750 10.456 10.161  9.867  9.574  9.280  8.987  8.695  8.403  8.111  7.819  7.528  7.237  6.946  6.656  6.366  6.076  5.787  5.497  5.208  4.919  4.631  4.343  4.054  3.766  3.479  3.191  2.904  2.616  2.329  2.042  1.755  1.468  1.181  0.894  0.608  0.321 
22.653 22.342 22.032 21.722 21.413 21.104 20.795 20.487 20.179 19.871 19.564 19.258 18.952 18.646 18.340 18.035 17.731 17.426 17.122 16.819 16.516 16.213 15.911 15.609 15.308 15.006 14.706 14.405 14.105 13.805 13.506 13.207 12.909 12.610 12.313 12.015 11.718 11.421 11.124 10.828 10.532 10.237  9.942  9.647  9.352  9.058  8.764  8.470  8.176  7.883  7.590  7.297  7.005  6.713  6.421  6.129  5.837  5.546  5.255  4.964  4.673  4.382  4.091  3.801  3.511  3.221  2.931  2.641  2.351  2.061  1.772  1.482  1.193  0.903  0.614  0.324 
22.741 22.431 22.120 21.810 21.501 21.192 20.883 20.575 20.267 19.959 19.652 19.345 19.038 18.732 18.426 18.121 17.816 17.511 17.207 16.903 16.599 16.296 15.993 15.691 15.389 15.087 14.785 14.484 14.183 13.883 13.583 13.283 12.983 12.684 12.385 12.087 11.789 11.491 11.193 10.896 10.599 10.302 10.005  9.709  9.413  9.117  8.822  8.526  8.231  7.936  7.642  7.348  7.053  6.759  6.466  6.172  5.879  5.585  5.292  4.999  4.707  4.414  4.121  3.829  3.537  3.245  2.953  2.661  2.369  2.077  1.785  1.493  1.202  0.910  0.619  0.327 
22.824 22.513 22.203 21.893 21.583 21.274 20.965 20.656 20.348 20.040 19.733 19.425 19.118 18.812 18.506 18.200 17.895 17.589 17.285 16.980 16.676 16.372 16.069 15.765 15.463 15.160 14.858 14.556 14.254 13.953 13.652 13.351 13.051 12.751 12.451 12.151 11.852 11.553 11.254 10.955 10.657 10.359 10.061  9.764  9.466  9.169  8.872  8.576  8.279  7.983  7.687  7.391  7.095  6.800  6.505  6.209  5.914  5.620  5.325  5.030  4.736  4.441  4.147  3.853  3.559  3.265  2.971  2.678  2.384  2.090  1.797  1.503  1.210  0.916  0.623  0.329 
22.900 22.589 22.278 21.968 21.659 21.349 21.040 20.731 20.423 20.115 19.807 19.499 19.192 18.885 18.579 18.272 17.967 17.661 17.356 17.051 16.746 16.441 16.137 15.833 15.530 15.227 14.924 14.621 14.319 14.016 13.714 13.413 13.112 12.810 12.510 12.209 11.909 11.609 11.309 11.009 10.710 10.411 10.112  9.813  9.514  9.216  8.918  8.620  8.322  8.025  7.727  7.430  7.133  6.836  6.539  6.243  5.946  5.650  5.354  5.057  4.761  4.466  4.170  3.874  3.579  3.283  2.988  2.692  2.397  2.102  1.807  1.512  1.216  0.921  0.626  0.331 
22.969 22.658 22.348 22.037 21.728 21.418 21.109 20.800 20.491 20.183 19.875 19.567 19.259 18.952 18.645 18.339 18.032 17.726 17.420 17.115 16.809 16.504 16.200 15.895 15.591 15.287 14.983 14.680 14.377 14.074 13.771 13.469 13.167 12.865 12.563 12.261 11.960 11.659 11.358 11.058 10.757 10.457 10.157  9.857  9.557  9.258  8.959  8.660  8.361  8.062  7.763  7.465  7.166  6.868  6.570  6.272  5.975  5.677  5.379  5.082  4.785  4.487  4.190  3.893  3.596  3.299  3.002  2.706  2.409  2.112  1.816  1.519  1.223  0.926  0.630  0.333 
23.032 22.721 22.411 22.101 21.791 21.481 21.172 20.862 20.553 20.245 19.937 19.628 19.321 19.013 18.706 18.399 18.092 17.785 17.479 17.173 16.867 16.562 16.257 15.952 15.647 15.342 15.038 14.734 14.430 14.126 13.823 13.520 13.217 12.914 12.611 12.309 12.007 11.705 11.403 11.102 10.800 10.499 10.198  9.897  9.597  9.296  8.996  8.696  8.396  8.096  7.796  7.496  7.197  6.898  6.598  6.299  6.000  5.701  5.403  5.104  4.805  4.507  4.209  3.910  3.612  3.314  3.016  2.718  2.420  2.122  1.824  1.526  1.228  0.930  0.632  0.335 
23.089 22.779 22.468 22.158 21.848 21.538 21.229 20.919 20.610 20.301 19.993 19.685 19.376 19.069 18.761 18.454 18.146 17.840 17.533 17.226 16.920 16.614 16.308 16.003 15.697 15.392 15.087 14.783 14.478 14.174 13.870 13.566 13.262 12.959 12.655 12.352 12.049 11.747 11.444 11.142 10.839 10.537 10.235  9.934  9.632  9.331  9.029  8.728  8.427  8.126  7.826  7.525  7.224  6.924  6.624  6.324  6.024  5.724  5.424  5.124  4.824  4.525  4.225  3.926  3.626  3.327  3.028  2.729  2.429  2.130  1.831  1.532  1.233  0.934  0.635  0.336 
23.142 22.831 22.520 22.210 21.900 21.590 21.280 20.971 20.662 20.353 20.044 19.735 19.427 19.119 18.811 18.503 18.196 17.889 17.582 17.275 16.968 16.662 16.355 16.049 15.743 15.438 15.132 14.827 14.522 14.217 13.912 13.608 13.304 12.999 12.695 12.392 12.088 11.784 11.481 11.178 10.875 10.572 10.269  9.967  9.664  9.362  9.060  8.758  8.456  8.154  7.853  7.551  7.250  6.948  6.647  6.346  6.045  5.744  5.443  5.142  4.842  4.541  4.240  3.940  3.639  3.339  3.039  2.738  2.438  2.138  1.838  1.538  1.238  0.937  0.637  0.337 
23.189 22.879 22.568 22.258 21.947 21.637 21.328 21.018 20.709 20.400 20.091 19.782 19.473 19.165 18.857 18.549 18.241 17.933 17.626 17.319 17.012 16.705 16.398 16.092 15.785 15.479 15.173 14.868 14.562 14.256 13.951 13.646 13.341 13.036 12.732 12.427 12.123 11.819 11.515 11.211 10.907 10.604 10.300  9.997  9.694  9.391  9.088  8.785  8.482  8.179  7.877  7.575  7.272  6.970  6.668  6.366  6.064  5.762  5.460  5.159  4.857  4.556  4.254  3.953  3.651  3.350  3.049  2.747  2.446  2.145  1.844  1.543  1.242  0.941  0.639  0.338 
23.233 22.922 22.611 22.301 21.991 21.680 21.371 21.061 20.751 20.442 20.133 19.824 19.515 19.207 18.898 18.590 18.282 17.974 17.666 17.359 17.051 16.744 16.437 16.130 15.823 15.517 15.211 14.904 14.598 14.292 13.986 13.681 13.375 13.070 12.765 12.460 12.155 11.850 11.546 11.241 10.937 10.632 10.328 10.024  9.720  9.417  9.113  8.809  8.506  8.202  7.899  7.596  7.293  6.990  6.687  6.384  6.082  5.779  5.476  5.174  4.871  4.569  4.267  3.964  3.662  3.360  3.058  2.755  2.453  2.151  1.849  1.547  1.245  0.943  0.641  0.339 
23.272 22.961 22.650 22.340 22.030 21.720 21.410 21.100 20.790 20.481 20.171 19.862 19.553 19.245 18.936 18.627 18.319 18.011 17.703 17.395 17.087 16.780 16.472 16.165 15.858 15.551 15.244 14.938 14.631 14.325 14.019 13.712 13.406 13.101 12.795 12.489 12.184 11.879 11.573 11.268 10.963 10.658 10.354 10.049  9.745  9.440  9.136  8.832  8.527  8.223  7.919  7.616  7.312  7.008  6.704  6.401  6.097  5.794  5.491  5.187  4.884  4.581  4.278  3.975  3.672  3.369  3.066  2.763  2.460  2.157  1.854  1.551  1.249  0.946  0.643  0.340 
23.308 22.997 22.686 22.376 22.065 21.755 21.445 21.135 20.826 20.516 20.206 19.897 19.588 19.279 18.970 18.661 18.353 18.045 17.736 17.428 17.120 16.812 16.505 16.197 15.890 15.582 15.275 14.968 14.661 14.354 14.048 13.741 13.435 13.128 12.822 12.516 12.210 11.904 11.599 11.293 10.988 10.682 10.377 10.072  9.767  9.462  9.157  8.852  8.547  8.242  7.938  7.633  7.329  7.025  6.720  6.416  6.112  5.808  5.504  5.200  4.896  4.592  4.288  3.984  3.681  3.377  3.073  2.770  2.466  2.162  1.859  1.555  1.252  0.948  0.645  0.341 
23.340 23.029 22.719 22.408 22.098 21.788 21.477 21.167 20.858 20.548 20.238 19.929 19.620 19.310 19.001 18.692 18.384 18.075 17.767 17.458 17.150 16.842 16.534 16.226 15.918 15.611 15.303 14.996 14.688 14.381 14.074 13.767 13.460 13.154 12.847 12.541 12.234 11.928 11.622 11.316 11.010 10.704 10.398 10.092  9.787  9.481  9.176  8.870  8.565  8.260  7.955  7.649  7.344  7.039  6.735  6.430  6.125  5.820  5.516  5.211  4.906  4.602  4.298  3.993  3.689  3.384  3.080  2.776  2.471  2.167  1.863  1.559  1.255  0.950  0.646  0.342 
23.370 23.059 22.748 22.438 22.127 21.817 21.507 21.197 20.887 20.577 20.267 19.958 19.648 19.339 19.030 18.721 18.412 18.103 17.794 17.485 17.177 16.869 16.560 16.252 15.944 15.636 15.328 15.021 14.713 14.406 14.098 13.791 13.484 13.177 12.870 12.563 12.256 11.949 11.643 11.336 11.030 10.723 10.417 10.111  9.805  9.499  9.193  8.887  8.581  8.275  7.970  7.664  7.359  7.053  6.748  6.442  6.137  5.832  5.526  5.221  4.916  4.611  4.306  4.001  3.696  3.391  3.086  2.781  2.476  2.172  1.867  1.562  1.257  0.952  0.647  0.343 
23.397 23.086 22.775 22.465 22.154 21.844 21.533 21.223 20.913 20.603 20.294 19.984 19.674 19.365 19.055 18.746 18.437 18.128 17.819 17.510 17.202 16.893 16.585 16.276 15.968 15.660 15.352 15.044 14.736 14.428 14.120 13.813 13.505 13.198 12.890 12.583 12.276 11.969 11.662 11.355 11.048 10.741 10.435 10.128  9.821  9.515  9.208  8.902  8.596  8.290  7.984  7.677  7.371  7.065  6.759  6.454  6.148  5.842  5.536  5.231  4.925  4.619  4.314  4.008  3.703  3.397  3.092  2.786  2.481  2.175  1.870  1.565  1.259  0.954  0.649  0.343 
23.421 23.110 22.800 22.489 22.178 21.868 21.558 21.247 20.937 20.627 20.317 20.008 19.698 19.388 19.079 18.770 18.460 18.151 17.842 17.533 17.224 16.915 16.606 16.298 15.989 15.681 15.373 15.064 14.756 14.448 14.140 13.832 13.524 13.217 12.909 12.601 12.294 11.986 11.679 11.372 11.065 10.757 10.450 10.143  9.836  9.530  9.223  8.916  8.609  8.303  7.996  7.690  7.383  7.077  6.770  6.464  6.158  5.851  5.545  5.239  4.933  4.627  4.321  4.015  3.709  3.403  3.097  2.791  2.485  2.179  1.873  1.567  1.261  0.956  0.650  0.344 
23.443 23.132 22.822 22.511 22.201 21.890 21.580 21.269 20.959 20.649 20.339 20.029 19.720 19.410 19.100 18.791 18.481 18.172 17.863 17.553 17.244 16.935 16.626 16.318 16.009 15.700 15.392 15.083 14.775 14.466 14.158 13.850 13.542 13.234 12.926 12.618 12.310 12.002 11.695 11.387 11.080 10.772 10.465 10.157  9.850  9.543  9.236  8.929  8.621  8.314  8.007  7.701  7.394  7.087  6.780  6.473  6.167  5.860  5.553  5.247  4.940  4.634  4.327  4.021  3.714  3.408  3.101  2.795  2.489  2.182  1.876  1.570  1.263  0.957  0.651  0.344 
23.464 23.153 22.842 22.531 22.221 21.910 21.600 21.289 20.979 20.669 20.359 20.049 19.739 19.429 19.120 18.810 18.500 18.191 17.881 17.572 17.263 16.954 16.645 16.336 16.027 15.718 15.409 15.100 14.792 14.483 14.175 13.866 13.558 13.250 12.941 12.633 12.325 12.017 11.709 11.401 11.093 10.786 10.478 10.170  9.863  9.555  9.247  8.940  8.633  8.325  8.018  7.711  7.403  7.096  6.789  6.482  6.175  5.868  5.561  5.254  4.947  4.640  4.333  4.026  3.719  3.412  3.106  2.799  2.492  2.185  1.879  1.572  1.265  0.958  0.652  0.345 
23.482 23.171 22.860 22.550 22.239 21.928 21.618 21.308 20.997 20.687 20.377 20.067 19.757 19.447 19.137 18.827 18.518 18.208 17.899 17.589 17.280 16.970 16.661 16.352 16.043 15.734 15.425 15.116 14.807 14.498 14.190 13.881 13.572 13.264 12.955 12.647 12.339 12.030 11.722 11.414 11.106 10.798 10.490 10.182  9.874  9.566  9.258  8.950  8.643  8.335  8.027  7.720  7.412  7.105  6.797  6.490  6.182  5.875  5.567  5.260  4.953  4.645  4.338  4.031  3.724  3.417  3.109  2.802  2.495  2.188  1.881  1.574  1.267  0.959  0.652  0.345 
23.499 23.188 22.877 22.566 22.256 21.945 21.635 21.324 21.014 20.704 20.393 20.083 19.773 19.463 19.153 18.843 18.534 18.224 17.914 17.605 17.295 16.986 16.676 16.367 16.058 15.748 15.439 15.130 14.821 14.512 14.203 13.894 13.586 13.277 12.968 12.659 12.351 12.042 11.734 11.425 11.117 10.809 10.501 10.192  9.884  9.576  9.268  8.960  8.652  8.344  8.036  7.728  7.420  7.112  6.804  6.497  6.189  5.881  5.574  5.266  4.958  4.651  4.343  4.035  3.728  3.420  3.113  2.805  2.498  2.190  1.883  1.575  1.268  0.961  0.653  0.346 
23.514 23.203 22.892 22.581 22.271 21.960 21.650 21.339 21.029 20.718 20.408 20.098 19.788 19.478 19.168 18.858 18.548 18.238 17.928 17.619 17.309 16.999 16.690 16.380 16.071 15.762 15.452 15.143 14.834 14.525 14.216 13.906 13.598 13.289 12.980 12.671 12.362 12.053 11.745 11.436 11.127 10.819 10.510 10.202  9.893  9.585  9.277  8.968  8.660  8.352  8.044  7.735  7.427  7.119  6.811  6.503  6.195  5.887  5.579  5.271  4.963  4.655  4.347  4.040  3.732  3.424  3.116  2.808  2.500  2.193  1.885  1.577  1.269  0.962  0.654  0.346 
23.528 23.217 22.906 22.595 22.285 21.974 21.663 21.353 21.042 20.732 20.422 20.111 19.801 19.491 19.181 18.871 18.561 18.251 17.941 17.631 17.322 17.012 16.702 16.393 16.083 15.774 15.464 15.155 14.845 14.536 14.227 13.918 13.608 13.299 12.990 12.681 12.372 12.063 11.754 11.446 11.137 10.828 10.519 10.211  9.902  9.593  9.285  8.976  8.668  8.359  8.051  7.742  7.434  7.126  6.817  6.509  6.201  5.892  5.584  5.276  4.968  4.660  4.351  4.043  3.735  3.427  3.119  2.811  2.503  2.195  1.887  1.579  1.270  0.962  0.654  0.346 
23.540 23.229 22.918 22.608 22.297 21.986 21.676 21.365 21.055 20.744 20.434 20.124 19.813 19.503 19.193 18.883 18.573 18.263 17.953 17.643 17.333 17.023 16.713 16.404 16.094 15.784 15.475 15.165 14.856 14.546 14.237 13.928 13.618 13.309 13.000 12.691 12.381 12.072 11.763 11.454 11.145 10.836 10.527 10.218  9.910  9.601  9.292  8.983  8.675  8.366  8.057  7.749  7.440  7.131  6.823  6.514  6.206  5.897  5.589  5.280  4.972  4.663  4.355  4.047  3.738  3.430  3.121  2.813  2.505  2.196  1.888  1.580  1.272  0.963  0.655  0.347 
23.552 23.241 22.930 22.619 22.308 21.998 21.687 21.377 21.066 20.756 20.445 20.135 19.824 19.514 19.204 18.894 18.584 18.274 17.963 17.653 17.343 17.034 16.724 16.414 16.104 15.794 15.485 15.175 14.865 14.556 14.246 13.937 13.627 13.318 13.009 12.699 12.390 12.081 11.771 11.462 11.153 10.844 10.535 10.226  9.917  9.608  9.299  8.990  8.681  8.372  8.063  7.754  7.445  7.137  6.828  6.519  6.210  5.902  5.593  5.284  4.975  4.667  4.358  4.050  3.741  3.432  3.124  2.815  2.507  2.198  1.890  1.581  1.272  0.964  0.655  0.347 
23.562 23.251 22.940 22.629 22.319 22.008 21.697 21.387 21.076 20.766 20.455 20.145 19.834 19.524 19.214 18.904 18.593 18.283 17.973 17.663 17.353 17.043 16.733 16.423 16.113 15.803 15.494 15.184 14.874 14.564 14.255 13.945 13.636 13.326 13.016 12.707 12.398 12.088 11.779 11.469 11.160 10.851 10.541 10.232  9.923  9.614  9.305  8.996  8.686  8.377  8.068  7.759  7.450  7.141  6.832  6.523  6.214  5.906  5.597  5.288  4.979  4.670  4.361  4.052  3.744  3.435  3.126  2.817  2.508  2.200  1.891  1.582  1.273  0.965  0.656  0.347 
23.571 23.260 22.950 22.639 22.328 22.017 21.707 21.396 21.086 20.775 20.465 20.154 19.844 19.533 19.223 18.913 18.602 18.292 17.982 17.672 17.362 17.052 16.741 16.431 16.122 15.812 15.502 15.192 14.882 14.572 14.262 13.953 13.643 13.333 13.024 12.714 12.404 12.095 11.785 11.476 11.166 10.857 10.548 10.238  9.929  9.619  9.310  9.001  8.692  8.382  8.073  7.764  7.455  7.146  6.836  6.527  6.218  5.909  5.600  5.291  4.982  4.673  4.364  4.055  3.746  3.437  3.128  2.819  2.510  2.201  1.892  1.583  1.274  0.965  0.656  0.347 
23.580 23.269 22.958 22.647 22.337 22.026 21.715 21.405 21.094 20.783 20.473 20.162 19.852 19.541 19.231 18.921 18.610 18.300 17.990 17.680 17.369 17.059 16.749 16.439 16.129 15.819 15.509 15.199 14.889 14.579 14.269 13.960 13.650 13.340 13.030 12.720 12.411 12.101 11.791 11.482 11.172 10.863 10.553 10.244  9.934  9.625  9.315  9.006  8.696  8.387  8.078  7.768  7.459  7.150  6.840  6.531  6.222  5.912  5.603  5.294  4.985  4.676  4.366  4.057  3.748  3.439  3.130  2.820  2.511  2.202  1.893  1.584  1.275  0.966  0.657  0.347 
23.588 23.277 22.966 22.655 22.344 22.034 21.723 21.412 21.102 20.791 20.481 20.170 19.859 19.549 19.239 18.928 18.618 18.307 17.997 17.687 17.377 17.066 16.756 16.446 16.136 15.826 15.516 15.206 14.896 14.586 14.276 13.966 13.656 13.346 13.036 12.726 12.416 12.107 11.797 11.487 11.177 10.868 10.558 10.248  9.939  9.629  9.320  9.010  8.701  8.391  8.082  7.772  7.463  7.153  6.844  6.534  6.225  5.915  5.606  5.297  4.987  4.678  4.369  4.059  3.750  3.441  3.131  2.822  2.513  2.203  1.894  1.585  1.275  0.966  0.657  0.348 
23.595 23.284 22.973 22.662 22.351 22.041 21.730 21.419 21.109 20.798 20.487 20.177 19.866 19.556 19.245 18.935 18.624 18.314 18.004 17.693 17.383 17.073 16.763 16.452 16.142 15.832 15.522 15.212 14.902 14.592 14.281 13.971 13.661 13.351 13.042 12.732 12.422 12.112 11.802 11.492 11.182 10.872 10.563 10.253  9.943  9.633  9.324  9.014  8.704  8.395  8.085  7.776  7.466  7.156  6.847  6.537  6.228  5.918  5.609  5.299  4.990  4.680  4.371  4.061  3.752  3.442  3.133  2.823  2.514  2.204  1.895  1.585  1.276  0.967  0.657  0.348 
23.601 23.290 22.979 22.669 22.358 22.047 21.736 21.426 21.115 20.804 20.494 20.183 19.873 19.562 19.252 18.941 18.631 18.320 18.010 17.699 17.389 17.079 16.768 16.458 16.148 15.838 15.527 15.217 14.907 14.597 14.287 13.977 13.667 13.356 13.046 12.736 12.426 12.116 11.806 11.497 11.187 10.877 10.567 10.257  9.947  9.637  9.328  9.018  8.708  8.398  8.088  7.779  7.469  7.159  6.850  6.540  6.230  5.921  5.611  5.301  4.992  4.682  4.372  4.063  3.753  3.444  3.134  2.824  2.515  2.205  1.896  1.586  1.277  0.967  0.657  0.348 
23.607 23.296 22.985 22.674 22.364 22.053 21.742 21.431 21.121 20.810 20.499 20.189 19.878 19.568 19.257 18.947 18.636 18.326 18.015 17.705 17.394 17.084 16.774 16.463 16.153 15.843 15.532 15.222 14.912 14.602 14.291 13.981 13.671 13.361 13.051 12.741 12.431 12.121 11.811 11.501 11.191 10.881 10.571 10.261  9.951  9.641  9.331  9.021  8.711  8.401  8.091  7.782  7.472  7.162  6.852  6.542  6.233  5.923  5.613  5.303  4.994  4.684  4.374  4.064  3.755  3.445  3.135  2.826  2.516  2.206  1.896  1.587  1.277  0.967  0.658  0.348 
23.612 23.301 22.991 22.680 22.369 22.058 21.747 21.437 21.126 20.815 20.505 20.194 19.883 19.573 19.262 18.952 18.641 18.331 18.020 17.710 17.399 17.089 16.778 16.468 16.158 15.847 15.537 15.227 14.916 14.606 14.296 13.986 13.675 13.365 13.055 12.745 12.435 12.124 11.814 11.504 11.194 10.884 10.574 10.264  9.954  9.644  9.334  9.024  8.714  8.404  8.094  7.784  7.474  7.164  6.854  6.545  6.235  5.925  5.615  5.305  4.995  4.685  4.376  4.066  3.756  3.446  3.136  2.826  2.517  2.207  1.897  1.587  1.278  0.968  0.658  0.348 
23.617 23.306 22.995 22.685 22.374 22.063 21.752 21.442 21.131 20.820 20.509 20.199 19.888 19.577 19.267 18.956 18.646 18.335 18.025 17.714 17.404 17.093 16.783 16.472 16.162 15.851 15.541 15.231 14.920 14.610 14.300 13.989 13.679 13.369 13.059 12.748 12.438 12.128 11.818 11.508 11.197 10.887 10.577 10.267  9.957  9.647  9.337  9.027  8.717  8.407  8.097  7.787  7.477  7.167  6.857  6.547  6.237  5.927  5.617  5.307  4.997  4.687  4.377  4.067  3.757  3.447  3.137  2.827  2.517  2.208  1.898  1.588  1.278  0.968  0.658  0.348 
23.622 23.311 23.000 22.689 22.378 22.067 21.757 21.446 21.135 20.824 20.514 20.203 19.892 19.582 19.271 18.960 18.650 18.339 18.029 17.718 17.408 17.097 16.787 16.476 16.166 15.855 15.545 15.234 14.924 14.614 14.303 13.993 13.683 13.372 13.062 12.752 12.441 12.131 11.821 11.511 11.200 10.890 10.580 10.270  9.960  9.650  9.339  9.029  8.719  8.409  8.099  7.789  7.479  7.169  6.859  6.548  6.238  5.928  5.618  5.308  4.998  4.688  4.378  4.068  3.758  3.448  3.138  2.828  2.518  2.208  1.898  1.588  1.278  0.968  0.658  0.348 
23.626 23.315 23.004 22.693 22.382 22.071 21.761 21.450 21.139 20.828 20.518 20.207 19.896 19.586 19.275 18.964 18.654 18.343 18.032 17.722 17.411 17.101 16.790 16.480 16.169 15.859 15.548 15.238 14.927 14.617 14.307 13.996 13.686 13.375 13.065 12.755 12.444 12.134 11.824 11.513 11.203 10.893 10.583 10.272  9.962  9.652  9.342  9.031  8.721  8.411  8.101  7.791  7.481  7.170  6.860  6.550  6.240  5.930  5.620  5.310  5.000  4.689  4.379  4.069  3.759  3.449  3.139  2.829  2.519  2.209  1.899  1.589  1.279  0.969  0.658  0.348 
23.629 23.318 23.007 22.697 22.386 22.075 21.764 21.453 21.143 20.832 20.521 20.210 19.900 19.589 19.278 18.968 18.657 18.346 18.036 17.725 17.415 17.104 16.793 16.483 16.172 15.862 15.551 15.241 14.930 14.620 14.309 13.999 13.689 13.378 13.068 12.757 12.447 12.137 11.826 11.516 11.206 10.895 10.585 10.275  9.964  9.654  9.344  9.034  8.723  8.413  8.103  7.793  7.482  7.172  6.862  6.552  6.241  5.931  5.621  5.311  5.001  4.691  4.380  4.070  3.760  3.450  3.140  2.830  2.519  2.209  1.899  1.589  1.279  0.969  0.659  0.348 
23.632 23.322 23.011 22.700 22.389 22.078 21.767 21.457 21.146 20.835 20.524 20.214 19.903 19.592 19.281 18.971 18.660 18.349 18.039 17.728 17.418 17.107 16.796 16.486 16.175 15.865 15.554 15.244 14.933 14.623 14.312 14.002 13.691 13.381 13.070 12.760 12.449 12.139 11.829 11.518 11.208 10.897 10.587 10.277  9.966  9.656  9.346  9.035  8.725  8.415  8.104  7.794  7.484  7.174  6.863  6.553  6.243  5.932  5.622  5.312  5.002  4.692  4.381  4.071  3.761  3.451  3.140  2.830  2.520  2.210  1.900  1.589  1.279  0.969  0.659  0.349 
23.635 23.325 23.014 22.703 22.392 22.081 21.770 21.460 21.149 20.838 20.527 20.217 19.906 19.595 19.284 18.974 18.663 18.352 18.042 17.731 17.420 17.110 16.799 16.488 16.178 15.867 15.557 15.246 14.936 14.625 14.315 14.004 13.694 13.383 13.073 12.762 12.452 12.141 11.831 11.520 11.210 10.899 10.589 10.279  9.968  9.658  9.347  9.037  8.727  8.416  8.106  7.796  7.485  7.175  6.865  6.554  6.244  5.934  5.623  5.313  5.003  4.692  4.382  4.072  3.762  3.451  3.141  2.831  2.520  2.210  1.900  1.590  1.279  0.969  0.659  0.349 
23.638 23.327 23.016 22.706 22.395 22.084 21.773 21.462 21.151 20.841 20.530 20.219 19.908 19.598 19.287 18.976 18.666 18.355 18.044 17.733 17.423 17.112 16.802 16.491 16.180 15.870 15.559 15.248 14.938 14.627 14.317 14.006 13.696 13.385 13.075 12.764 12.454 12.143 11.833 11.522 11.212 10.901 10.591 10.280  9.970  9.659  9.349  9.039  8.728  8.418  8.107  7.797  7.487  7.176  6.866  6.555  6.245  5.935  5.624  5.314  5.004  4.693  4.383  4.073  3.762  3.452  3.142  2.831  2.521  2.211  1.900  1.590  1.280  0.969  0.659  0.349 
23.641 23.330 23.019 22.708 22.397 22.086 21.776 21.465 21.154 20.843 20.532 20.222 19.911 19.600 19.289 18.979 18.668 18.357 18.046 17.736 17.425 17.114 16.804 16.493 16.182 15.872 15.561 15.251 14.940 14.629 14.319 14.008 13.698 13.387 13.077 12.766 12.455 12.145 11.834 11.524 11.213 10.903 10.592 10.282  9.971  9.661  9.350  9.040  8.729  8.419  8.109  7.798  7.488  7.177  6.867  6.556  6.246  5.936  5.625  5.315  5.004  4.694  4.384  4.073  3.763  3.452  3.142  2.832  2.521  2.211  1.901  1.590  1.280  0.969  0.659  0.349 
23.643 23.332 23.021 22.710 22.399 22.089 21.778 21.467 21.156 20.845 20.535 20.224 19.913 19.602 19.291 18.981 18.670 18.359 18.049 17.738 17.427 17.116 16.806 16.495 16.184 15.874 15.563 15.252 14.942 14.631 14.321 14.010 13.699 13.389 13.078 12.768 12.457 12.147 11.836 11.525 11.215 10.904 10.594 10.283  9.973  9.662  9.352  9.041  8.731  8.420  8.110  7.799  7.489  7.178  6.868  6.557  6.247  5.936  5.626  5.316  5.005  4.695  4.384  4.074  3.763  3.453  3.142  2.832  2.522  2.211  1.901  1.590  1.280  0.970  0.659  0.349 
23.645 23.334 23.023 22.712 22.401 22.091 21.780 21.469 21.158 20.847 20.537 20.226 19.915 19.604 19.293 18.983 18.672 18.361 18.050 17.740 17.429 17.118 16.808 16.497 16.186 15.876 15.565 15.254 14.944 14.633 14.322 14.012 13.701 13.390 13.080 12.769 12.459 12.148 11.837 11.527 11.216 10.906 10.595 10.285  9.974  9.663  9.353  9.042  8.732  8.421  8.111  7.800  7.490  7.179  6.869  6.558  6.248  5.937  5.627  5.316  5.006  4.695  4.385  4.074  3.764  3.453  3.143  2.832  2.522  2.211  1.901  1.591  1.280  0.970  0.659  0.349 
23.647 23.336 23.025 22.714 22.403 22.092 21.782 21.471 21.160 20.849 20.538 20.228 19.917 19.606 19.295 18.984 18.674 18.363 18.052 17.741 17.431 17.120 16.809 16.499 16.188 15.877 15.566 15.256 14.945 14.634 14.324 14.013 13.702 13.392 13.081 12.771 12.460 12.149 11.839 11.528 11.217 10.907 10.596 10.286  9.975  9.665  9.354  9.043  8.733  8.422  8.112  7.801  7.491  7.180  6.870  6.559  6.248  5.938  5.627  5.317  5.006  4.696  4.385  4.075  3.764  3.454  3.143  2.833  2.522  2.212  1.901  1.591  1.280  0.970  0.659  0.349 
23.648 23.338 23.027 22.716 22.405 22.094 21.783 21.472 21.162 20.851 20.540 20.229 19.918 19.608 19.297 18.986 18.675 18.364 18.054 17.743 17.432 17.121 16.811 16.500 16.189 15.879 15.568 15.257 14.947 14.636 14.325 14.014 13.704 13.393 13.082 12.772 12.461 12.151 11.840 11.529 11.219 10.908 10.597 10.287  9.976  9.666  9.355  9.044  8.734  8.423  8.113  7.802  7.491  7.181  6.870  6.560  6.249  5.939  5.628  5.317  5.007  4.696  4.386  4.075  3.765  3.454  3.144  2.833  2.523  2.212  1.901  1.591  1.280  0.970  0.659  0.349 
23.650 23.339 23.028 22.717 22.406 22.096 21.785 21.474 21.163 20.852 20.541 20.231 19.920 19.609 19.298 18.987 18.677 18.366 18.055 17.744 17.434 17.123 16.812 16.501 16.191 15.880 15.569 15.258 14.948 14.637 14.326 14.016 13.705 13.394 13.084 12.773 12.462 12.152 11.841 11.530 11.220 10.909 10.598 10.288  9.977  9.666  9.356  9.045  8.735  8.424  8.113  7.803  7.492  7.182  6.871  6.560  6.250  5.939  5.629  5.318  5.007  4.697  4.386  4.076  3.765  3.454  3.144  2.833  2.523  2.212  1.902  1.591  1.280  0.970  0.659  0.349 
23.651 23.340 23.030 22.719 22.408 22.097 21.786 21.475 21.164 20.854 20.543 20.232 19.921 19.610 19.300 18.989 18.678 18.367 18.056 17.746 17.435 17.124 16.813 16.503 16.192 15.881 15.570 15.260 14.949 14.638 14.327 14.017 13.706 13.395 13.085 12.774 12.463 12.153 11.842 11.531 11.221 10.910 10.599 10.289  9.978  9.667  9.357  9.046  8.735  8.425  8.114  7.803  7.493  7.182  6.872  6.561  6.250  5.940  5.629  5.318  5.008  4.697  4.387  4.076  3.765  3.455  3.144  2.834  2.523  2.212  1.902  1.591  1.281  0.970  0.659  0.349 
23.653 23.342 23.031 22.720 22.409 22.098 21.787 21.477 21.166 20.855 20.544 20.233 19.922 19.612 19.301 18.990 18.679 18.368 18.058 17.747 17.436 17.125 16.815 16.504 16.193 15.882 15.571 15.261 14.950 14.639 14.329 14.018 13.707 13.396 13.086 12.775 12.464 12.154 11.843 11.532 11.221 10.911 10.600 10.289  9.979  9.668  9.357  9.047  8.736  8.425  8.115  7.804  7.493  7.183  6.872  6.561  6.251  5.940  5.629  5.319  5.008  4.698  4.387  4.076  3.766  3.455  3.144  2.834  2.523  2.213  1.902  1.591  1.281  0.970  0.659  0.349 
23.654 23.343 23.032 22.721 22.410 22.099 21.789 21.478 21.167 20.856 20.545 20.234 19.924 19.613 19.302 18.991 18.680 18.369 18.059 17.748 17.437 17.126 16.816 16.505 16.194 15.883 15.572 15.262 14.951 14.640 14.329 14.019 13.708 13.397 13.086 12.776 12.465 12.154 11.844 11.533 11.222 10.911 10.601 10.290  9.979  9.669  9.358  9.047  8.737  8.426  8.115  7.805  7.494  7.183  6.873  6.562  6.251  5.941  5.630  5.319  5.009  4.698  4.387  4.077  3.766  3.455  3.145  2.834  2.523  2.213  1.902  1.591  1.281  0.970  0.659  0.349 
23.655 23.344 23.033 22.722 22.411 22.100 21.790 21.479 21.168 20.857 20.546 20.235 19.925 19.614 19.303 18.992 18.681 18.370 18.060 17.749 17.438 17.127 16.816 16.506 16.195 15.884 15.573 15.263 14.952 14.641 14.330 14.020 13.709 13.398 13.087 12.777 12.466 12.155 11.844 11.534 11.223 10.912 10.601 10.291  9.980  9.669  9.359  9.048  8.737  8.426  8.116  7.805  7.494  7.184  6.873  6.562  6.252  5.941  5.630  5.320  5.009  4.698  4.388  4.077  3.766  3.455  3.145  2.834  2.523  2.213  1.902  1.591  1.281  0.970  0.659  0.349 
23.656 23.345 23.034 22.723 22.412 22.101 21.791 21.480 21.169 20.858 20.547 20.236 19.925 19.615 19.304 18.993 18.682 18.371 18.061 17.750 17.439 17.128 16.817 16.506 16.196 15.885 15.574 15.263 14.953 14.642 14.331 14.020 13.710 13.399 13.088 12.777 12.466 12.156 11.845 11.534 11.224 10.913 10.602 10.291  9.981  9.670  9.359  9.048  8.738  8.427  8.116  7.806  7.495  7.184  6.873  6.563  6.252  5.941  5.631  5.320  5.009  4.698  4.388  4.077  3.766  3.456  3.145  2.834  2.524  2.213  1.902  1.592  1.281  0.970  0.659  0.349 
23.657 23.346 23.035 22.724 22.413 22.102 21.791 21.480 21.170 20.859 20.548 20.237 19.926 19.615 19.305 18.994 18.683 18.372 18.061 17.750 17.440 17.129 16.818 16.507 16.196 15.886 15.575 15.264 14.953 14.643 14.332 14.021 13.710 13.399 13.089 12.778 12.467 12.156 11.846 11.535 11.224 10.913 10.603 10.292  9.981  9.670  9.360  9.049  8.738  8.427  8.117  7.806  7.495  7.184  6.874  6.563  6.252  5.942  5.631  5.320  5.009  4.699  4.388  4.077  3.767  3.456  3.145  2.834  2.524  2.213  1.902  1.592  1.281  0.970  0.659  0.349 
23.657 23.346 23.036 22.725 22.414 22.103 21.792 21.481 21.170 20.860 20.549 20.238 19.927 19.616 19.305 18.995 18.684 18.373 18.062 17.751 17.440 17.130 16.819 16.508 16.197 15.886 15.576 15.265 14.954 14.643 14.332 14.022 13.711 13.400 13.089 12.778 12.468 12.157 11.846 11.535 11.225 10.914 10.603 10.292  9.982  9.671  9.360  9.049  8.739  8.428  8.117  7.806  7.496  7.185  6.874  6.563  6.253  5.942  5.631  5.320  5.010  4.699  4.388  4.077  3.767  3.456  3.145  2.835  2.524  2.213  1.902  1.592  1.281  0.970  0.659  0.349 
23.658 23.347 23.036 22.725 22.415 22.104 21.793 21.482 21.171 20.860 20.549 20.239 19.928 19.617 19.306 18.995 18.684 18.373 18.063 17.752 17.441 17.130 16.819 16.509 16.198 15.887 15.576 15.265 14.955 14.644 14.333 14.022 13.711 13.401 13.090 12.779 12.468 12.157 11.847 11.536 11.225 10.914 10.604 10.293  9.982  9.671  9.360  9.050  8.739  8.428  8.117  7.807  7.496  7.185  6.874  6.564  6.253  5.942  5.631  5.321  5.010  4.699  4.388  4.078  3.767  3.456  3.145  2.835  2.524  2.213  1.902  1.592  1.281  0.970  0.659  0.349 
23.659 23.348 23.037 22.726 22.415 22.104 21.793 21.483 21.172 20.861 20.550 20.239 19.928 19.617 19.307 18.996 18.685 18.374 18.063 17.752 17.442 17.131 16.820 16.509 16.198 15.887 15.577 15.266 14.955 14.644 14.333 14.023 13.712 13.401 13.090 12.779 12.469 12.158 11.847 11.536 11.225 10.915 10.604 10.293  9.982  9.672  9.361  9.050  8.739  8.428  8.118  7.807  7.496  7.185  6.875  6.564  6.253  5.942  5.632  5.321  5.010  4.699  4.389  4.078  3.767  3.456  3.145  2.835  2.524  2.213  1.902  1.592  1.281  0.970  0.659  0.349 
23.659 23.348 23.037 22.727 22.416 22.105 21.794 21.483 21.172 20.861 20.551 20.240 19.929 19.618 19.307 18.996 18.685 18.375 18.064 17.753 17.442 17.131 16.820 16.510 16.199 15.888 15.577 15.266 14.956 14.645 14.334 14.023 13.712 13.401 13.091 12.780 12.469 12.158 11.847 11.537 11.226 10.915 10.604 10.293  9.983  9.672  9.361  9.050  8.740  8.429  8.118  7.807  7.496  7.186  6.875  6.564  6.253  5.943  5.632  5.321  5.010  4.699  4.389  4.078  3.767  3.456  3.146  2.835  2.524  2.213  1.902  1.592  1.281  0.970  0.659  0.349 
23.660 23.349 23.038 22.727 22.416 22.105 21.795 21.484 21.173 20.862 20.551 20.240 19.929 19.619 19.308 18.997 18.686 18.375 18.064 17.753 17.443 17.132 16.821 16.510 16.199 15.888 15.578 15.267 14.956 14.645 14.334 14.023 13.713 13.402 13.091 12.780 12.469 12.159 11.848 11.537 11.226 10.915 10.605 10.294  9.983  9.672  9.361  9.051  8.740  8.429  8.118  7.807  7.497  7.186  6.875  6.564  6.253  5.943  5.632  5.321  5.010  4.700  4.389  4.078  3.767  3.456  3.146  2.835  2.524  2.213  1.902  1.592  1.281  0.970  0.659  0.349 
23.660 23.349 23.038 22.728 22.417 22.106 21.795 21.484 21.173 20.862 20.552 20.241 19.930 19.619 19.308 18.997 18.686 18.376 18.065 17.754 17.443 17.132 16.821 16.510 16.200 15.889 15.578 15.267 14.956 14.645 14.335 14.024 13.713 13.402 13.091 12.781 12.470 12.159 11.848 11.537 11.226 10.916 10.605 10.294  9.983  9.672  9.362  9.051  8.740  8.429  8.118  7.808  7.497  7.186  6.875  6.564  6.254  5.943  5.632  5.321  5.010  4.700  4.389  4.078  3.767  3.456  3.146  2.835  2.524  2.213  1.903  1.592  1.281  0.970  0.659  0.349 
23.661 23.350 23.039 22.728 22.417 22.106 21.795 21.485 21.174 20.863 20.552 20.241 19.930 19.619 19.308 18.998 18.687 18.376 18.065 17.754 17.443 17.133 16.822 16.511 16.200 15.889 15.578 15.267 14.957 14.646 14.335 14.024 13.713 13.403 13.092 12.781 12.470 12.159 11.848 11.538 11.227 10.916 10.605 10.294  9.983  9.673  9.362  9.051  8.740  8.429  8.119  7.808  7.497  7.186  6.875  6.565  6.254  5.943  5.632  5.321  5.010  4.700  4.389  4.078  3.767  3.456  3.145  2.834  2.522  2.211  1.899  1.587  1.275  0.962  0.648  0.333 
23.660 23.349 23.038 22.727 22.416 22.105 21.794 21.483 21.172 20.861 20.549 20.238 19.927 19.615 19.303 18.992 18.680 18.367 18.055 17.742 17.430 17.117 16.803 16.489 16.175 15.860 15.545 15.229 14.913 14.596 14.278 13.959 13.640 13.319 12.998 12.675 12.351 12.025 11.698 11.370 11.040 10.708 10.374 10.038  9.701  9.361  9.019  8.674  8.328  7.978  7.626  7.272  6.915  6.556  6.193  5.828  5.461  5.091  4.718  4.343  3.966  3.586  3.205  2.821  2.436  2.049  1.660  1.271  0.880  0.489  0.097 -0.203 -0.460 -0.714 -0.964 -1.210 
23.615 23.304 22.992 22.680 22.368 22.055 21.742 21.429 21.115 20.800 20.485 20.170 19.854 19.538 19.221 18.903 18.585 18.267 17.948 17.628 17.307 16.986 16.664 16.342 16.019 15.695 15.370 15.044 14.718 14.391 14.063 13.734 13.405 13.074 12.743 12.411 12.078 11.744 11.409 11.074 10.738 10.401 10.064  9.726  9.387  9.048  8.708  8.369  8.028  7.688  7.348  7.007  6.667  6.327  5.988  5.649  5.310  4.973  4.636  4.301  3.967  3.634  3.303  2.976  2.653  2.337  2.032  1.743  1.477  1.243  1.046  0.894  0.789  0.727  0.702  0.700 
23.503 23.192 22.880 22.568 22.256 21.943 21.629 21.315 21.000 20.685 20.370 20.054 19.738 19.421 19.104 18.786 18.468 18.150 17.831 17.512 17.193 16.874 16.554 16.235 15.915 15.595 15.275 14.955 14.636 14.316 13.996 13.677 13.358 13.040 12.722 12.404 12.087 11.771 11.456 11.141 10.827 10.514 10.203  9.892  9.582  9.274  8.967  8.662  8.357  8.055  7.754  7.454  7.156  6.860  6.565  6.272  5.981  5.691  5.403  5.117  4.832  4.548  4.267  3.986  3.707  3.430  3.153  2.878  2.603  2.330  2.057  1.785  1.513  1.242  0.971  0.700 
23.428 23.117 22.806 22.495 22.184 21.872 21.560 21.249 20.937 20.625 20.312 20.000 19.688 19.376 19.063 18.751 18.438 18.126 17.814 17.501 17.189 16.877 16.565 16.253 15.942 15.630 15.319 15.008 14.698 14.388 14.078 13.768 13.459 13.150 12.842 12.534 12.227 11.920 11.614 11.308 11.003 10.699 10.395 10.092  9.789  9.487  9.186  8.885  8.585  8.286  7.987  7.689  7.392  7.095  6.799  6.504  6.210  5.916  5.622  5.329  5.037  4.745  4.454  4.163  3.873  3.583  3.294  3.005  2.716  2.427  2.139  1.851  1.563  1.275  0.988  0.700 
23.423 23.112 22.802 22.491 22.180 21.870 21.559 21.249 20.939 20.629 20.319 20.009 19.699 19.389 19.080 18.770 18.461 18.152 17.843 17.534 17.225 16.917 16.609 16.301 15.993 15.686 15.378 15.071 14.764 14.458 14.152 13.846 13.540 13.235 12.930 12.625 12.321 12.017 11.713 11.410 11.107 10.804 10.502 10.200  9.898  9.597  9.296  8.996  8.696  8.396  8.097  7.798  7.499  7.201  6.903  6.605  6.308  6.010  5.714  5.417  5.121  4.825  4.529  4.234  3.939  3.643  3.349  3.054  2.759  2.465  2.171  1.876  1.582  1.288  0.994  0.700 
23.453 23.142 22.832 22.521 22.211 21.901 21.591 21.281 20.971 20.662 20.353 20.044 19.735 19.426 19.118 18.809 18.501 18.193 17.886 17.578 17.271 16.964 16.657 16.350 16.044 15.738 15.432 15.126 14.820 14.515 14.210 13.905 13.600 13.296 12.992 12.688 12.384 12.081 11.778 11.475 11.172 10.869 10.567 10.265  9.963  9.662  9.361  9.060  8.759  8.458  8.158  7.858  7.558  7.258  6.958  6.659  6.360  6.061  5.762  5.463  5.165  4.866  4.568  4.270  3.972  3.674  3.377  3.079  2.781  2.484  2.187  1.889  1.592  1.295  0.997  0.700 
23.495 23.184 22.874 22.563 22.253 21.943 21.633 21.324 21.014 20.705 20.396 20.087 19.779 19.470 19.162 18.854 18.546 18.239 17.931 17.624 17.317 17.010 16.703 16.397 16.091 15.785 15.479 15.174 14.868 14.563 14.258 13.953 13.649 13.344 13.040 12.736 12.432 12.129 11.825 11.522 11.219 10.916 10.613 10.311 10.008  9.706  9.404  9.102  8.801  8.499  8.198  7.897  7.596  7.295  6.994  6.693  6.393  6.093  5.792  5.492  5.192  4.892  4.592  4.293  3.993  3.693  3.394  3.094  2.795  2.496  2.196  1.897  1.598  1.298  0.999  0.700 
23.539 23.228 22.918 22.607 22.297 21.987 21.677 21.368 21.058 20.749 20.440 20.131 19.823 19.514 19.206 18.898 18.590 18.282 17.975 17.668 17.361 17.054 16.747 16.440 16.134 15.828 15.522 15.216 14.910 14.605 14.300 13.995 13.690 13.385 13.080 12.776 12.472 12.168 11.864 11.560 11.256 10.953 10.649 10.346 10.043  9.740  9.438  9.135  8.833  8.530  8.228  7.926  7.624  7.322  7.020  6.719  6.417  6.116  5.814  5.513  5.212  4.911  4.609  4.309  4.008  3.707  3.406  3.105  2.804  2.504  2.203  1.902  1.602  1.301  1.001  0.700 
23.582 23.271 22.961 22.650 22.340 22.030 21.720 21.410 21.101 20.791 20.482 20.173 19.865 19.556 19.248 18.939 18.631 18.323 18.016 17.708 17.401 17.094 16.787 16.480 16.173 15.867 15.560 15.254 14.948 14.642 14.337 14.031 13.726 13.421 13.115 12.811 12.506 12.201 11.897 11.592 11.288 10.984 10.680 10.376 10.072  9.769  9.465  9.162  8.859  8.556  8.253  7.950  7.647  7.344  7.042  6.739  6.436  6.134  5.832  5.530  5.227  4.925  4.623  4.321  4.019  3.717  3.415  3.114  2.812  2.510  2.208  1.907  1.605  1.303  1.002  0.700 
23.622 23.311 23.000 22.690 22.380 22.069 21.760 21.450 21.140 20.831 20.521 20.212 19.903 19.595 19.286 18.978 18.669 18.361 18.053 17.745 17.438 17.130 16.823 16.516 16.209 15.902 15.595 15.289 14.982 14.676 14.370 14.064 13.758 13.452 13.147 12.841 12.536 12.231 11.926 11.621 11.316 11.011 10.707 10.402 10.098  9.794  9.490  9.185  8.882  8.578  8.274  7.970  7.667  7.363  7.060  6.756  6.453  6.150  5.847  5.544  5.241  4.938  4.635  4.332  4.029  3.726  3.424  3.121  2.818  2.516  2.213  1.910  1.608  1.305  1.003  0.700 
23.658 23.348 23.037 22.726 22.416 22.106 21.796 21.486 21.176 20.867 20.557 20.248 19.939 19.630 19.321 19.013 18.704 18.396 18.087 17.779 17.471 17.164 16.856 16.549 16.241 15.934 15.627 15.320 15.013 14.706 14.400 14.093 13.787 13.481 13.175 12.869 12.563 12.257 11.952 11.646 11.341 11.036 10.731 10.426 10.121  9.816  9.511  9.206  8.902  8.597  8.293  7.988  7.684  7.380  7.076  6.772  6.468  6.164  5.860  5.556  5.252  4.949  4.645  4.341  4.038  3.734  3.431  3.127  2.824  2.520  2.217  1.913  1.610  1.307  1.003  0.700 
23.692 23.381 23.070 22.760 22.449 22.139 21.829 21.519 21.209 20.899 20.590 20.280 19.971 19.662 19.353 19.044 18.736 18.427 18.118 17.810 17.502 17.194 16.886 16.578 16.271 15.963 15.656 15.348 15.041 14.734 14.427 14.120 13.813 13.507 13.200 12.894 12.588 12.282 11.975 11.669 11.364 11.058 10.752 10.446 10.141  9.836  9.530  9.225  8.920  8.615  8.310  8.005  7.700  7.395  7.090  6.786  6.481  6.176  5.872  5.567  5.263  4.958  4.654  4.350  4.046  3.741  3.437  3.133  2.829  2.525  2.220  1.916  1.612  1.308  1.004  0.700 
23.722 23.411 23.100 22.790 22.479 22.169 21.859 21.549 21.239 20.929 20.620 20.310 20.001 19.691 19.382 19.073 18.764 18.455 18.147 17.838 17.530 17.221 16.913 16.605 16.297 15.989 15.682 15.374 15.066 14.759 14.452 14.144 13.837 13.530 13.223 12.917 12.610 12.303 11.997 11.690 11.384 11.078 10.771 10.465 10.159  9.853  9.548  9.242  8.936  8.630  8.325  8.019  7.714  7.409  7.103  6.798  6.493  6.188  5.882  5.577  5.272  4.967  4.662  4.357  4.052  3.748  3.443  3.138  2.833  2.528  2.224  1.919  1.614  1.309  1.005  0.700 
23.749 23.439 23.128 22.817 22.507 22.196 21.886 21.576 21.266 20.956 20.646 20.337 20.027 19.718 19.408 19.099 18.790 18.481 18.172 17.863 17.555 17.246 16.938 16.629 16.321 16.013 15.705 15.397 15.089 14.782 14.474 14.166 13.859 13.551 13.244 12.937 12.630 12.323 12.016 11.709 11.402 11.096 10.789 10.483 10.176  9.870  9.563  9.257  8.951  8.645  8.339  8.033  7.727  7.421  7.115  6.809  6.503  6.198  5.892  5.586  5.281  4.975  4.670  4.364  4.059  3.753  3.448  3.143  2.837  2.532  2.227  1.921  1.616  1.311  1.005  0.700 
23.774 23.463 23.153 22.842 22.532 22.221 21.911 21.601 21.291 20.981 20.671 20.361 20.051 19.742 19.432 19.123 18.814 18.504 18.195 17.886 17.578 17.269 16.960 16.652 16.343 16.035 15.726 15.418 15.110 14.802 14.494 14.186 13.878 13.571 13.263 12.956 12.648 12.341 12.033 11.726 11.419 11.112 10.805 10.498 10.191  9.884  9.578  9.271  8.964  8.658  8.351  8.045  7.738  7.432  7.126  6.819  6.513  6.207  5.901  5.595  5.288  4.982  4.676  4.370  4.064  3.759  3.453  3.147  2.841  2.535  2.229  1.923  1.617  1.312  1.006  0.700 
23.797 23.486 23.175 22.865 22.554 22.244 21.933 21.623 21.313 21.003 20.693 20.383 20.073 19.764 19.454 19.144 18.835 18.526 18.216 17.907 17.598 17.289 16.980 16.672 16.363 16.054 15.746 15.437 15.129 14.821 14.512 14.204 13.896 13.588 13.280 12.972 12.665 12.357 12.049 11.742 11.434 11.127 10.819 10.512 10.205  9.898  9.590  9.283  8.976  8.669  8.362  8.056  7.749  7.442  7.135  6.828  6.522  6.215  5.909  5.602  5.295  4.989  4.683  4.376  4.070  3.763  3.457  3.150  2.844  2.538  2.231  1.925  1.619  1.313  1.006  0.700 
23.817 23.507 23.196 22.885 22.575 22.264 21.954 21.643 21.333 21.023 20.713 20.403 20.093 19.783 19.474 19.164 18.854 18.545 18.235 17.926 17.617 17.308 16.999 16.690 16.381 16.072 15.763 15.455 15.146 14.837 14.529 14.221 13.912 13.604 13.296 12.988 12.680 12.372 12.064 11.756 11.448 11.140 10.832 10.525 10.217  9.910  9.602  9.295  8.987  8.680  8.373  8.065  7.758  7.451  7.144  6.837  6.530  6.223  5.916  5.609  5.302  4.995  4.688  4.381  4.074  3.768  3.461  3.154  2.847  2.540  2.234  1.927  1.620  1.313  1.007  0.700 
23.836 23.525 23.214 22.904 22.593 22.283 21.972 21.662 21.351 21.041 20.731 20.421 20.111 19.801 19.491 19.182 18.872 18.562 18.253 17.943 17.634 17.325 17.015 16.706 16.397 16.088 15.779 15.470 15.161 14.853 14.544 14.235 13.927 13.618 13.310 13.001 12.693 12.385 12.077 11.768 11.460 11.152 10.844 10.536 10.228  9.921  9.613  9.305  8.997  8.690  8.382  8.074  7.767  7.459  7.152  6.844  6.537  6.230  5.922  5.615  5.308  5.000  4.693  4.386  4.079  3.771  3.464  3.157  2.850  2.543  2.236  1.928  1.621  1.314  1.007  0.700 
23.853 23.542 23.231 22.920 22.610 22.299 21.989 21.678 21.368 21.058 20.748 20.437 20.127 19.817 19.507 19.198 18.888 18.578 18.268 17.959 17.649 17.340 17.030 16.721 16.412 16.103 15.794 15.484 15.175 14.866 14.558 14.249 13.940 13.631 13.323 13.014 12.705 12.397 12.088 11.780 11.472 11.163 10.855 10.547 10.239  9.930  9.622  9.314  9.006  8.698  8.390  8.082  7.775  7.467  7.159  6.851  6.543  6.236  5.928  5.620  5.313  5.005  4.698  4.390  4.082  3.775  3.467  3.160  2.852  2.545  2.237  1.930  1.622  1.315  1.007  0.700 
23.868 23.557 23.246 22.936 22.625 22.314 22.004 21.693 21.383 21.073 20.762 20.452 20.142 19.832 19.522 19.212 18.902 18.592 18.283 17.973 17.663 17.354 17.044 16.735 16.425 16.116 15.807 15.497 15.188 14.879 14.570 14.261 13.952 13.643 13.334 13.025 12.716 12.408 12.099 11.790 11.482 11.173 10.865 10.556 10.248  9.939  9.631  9.323  9.014  8.706  8.398  8.090  7.782  7.474  7.165  6.857  6.549  6.241  5.933  5.625  5.317  5.010  4.702  4.394  4.086  3.778  3.470  3.162  2.855  2.547  2.239  1.931  1.623  1.316  1.008  0.700 
23.882 23.571 23.260 22.950 22.639 22.328 22.018 21.707 21.397 21.086 20.776 20.466 20.156 19.845 19.535 19.225 18.915 18.605 18.295 17.986 17.676 17.366 17.057 16.747 16.437 16.128 15.818 15.509 15.200 14.890 14.581 14.272 13.963 13.654 13.345 13.036 12.727 12.418 12.109 11.800 11.491 11.182 10.874 10.565 10.256  9.948  9.639  9.330  9.022  8.713  8.405  8.097  7.788  7.480  7.171  6.863  6.555  6.246  5.938  5.630  5.322  5.014  4.705  4.397  4.089  3.781  3.473  3.165  2.857  2.548  2.240  1.932  1.624  1.316  1.008  0.700 
23.894 23.584 23.273 22.962 22.651 22.341 22.030 21.720 21.409 21.099 20.788 20.478 20.168 19.857 19.547 19.237 18.927 18.617 18.307 17.997 17.687 17.378 17.068 16.758 16.448 16.139 15.829 15.520 15.210 14.901 14.591 14.282 13.973 13.663 13.354 13.045 12.736 12.427 12.117 11.808 11.499 11.190 10.882 10.573 10.264  9.955  9.646  9.337  9.029  8.720  8.411  8.103  7.794  7.485  7.177  6.868  6.560  6.251  5.943  5.634  5.326  5.017  4.709  4.400  4.092  3.784  3.475  3.167  2.858  2.550  2.242  1.933  1.625  1.317  1.008  0.700 
