19.315 19.004 18.693 18.382 18.071 17.760 17.449 17.138 16.827 16.516 16.205 15.894 15.583 15.271 14.960 14.648 14.337 14.025 13.714 13.402 13.090 12.778 12.466 12.154 11.842 11.529 11.216 10.904 10.591 10.278  9.964  9.651  9.337  9.023  8.709  8.395  8.080  7.766  7.451  7.136  6.821  6.506  6.190  5.875  5.560  5.244  4.929  4.614  4.299  3.984  3.670  3.356  3.042  2.729  2.417  2.105  1.793  1.482  1.172  0.863  0.554  0.247 -0.060 -0.299 -0.530 -0.760 -0.989 -1.217 -1.444 -1.669 -1.894 -2.116 -2.337 -2.557 -2.774 -2.990 
19.303 18.992 18.681 18.370 18.059 17.748 17.436 17.125 16.814 16.503 16.191 15.880 15.568 15.257 14.945 14.633 14.322 14.010 13.698 13.386 13.075 12.763 12.451 12.139 11.827 11.515 11.204 10.892 10.580 10.268  9.957  9.645  9.334  9.022  8.711  8.399  8.088  7.777  7.466  7.155  6.844  6.533  6.223  5.913  5.602  5.292  4.982  4.673  4.363  4.054  3.745  3.436  3.127  2.819  2.510  2.202  1.894  1.587  1.280  0.973  0.666  0.359  0.053 -0.166 -0.357 -0.547 -0.736 -0.925 -1.113 -1.301 -1.488 -1.674 -1.860 -2.044 -2.227 -2.410 
19.295 18.984 18.673 18.362 18.051 17.741 17.430 17.119 16.808 16.497 16.186 15.875 15.564 15.253 14.942 14.631 14.320 14.010 13.699 13.388 13.077 12.766 12.456 12.145 11.835 11.524 11.214 10.903 10.593 10.283  9.973  9.663  9.353  9.044  8.735  8.426  8.117  7.809  7.500  7.193  6.886  6.579  6.272  5.967  5.662  5.357  5.054  4.751  4.449  4.147  3.847  3.547  3.249  2.951  2.655  2.359  2.064  1.770  1.477  1.184  0.892  0.601  0.311  0.020 -0.181 -0.352 -0.521 -0.691 -0.859 -1.027 -1.194 -1.360 -1.526 -1.691 -1.855 -2.018 
19.302 18.991 18.680 18.370 18.059 17.749 17.438 17.128 16.818 16.508 16.198 15.888 15.578 15.268 14.959 14.649 14.340 14.031 13.722 13.413 13.104 12.796 12.488 12.180 11.872 11.564 11.257 10.949 10.642 10.336 10.029  9.723  9.417  9.112  8.806  8.501  8.197  7.893  7.589  7.285  6.982  6.680  6.378  6.076  5.775  5.475  5.175  4.877  4.579  4.282  3.987  3.693  3.400  3.108  2.819  2.530  2.244  1.959  1.676  1.394  1.114  0.835  0.557  0.280  0.004 -0.186 -0.343 -0.500 -0.656 -0.811 -0.966 -1.120 -1.273 -1.425 -1.577 -1.727 
19.333 19.022 18.712 18.401 18.091 17.781 17.471 17.162 16.853 16.543 16.235 15.926 15.617 15.309 15.001 14.694 14.386 14.079 13.772 13.465 13.159 12.853 12.547 12.242 11.937 11.632 11.328 11.024 10.720 10.417 10.114  9.812  9.510  9.208  8.907  8.606  8.306  8.007  7.707  7.409  7.110  6.813  6.515  6.219  5.923  5.627  5.333  5.039  4.745  4.453  4.162  3.871  3.583  3.295  3.009  2.725  2.443  2.163  1.886  1.610  1.337  1.066  0.797  0.530  0.263 -0.002 -0.182 -0.330 -0.478 -0.625 -0.771 -0.916 -1.060 -1.203 -1.345 -1.486 
19.391 19.080 18.769 18.459 18.150 17.840 17.531 17.222 16.914 16.606 16.298 15.990 15.683 15.376 15.070 14.764 14.458 14.153 13.848 13.544 13.240 12.936 12.633 12.330 12.027 11.726 11.424 11.123 10.823 10.523 10.223  9.924  9.626  9.328  9.030  8.734  8.437  8.142  7.847  7.552  7.258  6.965  6.672  6.381  6.089  5.799  5.509  5.220  4.932  4.644  4.358  4.073  3.789  3.507  3.226  2.947  2.669  2.393  2.120  1.848  1.578  1.311  1.045  0.781  0.518  0.256 -0.004 -0.178 -0.318 -0.457 -0.595 -0.733 -0.869 -1.005 -1.141 -1.275 
19.473 19.163 18.852 18.543 18.233 17.924 17.616 17.308 17.000 16.693 16.386 16.080 15.774 15.468 15.163 14.859 14.555 14.251 13.948 13.646 13.344 13.042 12.741 12.441 12.141 11.841 11.542 11.244 10.946 10.649 10.353 10.057  9.761  9.467  9.173  8.879  8.586  8.294  8.003  7.712  7.422  7.132  6.844  6.556  6.269  5.982  5.697  5.412  5.128  4.845  4.564  4.283  4.004  3.726  3.449  3.174  2.900  2.629  2.358  2.090  1.823  1.558  1.295  1.033  0.773  0.514  0.255 -0.002 -0.171 -0.304 -0.436 -0.568 -0.699 -0.830 -0.960 -1.089 
19.579 19.268 18.958 18.649 18.340 18.031 17.723 17.416 17.109 16.802 16.496 16.191 15.886 15.582 15.278 14.975 14.672 14.370 14.069 13.768 13.468 13.168 12.869 12.571 12.273 11.976 11.679 11.383 11.088 10.793 10.499 10.206  9.913  9.621  9.330  9.039  8.750  8.460  8.172  7.884  7.598  7.312  7.026  6.742  6.458  6.175  5.894  5.613  5.333  5.054  4.776  4.500  4.224  3.950  3.677  3.406  3.136  2.867  2.600  2.334  2.070  1.807  1.546  1.286  1.027  0.769  0.512  0.256  0.000 -0.165 -0.293 -0.420 -0.546 -0.672 -0.797 -0.922 
19.704 19.394 19.084 18.774 18.466 18.158 17.850 17.543 17.237 16.931 16.626 16.321 16.017 15.714 15.412 15.110 14.808 14.508 14.207 13.908 13.609 13.311 13.014 12.717 12.421 12.126 11.831 11.537 11.244 10.951 10.660 10.369 10.078  9.789  9.500  9.212  8.924  8.638  8.352  8.067  7.783  7.500  7.217  6.936  6.655  6.375  6.097  5.819  5.542  5.266  4.992  4.718  4.446  4.175  3.905  3.636  3.369  3.103  2.838  2.575  2.313  2.052  1.793  1.535  1.278  1.021  0.766  0.512  0.258  0.006 -0.157 -0.280 -0.403 -0.525 -0.647 -0.768 
19.847 19.536 19.227 18.917 18.609 18.301 17.994 17.687 17.381 17.076 16.772 16.468 16.165 15.863 15.561 15.260 14.960 14.660 14.361 14.063 13.765 13.469 13.173 12.878 12.583 12.289 11.996 11.704 11.413 11.122 10.832 10.543 10.254  9.967  9.680  9.394  9.109  8.825  8.541  8.258  7.977  7.696  7.416  7.137  6.859  6.582  6.306  6.030  5.756  5.483  5.211  4.941  4.671  4.402  4.135  3.869  3.604  3.340  3.078  2.816  2.556  2.297  2.039  1.783  1.527  1.272  1.018  0.765  0.513  0.262  0.011 -0.149 -0.269 -0.389 -0.508 -0.626 
20.004 19.693 19.384 19.075 18.766 18.459 18.152 17.846 17.540 17.236 16.932 16.629 16.326 16.025 15.724 15.423 15.124 14.825 14.528 14.230 13.934 13.639 13.344 13.050 12.757 12.464 12.173 11.882 11.592 11.302 11.014 10.727 10.440 10.154  9.869  9.585  9.301  9.019  8.737  8.457  8.177  7.898  7.620  7.343  7.067  6.792  6.518  6.245  5.974  5.703  5.433  5.164  4.897  4.630  4.365  4.100  3.837  3.576  3.315  3.055  2.797  2.539  2.283  2.028  1.773  1.520  1.268  1.016  0.765  0.515  0.266  0.017 -0.141 -0.259 -0.375 -0.491 
20.173 19.863 19.553 19.244 18.936 18.629 18.322 18.016 17.711 17.407 17.104 16.801 16.499 16.198 15.898 15.598 15.300 15.002 14.705 14.409 14.113 13.819 13.525 13.232 12.940 12.648 12.358 12.068 11.780 11.492 11.205 10.919 10.633 10.349 10.065  9.783  9.501  9.220  8.940  8.661  8.383  8.106  7.830  7.554  7.280  7.007  6.735  6.464  6.194  5.924  5.656  5.389  5.124  4.859  4.595  4.333  4.071  3.811  3.551  3.293  3.036  2.780  2.525  2.271  2.018  1.766  1.515  1.264  1.015  0.766  0.518  0.270  0.023 -0.134 -0.252 -0.366 
20.353 20.042 19.733 19.424 19.116 18.809 18.502 18.197 17.892 17.588 17.285 16.983 16.682 16.381 16.081 15.783 15.485 15.187 14.891 14.596 14.301 14.007 13.714 13.422 13.131 12.841 12.551 12.263 11.975 11.688 11.402 11.117 10.833 10.550 10.268  9.986  9.706  9.426  9.148  8.870  8.593  8.318  8.043  7.769  7.496  7.225  6.954  6.684  6.416  6.148  5.881  5.616  5.352  5.088  4.826  4.565  4.305  4.046  3.788  3.531  3.275  3.020  2.766  2.514  2.262  2.011  1.761  1.511  1.263  1.015  0.768  0.522  0.277  0.031 -0.126 -0.241 
20.541 20.231 19.921 19.612 19.304 18.997 18.691 18.386 18.082 17.778 17.475 17.173 16.873 16.572 16.273 15.975 15.677 15.381 15.085 14.790 14.496 14.203 13.911 13.620 13.329 13.040 12.751 12.464 12.177 11.891 11.606 11.322 11.039 10.757 10.475 10.195  9.916  9.638  9.360  9.084  8.808  8.534  8.260  7.988  7.716  7.446  7.177  6.908  6.641  6.374  6.109  5.845  5.582  5.320  5.059  4.799  4.540  4.282  4.025  3.769  3.515  3.261  3.008  2.756  2.505  2.255  2.006  1.758  1.510  1.263  1.017  0.772  0.528  0.284  0.040 -0.113 
20.737 20.426 20.117 19.808 19.501 19.194 18.888 18.583 18.278 17.975 17.673 17.371 17.071 16.771 16.472 16.174 15.877 15.581 15.286 14.992 14.698 14.406 14.115 13.824 13.534 13.246 12.958 12.671 12.386 12.101 11.817 11.534 11.253 10.972 10.692 10.414 10.136  9.859  9.584  9.310  9.037  8.765  8.494  8.224  7.956  7.689  7.423  7.158  6.895  6.633  6.372  6.113  5.854  5.598  5.342  5.088  4.836  4.585  4.335  4.086  3.839  3.593  3.348  3.104  2.862  2.620  2.380  2.140  1.902  1.664  1.427  1.191  0.955  0.719  0.484  0.249 
20.942 20.631 20.322 20.013 19.706 19.399 19.094 18.789 18.485 18.182 17.880 17.579 17.280 16.981 16.682 16.385 16.089 15.794 15.500 15.207 14.915 14.624 14.333 14.044 13.756 13.469 13.183 12.897 12.613 12.330 12.048 11.767 11.486 11.207 10.929 10.652 10.376 10.101  9.827  9.554  9.282  9.011  8.740  8.471  8.203  7.936  7.670  7.404  7.140  6.876  6.614  6.352  6.091  5.831  5.572  5.314  5.056  4.799  4.543  4.288  4.033  3.779  3.525  3.272  3.020  2.768  2.516  2.265  2.015  1.764  1.514  1.264  1.015  0.766  0.516  0.267 
21.157 20.847 20.537 20.229 19.921 19.615 19.309 19.004 18.701 18.398 18.096 17.796 17.496 17.197 16.899 16.602 16.306 16.011 15.717 15.424 15.132 14.841 14.551 14.261 13.973 13.686 13.399 13.113 12.829 12.545 12.262 11.980 11.699 11.419 11.140 10.862 10.584 10.307 10.032  9.757  9.482  9.209  8.937  8.665  8.394  8.124  7.854  7.586  7.318  7.050  6.784  6.518  6.253  5.988  5.724  5.460  5.197  4.935  4.673  4.412  4.151  3.891  3.631  3.371  3.112  2.853  2.594  2.336  2.078  1.820  1.563  1.305  1.048  0.791  0.534  0.277 
21.370 21.059 20.750 20.441 20.134 19.827 19.521 19.217 18.913 18.610 18.308 18.006 17.706 17.407 17.108 16.811 16.514 16.219 15.924 15.630 15.337 15.045 14.753 14.463 14.173 13.885 13.597 13.310 13.024 12.738 12.454 12.170 11.887 11.605 11.324 11.043 10.763 10.484 10.206  9.928  9.651  9.375  9.100  8.825  8.551  8.277  8.004  7.732  7.460  7.189  6.919  6.649  6.379  6.110  5.842  5.574  5.306  5.039  4.773  4.506  4.241  3.975  3.710  3.445  3.181  2.916  2.652  2.389  2.125  1.862  1.598  1.335  1.072  0.810  0.547  0.284 
21.571 21.261 20.951 20.643 20.335 20.028 19.722 19.417 19.112 18.809 18.506 18.204 17.903 17.603 17.304 17.005 16.708 16.411 16.115 15.820 15.526 15.232 14.939 14.647 14.356 14.066 13.776 13.488 13.200 12.912 12.626 12.340 12.055 11.770 11.487 11.204 10.921 10.640 10.359 10.078  9.799  9.519  9.241  8.963  8.686  8.409  8.133  7.857  7.582  7.307  7.033  6.759  6.486  6.213  5.941  5.669  5.398  5.126  4.856  4.585  4.315  4.045  3.776  3.507  3.238  2.969  2.700  2.432  2.164  1.896  1.628  1.360  1.092  0.825  0.557  0.290 
21.758 21.448 21.138 20.829 20.521 20.214 19.907 19.602 19.297 18.993 18.689 18.387 18.085 17.784 17.484 17.184 16.886 16.588 16.290 15.994 15.698 15.403 15.109 14.816 14.523 14.231 13.940 13.649 13.359 13.070 12.781 12.493 12.206 11.919 11.633 11.348 11.063 10.779 10.495 10.212  9.930  9.648  9.366  9.086  8.805  8.526  8.246  7.967  7.689  7.411  7.134  6.857  6.580  6.304  6.028  5.752  5.477  5.202  4.928  4.654  4.380  4.106  3.833  3.560  3.287  3.014  2.742  2.469  2.197  1.925  1.653  1.382  1.110  0.838  0.567  0.295 
21.929 21.619 21.309 21.000 20.692 20.384 20.077 19.771 19.466 19.161 18.857 18.554 18.251 17.949 17.648 17.348 17.048 16.749 16.451 16.153 15.856 15.560 15.264 14.969 14.675 14.381 14.088 13.796 13.504 13.213 12.922 12.632 12.343 12.054 11.766 11.478 11.191 10.904 10.618 10.333 10.048  9.763  9.479  9.196  8.913  8.630  8.348  8.066  7.785  7.504  7.224  6.944  6.664  6.385  6.106  5.827  5.548  5.270  4.992  4.715  4.438  4.161  3.884  3.607  3.331  3.055  2.779  2.503  2.227  1.951  1.676  1.401  1.125  0.850  0.575  0.300 
22.086 21.775 21.465 21.156 20.848 20.540 20.232 19.926 19.620 19.315 19.010 18.706 18.403 18.100 17.798 17.497 17.196 16.896 16.597 16.298 16.000 15.702 15.405 15.109 14.813 14.518 14.223 13.929 13.635 13.343 13.050 12.758 12.467 12.176 11.886 11.596 11.307 11.018 10.730 10.442 10.155  9.868  9.582  9.296  9.010  8.725  8.440  8.156  7.872  7.588  7.305  7.022  6.740  6.457  6.175  5.894  5.612  5.331  5.051  4.770  4.490  4.210  3.930  3.650  3.370  3.091  2.812  2.533  2.254  1.975  1.696  1.418  1.139  0.861  0.582  0.304 
22.228 21.918 21.608 21.298 20.990 20.681 20.374 20.067 19.761 19.455 19.150 18.845 18.541 18.238 17.935 17.633 17.331 17.030 16.730 16.430 16.130 15.832 15.533 15.236 14.938 14.642 14.346 14.050 13.755 13.461 13.166 12.873 12.580 12.287 11.995 11.704 11.412 11.122 10.831 10.541 10.252  9.963  9.674  9.386  9.098  8.811  8.524  8.237  7.951  7.664  7.379  7.093  6.808  6.523  6.239  5.954  5.670  5.387  5.103  4.820  4.537  4.254  3.971  3.689  3.406  3.124  2.842  2.560  2.278  1.996  1.715  1.433  1.152  0.870  0.589  0.307 
22.358 22.047 21.737 21.428 21.119 20.810 20.503 20.195 19.888 19.582 19.277 18.971 18.667 18.363 18.059 17.756 17.454 17.152 16.850 16.550 16.249 15.949 15.650 15.351 15.053 14.755 14.457 14.160 13.864 13.568 13.272 12.977 12.682 12.388 12.094 11.801 11.508 11.216 10.923 10.632 10.340 10.049  9.759  9.468  9.178  8.889  8.600  8.311  8.022  7.734  7.446  7.158  6.870  6.583  6.296  6.010  5.723  5.437  5.151  4.865  4.579  4.294  4.009  3.724  3.439  3.154  2.869  2.584  2.300  2.016  1.731  1.447  1.163  0.879  0.595  0.311 
22.476 22.165 21.855 21.545 21.236 20.928 20.620 20.312 20.005 19.698 19.392 19.086 18.781 18.477 18.172 17.869 17.565 17.263 16.960 16.659 16.357 16.056 15.756 15.456 15.156 14.857 14.559 14.261 13.963 13.665 13.368 13.072 12.776 12.480 12.185 11.890 11.595 11.301 11.007 10.714 10.420 10.128  9.835  9.543  9.251  8.960  8.668  8.377  8.087  7.796  7.506  7.217  6.927  6.638  6.348  6.060  5.771  5.482  5.194  4.906  4.618  4.330  4.043  3.755  3.468  3.181  2.894  2.607  2.320  2.033  1.746  1.460  1.173  0.887  0.600  0.314 
22.583 22.272 21.962 21.653 21.343 21.034 20.726 20.418 20.111 19.804 19.497 19.191 18.885 18.580 18.275 17.971 17.667 17.363 17.060 16.758 16.456 16.154 15.852 15.551 15.251 14.951 14.651 14.352 14.053 13.754 13.456 13.158 12.861 12.563 12.267 11.970 11.674 11.378 11.083 10.788 10.493 10.199  9.905  9.611  9.317  9.024  8.731  8.438  8.146  7.854  7.562  7.270  6.978  6.687  6.396  6.105  5.814  5.524  5.234  4.943  4.653  4.364  4.074  3.784  3.495  3.205  2.916  2.627  2.338  2.049  1.760  1.471  1.182  0.894  0.605  0.316 
22.681 22.370 22.060 21.750 21.440 21.131 20.823 20.515 20.207 19.900 19.593 19.286 18.980 18.674 18.369 18.064 17.759 17.455 17.151 16.848 16.545 16.242 15.940 15.638 15.337 15.036 14.735 14.435 14.134 13.835 13.535 13.236 12.938 12.639 12.341 12.044 11.746 11.449 11.152 10.856 10.560 10.264  9.968  9.673  9.377  9.083  8.788  8.494  8.199  7.906  7.612  7.318  7.025  6.732  6.439  6.146  5.854  5.562  5.269  4.977  4.685  4.394  4.102  3.811  3.519  3.228  2.937  2.646  2.355  2.064  1.773  1.482  1.191  0.900  0.609  0.319 
22.769 22.459 22.148 21.838 21.529 21.220 20.911 20.602 20.294 19.987 19.679 19.372 19.066 18.760 18.454 18.148 17.843 17.538 17.234 16.930 16.626 16.323 16.020 15.717 15.415 15.113 14.811 14.510 14.209 13.908 13.608 13.308 13.008 12.708 12.409 12.110 11.812 11.513 11.215 10.917 10.620 10.323 10.025  9.729  9.432  9.136  8.840  8.544  8.248  7.953  7.658  7.362  7.068  6.773  6.478  6.184  5.890  5.596  5.302  5.008  4.715  4.421  4.128  3.834  3.541  3.248  2.955  2.662  2.369  2.077  1.784  1.491  1.199  0.906  0.614  0.321 
22.850 22.539 22.229 21.919 21.609 21.300 20.991 20.682 20.374 20.066 19.758 19.451 19.144 18.837 18.531 18.225 17.920 17.614 17.309 17.005 16.700 16.396 16.092 15.789 15.486 15.183 14.881 14.578 14.276 13.975 13.673 13.372 13.072 12.771 12.471 12.171 11.871 11.572 11.272 10.973 10.675 10.376 10.078  9.780  9.482  9.184  8.887  8.590  8.293  7.996  7.699  7.403  7.106  6.810  6.514  6.218  5.923  5.627  5.332  5.036  4.741  4.446  4.151  3.856  3.561  3.267  2.972  2.678  2.383  2.089  1.794  1.500  1.206  0.912  0.617  0.323 
22.923 22.613 22.302 21.992 21.682 21.373 21.064 20.755 20.446 20.138 19.830 19.523 19.215 18.908 18.602 18.295 17.989 17.683 17.378 17.072 16.767 16.463 16.158 15.854 15.551 15.247 14.944 14.641 14.338 14.035 13.733 13.431 13.130 12.828 12.527 12.226 11.925 11.625 11.324 11.024 10.724 10.425 10.125  9.826  9.527  9.228  8.930  8.631  8.333  8.035  7.737  7.439  7.141  6.844  6.547  6.249  5.952  5.655  5.358  5.062  4.765  4.469  4.172  3.876  3.580  3.284  2.987  2.691  2.396  2.100  1.804  1.508  1.212  0.916  0.621  0.325 
22.990 22.679 22.369 22.059 21.749 21.439 21.130 20.821 20.512 20.204 19.896 19.588 19.280 18.973 18.666 18.359 18.052 17.746 17.440 17.134 16.829 16.523 16.218 15.914 15.609 15.305 15.001 14.697 14.394 14.091 13.788 13.485 13.182 12.880 12.578 12.276 11.974 11.673 11.372 11.071 10.770 10.469 10.169  9.868  9.568  9.268  8.969  8.669  8.370  8.070  7.771  7.472  7.173  6.875  6.576  6.278  5.979  5.681  5.383  5.085  4.787  4.489  4.192  3.894  3.596  3.299  3.001  2.704  2.407  2.110  1.812  1.515  1.218  0.921  0.624  0.327 
23.051 22.740 22.430 22.119 21.809 21.500 21.190 20.881 20.572 20.263 19.955 19.647 19.339 19.031 18.724 18.416 18.110 17.803 17.496 17.190 16.884 16.578 16.273 15.968 15.663 15.358 15.053 14.749 14.445 14.141 13.837 13.534 13.230 12.927 12.624 12.322 12.019 11.717 11.415 11.113 10.811 10.509 10.208  9.907  9.606  9.305  9.004  8.703  8.403  8.103  7.802  7.502  7.202  6.903  6.603  6.303  6.004  5.704  5.405  5.106  4.807  4.508  4.209  3.910  3.612  3.313  3.014  2.716  2.417  2.119  1.820  1.522  1.223  0.925  0.627  0.328 
23.106 22.795 22.485 22.174 21.864 21.555 21.245 20.936 20.626 20.318 20.009 19.701 19.392 19.084 18.777 18.469 18.162 17.855 17.548 17.241 16.935 16.629 16.323 16.017 15.711 15.406 15.101 14.796 14.491 14.186 13.882 13.578 13.274 12.970 12.667 12.363 12.060 11.757 11.454 11.151 10.848 10.546 10.244  9.942  9.640  9.338  9.036  8.735  8.433  8.132  7.831  7.530  7.229  6.928  6.627  6.327  6.026  5.726  5.425  5.125  4.825  4.525  4.225  3.925  3.625  3.325  3.026  2.726  2.426  2.127  1.827  1.528  1.228  0.929  0.629  0.330 
23.156 22.845 22.535 22.225 21.914 21.604 21.295 20.985 20.676 20.367 20.058 19.749 19.441 19.133 18.825 18.517 18.209 17.902 17.595 17.288 16.981 16.674 16.368 16.061 15.755 15.450 15.144 14.838 14.533 14.228 13.923 13.618 13.314 13.009 12.705 12.401 12.097 11.793 11.489 11.186 10.883 10.579 10.276  9.973  9.671  9.368  9.065  8.763  8.461  8.159  7.857  7.555  7.253  6.951  6.649  6.348  6.047  5.745  5.444  5.143  4.842  4.541  4.240  3.939  3.638  3.337  3.036  2.736  2.435  2.134  1.834  1.533  1.232  0.932  0.631  0.331 
23.202 22.891 22.580 22.270 21.960 21.650 21.340 21.030 20.721 20.412 20.103 19.794 19.485 19.177 18.868 18.560 18.252 17.945 17.637 17.330 17.023 16.716 16.409 16.102 15.796 15.489 15.183 14.877 14.571 14.266 13.960 13.655 13.350 13.045 12.740 12.435 12.130 11.826 11.522 11.218 10.914 10.610 10.306 10.002  9.699  9.395  9.092  8.789  8.486  8.183  7.880  7.577  7.275  6.972  6.670  6.367  6.065  5.763  5.461  5.159  4.857  4.555  4.253  3.951  3.649  3.347  3.046  2.744  2.443  2.141  1.839  1.538  1.236  0.935  0.634  0.332 
23.243 22.933 22.622 22.312 22.001 21.691 21.381 21.072 20.762 20.453 20.143 19.834 19.525 19.217 18.908 18.600 18.292 17.984 17.676 17.368 17.061 16.753 16.446 16.139 15.832 15.525 15.219 14.912 14.606 14.300 13.994 13.688 13.382 13.077 12.771 12.466 12.161 11.856 11.551 11.246 10.942 10.637 10.333 10.029  9.724  9.420  9.116  8.812  8.509  8.205  7.901  7.598  7.295  6.991  6.688  6.385  6.082  5.779  5.476  5.173  4.870  4.567  4.265  3.962  3.660  3.357  3.054  2.752  2.450  2.147  1.845  1.542  1.240  0.938  0.635  0.333 
23.281 22.970 22.660 22.349 22.039 21.729 21.419 21.109 20.799 20.490 20.180 19.871 19.562 19.253 18.944 18.636 18.327 18.019 17.711 17.403 17.095 16.787 16.480 16.173 15.865 15.558 15.251 14.944 14.638 14.331 14.025 13.718 13.412 13.106 12.800 12.495 12.189 11.883 11.578 11.273 10.967 10.662 10.357 10.052  9.748  9.443  9.138  8.834  8.529  8.225  7.921  7.617  7.313  7.009  6.705  6.401  6.097  5.793  5.490  5.186  4.883  4.579  4.276  3.972  3.669  3.366  3.062  2.759  2.456  2.153  1.850  1.546  1.243  0.940  0.637  0.334 
23.315 23.005 22.694 22.383 22.073 21.763 21.453 21.143 20.833 20.523 20.214 19.905 19.595 19.286 18.977 18.669 18.360 18.051 17.743 17.435 17.127 16.819 16.511 16.203 15.896 15.588 15.281 14.974 14.666 14.360 14.053 13.746 13.439 13.133 12.827 12.520 12.214 11.908 11.602 11.296 10.991 10.685 10.380 10.074  9.769  9.464  9.158  8.853  8.548  8.243  7.939  7.634  7.329  7.024  6.720  6.415  6.111  5.807  5.502  5.198  4.894  4.590  4.286  3.982  3.678  3.374  3.070  2.766  2.462  2.158  1.854  1.550  1.246  0.943  0.639  0.335 
23.347 23.036 22.725 22.415 22.104 21.794 21.484 21.174 20.864 20.554 20.244 19.935 19.626 19.316 19.007 18.698 18.389 18.081 17.772 17.464 17.155 16.847 16.539 16.231 15.923 15.615 15.308 15.000 14.693 14.385 14.078 13.771 13.464 13.157 12.850 12.544 12.237 11.931 11.624 11.318 11.012 10.706 10.400 10.094  9.788  9.482  9.177  8.871  8.565  8.260  7.955  7.649  7.344  7.039  6.734  6.429  6.124  5.819  5.514  5.209  4.904  4.599  4.295  3.990  3.685  3.381  3.076  2.772  2.467  2.163  1.858  1.554  1.249  0.945  0.640  0.336 
23.375 23.064 22.753 22.443 22.132 21.822 21.512 21.202 20.892 20.582 20.272 19.963 19.653 19.344 19.034 18.725 18.416 18.107 17.799 17.490 17.181 16.873 16.564 16.256 15.948 15.640 15.332 15.024 14.716 14.409 14.101 13.794 13.487 13.179 12.872 12.565 12.258 11.951 11.644 11.338 11.031 10.725 10.418 10.112  9.806  9.499  9.193  8.887  8.581  8.275  7.969  7.663  7.358  7.052  6.746  6.441  6.135  5.830  5.524  5.219  4.913  4.608  4.303  3.998  3.692  3.387  3.082  2.777  2.472  2.167  1.862  1.557  1.252  0.947  0.642  0.337 
23.401 23.090 22.779 22.469 22.158 21.848 21.538 21.227 20.917 20.607 20.297 19.988 19.678 19.369 19.059 18.750 18.441 18.132 17.823 17.514 17.205 16.896 16.588 16.279 15.971 15.662 15.354 15.046 14.738 14.430 14.122 13.815 13.507 13.199 12.892 12.584 12.277 11.970 11.663 11.356 11.049 10.742 10.435 10.128  9.821  9.515  9.208  8.902  8.595  8.289  7.983  7.676  7.370  7.064  6.758  6.452  6.146  5.840  5.534  5.228  4.922  4.616  4.310  4.005  3.699  3.393  3.088  2.782  2.476  2.171  1.865  1.559  1.254  0.948  0.643  0.337 
23.424 23.113 22.803 22.492 22.182 21.871 21.561 21.251 20.940 20.630 20.320 20.011 19.701 19.391 19.082 18.772 18.463 18.154 17.844 17.535 17.226 16.918 16.609 16.300 15.991 15.683 15.374 15.066 14.758 14.450 14.141 13.833 13.525 13.218 12.910 12.602 12.294 11.987 11.679 11.372 11.065 10.757 10.450 10.143  9.836  9.529  9.222  8.915  8.608  8.301  7.995  7.688  7.381  7.075  6.768  6.462  6.155  5.849  5.542  5.236  4.930  4.623  4.317  4.011  3.705  3.399  3.092  2.786  2.480  2.174  1.868  1.562  1.256  0.950  0.644  0.338 
23.446 23.135 22.824 22.513 22.203 21.892 21.582 21.272 20.961 20.651 20.341 20.031 19.722 19.412 19.102 18.793 18.483 18.174 17.864 17.555 17.246 16.937 16.628 16.319 16.010 15.701 15.393 15.084 14.776 14.467 14.159 13.851 13.542 13.234 12.926 12.618 12.310 12.002 11.695 11.387 11.079 10.772 10.464 10.156  9.849  9.542  9.234  8.927  8.620  8.313  8.006  7.699  7.391  7.085  6.778  6.471  6.164  5.857  5.550  5.243  4.937  4.630  4.323  4.017  3.710  3.403  3.097  2.790  2.484  2.177  1.871  1.564  1.258  0.951  0.645  0.338 
23.465 23.154 22.843 22.533 22.222 21.912 21.601 21.291 20.981 20.670 20.360 20.050 19.740 19.431 19.121 18.811 18.501 18.192 17.882 17.573 17.264 16.955 16.645 16.336 16.027 15.718 15.409 15.101 14.792 14.483 14.175 13.866 13.558 13.249 12.941 12.633 12.325 12.016 11.708 11.400 11.092 10.784 10.477 10.169  9.861  9.553  9.246  8.938  8.631  8.323  8.016  7.708  7.401  7.093  6.786  6.479  6.172  5.864  5.557  5.250  4.943  4.636  4.329  4.022  3.715  3.408  3.101  2.794  2.487  2.180  1.873  1.566  1.260  0.953  0.646  0.339 
23.483 23.172 22.861 22.550 22.240 21.929 21.619 21.308 20.998 20.688 20.378 20.068 19.758 19.448 19.138 18.828 18.518 18.208 17.899 17.589 17.280 16.971 16.661 16.352 16.043 15.734 15.425 15.116 14.807 14.498 14.189 13.880 13.572 13.263 12.954 12.646 12.338 12.029 11.721 11.413 11.104 10.796 10.488 10.180  9.872  9.564  9.256  8.948  8.640  8.332  8.025  7.717  7.409  7.102  6.794  6.486  6.179  5.871  5.564  5.256  4.949  4.641  4.334  4.027  3.719  3.412  3.105  2.797  2.490  2.183  1.876  1.568  1.261  0.954  0.647  0.339 
23.499 23.188 22.877 22.566 22.256 21.945 21.635 21.324 21.014 20.704 20.393 20.083 19.773 19.463 19.153 18.843 18.533 18.224 17.914 17.604 17.295 16.985 16.676 16.366 16.057 15.748 15.438 15.129 14.820 14.511 14.202 13.893 13.584 13.276 12.967 12.658 12.349 12.041 11.732 11.424 11.115 10.807 10.498 10.190  9.882  9.574  9.265  8.957  8.649  8.341  8.033  7.725  7.417  7.109  6.801  6.493  6.185  5.878  5.570  5.262  4.954  4.646  4.339  4.031  3.723  3.416  3.108  2.800  2.493  2.185  1.878  1.570  1.262  0.955  0.647  0.340 
23.513 23.203 22.892 22.581 22.270 21.960 21.649 21.339 21.028 20.718 20.408 20.097 19.787 19.477 19.167 18.857 18.547 18.237 17.927 17.618 17.308 16.998 16.689 16.379 16.070 15.760 15.451 15.142 14.832 14.523 14.214 13.905 13.596 13.287 12.978 12.669 12.360 12.051 11.743 11.434 11.125 10.817 10.508 10.199  9.891  9.582  9.274  8.965  8.657  8.349  8.040  7.732  7.424  7.116  6.808  6.499  6.191  5.883  5.575  5.267  4.959  4.651  4.343  4.035  3.727  3.419  3.111  2.803  2.495  2.187  1.880  1.572  1.264  0.956  0.648  0.340 
23.527 23.216 22.905 22.594 22.284 21.973 21.662 21.352 21.041 20.731 20.421 20.110 19.800 19.490 19.180 18.870 18.560 18.250 17.940 17.630 17.320 17.010 16.701 16.391 16.081 15.772 15.462 15.153 14.844 14.534 14.225 13.916 13.606 13.297 12.988 12.679 12.370 12.061 11.752 11.443 11.134 10.825 10.517 10.208  9.899  9.590  9.282  8.973  8.664  8.356  8.047  7.739  7.430  7.122  6.813  6.505  6.197  5.888  5.580  5.272  4.963  4.655  4.347  4.039  3.730  3.422  3.114  2.806  2.498  2.189  1.881  1.573  1.265  0.957  0.649  0.341 
23.539 23.228 22.917 22.606 22.296 21.985 21.674 21.364 21.053 20.743 20.432 20.122 19.812 19.502 19.191 18.881 18.571 18.261 17.951 17.641 17.331 17.021 16.712 16.402 16.092 15.782 15.473 15.163 14.854 14.544 14.235 13.925 13.616 13.307 12.997 12.688 12.379 12.070 11.761 11.451 11.142 10.833 10.524 10.215  9.906  9.598  9.289  8.980  8.671  8.362  8.054  7.745  7.436  7.127  6.819  6.510  6.202  5.893  5.584  5.276  4.967  4.659  4.350  4.042  3.733  3.425  3.116  2.808  2.500  2.191  1.883  1.574  1.266  0.958  0.649  0.341 
23.550 23.239 22.928 22.617 22.307 21.996 21.685 21.375 21.064 20.754 20.443 20.133 19.823 19.512 19.202 18.892 18.582 18.271 17.961 17.651 17.341 17.031 16.721 16.412 16.102 15.792 15.482 15.173 14.863 14.553 14.244 13.934 13.625 13.315 13.006 12.696 12.387 12.078 11.768 11.459 11.150 10.841 10.532 10.222  9.913  9.604  9.295  8.986  8.677  8.368  8.059  7.750  7.441  7.133  6.824  6.515  6.206  5.897  5.588  5.280  4.971  4.662  4.354  4.045  3.736  3.427  3.119  2.810  2.501  2.193  1.884  1.576  1.267  0.958  0.650  0.341 
23.560 23.249 22.938 22.627 22.317 22.006 21.695 21.385 21.074 20.764 20.453 20.143 19.832 19.522 19.212 18.901 18.591 18.281 17.971 17.661 17.350 17.040 16.730 16.421 16.111 15.801 15.491 15.181 14.871 14.562 14.252 13.942 13.633 13.323 13.013 12.704 12.394 12.085 11.775 11.466 11.157 10.847 10.538 10.229  9.919  9.610  9.301  8.992  8.683  8.373  8.064  7.755  7.446  7.137  6.828  6.519  6.210  5.901  5.592  5.283  4.974  4.665  4.356  4.048  3.739  3.430  3.121  2.812  2.503  2.194  1.886  1.577  1.268  0.959  0.650  0.341 
23.569 23.258 22.947 22.636 22.326 22.015 21.704 21.394 21.083 20.772 20.462 20.151 19.841 19.531 19.220 18.910 18.600 18.289 17.979 17.669 17.359 17.049 16.739 16.429 16.119 15.809 15.499 15.189 14.879 14.569 14.259 13.949 13.640 13.330 13.020 12.711 12.401 12.091 11.782 11.472 11.163 10.853 10.544 10.234  9.925  9.616  9.306  8.997  8.688  8.378  8.069  7.760  7.451  7.141  6.832  6.523  6.214  5.905  5.595  5.286  4.977  4.668  4.359  4.050  3.741  3.432  3.123  2.814  2.505  2.196  1.887  1.578  1.269  0.960  0.651  0.342 
23.577 23.266 22.955 22.645 22.334 22.023 21.712 21.402 21.091 20.781 20.470 20.160 19.849 19.539 19.228 18.918 18.607 18.297 17.987 17.677 17.366 17.056 16.746 16.436 16.126 15.816 15.506 15.196 14.886 14.576 14.266 13.956 13.646 13.336 13.027 12.717 12.407 12.097 11.788 11.478 11.168 10.859 10.549 10.240  9.930  9.621  9.311  9.002  8.692  8.383  8.073  7.764  7.455  7.145  6.836  6.526  6.217  5.908  5.599  5.289  4.980  4.671  4.361  4.052  3.743  3.434  3.125  2.815  2.506  2.197  1.888  1.579  1.269  0.960  0.651  0.342 
23.585 23.274 22.963 22.652 22.341 22.031 21.720 21.409 21.099 20.788 20.477 20.167 19.856 19.546 19.235 18.925 18.615 18.304 17.994 17.684 17.373 17.063 16.753 16.443 16.132 15.822 15.512 15.202 14.892 14.582 14.272 13.962 13.652 13.342 13.032 12.723 12.413 12.103 11.793 11.483 11.174 10.864 10.554 10.244  9.935  9.625  9.316  9.006  8.696  8.387  8.077  7.768  7.458  7.149  6.839  6.530  6.220  5.911  5.601  5.292  4.982  4.673  4.364  4.054  3.745  3.435  3.126  2.817  2.507  2.198  1.889  1.579  1.270  0.961  0.651  0.342 
23.591 23.281 22.970 22.659 22.348 22.037 21.727 21.416 21.105 20.795 20.484 20.173 19.863 19.552 19.242 18.931 18.621 18.311 18.000 17.690 17.380 17.069 16.759 16.449 16.139 15.828 15.518 15.208 14.898 14.588 14.278 13.968 13.658 13.348 13.038 12.728 12.418 12.108 11.798 11.488 11.178 10.868 10.559 10.249  9.939  9.629  9.319  9.010  8.700  8.390  8.081  7.771  7.461  7.152  6.842  6.533  6.223  5.913  5.604  5.294  4.985  4.675  4.366  4.056  3.747  3.437  3.128  2.818  2.509  2.199  1.890  1.580  1.271  0.961  0.652  0.342 
23.598 23.287 22.976 22.665 22.354 22.044 21.733 21.422 21.111 20.801 20.490 20.180 19.869 19.558 19.248 18.937 18.627 18.316 18.006 17.696 17.385 17.075 16.765 16.454 16.144 15.834 15.523 15.213 14.903 14.593 14.283 13.973 13.663 13.352 13.042 12.732 12.422 12.112 11.802 11.492 11.182 10.873 10.563 10.253  9.943  9.633  9.323  9.013  8.703  8.394  8.084  7.774  7.464  7.155  6.845  6.535  6.225  5.916  5.606  5.296  4.987  4.677  4.367  4.058  3.748  3.439  3.129  2.819  2.510  2.200  1.890  1.581  1.271  0.962  0.652  0.342 
23.603 23.292 22.982 22.671 22.360 22.049 21.738 21.428 21.117 20.806 20.496 20.185 19.874 19.564 19.253 18.943 18.632 18.322 18.011 17.701 17.390 17.080 16.770 16.459 16.149 15.839 15.528 15.218 14.908 14.598 14.287 13.977 13.667 13.357 13.047 12.737 12.427 12.116 11.806 11.496 11.186 10.876 10.566 10.256  9.946  9.636  9.326  9.017  8.707  8.397  8.087  7.777  7.467  7.157  6.847  6.538  6.228  5.918  5.608  5.298  4.989  4.679  4.369  4.059  3.750  3.440  3.130  2.820  2.511  2.201  1.891  1.581  1.272  0.962  0.652  0.343 
23.608 23.298 22.987 22.676 22.365 22.054 21.744 21.433 21.122 20.811 20.501 20.190 19.879 19.569 19.258 18.948 18.637 18.327 18.016 17.706 17.395 17.085 16.774 16.464 16.153 15.843 15.533 15.222 14.912 14.602 14.292 13.981 13.671 13.361 13.051 12.740 12.430 12.120 11.810 11.500 11.190 10.880 10.570 10.260  9.950  9.639  9.329  9.019  8.709  8.399  8.089  7.780  7.470  7.160  6.850  6.540  6.230  5.920  5.610  5.300  4.990  4.680  4.371  4.061  3.751  3.441  3.131  2.821  2.512  2.202  1.892  1.582  1.272  0.962  0.653  0.343 
23.613 23.302 22.991 22.681 22.370 22.059 21.748 21.437 21.127 20.816 20.505 20.195 19.884 19.573 19.263 18.952 18.642 18.331 18.020 17.710 17.399 17.089 16.778 16.468 16.158 15.847 15.537 15.226 14.916 14.606 14.295 13.985 13.675 13.365 13.054 12.744 12.434 12.124 11.813 11.503 11.193 10.883 10.573 10.263  9.952  9.642  9.332  9.022  8.712  8.402  8.092  7.782  7.472  7.162  6.852  6.542  6.232  5.922  5.612  5.302  4.992  4.682  4.372  4.062  3.752  3.442  3.132  2.822  2.512  2.202  1.892  1.583  1.273  0.963  0.653  0.343 
23.617 23.307 22.996 22.685 22.374 22.063 21.752 21.442 21.131 20.820 20.509 20.199 19.888 19.577 19.267 18.956 18.646 18.335 18.024 17.714 17.403 17.093 16.782 16.472 16.161 15.851 15.540 15.230 14.920 14.609 14.299 13.989 13.678 13.368 13.058 12.747 12.437 12.127 11.816 11.506 11.196 10.886 10.575 10.265  9.955  9.645  9.335  9.025  8.714  8.404  8.094  7.784  7.474  7.164  6.854  6.544  6.234  5.923  5.613  5.303  4.993  4.683  4.373  4.063  3.753  3.443  3.133  2.823  2.513  2.203  1.893  1.583  1.273  0.963  0.653  0.343 
23.621 23.310 23.000 22.689 22.378 22.067 21.756 21.446 21.135 20.824 20.513 20.203 19.892 19.581 19.271 18.960 18.649 18.339 18.028 17.717 17.407 17.096 16.786 16.475 16.165 15.854 15.544 15.233 14.923 14.612 14.302 13.992 13.681 13.371 13.060 12.750 12.440 12.129 11.819 11.509 11.199 10.888 10.578 10.268  9.957  9.647  9.337  9.027  8.717  8.406  8.096  7.786  7.476  7.166  6.855  6.545  6.235  5.925  5.615  5.305  4.995  4.684  4.374  4.064  3.754  3.444  3.134  2.824  2.514  2.204  1.894  1.583  1.273  0.963  0.653  0.343 
23.625 23.314 23.003 22.692 22.381 22.071 21.760 21.449 21.138 20.827 20.517 20.206 19.895 19.585 19.274 18.963 18.653 18.342 18.031 17.721 17.410 17.100 16.789 16.478 16.168 15.857 15.547 15.236 14.926 14.615 14.305 13.994 13.684 13.374 13.063 12.753 12.442 12.132 11.822 11.511 11.201 10.891 10.580 10.270  9.960  9.649  9.339  9.029  8.718  8.408  8.098  7.788  7.477  7.167  6.857  6.547  6.237  5.926  5.616  5.306  4.996  4.686  4.375  4.065  3.755  3.445  3.135  2.824  2.514  2.204  1.894  1.584  1.274  0.964  0.653  0.343 
23.628 23.317 23.006 22.695 22.385 22.074 21.763 21.452 21.141 20.831 20.520 20.209 19.898 19.588 19.277 18.966 18.656 18.345 18.034 17.724 17.413 17.102 16.792 16.481 16.171 15.860 15.550 15.239 14.929 14.618 14.308 13.997 13.687 13.376 13.066 12.755 12.445 12.134 11.824 11.513 11.203 10.893 10.582 10.272  9.962  9.651  9.341  9.031  8.720  8.410  8.100  7.789  7.479  7.169  6.858  6.548  6.238  5.928  5.617  5.307  4.997  4.687  4.376  4.066  3.756  3.446  3.135  2.825  2.515  2.205  1.894  1.584  1.274  0.964  0.654  0.343 
23.631 23.320 23.009 22.698 22.387 22.077 21.766 21.455 21.144 20.833 20.523 20.212 19.901 19.591 19.280 18.969 18.658 18.348 18.037 17.726 17.416 17.105 16.794 16.484 16.173 15.863 15.552 15.242 14.931 14.620 14.310 13.999 13.689 13.378 13.068 12.757 12.447 12.136 11.826 11.516 11.205 10.895 10.584 10.274  9.963  9.653  9.343  9.032  8.722  8.411  8.101  7.791  7.480  7.170  6.860  6.549  6.239  5.929  5.618  5.308  4.998  4.687  4.377  4.067  3.757  3.446  3.136  2.826  2.515  2.205  1.895  1.585  1.274  0.964  0.654  0.343 
23.634 23.323 23.012 22.701 22.390 22.079 21.768 21.458 21.147 20.836 20.525 20.215 19.904 19.593 19.282 18.972 18.661 18.350 18.040 17.729 17.418 17.108 16.797 16.486 16.176 15.865 15.554 15.244 14.933 14.623 14.312 14.002 13.691 13.380 13.070 12.759 12.449 12.138 11.828 11.517 11.207 10.896 10.586 10.275  9.965  9.655  9.344  9.034  8.723  8.413  8.102  7.792  7.482  7.171  6.861  6.550  6.240  5.930  5.619  5.309  4.999  4.688  4.378  4.068  3.757  3.447  3.136  2.826  2.516  2.205  1.895  1.585  1.274  0.964  0.654  0.343 
23.636 23.325 23.014 22.703 22.393 22.082 21.771 21.460 21.149 20.838 20.528 20.217 19.906 19.595 19.285 18.974 18.663 18.352 18.042 17.731 17.420 17.110 16.799 16.488 16.178 15.867 15.556 15.246 14.935 14.625 14.314 14.003 13.693 13.382 13.072 12.761 12.451 12.140 11.830 11.519 11.209 10.898 10.588 10.277  9.967  9.656  9.346  9.035  8.725  8.414  8.104  7.793  7.483  7.172  6.862  6.551  6.241  5.931  5.620  5.310  4.999  4.689  4.379  4.068  3.758  3.447  3.137  2.827  2.516  2.206  1.895  1.585  1.275  0.964  0.654  0.344 
23.638 23.327 23.016 22.706 22.395 22.084 21.773 21.462 21.151 20.841 20.530 20.219 19.908 19.598 19.287 18.976 18.665 18.355 18.044 17.733 17.422 17.112 16.801 16.490 16.180 15.869 15.558 15.248 14.937 14.626 14.316 14.005 13.695 13.384 13.073 12.763 12.452 12.142 11.831 11.521 11.210 10.899 10.589 10.278  9.968  9.657  9.347  9.036  8.726  8.415  8.105  7.794  7.484  7.173  6.863  6.552  6.242  5.932  5.621  5.311  5.000  4.690  4.379  4.069  3.758  3.448  3.137  2.827  2.517  2.206  1.896  1.585  1.275  0.964  0.654  0.344 
23.640 23.329 23.018 22.708 22.397 22.086 21.775 21.464 21.153 20.843 20.532 20.221 19.910 19.599 19.289 18.978 18.667 18.356 18.046 17.735 17.424 17.114 16.803 16.492 16.181 15.871 15.560 15.249 14.939 14.628 14.317 14.007 13.696 13.386 13.075 12.764 12.454 12.143 11.833 11.522 11.211 10.901 10.590 10.280  9.969  9.659  9.348  9.037  8.727  8.416  8.106  7.795  7.485  7.174  6.864  6.553  6.243  5.932  5.622  5.311  5.001  4.690  4.380  4.069  3.759  3.448  3.138  2.827  2.517  2.206  1.896  1.586  1.275  0.965  0.654  0.344 
23.642 23.331 23.020 22.709 22.399 22.088 21.777 21.466 21.155 20.844 20.534 20.223 19.912 19.601 19.290 18.980 18.669 18.358 18.047 17.737 17.426 17.115 16.804 16.494 16.183 15.872 15.562 15.251 14.940 14.630 14.319 14.008 13.698 13.387 13.076 12.766 12.455 12.144 11.834 11.523 11.213 10.902 10.591 10.281  9.970  9.660  9.349  9.038  8.728  8.417  8.107  7.796  7.486  7.175  6.865  6.554  6.244  5.933  5.622  5.312  5.001  4.691  4.380  4.070  3.759  3.449  3.138  2.828  2.517  2.207  1.896  1.586  1.275  0.965  0.654  0.344 
23.644 23.333 23.022 22.711 22.400 22.089 21.778 21.468 21.157 20.846 20.535 20.224 19.914 19.603 19.292 18.981 18.670 18.360 18.049 17.738 17.427 17.117 16.806 16.495 16.184 15.874 15.563 15.252 14.942 14.631 14.320 14.010 13.699 13.388 13.078 12.767 12.456 12.146 11.835 11.524 11.214 10.903 10.592 10.282  9.971  9.661  9.350  9.039  8.729  8.418  8.108  7.797  7.486  7.176  6.865  6.555  6.244  5.934  5.623  5.313  5.002  4.691  4.381  4.070  3.760  3.449  3.139  2.828  2.518  2.207  1.896  1.586  1.275  0.965  0.654  0.344 
23.645 23.334 23.023 22.713 22.402 22.091 21.780 21.469 21.158 20.847 20.537 20.226 19.915 19.604 19.293 18.983 18.672 18.361 18.050 17.740 17.429 17.118 16.807 16.497 16.186 15.875 15.564 15.254 14.943 14.632 14.322 14.011 13.700 13.389 13.079 12.768 12.457 12.147 11.836 11.525 11.215 10.904 10.593 10.283  9.972  9.662  9.351  9.040  8.730  8.419  8.108  7.798  7.487  7.177  6.866  6.555  6.245  5.934  5.624  5.313  5.002  4.692  4.381  4.071  3.760  3.450  3.139  2.828  2.518  2.207  1.897  1.586  1.276  0.965  0.654  0.344 
23.647 23.336 23.025 22.714 22.403 22.092 21.781 21.470 21.160 20.849 20.538 20.227 19.916 19.606 19.295 18.984 18.673 18.362 18.052 17.741 17.430 17.119 16.809 16.498 16.187 15.876 15.566 15.255 14.944 14.633 14.323 14.012 13.701 13.391 13.080 12.769 12.458 12.148 11.837 11.526 11.216 10.905 10.594 10.284  9.973  9.662  9.352  9.041  8.730  8.420  8.109  7.799  7.488  7.177  6.867  6.556  6.245  5.935  5.624  5.314  5.003  4.692  4.382  4.071  3.760  3.450  3.139  2.829  2.518  2.207  1.897  1.586  1.276  0.965  0.654  0.344 
23.648 23.337 23.026 22.715 22.404 22.093 21.783 21.472 21.161 20.850 20.539 20.228 19.918 19.607 19.296 18.985 18.674 18.364 18.053 17.742 17.431 17.120 16.810 16.499 16.188 15.877 15.567 15.256 14.945 14.634 14.324 14.013 13.702 13.391 13.081 12.770 12.459 12.149 11.838 11.527 11.217 10.906 10.595 10.284  9.974  9.663  9.352  9.042  8.731  8.420  8.110  7.799  7.488  7.178  6.867  6.557  6.246  5.935  5.625  5.314  5.003  4.693  4.382  4.071  3.761  3.450  3.139  2.829  2.518  2.208  1.897  1.586  1.276  0.965  0.654  0.344 
23.649 23.338 23.027 22.716 22.405 22.095 21.784 21.473 21.162 20.851 20.540 20.229 19.919 19.608 19.297 18.986 18.675 18.365 18.054 17.743 17.432 17.121 16.811 16.500 16.189 15.878 15.568 15.257 14.946 14.635 14.325 14.014 13.703 13.392 13.082 12.771 12.460 12.149 11.839 11.528 11.217 10.907 10.596 10.285  9.974  9.664  9.353  9.042  8.732  8.421  8.110  7.800  7.489  7.178  6.868  6.557  6.246  5.936  5.625  5.314  5.004  4.693  4.382  4.072  3.761  3.450  3.140  2.829  2.518  2.208  1.897  1.586  1.276  0.965  0.654  0.344 
23.650 23.339 23.028 22.717 22.406 22.096 21.785 21.474 21.163 20.852 20.541 20.230 19.920 19.609 19.298 18.987 18.676 18.366 18.055 17.744 17.433 17.122 16.812 16.501 16.190 15.879 15.568 15.258 14.947 14.636 14.325 14.015 13.704 13.393 13.082 12.772 12.461 12.150 11.839 11.529 11.218 10.907 10.597 10.286  9.975  9.664  9.354  9.043  8.732  8.422  8.111  7.800  7.489  7.179  6.868  6.557  6.247  5.936  5.625  5.315  5.004  4.693  4.383  4.072  3.761  3.451  3.140  2.829  2.518  2.208  1.897  1.586  1.276  0.965  0.654  0.344 
23.651 23.340 23.029 22.718 22.407 22.096 21.786 21.475 21.164 20.853 20.542 20.231 19.921 19.610 19.299 18.988 18.677 18.366 18.056 17.745 17.434 17.123 16.812 16.502 16.191 15.880 15.569 15.258 14.948 14.637 14.326 14.015 13.705 13.394 13.083 12.772 12.462 12.151 11.840 11.529 11.219 10.908 10.597 10.286  9.976  9.665  9.354  9.043  8.733  8.422  8.111  7.801  7.490  7.179  6.868  6.558  6.247  5.936  5.626  5.315  5.004  4.693  4.383  4.072  3.761  3.451  3.140  2.829  2.519  2.208  1.897  1.586  1.276  0.965  0.654  0.344 
23.652 23.341 23.030 22.719 22.408 22.097 21.786 21.476 21.165 20.854 20.543 20.232 19.921 19.611 19.300 18.989 18.678 18.367 18.056 17.746 17.435 17.124 16.813 16.502 16.192 15.881 15.570 15.259 14.948 14.638 14.327 14.016 13.705 13.394 13.084 12.773 12.462 12.151 11.841 11.530 11.219 10.908 10.598 10.287  9.976  9.665  9.355  9.044  8.733  8.422  8.112  7.801  7.490  7.179  6.869  6.558  6.247  5.936  5.626  5.315  5.004  4.694  4.383  4.072  3.761  3.451  3.140  2.829  2.518  2.208  1.897  1.586  1.276  0.965  0.654  0.343 
23.652 23.342 23.031 22.720 22.409 22.098 21.787 21.476 21.165 20.855 20.544 20.233 19.922 19.611 19.300 18.990 18.679 18.368 18.057 17.746 17.435 17.125 16.814 16.503 16.192 15.881 15.571 15.260 14.949 14.638 14.327 14.017 13.706 13.395 13.084 12.773 12.463 12.152 11.841 11.530 11.220 10.909 10.598 10.287  9.976  9.666  9.355  9.044  8.733  8.423  8.112  7.801  7.490  7.180  6.869  6.558  6.247  5.937  5.626  5.315  5.004  4.694  4.383  4.072  3.761  3.451  3.140  2.829  2.518  2.207  1.897  1.586  1.275  0.964  0.653  0.343 
23.653 23.342 23.031 22.720 22.410 22.099 21.788 21.477 21.166 20.855 20.544 20.234 19.923 19.612 19.301 18.990 18.679 18.369 18.058 17.747 17.436 17.125 16.814 16.504 16.193 15.882 15.571 15.260 14.949 14.639 14.328 14.017 13.706 13.395 13.085 12.774 12.463 12.152 11.841 11.530 11.220 10.909 10.598 10.287  9.976  9.665  9.354  9.043  8.733  8.422  8.111  7.799  7.488  7.177  6.865  6.554  6.242  5.929  5.617  5.303  4.989  4.673  4.356  4.037  3.715  3.390  3.061  2.726  2.386  2.039  1.684  1.323  0.954  0.580  0.201 -0.218 
23.652 23.341 23.030 22.719 22.408 22.097 21.786 21.475 21.164 20.852 20.541 20.229 19.918 19.606 19.294 18.982 18.669 18.357 18.044 17.730 17.417 17.103 16.788 16.473 16.158 15.841 15.524 15.206 14.887 14.567 14.246 13.924 13.600 13.275 12.948 12.619 12.288 11.954 11.619 11.280 10.939 10.595 10.248  9.897  9.542  9.184  8.821  8.455  8.083  7.707  7.327  6.941  6.551  6.155  5.754  5.349  4.938  4.522  4.101  3.676  3.246  2.812  2.374  1.933  1.488  1.040  0.590  0.138 -0.322 -0.853 -1.383 -1.912 -2.440 -2.964 -3.484 -4.000 
23.581 23.270 22.958 22.646 22.333 22.019 21.704 21.389 21.072 20.755 20.438 20.119 19.800 19.479 19.158 18.836 18.512 18.188 17.862 17.536 17.208 16.878 16.548 16.216 15.882 15.547 15.211 14.873 14.533 14.191 13.847 13.502 13.155 12.805 12.454 12.100 11.744 11.386 11.026 10.663 10.298  9.931  9.561  9.188  8.812  8.434  8.053  7.669  7.282  6.892  6.499  6.102  5.702  5.298  4.891  4.480  4.065  3.647  3.225  2.799  2.371  1.939  1.504  1.068  0.629  0.188 -0.212 -0.633 -1.055 -1.476 -1.897 -2.317 -2.738 -3.159 -3.579 -4.000 
23.362 23.050 22.737 22.423 22.108 21.792 21.474 21.155 20.835 20.513 20.190 19.866 19.541 19.214 18.886 18.556 18.225 17.893 17.559 17.224 16.887 16.549 16.209 15.868 15.525 15.180 14.834 14.486 14.136 13.785 13.432 13.078 12.721 12.363 12.003 11.642 11.278 10.913 10.546 10.178  9.807  9.434  9.060  8.684  8.306  7.926  7.544  7.160  6.774  6.386  5.995  5.602  5.207  4.809  4.407  4.003  3.595  3.184  2.769  2.351  1.928  1.502  1.072  0.639  0.204 -0.207 -0.587 -0.966 -1.344 -1.723 -2.101 -2.480 -2.860 -3.240 -3.620 -4.000 
23.056 22.744 22.431 22.116 21.800 21.483 21.164 20.844 20.522 20.198 19.873 19.547 19.219 18.890 18.559 18.226 17.892 17.557 17.220 16.881 16.541 16.199 15.856 15.511 15.164 14.816 14.466 14.115 13.762 13.408 13.051 12.694 12.334 11.973 11.611 11.247 10.881 10.514 10.145  9.774  9.402  9.029  8.654  8.277  7.899  7.520  7.139  6.757  6.374  5.989  5.604  5.217  4.828  4.439  4.049  3.658  3.265  2.872  2.479  2.084  1.689  1.293  0.896  0.499  0.102 -0.245 -0.620 -0.995 -1.371 -1.746 -2.121 -2.497 -2.873 -3.248 -3.624 -4.000 
22.719 22.407 22.094 21.780 21.463 21.146 20.827 20.506 20.184 19.860 19.535 19.208 18.880 18.550 18.219 17.886 17.552 17.216 16.879 16.540 16.200 15.858 15.515 15.170 14.824 14.476 14.127 13.777 13.424 13.071 12.716 12.359 12.001 11.641 11.280 10.917 10.553 10.187  9.819  9.450  9.080  8.707  8.334  7.958  7.581  7.203  6.823  6.441  6.058  5.673  5.287  4.899  4.510  4.119  3.727  3.334  2.940  2.545  2.148  1.751  1.353  0.955  0.556  0.157 -0.178 -0.525 -0.873 -1.220 -1.567 -1.915 -2.262 -2.610 -2.957 -3.305 -3.652 -4.000 
22.382 22.071 21.757 21.443 21.127 20.809 20.490 20.169 19.847 19.524 19.199 18.872 18.544 18.214 17.883 17.551 17.217 16.881 16.545 16.206 15.866 15.525 15.182 14.838 14.493 14.146 13.797 13.448 13.096 12.744 12.390 12.035 11.678 11.320 10.961 10.601 10.239  9.876  9.512  9.147  8.780  8.413  8.044  7.674  7.303  6.931  6.559  6.185  5.810  5.435  5.058  4.681  4.303  3.924  3.545  3.165  2.784  2.403  2.021  1.639  1.256  0.873  0.490  0.107 -0.219 -0.562 -0.906 -1.249 -1.593 -1.937 -2.280 -2.624 -2.968 -3.312 -3.656 -4.000 
22.055 21.744 21.431 21.116 20.800 20.483 20.165 19.845 19.523 19.200 18.876 18.551 18.224 17.895 17.565 17.234 16.902 16.568 16.233 15.897 15.559 15.220 14.880 14.538 14.195 13.851 13.506 13.159 12.811 12.463 12.112 11.761 11.409 11.055 10.701 10.345  9.988  9.630  9.272  8.912  8.551  8.189  7.827  7.463  7.098  6.733  6.367  5.999  5.631  5.262  4.892  4.521  4.149  3.775  3.401  3.026  2.649  2.271  1.892  1.511  1.129  0.746  0.361 -0.025 -0.344 -0.674 -1.004 -1.335 -1.666 -1.999 -2.331 -2.664 -2.998 -3.332 -3.666 -4.000 
21.753 21.441 21.128 20.814 20.499 20.182 19.864 19.544 19.224 18.902 18.579 18.254 17.928 17.601 17.273 16.943 16.612 16.280 15.946 15.611 15.275 14.938 14.599 14.260 13.918 13.576 13.232 12.888 12.541 12.194 11.846 11.496 11.145 10.793 10.439 10.085  9.729  9.372  9.014  8.655  8.294  7.933  7.570  7.207  6.842  6.477  6.110  5.742  5.374  5.004  4.634  4.263  3.891  3.519  3.146  2.772  2.398  2.023  1.648  1.272  0.897  0.520  0.144 -0.167 -0.486 -0.805 -1.124 -1.444 -1.763 -2.083 -2.402 -2.722 -3.041 -3.361 -3.680 -4.000 
21.466 21.155 20.842 20.528 20.213 19.896 19.579 19.260 18.939 18.618 18.295 17.971 17.646 17.320 16.993 16.664 16.334 16.003 15.670 15.337 15.002 14.667 14.330 13.992 13.652 13.312 12.971 12.628 12.284 11.940 11.594 11.247 10.900 10.551 10.201  9.851  9.499  9.147  8.793  8.439  8.084  7.728  7.371  7.014  6.655  6.296  5.937  5.576  5.215  4.854  4.492  4.129  3.766  3.402  3.038  2.673  2.308  1.943  1.577  1.212  0.845  0.479  0.112 -0.193 -0.510 -0.827 -1.144 -1.461 -1.779 -2.096 -2.413 -2.730 -3.048 -3.365 -3.683 -4.000 
21.199 20.888 20.575 20.262 19.947 19.631 19.314 18.995 18.676 18.356 18.034 17.711 17.388 17.063 16.737 16.410 16.082 15.752 15.422 15.091 14.758 14.425 14.091 13.755 13.419 13.082 12.743 12.404 12.064 11.723 11.381 11.038 10.694 10.349 10.004  9.658  9.311  8.963  8.614  8.265  7.915  7.564  7.212  6.860  6.507  6.154  5.800  5.446  5.091  4.735  4.379  4.022  3.665  3.308  2.950  2.592  2.233  1.874  1.515  1.156  0.796  0.436  0.076 -0.225 -0.540 -0.854 -1.168 -1.483 -1.797 -2.112 -2.426 -2.741 -3.056 -3.371 -3.685 -4.000 
20.959 20.648 20.335 20.022 19.707 19.392 19.076 18.758 18.440 18.120 17.800 17.478 17.156 16.833 16.508 16.183 15.857 15.529 15.201 14.872 14.542 14.211 13.879 13.547 13.213 12.879 12.543 12.207 11.870 11.532 11.194 10.854 10.514 10.173  9.831  9.489  9.145  8.801  8.457  8.111  7.765  7.418  7.070  6.722  6.373  6.023  5.672  5.321  4.969  4.616  4.262  3.907  3.552  3.196  2.839  2.481  2.123  1.763  1.403  1.042  0.680  0.318 -0.046 -0.343 -0.646 -0.949 -1.253 -1.558 -1.862 -2.167 -2.472 -2.777 -3.083 -3.389 -3.694 -4.000 
20.743 20.432 20.120 19.806 19.492 19.177 18.861 18.544 18.226 17.908 17.588 17.267 16.946 16.623 16.300 15.976 15.651 15.325 14.998 14.670 14.341 14.011 13.680 13.349 13.017 12.683 12.349 12.014 11.678 11.341 11.003 10.665 10.325  9.985  9.644  9.302  8.959  8.615  8.270  7.925  7.578  7.231  6.883  6.534  6.184  5.834  5.483  5.131  4.778  4.425  4.070  3.716  3.360  3.004  2.648  2.291  1.934  1.576  1.218  0.860  0.501  0.143 -0.150 -0.446 -0.742 -1.038 -1.334 -1.630 -1.927 -2.223 -2.519 -2.815 -3.111 -3.408 -3.704 -4.000 
20.539 20.228 19.915 19.602 19.288 18.973 18.658 18.341 18.023 17.705 17.386 17.065 16.744 16.422 16.100 15.776 15.451 15.126 14.800 14.473 14.145 13.816 13.486 13.156 12.825 12.493 12.160 11.826 11.492 11.157 10.821 10.484 10.147  9.809  9.470  9.130  8.790  8.449  8.108  7.766  7.423  7.080  6.736  6.392  6.047  5.701  5.355  5.009  4.662  4.315  3.967  3.619  3.271  2.922  2.573  2.224  1.874  1.524  1.174  0.824  0.474  0.124 -0.164 -0.459 -0.754 -1.049 -1.344 -1.639 -1.934 -2.229 -2.524 -2.819 -3.115 -3.410 -3.705 -4.000 
20.347 20.036 19.724 19.411 19.097 18.783 18.467 18.151 17.834 17.517 17.198 16.879 16.558 16.238 15.916 15.593 15.270 14.946 14.621 14.296 13.970 13.643 13.315 12.986 12.657 12.327 11.997 11.666 11.334 11.001 10.668 10.334 10.000  9.665  9.329  8.993  8.656  8.319  7.981  7.643  7.304  6.964  6.625  6.284  5.943  5.602  5.261  4.919  4.576  4.234  3.891  3.547  3.204  2.860  2.516  2.171  1.827  1.482  1.137  0.792  0.446  0.101 -0.184 -0.478 -0.771 -1.064 -1.358 -1.651 -1.945 -2.238 -2.532 -2.825 -3.119 -3.413 -3.706 -4.000 
20.175 19.864 19.552 19.239 18.926 18.612 18.297 17.981 17.665 17.348 17.030 16.712 16.393 16.073 15.752 15.431 15.109 14.787 14.464 14.140 13.815 13.490 13.164 12.838 12.511 12.183 11.855 11.526 11.196 10.866 10.536 10.205  9.873  9.541  9.208  8.875  8.541  8.207  7.872  7.537  7.201  6.865  6.529  6.192  5.854  5.517  5.179  4.840  4.502  4.163  3.823  3.484  3.144  2.804  2.464  2.123  1.782  1.441  1.100  0.759  0.417  0.076 -0.207 -0.499 -0.790 -1.082 -1.373 -1.665 -1.957 -2.249 -2.541 -2.832 -3.124 -3.416 -3.708 -4.000 
20.023 19.711 19.399 19.087 18.774 18.460 18.146 17.831 17.515 17.199 16.882 16.564 16.246 15.927 15.608 15.288 14.967 14.646 14.324 14.002 13.679 13.355 13.031 12.707 12.381 12.056 11.729 11.402 11.075 10.747 10.419 10.090  9.761  9.431  9.100  8.770  8.439  8.107  7.775  7.442  7.110  6.776  6.443  6.109  5.774  5.440  5.105  4.769  4.434  4.098  3.762  3.425  3.089  2.752  2.415  2.077  1.740  1.402  1.064  0.726  0.388  0.049 -0.231 -0.521 -0.811 -1.100 -1.390 -1.680 -1.970 -2.260 -2.550 -2.840 -3.130 -3.420 -3.710 -4.000 
19.887 19.576 19.264 18.952 18.639 18.326 18.012 17.697 17.382 17.066 16.750 16.433 16.116 15.798 15.479 15.160 14.841 14.521 14.200 13.879 13.557 13.235 12.912 12.589 12.265 11.940 11.616 11.290 10.964 10.638 10.311  9.984  9.656  9.327  8.998  8.669  8.339  8.009  7.678  7.346  7.014  6.682  6.349  6.016  5.682  5.347  5.012  4.677  4.341  4.005  3.668  3.330  2.992  2.653  2.314  1.974  1.633  1.291  0.949  0.606  0.262 -0.083 -0.360 -0.637 -0.916 -1.195 -1.474 -1.754 -2.034 -2.314 -2.595 -2.875 -3.156 -3.438 -3.719 -4.000 
19.763 19.452 19.141 18.828 18.516 18.202 17.888 17.574 17.259 16.943 16.627 16.311 15.994 15.676 15.358 15.039 14.720 14.400 14.080 13.759 13.437 13.115 12.793 12.470 12.146 11.822 11.497 11.172 10.847 10.520 10.194  9.866  9.539  9.210  8.881  8.552  8.222  7.892  7.561  7.230  6.898  6.565  6.233  5.899  5.566  5.231  4.897  4.562  4.226  3.890  3.554  3.217  2.879  2.542  2.204  1.865  1.526  1.186  0.845  0.504  0.160 -0.160 -0.437 -0.713 -0.988 -1.262 -1.536 -1.810 -2.083 -2.357 -2.631 -2.905 -3.178 -3.452 -3.726 -4.000 
19.643 19.332 19.020 18.708 18.395 18.082 17.768 17.454 17.139 16.823 16.508 16.191 15.874 15.557 15.239 14.920 14.601 14.281 13.961 13.641 13.320 12.998 12.676 12.353 12.030 11.706 11.382 11.058 10.732 10.407 10.081  9.754  9.427  9.100  8.772  8.444  8.115  7.786  7.456  7.126  6.796  6.465  6.134  5.803  5.471  5.139  4.806  4.474  4.141  3.807  3.474  3.140  2.806  2.472  2.138  1.803  1.468  1.134  0.799  0.464  0.129 -0.143 -0.418 -0.694 -0.969 -1.245 -1.520 -1.796 -2.071 -2.347 -2.622 -2.898 -3.173 -3.449 -3.724 -4.000 
19.527 19.216 18.905 18.593 18.280 17.967 17.653 17.339 17.025 16.710 16.394 16.078 15.761 15.445 15.127 14.809 14.491 14.172 13.853 13.533 13.212 12.892 12.571 12.249 11.927 11.605 11.282 10.959 10.635 10.311  9.986  9.662  9.336  9.011  8.685  8.359  8.032  7.705  7.378  7.050  6.722  6.394  6.065  5.737  5.408  5.078  4.749  4.419  4.089  3.759  3.429  3.098  2.767  2.436  2.105  1.774  1.443  1.111  0.780  0.448  0.117 -0.153 -0.428 -0.703 -0.977 -1.252 -1.527 -1.802 -2.076 -2.351 -2.626 -2.901 -3.176 -3.450 -3.725 -4.000 
19.423 19.112 18.800 18.488 18.176 17.863 17.550 17.236 16.922 16.607 16.292 15.977 15.661 15.344 15.028 14.711 14.393 14.075 13.757 13.438 13.119 12.799 12.479 12.159 11.838 11.517 11.196 10.874 10.552 10.229  9.906  9.583  9.260  8.936  8.612  8.287  7.963  7.638  7.312  6.987  6.661  6.335  6.009  5.682  5.355  5.028  4.701  4.373  4.046  3.718  3.390  3.062  2.734  2.405  2.077  1.748  1.419  1.090  0.761  0.432  0.103 -0.166 -0.440 -0.713 -0.987 -1.261 -1.535 -1.809 -2.083 -2.356 -2.630 -2.904 -3.178 -3.452 -3.726 -4.000 
