29.616 29.305 28.994 28.683 28.373 28.062 27.751 27.440 27.129 26.818 26.507 26.196 25.885 25.574 25.264 24.953 24.642 24.331 24.020 23.709 23.398 23.087 22.776 22.465 22.154 21.843 21.532 21.221 20.910 20.599 20.288 19.976 19.665 19.354 19.043 18.731 18.420 18.108 17.797 17.485 17.173 16.861 16.549 16.237 15.925 15.612 15.299 14.986 14.673 14.360 14.047 13.733 13.419 13.104 12.789 12.474 12.159 11.843 11.526 11.209 10.892 10.574 10.255  9.936  9.616  9.296  8.975  8.653  8.330  8.006  7.682  7.356  7.030  6.702  6.374  6.044 
29.614 29.303 28.992 28.681 28.370 28.059 27.748 27.437 27.126 26.815 26.503 26.192 25.881 25.570 25.258 24.947 24.635 24.324 24.012 23.701 23.389 23.077 22.765 22.453 22.141 21.829 21.517 21.204 20.892 20.579 20.266 19.954 19.640 19.327 19.014 18.700 18.386 18.072 17.758 17.443 17.128 16.813 16.498 16.182 15.866 15.550 15.233 14.916 14.598 14.281 13.962 13.643 13.324 13.004 12.684 12.363 12.041 11.719 11.397 11.073 10.749 10.425 10.099  9.773  9.446  9.118  8.789  8.460  8.129  7.798  7.466  7.132  6.798  6.463  6.126  5.789 
29.601 29.290 28.979 28.668 28.356 28.045 27.734 27.422 27.111 26.799 26.487 26.175 25.863 25.551 25.239 24.926 24.614 24.301 23.988 23.675 23.362 23.049 22.735 22.422 22.108 21.794 21.480 21.165 20.851 20.536 20.221 19.905 19.590 19.274 18.957 18.641 18.324 18.007 17.689 17.371 17.053 16.734 16.415 16.096 15.776 15.456 15.135 14.813 14.492 14.169 13.846 13.523 13.199 12.874 12.549 12.223 11.896 11.569 11.241 10.912 10.583 10.252  9.921  9.589  9.256  8.923  8.588  8.253  7.916  7.579  7.241  6.901  6.561  6.219  5.877  5.533 
29.571 29.260 28.949 28.637 28.326 28.014 27.702 27.390 27.078 26.766 26.453 26.140 25.827 25.514 25.201 24.887 24.573 24.259 23.945 23.631 23.316 23.001 22.686 22.370 22.054 21.738 21.422 21.105 20.788 20.471 20.153 19.835 19.517 19.198 18.879 18.560 18.240 17.920 17.599 17.278 16.956 16.634 16.311 15.988 15.665 15.341 15.016 14.691 14.365 14.038 13.711 13.383 13.055 12.726 12.396 12.066 11.735 11.403 11.070 10.737 10.402 10.067  9.731  9.394  9.057  8.718  8.379  8.038  7.697  7.354  7.011  6.666  6.320  5.974  5.626  5.277 
29.522 29.211 28.900 28.589 28.277 27.965 27.653 27.340 27.027 26.714 26.401 26.087 25.773 25.459 25.144 24.829 24.514 24.199 23.883 23.567 23.251 22.934 22.617 22.300 21.982 21.664 21.345 21.027 20.707 20.388 20.068 19.747 19.426 19.105 18.783 18.461 18.138 17.815 17.491 17.167 16.842 16.517 16.191 15.865 15.538 15.210 14.882 14.553 14.223 13.893 13.562 13.231 12.898 12.566 12.232 11.897 11.562 11.226 10.889 10.552 10.213  9.874  9.533  9.192  8.850  8.507  8.163  7.818  7.472  7.125  6.777  6.428  6.078  5.727  5.375  5.021 
29.456 29.145 28.833 28.522 28.209 27.897 27.584 27.271 26.958 26.644 26.330 26.015 25.701 25.385 25.070 24.754 24.437 24.121 23.804 23.486 23.168 22.850 22.531 22.212 21.893 21.573 21.252 20.931 20.610 20.288 19.966 19.643 19.320 18.996 18.672 18.347 18.021 17.695 17.369 17.042 16.714 16.386 16.057 15.728 15.397 15.067 14.735 14.403 14.070 13.737 13.402 13.067 12.732 12.395 12.058 11.720 11.381 11.041 10.700 10.359 10.017  9.673  9.329  8.984  8.638  8.291  7.943  7.595  7.245  6.894  6.542  6.189  5.835  5.479  5.123  4.766 
29.372 29.061 28.749 28.437 28.125 27.812 27.499 27.185 26.871 26.557 26.242 25.927 25.611 25.295 24.979 24.662 24.344 24.026 23.708 23.389 23.070 22.750 22.430 22.109 21.788 21.466 21.144 20.821 20.498 20.174 19.849 19.524 19.199 18.873 18.546 18.219 17.891 17.563 17.234 16.904 16.574 16.243 15.911 15.579 15.246 14.912 14.578 14.243 13.907 13.570 13.233 12.895 12.556 12.216 11.876 11.534 11.192 10.849 10.505 10.160  9.814  9.468  9.120  8.772  8.422  8.072  7.720  7.368  7.014  6.660  6.304  5.948  5.590  5.231  4.871  4.510 
29.272 28.961 28.649 28.337 28.025 27.711 27.398 27.084 26.769 26.454 26.139 25.823 25.507 25.190 24.872 24.554 24.236 23.917 23.597 23.277 22.956 22.635 22.314 21.991 21.669 21.345 21.021 20.697 20.372 20.046 19.720 19.393 19.066 18.738 18.409 18.079 17.749 17.419 17.087 16.755 16.423 16.089 15.755 15.420 15.085 14.749 14.411 14.074 13.735 13.396 13.055 12.714 12.373 12.030 11.687 11.342 10.997 10.651 10.304  9.956  9.607  9.257  8.907  8.555  8.202  7.848  7.494  7.138  6.781  6.424  6.065  5.705  5.344  4.982  4.619  4.254 
29.158 28.846 28.535 28.222 27.910 27.596 27.282 26.968 26.653 26.338 26.022 25.705 25.388 25.070 24.752 24.433 24.113 23.793 23.473 23.152 22.830 22.508 22.185 21.861 21.537 21.212 20.887 20.561 20.234 19.907 19.579 19.250 18.921 18.591 18.260 17.929 17.597 17.264 16.931 16.597 16.262 15.926 15.590 15.253 14.915 14.576 14.237 13.896 13.555 13.213 12.871 12.527 12.183 11.837 11.491 11.144 10.796 10.447 10.097  9.747  9.395  9.042  8.689  8.334  7.979  7.622  7.265  6.906  6.546  6.186  5.824  5.461  5.097  4.732  4.366  3.999 
29.030 28.719 28.407 28.095 27.782 27.468 27.154 26.839 26.524 26.208 25.891 25.574 25.256 24.938 24.619 24.299 23.979 23.658 23.336 23.014 22.691 22.368 22.044 21.719 21.393 21.067 20.741 20.413 20.085 19.756 19.427 19.096 18.766 18.434 18.102 17.768 17.435 17.100 16.765 16.429 16.092 15.754 15.416 15.076 14.736 14.396 14.054 13.711 13.368 13.024 12.679 12.333 11.986 11.639 11.290 10.940 10.590 10.239  9.886  9.533  9.179  8.824  8.468  8.111  7.752  7.393  7.033  6.672  6.309  5.946  5.582  5.216  4.849  4.482  4.113  3.743 
28.890 28.579 28.267 27.955 27.642 27.328 27.013 26.698 26.383 26.066 25.749 25.431 25.113 24.794 24.474 24.154 23.833 23.511 23.189 22.865 22.542 22.217 21.892 21.566 21.240 20.912 20.584 20.256 19.926 19.596 19.265 18.933 18.601 18.268 17.934 17.599 17.264 16.927 16.590 16.252 15.914 15.574 15.234 14.893 14.551 14.208 13.865 13.520 13.175 12.828 12.481 12.133 11.784 11.435 11.084 10.732 10.379 10.026  9.671  9.316  8.959  8.602  8.243  7.884  7.523  7.162  6.799  6.435  6.071  5.705  5.338  4.970  4.601  4.231  3.860  3.487 
28.740 28.429 28.117 27.804 27.491 27.177 26.862 26.547 26.231 25.914 25.596 25.278 24.959 24.640 24.319 23.998 23.677 23.354 23.031 22.707 22.382 22.057 21.731 21.404 21.076 20.748 20.419 20.089 19.758 19.427 19.094 18.762 18.428 18.093 17.758 17.422 17.085 16.747 16.408 16.069 15.729 15.387 15.046 14.703 14.359 14.014 13.669 13.323 12.975 12.627 12.278 11.928 11.577 11.226 10.873 10.519 10.165  9.809  9.452  9.095  8.736  8.376  8.016  7.654  7.292  6.928  6.563  6.197  5.830  5.462  5.093  4.723  4.352  3.980  3.606  3.231 
28.580 28.269 27.957 27.644 27.330 27.016 26.701 26.386 26.069 25.752 25.434 25.116 24.796 24.476 24.155 23.833 23.511 23.188 22.864 22.539 22.214 21.888 21.561 21.233 20.904 20.575 20.245 19.914 19.582 19.249 18.916 18.582 18.247 17.911 17.574 17.237 16.899 16.559 16.219 15.879 15.537 15.194 14.851 14.506 14.161 13.815 13.468 13.120 12.771 12.421 12.070 11.719 11.366 11.012 10.658 10.302  9.946  9.588  9.230  8.870  8.510  8.148  7.786  7.422  7.058  6.692  6.325  5.957  5.589  5.219  4.848  4.475  4.102  3.728  3.352  2.976 
28.411 28.099 27.787 27.475 27.161 26.847 26.531 26.216 25.899 25.581 25.263 24.944 24.624 24.304 23.982 23.660 23.337 23.013 22.689 22.363 22.037 21.710 21.382 21.054 20.724 20.394 20.063 19.731 19.398 19.065 18.730 18.395 18.059 17.722 17.384 17.046 16.706 16.366 16.024 15.682 15.339 14.995 14.650 14.304 13.958 13.610 13.261 12.912 12.562 12.210 11.858 11.505 11.150 10.795 10.439 10.082  9.724  9.364  9.004  8.643  8.281  7.918  7.553  7.188  6.822  6.454  6.086  5.716  5.346  4.974  4.601  4.227  3.852  3.476  3.098  2.720 
28.233 27.922 27.610 27.297 26.983 26.669 26.354 26.037 25.721 25.403 25.084 24.765 24.445 24.123 23.802 23.479 23.155 22.831 22.506 22.180 21.853 21.525 21.197 20.868 20.537 20.206 19.874 19.542 19.208 18.873 18.538 18.202 17.865 17.527 17.188 16.848 16.507 16.166 15.823 15.480 15.136 14.791 14.444 14.097 13.749 13.400 13.051 12.700 12.348 11.995 11.641 11.287 10.931 10.574 10.217  9.858  9.498  9.138  8.776  8.413  8.049  7.685  7.319  6.952  6.584  6.215  5.845  5.474  5.101  4.728  4.353  3.978  3.601  3.223  2.844  2.464 
28.049 27.738 27.425 27.112 26.799 26.484 26.168 25.852 25.535 25.217 24.898 24.578 24.258 23.936 23.614 23.291 22.967 22.642 22.316 21.990 21.662 21.334 21.005 20.675 20.344 20.012 19.680 19.346 19.012 18.676 18.340 18.003 17.665 17.326 16.986 16.645 16.304 15.961 15.618 15.273 14.928 14.581 14.234 13.886 13.537 13.187 12.835 12.483 12.130 11.776 11.421 11.065 10.708 10.350  9.991  9.631  9.270  8.908  8.545  8.181  7.816  7.449  7.082  6.714  6.344  5.974  5.602  5.230  4.856  4.481  4.105  3.728  3.350  2.971  2.590  2.209 
27.858 27.546 27.234 26.921 26.607 26.292 25.977 25.660 25.343 25.025 24.705 24.385 24.064 23.743 23.420 23.097 22.772 22.447 22.121 21.794 21.466 21.137 20.807 20.476 20.145 19.812 19.479 19.145 18.810 18.473 18.136 17.798 17.460 17.120 16.779 16.438 16.095 15.751 15.407 15.061 14.715 14.368 14.019 13.670 13.320 12.969 12.617 12.263 11.909 11.554 11.198 10.841 10.482 10.123  9.763  9.402  9.039  8.676  8.312  7.946  7.580  7.212  6.844  6.474  6.103  5.732  5.359  4.985  4.610  4.233  3.856  3.478  3.098  2.718  2.336  1.953 
27.660 27.349 27.037 26.724 26.410 26.095 25.779 25.462 25.145 24.826 24.507 24.187 23.865 23.543 23.220 22.896 22.572 22.246 21.919 21.592 21.263 20.934 20.604 20.272 19.940 19.607 19.273 18.938 18.602 18.266 17.928 17.589 17.250 16.909 16.568 16.225 15.882 15.537 15.192 14.846 14.499 14.150 13.801 13.451 13.100 12.747 12.394 12.040 11.685 11.329 10.971 10.613 10.254  9.894  9.532  9.170  8.806  8.442  8.076  7.710  7.342  6.974  6.604  6.233  5.861  5.488  5.114  4.739  4.362  3.985  3.607  3.227  2.846  2.464  2.081  1.697 
27.458 27.146 26.834 26.521 26.207 25.892 25.576 25.259 24.941 24.623 24.303 23.982 23.661 23.339 23.015 22.691 22.366 22.040 21.713 21.385 21.056 20.726 20.395 20.064 19.731 19.397 19.063 18.727 18.391 18.054 17.715 17.376 17.036 16.694 16.352 16.009 15.665 15.320 14.973 14.626 14.278 13.929 13.579 13.228 12.876 12.523 12.169 11.814 11.457 11.100 10.742 10.383 10.023  9.661  9.299  8.936  8.571  8.206  7.839  7.472  7.103  6.733  6.362  5.990  5.617  5.243  4.868  4.492  4.114  3.736  3.356  2.976  2.594  2.211  1.827  1.441 
27.250 26.939 26.626 26.313 25.999 25.684 25.368 25.051 24.733 24.414 24.094 23.774 23.452 23.129 22.806 22.481 22.156 21.829 21.502 21.173 20.844 20.514 20.183 19.851 19.517 19.183 18.848 18.512 18.175 17.837 17.498 17.158 16.817 16.476 16.133 15.789 15.444 15.098 14.751 14.404 14.055 13.705 13.354 13.002 12.649 12.295 11.940 11.584 11.227 10.869 10.510 10.150  9.789  9.427  9.064  8.699  8.334  7.968  7.600  7.232  6.862  6.491  6.120  5.747  5.373  4.998  4.621  4.244  3.866  3.486  3.106  2.724  2.341  1.957  1.572  1.186 
27.038 26.726 26.414 26.101 25.787 25.471 25.155 24.838 24.520 24.201 23.881 23.560 23.238 22.915 22.592 22.267 21.941 21.614 21.287 20.958 20.628 20.298 19.966 19.633 19.300 18.965 18.630 18.293 17.956 17.617 17.278 16.937 16.596 16.253 15.910 15.566 15.220 14.874 14.526 14.178 13.828 13.478 13.126 12.773 12.420 12.065 11.710 11.353 10.995 10.636 10.276  9.916  9.554  9.191  8.827  8.461  8.095  7.728  7.360  6.990  6.620  6.248  5.876  5.502  5.127  4.751  4.374  3.996  3.616  3.236  2.855  2.472  2.088  1.703  1.317  0.930 
26.822 26.510 26.198 25.885 25.570 25.255 24.939 24.622 24.303 23.984 23.664 23.343 23.021 22.698 22.374 22.049 21.723 21.396 21.068 20.739 20.409 20.078 19.746 19.413 19.079 18.744 18.408 18.071 17.733 17.394 17.054 16.713 16.371 16.028 15.684 15.339 14.993 14.646 14.298 13.949 13.599 13.248 12.895 12.542 12.188 11.833 11.476 11.119 10.761 10.401 10.041  9.679  9.316  8.952  8.588  8.222  7.855  7.487  7.118  6.748  6.376  6.004  5.630  5.256  4.880  4.503  4.126  3.747  3.366  2.985  2.603  2.219  1.835  1.449  1.062  0.674 
26.602 26.290 25.978 25.665 25.350 25.035 24.719 24.401 24.083 23.764 23.443 23.122 22.800 22.476 22.152 21.827 21.501 21.173 20.845 20.516 20.186 19.854 19.522 19.189 18.854 18.519 18.183 17.845 17.507 17.168 16.827 16.486 16.143 15.800 15.456 15.110 14.764 14.416 14.067 13.718 13.367 13.015 12.663 12.309 11.954 11.598 11.241 10.883 10.524 10.164  9.803  9.440  9.077  8.713  8.347  7.981  7.613  7.244  6.874  6.504  6.132  5.759  5.384  5.009  4.633  4.255  3.877  3.497  3.116  2.734  2.351  1.967  1.581  1.195  0.807  0.419 
26.378 26.067 25.755 25.441 25.127 24.811 24.495 24.178 23.859 23.540 23.219 22.898 22.575 22.252 21.928 21.602 21.276 20.948 20.620 20.290 19.959 19.628 19.295 18.962 18.627 18.291 17.955 17.617 17.278 16.939 16.598 16.256 15.913 15.569 15.224 14.878 14.531 14.183 13.834 13.484 13.133 12.781 12.428 12.073 11.718 11.361 11.004 10.645 10.286  9.925  9.563  9.200  8.836  8.471  8.105  7.738  7.370  7.001  6.630  6.259  5.886  5.512  5.137  4.761  4.384  4.006  3.627  3.247  2.865  2.482  2.099  1.714  1.328  0.941  0.552  0.163 
26.152 25.841 25.528 25.215 24.900 24.585 24.269 23.951 23.632 23.313 22.992 22.671 22.348 22.025 21.700 21.374 21.048 20.720 20.391 20.061 19.731 19.399 19.066 18.732 18.397 18.061 17.724 17.386 17.047 16.707 16.366 16.024 15.681 15.336 14.991 14.645 14.297 13.949 13.599 13.249 12.897 12.544 12.191 11.836 11.480 11.123 10.765 10.406 10.046  9.684  9.322  8.959  8.594  8.229  7.862  7.494  7.126  6.756  6.385  6.013  5.639  5.265  4.890  4.513  4.135  3.757  3.377  2.996  2.614  2.230  1.846  1.460  1.074  0.686  0.297 -0.093 
25.923 25.612 25.299 24.986 24.671 24.356 24.039 23.722 23.403 23.083 22.763 22.441 22.118 21.795 21.470 21.144 20.817 20.489 20.160 19.830 19.499 19.167 18.834 18.500 18.165 17.829 17.491 17.153 16.814 16.473 16.132 15.789 15.446 15.101 14.755 14.409 14.061 13.712 13.362 13.011 12.659 12.306 11.952 11.597 11.241 10.883 10.525 10.165  9.805  9.443  9.080  8.716  8.351  7.985  7.618  7.249  6.879  6.508  6.135  5.762  5.386  5.010  4.632  4.252  3.871  3.489  3.104  2.719  2.331  1.942  1.552  1.160  0.767  0.373 -0.023 -0.349 
25.691 25.380 25.068 24.754 24.440 24.124 23.807 23.490 23.171 22.851 22.530 22.209 21.886 21.562 21.237 20.911 20.584 20.255 19.926 19.596 19.264 18.932 18.599 18.264 17.928 17.592 17.254 16.915 16.575 16.234 15.892 15.549 15.205 14.859 14.513 14.165 13.816 13.466 13.115 12.763 12.410 12.056 11.700 11.344 10.986 10.627 10.267  9.906  9.543  9.180  8.815  8.449  8.083  7.714  7.345  6.975  6.603  6.231  5.857  5.483  5.107  4.730  4.353  3.974  3.595  3.214  2.833  2.451  2.068  1.685  1.301  0.916  0.531  0.145 -0.205 -0.604 
25.455 25.144 24.832 24.518 24.203 23.888 23.571 23.253 22.934 22.614 22.293 21.971 21.648 21.324 20.999 20.672 20.345 20.017 19.687 19.356 19.025 18.692 18.358 18.023 17.687 17.350 17.012 16.673 16.333 15.991 15.649 15.306 14.961 14.615 14.268 13.921 13.572 13.221 12.870 12.518 12.164 11.810 11.454 11.097 10.739 10.379 10.019  9.657  9.294  8.930  8.564  8.197  7.829  7.459  7.089  6.716  6.343  5.968  5.591  5.214  4.834  4.453  4.071  3.688  3.302  2.916  2.528  2.138  1.747  1.355  0.961  0.566  0.171 -0.174 -0.517 -0.860 
25.216 24.904 24.592 24.278 23.964 23.648 23.331 23.013 22.694 22.374 22.053 21.731 21.407 21.083 20.757 20.431 20.103 19.774 19.444 19.113 18.781 18.448 18.114 17.778 17.442 17.104 16.766 16.426 16.085 15.743 15.400 15.055 14.710 14.364 14.016 13.668 13.318 12.967 12.615 12.262 11.908 11.553 11.197 10.839 10.481 10.122  9.761  9.400  9.037  8.674  8.309  7.944  7.577  7.210  6.842  6.473  6.103  5.732  5.360  4.987  4.613  4.239  3.863  3.487  3.109  2.729  2.348  1.964  1.578  1.188  0.794  0.396 -0.006 -0.357 -0.735 -1.116 
24.972 24.661 24.348 24.035 23.720 23.404 23.087 22.769 22.450 22.130 21.809 21.486 21.163 20.838 20.513 20.186 19.858 19.529 19.199 18.868 18.535 18.202 17.868 17.532 17.195 16.857 16.518 16.178 15.837 15.494 15.151 14.806 14.460 14.113 13.765 13.415 13.065 12.713 12.360 12.006 11.651 11.294 10.937 10.578 10.218  9.857  9.495  9.132  8.767  8.402  8.035  7.667  7.298  6.928  6.558  6.186  5.813  5.439  5.064  4.688  4.311  3.934  3.556  3.177  2.797  2.416  2.035  1.653  1.271  0.888  0.505  0.121 -0.222 -0.605 -0.988 -1.371 
24.725 24.414 24.101 23.788 23.473 23.157 22.840 22.522 22.203 21.883 21.561 21.239 20.915 20.590 20.264 19.937 19.609 19.280 18.950 18.619 18.286 17.952 17.618 17.282 16.945 16.607 16.268 15.927 15.586 15.243 14.900 14.555 14.209 13.862 13.514 13.165 12.814 12.462 12.110 11.755 11.400 11.044 10.686 10.327  9.967  9.605  9.242  8.878  8.513  8.146  7.777  7.408  7.037  6.664  6.291  5.916  5.539  5.161  4.782  4.402  4.020  3.637  3.253  2.868  2.483  2.096  1.708  1.320  0.931  0.542  0.152 -0.184 -0.544 -0.904 -1.266 -1.627 
24.476 24.165 23.852 23.538 23.224 22.908 22.591 22.272 21.953 21.633 21.311 20.988 20.665 20.340 20.014 19.686 19.358 19.029 18.698 18.366 18.033 17.699 17.364 17.028 16.691 16.352 16.013 15.672 15.330 14.987 14.643 14.297 13.951 13.604 13.255 12.905 12.555 12.203 11.850 11.496 11.141 10.784 10.427 10.069  9.710  9.349  8.988  8.625  8.262  7.898  7.532  7.166  6.799  6.430  6.061  5.690  5.318  4.945  4.571  4.194  3.817  3.437  3.054  2.669  2.281  1.888  1.492  1.091  0.684  0.272 -0.146 -0.486 -0.831 -1.180 -1.530 -1.883 
24.224 23.913 23.600 23.287 22.972 22.656 22.339 22.020 21.701 21.381 21.059 20.736 20.412 20.087 19.761 19.434 19.105 18.776 18.445 18.113 17.780 17.446 17.111 16.774 16.436 16.098 15.758 15.417 15.074 14.731 14.386 14.040 13.693 13.345 12.996 12.645 12.294 11.941 11.587 11.232 10.875 10.518 10.159  9.799  9.438  9.076  8.713  8.349  7.984  7.617  7.250  6.881  6.512  6.142  5.770  5.398  5.025  4.650  4.275  3.900  3.523  3.146  2.768  2.389  2.010  1.630  1.249  0.868  0.487  0.105 -0.237 -0.616 -0.996 -1.376 -1.757 -2.139 
23.970 23.658 23.346 23.032 22.717 22.401 22.084 21.766 21.446 21.126 20.804 20.481 20.157 19.832 19.506 19.179 18.850 18.520 18.190 17.858 17.525 17.190 16.855 16.519 16.181 15.842 15.502 15.161 14.819 14.475 14.131 13.785 13.438 13.090 12.740 12.390 12.038 11.685 11.331 10.975 10.618 10.260  9.901  9.540  9.178  8.815  8.451  8.085  7.718  7.349  6.980  6.609  6.237  5.863  5.488  5.112  4.735  4.357  3.978  3.598  3.217  2.834  2.451  2.068  1.683  1.298  0.912  0.526  0.140 -0.197 -0.562 -0.928 -1.294 -1.660 -2.027 -2.394 
23.714 23.402 23.090 22.776 22.461 22.145 21.828 21.509 21.190 20.869 20.547 20.224 19.900 19.575 19.248 18.921 18.592 18.262 17.931 17.599 17.266 16.931 16.596 16.259 15.921 15.582 15.242 14.900 14.558 14.214 13.869 13.524 13.177 12.829 12.479 12.129 11.778 11.425 11.072 10.717 10.361 10.004  9.646  9.287  8.927  8.566  8.204  7.840  7.475  7.109  6.741  6.372  6.001  5.629  5.255  4.879  4.501  4.120  3.737  3.352  2.964  2.574  2.181  1.785  1.387  0.986  0.584  0.180 -0.185 -0.537 -0.890 -1.241 -1.593 -1.945 -2.297 -2.650 
23.456 23.145 22.832 22.518 22.203 21.887 21.570 21.252 20.932 20.611 20.289 19.966 19.642 19.317 18.990 18.663 18.334 18.004 17.672 17.340 17.006 16.672 16.336 15.999 15.661 15.321 14.980 14.639 14.296 13.952 13.606 13.260 12.912 12.563 12.213 11.862 11.510 11.156 10.802 10.446 10.089  9.731  9.372  9.011  8.650  8.288  7.924  7.560  7.194  6.828  6.460  6.092  5.723  5.352  4.981  4.609  4.236  3.863  3.488  3.113  2.737  2.361  1.984  1.606  1.228  0.849  0.470  0.090 -0.251 -0.628 -1.007 -1.386 -1.765 -2.144 -2.525 -2.906 
23.196 22.885 22.572 22.259 21.944 21.627 21.310 20.992 20.672 20.352 20.030 19.707 19.382 19.057 18.730 18.403 18.074 17.744 17.413 17.080 16.747 16.412 16.076 15.739 15.401 15.062 14.721 14.379 14.036 13.692 13.346 13.000 12.652 12.303 11.953 11.601 11.248 10.894 10.539 10.182  9.824  9.465  9.105  8.743  8.381  8.017  7.651  7.285  6.917  6.548  6.178  5.807  5.434  5.061  4.686  4.311  3.935  3.557  3.179  2.800  2.420  2.039  1.658  1.276  0.894  0.511  0.128 -0.209 -0.577 -0.945 -1.313 -1.682 -2.051 -2.420 -2.791 -3.161 
22.935 22.624 22.311 21.997 21.682 21.366 21.049 20.730 20.411 20.090 19.768 19.445 19.121 18.795 18.468 18.140 17.812 17.481 17.150 16.818 16.484 16.149 15.813 15.476 15.138 14.798 14.458 14.116 13.773 13.429 13.084 12.738 12.391 12.042 11.693 11.342 10.990 10.637 10.282  9.927  9.570  9.212  8.852  8.492  8.129  7.766  7.401  7.034  6.666  6.297  5.925  5.553  5.178  4.801  4.423  4.043  3.661  3.278  2.893  2.506  2.118  1.728  1.338  0.946  0.553  0.160 -0.181 -0.539 -0.898 -1.257 -1.616 -1.975 -2.335 -2.695 -3.056 -3.417 
22.674 22.362 22.049 21.736 21.421 21.104 20.787 20.469 20.149 19.828 19.506 19.183 18.858 18.533 18.206 17.878 17.549 17.218 16.887 16.554 16.220 15.885 15.549 15.211 14.872 14.533 14.192 13.849 13.506 13.162 12.816 12.469 12.121 11.772 11.421 11.070 10.717 10.364 10.009  9.653  9.296  8.938  8.579  8.218  7.857  7.495  7.132  6.767  6.402  6.036  5.669  5.301  4.933  4.563  4.193  3.822  3.450  3.077  2.704  2.330  1.955  1.580  1.204  0.828  0.451  0.074 -0.265 -0.642 -1.019 -1.397 -1.775 -2.153 -2.532 -2.912 -3.292 -3.673 
22.410 22.099 21.786 21.472 21.157 20.841 20.524 20.205 19.886 19.565 19.243 18.919 18.595 18.269 17.943 17.615 17.285 16.955 16.624 16.291 15.957 15.622 15.285 14.948 14.609 14.269 13.928 13.586 13.242 12.897 12.551 12.204 11.855 11.505 11.154 10.802 10.449 10.094  9.738  9.381  9.023  8.663  8.302  7.941  7.578  7.213  6.848  6.482  6.114  5.745  5.376  5.005  4.633  4.261  3.888  3.513  3.138  2.762  2.386  2.008  1.630  1.252  0.873  0.493  0.113 -0.223 -0.591 -0.960 -1.330 -1.700 -2.070 -2.440 -2.812 -3.183 -3.556 -3.929 
22.145 21.834 21.521 21.207 20.892 20.576 20.259 19.940 19.621 19.300 18.977 18.654 18.330 18.004 17.677 17.349 17.020 16.690 16.358 16.026 15.692 15.357 15.021 14.683 14.345 14.005 13.664 13.322 12.979 12.634 12.289 11.942 11.594 11.245 10.894 10.542 10.189  9.835  9.479  9.122  8.763  8.403  8.042  7.680  7.316  6.950  6.583  6.215  5.845  5.473  5.101  4.727  4.351  3.974  3.596  3.217  2.836  2.454  2.072  1.688  1.304  0.919  0.533  0.147 -0.189 -0.550 -0.912 -1.274 -1.636 -1.999 -2.362 -2.725 -3.089 -3.454 -3.819 -4.184 
21.880 21.569 21.256 20.942 20.627 20.311 19.993 19.675 19.355 19.034 18.712 18.388 18.064 17.738 17.411 17.083 16.753 16.423 16.091 15.758 15.424 15.089 14.752 14.415 14.076 13.736 13.394 13.052 12.709 12.364 12.018 11.671 11.323 10.974 10.624 10.272  9.920  9.566  9.212  8.856  8.499  8.142  7.783  7.423  7.062  6.700  6.338  5.974  5.609  5.243  4.876  4.508  4.138  3.767  3.395  3.021  2.645  2.266  1.885  1.500  1.110  0.715  0.313 -0.096 -0.433 -0.779 -1.131 -1.488 -1.849 -2.213 -2.580 -2.949 -3.320 -3.692 -4.066 -4.440 
21.614 21.303 20.990 20.676 20.361 20.045 19.728 19.409 19.089 18.768 18.446 18.122 17.798 17.472 17.145 16.817 16.487 16.157 15.825 15.492 15.158 14.822 14.485 14.147 13.808 13.468 13.126 12.784 12.440 12.094 11.748 11.400 11.051 10.701 10.350  9.998  9.644  9.289  8.933  8.576  8.218  7.859  7.498  7.136  6.774  6.410  6.045  5.680  5.313  4.945  4.577  4.207  3.837  3.465  3.093  2.720  2.347  1.972  1.597  1.222  0.846  0.470  0.093 -0.194 -0.435 -0.673 -0.907 -1.137 -1.362 -1.582 -1.795 -2.001 -2.198 -2.387 -2.566 -2.736 
21.347 21.036 20.723 20.409 20.094 19.778 19.461 19.142 18.823 18.502 18.180 17.857 17.532 17.207 16.880 16.553 16.224 15.894 15.563 15.231 14.898 14.564 14.229 13.893 13.556 13.218 12.880 12.540 12.199 11.858 11.516 11.173 10.829 10.485 10.140  9.795  9.449  9.103  8.756  8.409  8.061  7.714  7.366  7.018  6.670  6.322  5.974  5.626  5.278  4.931  4.584  4.238  3.892  3.548  3.206  2.865  2.528  2.194  1.865  1.541  1.223  0.911  0.603  0.299 -0.002 -0.181 -0.305 -0.426 -0.546 -0.664 -0.779 -0.892 -1.002 -1.110 -1.217 -1.321 
21.107 20.796 20.484 20.171 19.856 19.541 19.226 18.909 18.591 18.272 17.953 17.632 17.311 16.989 16.666 16.343 16.019 15.694 15.368 15.041 14.714 14.387 14.058 13.730 13.400 13.071 12.740 12.410 12.079 11.748 11.416 11.085 10.753 10.422 10.090  9.758  9.427  9.095  8.764  8.433  8.103  7.773  7.443  7.114  6.786  6.458  6.131  5.804  5.479  5.154  4.831  4.508  4.186  3.865  3.546  3.227  2.910  2.595  2.282  1.973  1.668  1.369  1.077  0.793  0.517  0.246 -0.019 -0.162 -0.256 -0.349 -0.441 -0.532 -0.621 -0.708 -0.793 -0.878 
20.940 20.629 20.318 20.005 19.692 19.379 19.065 18.751 18.436 18.120 17.804 17.488 17.171 16.854 16.536 16.218 15.899 15.581 15.262 14.942 14.622 14.302 13.982 13.662 13.342 13.021 12.701 12.380 12.060 11.740 11.419 11.099 10.779 10.460 10.141  9.822  9.504  9.186  8.869  8.552  8.236  7.920  7.606  7.292  6.979  6.667  6.356  6.046  5.737  5.429  5.122  4.816  4.512  4.208  3.906  3.605  3.305  3.007  2.709  2.413  2.118  1.825  1.535  1.249  0.970  0.701  0.445  0.200 -0.037 -0.158 -0.238 -0.315 -0.390 -0.465 -0.539 -0.613 
20.856 20.545 20.234 19.923 19.611 19.299 18.988 18.675 18.363 18.051 17.738 17.425 17.113 16.800 16.487 16.174 15.860 15.547 15.234 14.921 14.608 14.295 13.982 13.670 13.357 13.045 12.733 12.421 12.109 11.798 11.487 11.177 10.867 10.558 10.249  9.941  9.633  9.326  9.020  8.714  8.409  8.106  7.803  7.501  7.200  6.900  6.601  6.303  6.006  5.711  5.417  5.123  4.832  4.541  4.252  3.964  3.678  3.393  3.109  2.826  2.545  2.265  1.986  1.708  1.432  1.157  0.883  0.609  0.337  0.066 -0.081 -0.159 -0.230 -0.298 -0.364 -0.431 
20.846 20.535 20.224 19.913 19.603 19.292 18.982 18.672 18.362 18.052 17.742 17.432 17.123 16.814 16.505 16.196 15.887 15.579 15.270 14.963 14.655 14.348 14.041 13.734 13.428 13.123 12.817 12.513 12.208 11.905 11.601 11.299 10.997 10.696 10.395 10.095  9.796  9.498  9.200  8.904  8.608  8.313  8.019  7.727  7.435  7.145  6.855  6.567  6.280  5.994  5.710  5.426  5.145  4.864  4.585  4.307  4.031  3.756  3.483  3.211  2.941  2.671  2.404  2.137  1.872  1.608  1.346  1.084  0.824  0.565  0.307  0.049 -0.089 -0.161 -0.227 -0.288 
20.895 20.584 20.274 19.964 19.654 19.345 19.036 18.727 18.419 18.111 17.803 17.496 17.189 16.883 16.577 16.271 15.966 15.662 15.358 15.054 14.751 14.448 14.146 13.844 13.543 13.243 12.943 12.644 12.346 12.048 11.751 11.454 11.159 10.864 10.570 10.277  9.985  9.693  9.403  9.113  8.824  8.537  8.250  7.965  7.680  7.397  7.115  6.834  6.554  6.276  5.999  5.723  5.449  5.176  4.904  4.634  4.365  4.098  3.833  3.569  3.306  3.045  2.786  2.528  2.272  2.017  1.764  1.512  1.261  1.012  0.764  0.517  0.271  0.025 -0.104 -0.165 
20.992 20.682 20.372 20.062 19.753 19.444 19.136 18.829 18.522 18.216 17.910 17.605 17.300 16.996 16.693 16.390 16.088 15.786 15.485 15.185 14.885 14.586 14.287 13.990 13.693 13.397 13.101 12.807 12.513 12.220 11.927 11.636 11.346 11.056 10.767 10.479 10.192  9.906  9.622  9.338  9.055  8.773  8.492  8.213  7.934  7.657  7.381  7.106  6.833  6.561  6.290  6.021  5.754  5.488  5.224  4.962  4.702  4.444  4.188  3.935  3.684  3.436  3.191  2.948  2.708  2.471  2.237  2.006  1.777  1.552  1.328  1.107  0.887  0.669  0.453  0.237 
21.128 20.818 20.508 20.199 19.890 19.583 19.275 18.969 18.663 18.359 18.054 17.751 17.448 17.146 16.845 16.544 16.245 15.946 15.648 15.350 15.054 14.758 14.463 14.169 13.876 13.584 13.293 13.003 12.713 12.425 12.137 11.851 11.565 11.281 10.998 10.715 10.434 10.154  9.875  9.597  9.320  9.044  8.769  8.496  8.224  7.952  7.682  7.414  7.146  6.879  6.614  6.350  6.086  5.824  5.563  5.303  5.044  4.787  4.530  4.274  4.019  3.765  3.512  3.259  3.007  2.757  2.506  2.257  2.008  1.759  1.511  1.263  1.016  0.769  0.522  0.275 
21.299 20.989 20.679 20.370 20.062 19.755 19.448 19.143 18.838 18.534 18.231 17.929 17.628 17.327 17.027 16.729 16.431 16.133 15.837 15.542 15.247 14.953 14.660 14.369 14.077 13.787 13.498 13.210 12.922 12.635 12.350 12.065 11.781 11.498 11.216 10.934 10.654 10.374 10.096  9.818  9.541  9.265  8.990  8.716  8.442  8.170  7.898  7.627  7.357  7.087  6.819  6.551  6.284  6.017  5.752  5.487  5.222  4.959  4.695  4.433  4.171  3.909  3.649  3.388  3.128  2.868  2.609  2.350  2.092  1.833  1.575  1.318  1.060  0.803  0.545  0.288 
21.487 21.176 20.867 20.558 20.250 19.943 19.637 19.331 19.027 18.723 18.420 18.118 17.817 17.516 17.217 16.918 16.620 16.323 16.027 15.732 15.437 15.144 14.851 14.559 14.268 13.977 13.688 13.399 13.111 12.824 12.538 12.252 11.967 11.683 11.400 11.117 10.836 10.555 10.275  9.995  9.716  9.438  9.161  8.884  8.608  8.333  8.058  7.784  7.510  7.238  6.965  6.694  6.423  6.152  5.882  5.612  5.343  5.075  4.807  4.539  4.272  4.005  3.738  3.472  3.206  2.941  2.675  2.410  2.145  1.881  1.616  1.352  1.088  0.824  0.560  0.296 
21.673 21.362 21.053 20.744 20.436 20.128 19.822 19.516 19.212 18.908 18.604 18.302 18.000 17.700 17.400 17.100 16.802 16.504 16.208 15.912 15.616 15.322 15.028 14.735 14.443 14.151 13.860 13.570 13.281 12.992 12.705 12.417 12.131 11.845 11.560 11.276 10.992 10.709 10.426 10.144  9.863  9.583  9.303  9.023  8.744  8.466  8.188  7.911  7.634  7.358  7.082  6.807  6.533  6.258  5.984  5.711  5.438  5.165  4.893  4.621  4.349  4.078  3.807  3.536  3.266  2.996  2.726  2.456  2.186  1.917  1.647  1.378  1.109  0.840  0.571  0.302 
21.849 21.538 21.228 20.919 20.611 20.304 19.997 19.691 19.386 19.081 18.778 18.475 18.172 17.871 17.570 17.270 16.971 16.672 16.375 16.077 15.781 15.485 15.190 14.896 14.602 14.309 14.017 13.725 13.434 13.144 12.854 12.565 12.277 11.989 11.702 11.416 11.130 10.844 10.559 10.275  9.991  9.708  9.426  9.143  8.862  8.581  8.300  8.020  7.740  7.461  7.182  6.904  6.626  6.348  6.071  5.794  5.517  5.241  4.965  4.689  4.414  4.139  3.864  3.590  3.315  3.041  2.767  2.493  2.220  1.946  1.673  1.400  1.126  0.853  0.580  0.307 
22.012 21.701 21.391 21.082 20.774 20.466 20.159 19.853 19.547 19.242 18.938 18.634 18.331 18.029 17.727 17.426 17.126 16.827 16.528 16.229 15.932 15.635 15.338 15.043 14.748 14.453 14.159 13.866 13.574 13.282 12.990 12.699 12.409 12.119 11.830 11.541 11.253 10.966 10.678 10.392 10.106  9.820  9.535  9.250  8.966  8.682  8.399  8.116  7.834  7.551  7.270  6.988  6.707  6.427  6.146  5.866  5.587  5.307  5.028  4.749  4.471  4.192  3.914  3.636  3.358  3.081  2.803  2.526  2.249  1.972  1.695  1.418  1.142  0.865  0.588  0.312 
22.161 21.850 21.541 21.231 20.923 20.615 20.307 20.000 19.694 19.389 19.084 18.780 18.476 18.173 17.871 17.569 17.268 16.967 16.667 16.368 16.069 15.771 15.474 15.176 14.880 14.584 14.289 13.994 13.700 13.406 13.113 12.820 12.528 12.237 11.945 11.655 11.365 11.075 10.786 10.497 10.209  9.921  9.634  9.347  9.060  8.774  8.488  8.202  7.917  7.633  7.348  7.064  6.780  6.497  6.214  5.931  5.649  5.366  5.084  4.802  4.521  4.240  3.958  3.677  3.397  3.116  2.835  2.555  2.275  1.995  1.715  1.435  1.155  0.875  0.595  0.316 
22.297 21.987 21.677 21.367 21.059 20.750 20.443 20.135 19.829 19.523 19.218 18.913 18.609 18.305 18.002 17.699 17.397 17.096 16.795 16.494 16.195 15.895 15.596 15.298 15.000 14.703 14.407 14.110 13.815 13.519 13.225 12.930 12.637 12.343 12.050 11.758 11.466 11.174 10.883 10.592 10.302 10.012  9.723  9.433  9.145  8.856  8.568  8.280  7.993  7.706  7.419  7.133  6.846  6.561  6.275  5.990  5.704  5.420  5.135  4.850  4.566  4.282  3.998  3.715  3.431  3.148  2.864  2.581  2.298  2.015  1.732  1.450  1.167  0.884  0.602  0.319 
22.422 22.111 21.801 21.491 21.182 20.874 20.566 20.258 19.952 19.645 19.339 19.034 18.729 18.425 18.121 17.818 17.515 17.212 16.911 16.609 16.308 16.008 15.708 15.409 15.110 14.812 14.514 14.216 13.919 13.622 13.326 13.030 12.735 12.440 12.146 11.851 11.558 11.264 10.971 10.679 10.387 10.095  9.803  9.512  9.222  8.931  8.641  8.351  8.062  7.772  7.483  7.195  6.906  6.618  6.330  6.042  5.755  5.468  5.181  4.894  4.607  4.321  4.034  3.748  3.462  3.176  2.890  2.605  2.319  2.034  1.748  1.463  1.178  0.892  0.607  0.322 
22.535 22.224 21.914 21.604 21.295 20.986 20.678 20.370 20.063 19.756 19.450 19.144 18.839 18.534 18.229 17.925 17.622 17.319 17.016 16.714 16.412 16.111 15.810 15.510 15.210 14.910 14.611 14.312 14.014 13.716 13.418 13.121 12.824 12.528 12.232 11.936 11.641 11.346 11.052 10.758 10.464 10.170  9.877  9.584  9.291  8.999  8.707  8.415  8.124  7.833  7.542  7.251  6.960  6.670  6.380  6.090  5.801  5.511  5.222  4.933  4.644  4.356  4.067  3.779  3.490  3.202  2.914  2.626  2.338  2.050  1.763  1.475  1.187  0.900  0.612  0.325 
22.638 22.327 22.017 21.707 21.398 21.089 20.780 20.472 20.165 19.857 19.551 19.244 18.938 18.633 18.328 18.023 17.719 17.415 17.112 16.809 16.506 16.204 15.902 15.601 15.300 14.999 14.699 14.399 14.100 13.801 13.502 13.204 12.906 12.608 12.311 12.014 11.717 11.421 11.125 10.829 10.533 10.238  9.944  9.649  9.355  9.061  8.767  8.473  8.180  7.887  7.594  7.302  7.010  6.718  6.426  6.134  5.842  5.551  5.260  4.969  4.678  4.387  4.097  3.806  3.516  3.226  2.935  2.645  2.355  2.066  1.776  1.486  1.196  0.906  0.617  0.327 
22.731 22.420 22.110 21.800 21.491 21.182 20.873 20.565 20.257 19.949 19.642 19.335 19.029 18.723 18.418 18.112 17.808 17.503 17.199 16.895 16.592 16.289 15.987 15.684 15.382 15.081 14.780 14.479 14.178 13.878 13.578 13.279 12.980 12.681 12.382 12.084 11.786 11.488 11.191 10.894 10.597 10.300 10.004  9.708  9.412  9.117  8.821  8.526  8.232  7.937  7.643  7.348  7.054  6.761  6.467  6.173  5.880  5.587  5.294  5.001  4.709  4.416  4.124  3.831  3.539  3.247  2.955  2.663  2.371  2.079  1.788  1.496  1.204  0.913  0.621  0.329 
22.816 22.505 22.195 21.885 21.576 21.266 20.957 20.649 20.341 20.033 19.725 19.418 19.112 18.805 18.499 18.193 17.888 17.583 17.278 16.974 16.670 16.366 16.063 15.760 15.457 15.155 14.853 14.551 14.250 13.948 13.648 13.347 13.047 12.747 12.447 12.148 11.849 11.550 11.251 10.953 10.655 10.357 10.059  9.762  9.465  9.168  8.871  8.575  8.278  7.982  7.686  7.391  7.095  6.800  6.504  6.209  5.914  5.620  5.325  5.031  4.736  4.442  4.148  3.854  3.560  3.266  2.973  2.679  2.385  2.092  1.798  1.505  1.211  0.918  0.625  0.331 
22.893 22.583 22.272 21.962 21.653 21.343 21.034 20.725 20.417 20.109 19.801 19.494 19.187 18.880 18.573 18.267 17.961 17.656 17.350 17.045 16.741 16.436 16.132 15.829 15.525 15.222 14.919 14.617 14.314 14.012 13.711 13.409 13.108 12.807 12.506 12.206 11.906 11.606 11.306 11.006 10.707 10.408 10.109  9.811  9.512  9.214  8.916  8.618  8.321  8.023  7.726  7.429  7.132  6.835  6.539  6.242  5.946  5.650  5.353  5.057  4.762  4.466  4.170  3.875  3.579  3.284  2.989  2.693  2.398  2.103  1.808  1.513  1.218  0.923  0.628  0.333 
22.964 22.653 22.343 22.032 21.723 21.413 21.104 20.795 20.486 20.178 19.870 19.562 19.255 18.947 18.641 18.334 18.028 17.722 17.416 17.110 16.805 16.500 16.196 15.891 15.587 15.283 14.980 14.676 14.373 14.070 13.768 13.466 13.163 12.862 12.560 12.259 11.957 11.656 11.356 11.055 10.755 10.455 10.155  9.855  9.556  9.256  8.957  8.658  8.359  8.061  7.762  7.464  7.166  6.867  6.570  6.272  5.974  5.677  5.379  5.082  4.785  4.487  4.190  3.894  3.597  3.300  3.003  2.707  2.410  2.113  1.817  1.520  1.224  0.928  0.631  0.335 
23.028 22.717 22.406 22.096 21.786 21.477 21.167 20.858 20.549 20.241 19.932 19.624 19.317 19.009 18.702 18.395 18.088 17.782 17.475 17.169 16.864 16.558 16.253 15.948 15.643 15.339 15.035 14.731 14.427 14.123 13.820 13.517 13.214 12.911 12.609 12.307 12.004 11.703 11.401 11.099 10.798 10.497 10.196  9.895  9.595  9.295  8.994  8.694  8.394  8.095  7.795  7.495  7.196  6.897  6.598  6.299  6.000  5.701  5.403  5.104  4.806  4.507  4.209  3.911  3.613  3.314  3.016  2.719  2.421  2.123  1.825  1.527  1.229  0.932  0.634  0.336 
23.086 22.775 22.465 22.154 21.844 21.535 21.225 20.916 20.607 20.298 19.989 19.681 19.373 19.065 18.758 18.450 18.143 17.836 17.530 17.223 16.917 16.611 16.305 16.000 15.695 15.389 15.085 14.780 14.476 14.171 13.867 13.563 13.260 12.956 12.653 12.350 12.047 11.745 11.442 11.140 10.838 10.536 10.234  9.932  9.631  9.329  9.028  8.727  8.426  8.125  7.825  7.524  7.224  6.924  6.623  6.323  6.023  5.724  5.424  5.124  4.824  4.525  4.226  3.926  3.627  3.328  3.029  2.729  2.430  2.131  1.832  1.533  1.234  0.935  0.637  0.338 
23.139 22.828 22.517 22.207 21.897 21.587 21.277 20.968 20.659 20.350 20.041 19.733 19.424 19.116 18.808 18.501 18.193 17.886 17.579 17.272 16.965 16.659 16.353 16.047 15.741 15.435 15.130 14.825 14.520 14.215 13.910 13.606 13.302 12.997 12.694 12.390 12.086 11.783 11.480 11.176 10.873 10.571 10.268  9.966  9.663  9.361  9.059  8.757  8.455  8.153  7.852  7.550  7.249  6.948  6.647  6.346  6.045  5.744  5.443  5.142  4.842  4.541  4.241  3.940  3.640  3.340  3.039  2.739  2.439  2.139  1.839  1.539  1.239  0.939  0.639  0.339 
23.187 22.876 22.565 22.255 21.945 21.635 21.325 21.016 20.706 20.397 20.088 19.779 19.471 19.162 18.854 18.546 18.239 17.931 17.624 17.316 17.009 16.703 16.396 16.090 15.783 15.477 15.171 14.866 14.560 14.255 13.949 13.644 13.340 13.035 12.730 12.426 12.122 11.817 11.514 11.210 10.906 10.603 10.299  9.996  9.693  9.390  9.087  8.784  8.481  8.179  7.877  7.574  7.272  6.970  6.668  6.366  6.064  5.762  5.461  5.159  4.857  4.556  4.255  3.953  3.652  3.351  3.049  2.748  2.447  2.146  1.845  1.544  1.243  0.942  0.641  0.340 
23.230 22.920 22.609 22.299 21.988 21.678 21.368 21.059 20.749 20.440 20.131 19.822 19.513 19.205 18.896 18.588 18.280 17.972 17.664 17.357 17.049 16.742 16.435 16.128 15.822 15.515 15.209 14.903 14.597 14.291 13.985 13.679 13.374 13.069 12.764 12.459 12.154 11.849 11.544 11.240 10.936 10.632 10.327 10.023  9.720  9.416  9.112  8.809  8.505  8.202  7.899  7.596  7.293  6.990  6.687  6.384  6.082  5.779  5.477  5.174  4.872  4.569  4.267  3.965  3.663  3.361  3.059  2.756  2.454  2.153  1.851  1.549  1.247  0.945  0.643  0.341 
23.270 22.959 22.649 22.338 22.028 21.718 21.408 21.098 20.788 20.479 20.170 19.861 19.552 19.243 18.934 18.626 18.317 18.009 17.701 17.393 17.086 16.778 16.471 16.164 15.857 15.550 15.243 14.936 14.630 14.324 14.017 13.711 13.405 13.100 12.794 12.488 12.183 11.878 11.573 11.268 10.963 10.658 10.353 10.049  9.744  9.440  9.135  8.831  8.527  8.223  7.919  7.616  7.312  7.008  6.705  6.401  6.098  5.794  5.491  5.188  4.885  4.582  4.279  3.976  3.673  3.370  3.067  2.764  2.461  2.158  1.856  1.553  1.250  0.947  0.645  0.342 
23.306 22.995 22.685 22.374 22.064 21.754 21.444 21.134 20.824 20.514 20.205 19.896 19.587 19.278 18.969 18.660 18.352 18.043 17.735 17.427 17.119 16.811 16.503 16.196 15.888 15.581 15.274 14.967 14.660 14.353 14.047 13.740 13.434 13.128 12.822 12.516 12.210 11.904 11.598 11.293 10.987 10.682 10.377 10.071  9.766  9.461  9.156  8.852  8.547  8.242  7.938  7.633  7.329  7.025  6.721  6.416  6.112  5.808  5.504  5.200  4.897  4.593  4.289  3.985  3.682  3.378  3.074  2.771  2.467  2.164  1.860  1.557  1.253  0.950  0.646  0.343 
23.339 23.028 22.718 22.407 22.097 21.786 21.476 21.166 20.856 20.547 20.237 19.928 19.618 19.309 19.000 18.691 18.383 18.074 17.766 17.457 17.149 16.841 16.533 16.225 15.917 15.610 15.302 14.995 14.688 14.380 14.073 13.767 13.460 13.153 12.847 12.540 12.234 11.928 11.621 11.315 11.009 10.704 10.398 10.092  9.787  9.481  9.176  8.870  8.565  8.260  7.955  7.650  7.345  7.040  6.735  6.430  6.126  5.821  5.516  5.212  4.907  4.603  4.298  3.994  3.690  3.385  3.081  2.777  2.473  2.168  1.864  1.560  1.256  0.952  0.648  0.344 
23.369 23.058 22.747 22.437 22.126 21.816 21.506 21.196 20.886 20.576 20.266 19.957 19.647 19.338 19.029 18.720 18.411 18.102 17.793 17.485 17.176 16.868 16.560 16.252 15.944 15.636 15.328 15.020 14.713 14.405 14.098 13.791 13.483 13.176 12.869 12.562 12.256 11.949 11.642 11.335 11.029 10.722 10.415 10.108  9.801  9.493  9.185  8.875  8.565  8.253  7.940  7.624  7.305  6.983  6.656  6.324  5.986  5.641  5.287  4.923  4.548  4.159  3.755  3.333  2.890  2.423  1.933  1.420  0.888  0.343 -0.373 -1.188 -2.002 -2.816 -3.629 -4.440 
23.388 23.077 22.766 22.455 22.144 21.833 21.521 21.210 20.898 20.587 20.275 19.963 19.651 19.338 19.026 18.712 18.399 18.085 17.771 17.456 17.141 16.825 16.508 16.190 15.872 15.553 15.232 14.911 14.588 14.264 13.939 13.612 13.283 12.953 12.621 12.287 11.951 11.613 11.273 10.930 10.584 10.236  9.885  9.531  9.175  8.815  8.452  8.086  7.717  7.344  6.968  6.589  6.206  5.821  5.432  5.039  4.644  4.246  3.845  3.441  3.035  2.626  2.216  1.803  1.389  0.974  0.557  0.140 -0.214 -0.568 -0.921 -1.273 -1.622 -1.968 -2.311 -2.650 
23.302 22.991 22.679 22.366 22.053 21.739 21.424 21.108 20.792 20.475 20.157 19.839 19.519 19.199 18.878 18.556 18.233 17.909 17.584 17.258 16.931 16.603 16.274 15.944 15.613 15.280 14.946 14.611 14.275 13.937 13.598 13.258 12.916 12.573 12.229 11.884 11.536 11.188 10.838 10.488 10.135  9.782  9.427  9.072  8.715  8.357  7.998  7.639  7.279  6.918  6.557  6.195  5.833  5.470  5.108  4.745  4.382  4.020  3.658  3.296  2.934  2.573  2.213  1.852  1.493  1.134  0.775  0.418  0.061 -0.153 -0.280 -0.404 -0.525 -0.642 -0.754 -0.860 
23.111 22.800 22.488 22.174 21.860 21.545 21.229 20.912 20.595 20.276 19.956 19.636 19.314 18.992 18.669 18.345 18.020 17.694 17.367 17.040 16.711 16.382 16.052 15.721 15.389 15.056 14.723 14.389 14.054 13.719 13.383 13.046 12.709 12.372 12.034 11.695 11.356 11.017 10.678 10.338  9.998  9.658  9.319  8.979  8.640  8.300  7.962  7.623  7.286  6.949  6.613  6.277  5.943  5.610  5.279  4.949  4.621  4.295  3.971  3.649  3.329  3.013  2.699  2.388  2.080  1.775  1.473  1.174  0.878  0.584  0.293  0.003 -0.096  0.063  0.494  0.930 
22.923 22.612 22.300 21.987 21.674 21.360 21.045 20.730 20.414 20.098 19.781 19.463 19.145 18.826 18.507 18.188 17.868 17.547 17.227 16.906 16.585 16.264 15.943 15.622 15.301 14.980 14.659 14.339 14.020 13.701 13.383 13.066 12.749 12.434 12.120 11.808 11.498 11.189 10.882 10.577 10.275  9.975  9.678  9.384  9.093  8.806  8.522  8.242  7.966  7.694  7.426  7.164  6.906  6.653  6.406  6.164  5.927  5.697  5.473  5.255  5.043  4.838  4.639  4.448  4.263  4.085  3.915  3.752  3.596  3.448  3.307  3.174  3.049  2.931  2.822  2.720 
22.851 22.540 22.230 21.919 21.608 21.298 20.988 20.678 20.368 20.058 19.749 19.440 19.131 18.823 18.515 18.208 17.901 17.595 17.290 16.985 16.681 16.378 16.076 15.775 15.475 15.176 14.879 14.583 14.289 13.996 13.705 13.416 13.129 12.844 12.561 12.280 12.002 11.727 11.454 11.184 10.917 10.653 10.392 10.134  9.880  9.630  9.383  9.141  8.902  8.667  8.437  8.212  7.991  7.774  7.563  7.357  7.156  6.960  6.770  6.585  6.406  6.233  6.066  5.905  5.751  5.603  5.462  5.327  5.199  5.079  4.965  4.859  4.760  4.669  4.586  4.510 
22.971 22.661 22.351 22.043 21.735 21.428 21.123 20.818 20.515 20.212 19.911 19.611 19.311 19.013 18.717 18.421 18.127 17.835 17.543 17.253 16.965 16.679 16.394 16.111 15.829 15.550 15.272 14.997 14.724 14.453 14.184 13.918 13.654 13.393 13.135 12.879 12.626 12.377 12.130 11.887 11.647 11.410 11.177 10.948 10.722 10.500 10.283 10.069  9.860  9.655  9.455  9.260  9.069  8.883  8.702  8.526  8.356  8.191  8.031  7.877  7.729  7.587  7.451  7.322  7.198  7.082  6.971  6.868  6.771  6.682  6.599  6.524  6.457  6.397  6.344  6.300 
23.264 22.954 22.646 22.339 22.034 21.731 21.429 21.129 20.831 20.534 20.239 19.946 19.655 19.366 19.078 18.793 18.509 18.228 17.948 17.671 17.395 17.122 16.851 16.582 16.316 16.052 15.790 15.531 15.274 15.020 14.768 14.519 14.273 14.030 13.789 13.551 13.316 13.084 12.855 12.629 12.406 12.186 11.969 11.755 11.544 11.337 11.132 10.931 10.732 10.537 10.345 10.155  9.969  9.785  9.605  9.427  9.252  9.080  8.910  8.743  8.578  8.415  8.254  8.096  7.939  7.784  7.631  7.479  7.329  7.180  7.032  6.884  6.738  6.591  6.446  6.300 
23.689 23.380 23.072 22.766 22.463 22.161 21.862 21.564 21.269 20.976 20.685 20.396 20.110 19.825 19.543 19.262 18.984 18.709 18.435 18.163 17.894 17.627 17.363 17.100 16.840 16.582 16.327 16.073 15.822 15.574 15.327 15.083 14.842 14.602 14.365 14.131 13.898 13.668 13.441 13.215 12.992 12.771 12.552 12.336 12.122 11.910 11.700 11.492 11.286 11.082 10.881 10.681 10.483 10.287 10.093  9.900  9.709  9.520  9.332  9.146  8.961  8.777  8.595  8.414  8.234  8.055  7.877  7.699  7.523  7.347  7.171  6.997  6.822  6.648  6.474  6.300 
24.170 23.860 23.552 23.247 22.944 22.642 22.343 22.047 21.752 21.460 21.169 20.881 20.595 20.311 20.030 19.750 19.473 19.198 18.925 18.654 18.385 18.119 17.854 17.592 17.331 17.073 16.817 16.563 16.311 16.061 15.813 15.568 15.324 15.082 14.842 14.604 14.368 14.134 13.902 13.672 13.444 13.217 12.992 12.769 12.548 12.328 12.111 11.894 11.679 11.466 11.255 11.044 10.835 10.628 10.422 10.217 10.013  9.811  9.609  9.409  9.210  9.011  8.814  8.617  8.422  8.226  8.032  7.838  7.645  7.452  7.259  7.067  6.875  6.683  6.492  6.300 
24.648 24.338 24.030 23.725 23.421 23.120 22.820 22.523 22.228 21.934 21.643 21.354 21.067 20.782 20.499 20.219 19.940 19.663 19.388 19.115 18.844 18.575 18.308 18.043 17.780 17.519 17.260 17.002 16.747 16.493 16.241 15.991 15.743 15.497 15.252 15.009 14.767 14.528 14.290 14.053 13.818 13.585 13.353 13.123 12.894 12.666 12.440 12.215 11.992 11.770 11.549 11.329 11.111 10.893 10.677 10.462 10.247 10.034  9.821  9.610  9.399  9.189  8.980  8.771  8.563  8.355  8.148  7.942  7.736  7.530  7.324  7.119  6.914  6.709  6.505  6.300 
25.100 24.790 24.482 24.176 23.872 23.570 23.269 22.971 22.675 22.380 22.088 21.797 21.508 21.222 20.937 20.654 20.372 20.093 19.816 19.540 19.266 18.994 18.724 18.455 18.188 17.923 17.660 17.399 17.139 16.880 16.624 16.369 16.115 15.864 15.613 15.365 15.117 14.872 14.627 14.384 14.143 13.903 13.664 13.426 13.190 12.955 12.721 12.489 12.257 12.027 11.798 11.569 11.342 11.116 10.891 10.666 10.442 10.220  9.998  9.776  9.556  9.336  9.116  8.897  8.679  8.461  8.244  8.027  7.810  7.594  7.378  7.162  6.946  6.731  6.515  6.300 
25.517 25.207 24.898 24.592 24.287 23.984 23.683 23.384 23.086 22.791 22.497 22.204 21.914 21.625 21.338 21.052 20.769 20.487 20.206 19.928 19.651 19.375 19.102 18.829 18.559 18.290 18.023 17.757 17.492 17.230 16.968 16.708 16.450 16.193 15.937 15.683 15.430 15.178 14.928 14.679 14.431 14.185 13.939 13.695 13.452 13.210 12.969 12.729 12.490 12.253 12.016 11.780 11.545 11.310 11.077 10.844 10.612 10.381 10.151  9.921  9.691  9.463  9.235  9.007  8.780  8.553  8.327  8.101  7.875  7.649  7.424  7.199  6.974  6.749  6.525  6.300 
25.898 25.588 25.279 24.972 24.667 24.364 24.062 23.761 23.463 23.165 22.870 22.576 22.283 21.993 21.703 21.416 21.130 20.845 20.562 20.280 20.000 19.722 19.445 19.169 18.895 18.622 18.351 18.081 17.812 17.545 17.279 17.015 16.752 16.490 16.229 15.969 15.711 15.454 15.198 14.944 14.690 14.438 14.186 13.936 13.686 13.438 13.191 12.944 12.699 12.454 12.210 11.967 11.725 11.483 11.243 11.003 10.763 10.525 10.287 10.049  9.812  9.576  9.340  9.104  8.869  8.634  8.400  8.166  7.932  7.698  7.465  7.232  6.999  6.766  6.533  6.300 
26.244 25.934 25.626 25.318 25.013 24.708 24.406 24.104 23.804 23.506 23.209 22.914 22.620 22.327 22.036 21.746 21.458 21.171 20.885 20.601 20.318 20.036 19.756 19.477 19.200 18.923 18.648 18.375 18.102 17.831 17.561 17.292 17.025 16.758 16.493 16.229 15.965 15.703 15.442 15.183 14.924 14.666 14.409 14.153 13.898 13.643 13.390 13.138 12.886 12.635 12.385 12.136 11.887 11.639 11.392 11.145 10.899 10.654 10.409 10.164  9.920  9.677  9.434  9.191  8.949  8.707  8.466  8.224  7.983  7.742  7.502  7.261  7.021  6.780  6.540  6.300 
26.559 26.249 25.940 25.633 25.326 25.022 24.718 24.416 24.115 23.815 23.517 23.220 22.925 22.630 22.337 22.046 21.755 21.466 21.178 20.891 20.606 20.321 20.038 19.757 19.476 19.196 18.918 18.641 18.365 18.090 17.816 17.544 17.272 17.001 16.732 16.463 16.196 15.929 15.663 15.399 15.135 14.872 14.610 14.349 14.089 13.829 13.570 13.313 13.055 12.799 12.543 12.288 12.034 11.780 11.527 11.274 11.022 10.770 10.519 10.268 10.018  9.768  9.519  9.270  9.021  8.773  8.525  8.277  8.029  7.782  7.535  7.288  7.041  6.794  6.547  6.300 
26.845 26.535 26.226 25.918 25.611 25.306 25.001 24.698 24.397 24.096 23.797 23.498 23.201 22.905 22.611 22.317 22.025 21.734 21.444 21.155 20.867 20.580 20.294 20.010 19.726 19.444 19.163 18.882 18.603 18.325 18.048 17.771 17.496 17.222 16.948 16.676 16.404 16.133 15.864 15.595 15.326 15.059 14.792 14.527 14.262 13.997 13.734 13.471 13.209 12.947 12.686 12.426 12.166 11.907 11.648 11.390 11.133 10.876 10.619 10.363 10.107  9.851  9.596  9.341  9.087  8.833  8.579  8.325  8.071  7.818  7.565  7.312  7.059  6.806  6.553  6.300 
27.104 26.794 26.484 26.176 25.869 25.563 25.258 24.955 24.652 24.350 24.050 23.751 23.452 23.155 22.859 22.564 22.270 21.976 21.684 21.393 21.103 20.814 20.526 20.239 19.953 19.668 19.384 19.101 18.819 18.538 18.257 17.978 17.699 17.421 17.144 16.868 16.593 16.319 16.045 15.772 15.500 15.228 14.958 14.688 14.418 14.150 13.882 13.614 13.348 13.081 12.816 12.551 12.286 12.022 11.759 11.496 11.233 10.971 10.709 10.448 10.187  9.926  9.666  9.406  9.146  8.886  8.627  8.368  8.109  7.850  7.592  7.333  7.075  6.817  6.558  6.300 
27.339 27.028 26.719 26.411 26.103 25.797 25.491 25.187 24.884 24.581 24.280 23.979 23.680 23.381 23.084 22.787 22.491 22.197 21.903 21.610 21.318 21.027 20.737 20.448 20.159 19.872 19.585 19.299 19.015 18.730 18.447 18.165 17.883 17.602 17.322 17.043 16.764 16.486 16.209 15.933 15.657 15.382 15.107 14.834 14.560 14.288 14.016 13.744 13.473 13.203 12.933 12.664 12.395 12.127 11.859 11.591 11.324 11.057 10.791 10.525 10.259  9.994  9.729  9.464  9.200  8.935  8.671  8.407  8.143  7.880  7.616  7.353  7.090  6.826  6.563  6.300 
27.552 27.241 26.932 26.623 26.315 26.009 25.703 25.398 25.093 24.790 24.488 24.186 23.886 23.586 23.287 22.989 22.692 22.396 22.101 21.806 21.512 21.220 20.928 20.636 20.346 20.056 19.767 19.479 19.192 18.905 18.619 18.334 18.050 17.766 17.483 17.201 16.919 16.638 16.358 16.078 15.799 15.521 15.243 14.966 14.689 14.413 14.137 13.862 13.588 13.313 13.040 12.767 12.494 12.221 11.949 11.678 11.407 11.136 10.865 10.595 10.325 10.056  9.786  9.517  9.248  8.980  8.711  8.443  8.175  7.907  7.639  7.371  7.103  6.835  6.568  6.300 
27.745 27.434 27.125 26.816 26.508 26.200 25.894 25.589 25.284 24.980 24.677 24.374 24.073 23.772 23.472 23.173 22.875 22.577 22.280 21.984 21.689 21.394 21.100 20.807 20.515 20.223 19.932 19.642 19.353 19.064 18.776 18.488 18.201 17.915 17.629 17.344 17.060 16.776 16.493 16.211 15.929 15.647 15.366 15.086 14.806 14.526 14.247 13.969 13.691 13.413 13.136 12.860 12.583 12.307 12.032 11.756 11.482 11.207 10.933 10.659 10.385 10.111  9.838  9.565  9.292  9.020  8.747  8.475  8.203  7.931  7.659  7.387  7.115  6.843  6.572  6.300 
27.920 27.609 27.299 26.990 26.682 26.374 26.068 25.762 25.456 25.152 24.848 24.545 24.242 23.941 23.640 23.339 23.040 22.741 22.443 22.145 21.849 21.553 21.257 20.962 20.668 20.375 20.082 19.790 19.498 19.207 18.917 18.627 18.338 18.050 17.762 17.475 17.188 16.901 16.616 16.330 16.046 15.761 15.478 15.194 14.912 14.629 14.347 14.066 13.785 13.504 13.224 12.944 12.664 12.385 12.106 11.828 11.549 11.271 10.994 10.716 10.439 10.162  9.885  9.609  9.332  9.056  8.780  8.504  8.228  7.953  7.677  7.402  7.126  6.851  6.575  6.300 
28.078 27.768 27.458 27.149 26.840 26.532 26.225 25.919 25.613 25.308 25.003 24.699 24.396 24.093 23.791 23.490 23.190 22.890 22.590 22.292 21.994 21.696 21.399 21.103 20.807 20.512 20.218 19.924 19.630 19.338 19.045 18.754 18.463 18.172 17.882 17.592 17.303 17.015 16.727 16.439 16.152 15.865 15.579 15.293 15.008 14.722 14.438 14.154 13.870 13.586 13.303 13.020 12.738 12.456 12.174 11.892 11.611 11.330 11.049 10.768 10.488 10.208  9.928  9.648  9.369  9.089  8.810  8.531  8.252  7.973  7.694  7.415  7.136  6.857  6.579  6.300 
28.222 27.911 27.601 27.292 26.983 26.675 26.368 26.061 25.754 25.449 25.144 24.839 24.535 24.232 23.929 23.627 23.325 23.024 22.724 22.424 22.125 21.826 21.528 21.230 20.933 20.637 20.341 20.045 19.750 19.456 19.162 18.868 18.575 18.283 17.991 17.699 17.408 17.117 16.827 16.537 16.248 15.959 15.670 15.382 15.094 14.807 14.520 14.233 13.947 13.661 13.375 13.090 12.804 12.520 12.235 11.951 11.667 11.383 11.099 10.816 10.532 10.249  9.967  9.684  9.401  9.119  8.837  8.555  8.273  7.991  7.709  7.427  7.145  6.863  6.582  6.300 
28.352 28.042 27.732 27.422 27.113 26.805 26.497 26.190 25.883 25.577 25.271 24.966 24.661 24.357 24.054 23.751 23.449 23.147 22.845 22.544 22.244 21.944 21.645 21.346 21.047 20.750 20.452 20.155 19.859 19.563 19.267 18.972 18.677 18.383 18.089 17.796 17.503 17.211 16.918 16.627 16.335 16.044 15.754 15.463 15.173 14.884 14.594 14.305 14.017 13.728 13.440 13.152 12.865 12.577 12.290 12.004 11.717 11.431 11.144 10.858 10.573 10.287 10.002  9.716  9.431  9.146  8.861  8.576  8.292  8.007  7.722  7.438  7.153  6.869  6.584  6.300 
28.470 28.160 27.850 27.540 27.231 26.922 26.614 26.307 25.999 25.693 25.387 25.081 24.776 24.471 24.167 23.863 23.560 23.257 22.955 22.653 22.352 22.051 21.751 21.451 21.151 20.852 20.553 20.255 19.957 19.660 19.363 19.066 18.770 18.474 18.179 17.884 17.589 17.295 17.001 16.707 16.414 16.121 15.829 15.537 15.245 14.953 14.662 14.371 14.080 13.789 13.499 13.209 12.920 12.630 12.341 12.052 11.763 11.474 11.186 10.897 10.609 10.321 10.033  9.746  9.458  9.171  8.883  8.596  8.309  8.022  7.735  7.448  7.161  6.874  6.587  6.300 
28.578 28.267 27.957 27.647 27.338 27.029 26.720 26.413 26.105 25.798 25.491 25.185 24.880 24.574 24.270 23.965 23.661 23.358 23.055 22.752 22.450 22.148 21.846 21.545 21.245 20.945 20.645 20.345 20.046 19.748 19.449 19.152 18.854 18.557 18.260 17.963 17.667 17.371 17.076 16.781 16.486 16.191 15.897 15.603 15.309 15.016 14.723 14.430 14.137 13.845 13.553 13.261 12.969 12.678 12.386 12.095 11.804 11.514 11.223 10.933 10.642 10.352 10.062  9.772  9.483  9.193  8.903  8.614  8.324  8.035  7.746  7.457  7.167  6.878  6.589  6.300 
