26.116 25.805 25.494 25.183 24.873 24.562 24.251 23.940 23.629 23.318 23.007 22.696 22.385 22.074 21.764 21.453 21.142 20.831 20.520 20.209 19.898 19.587 19.276 18.965 18.654 18.343 18.032 17.721 17.410 17.099 16.788 16.476 16.165 15.854 15.543 15.231 14.920 14.608 14.297 13.985 13.673 13.361 13.049 12.737 12.425 12.112 11.799 11.487 11.174 10.860 10.547 10.233  9.919  9.604  9.290  8.974  8.659  8.343  8.027  7.710  7.392  7.074  6.756  6.437  6.117  5.797  5.475  5.153  4.831  4.507  4.183  3.857  3.531  3.204  2.875  2.546 
26.114 25.803 25.492 25.181 24.870 24.559 24.248 23.937 23.626 23.315 23.003 22.692 22.381 22.070 21.758 21.447 21.135 20.824 20.512 20.201 19.889 19.577 19.265 18.953 18.641 18.329 18.017 17.705 17.392 17.079 16.767 16.454 16.141 15.827 15.514 15.200 14.886 14.572 14.258 13.944 13.629 13.314 12.998 12.683 12.367 12.050 11.734 11.416 11.099 10.781 10.463 10.144  9.825  9.505  9.185  8.864  8.542  8.220  7.898  7.574  7.251  6.926  6.600  6.274  5.947  5.620  5.291  4.962  4.631  4.300  3.968  3.635  3.300  2.965  2.629  2.291 
26.101 25.790 25.479 25.168 24.856 24.545 24.234 23.922 23.611 23.299 22.987 22.675 22.363 22.051 21.739 21.426 21.114 20.801 20.488 20.175 19.862 19.549 19.236 18.922 18.608 18.294 17.980 17.666 17.351 17.036 16.721 16.406 16.090 15.774 15.458 15.141 14.825 14.507 14.190 13.872 13.554 13.235 12.916 12.597 12.277 11.957 11.636 11.314 10.993 10.670 10.348 10.024  9.700  9.376  9.050  8.724  8.398  8.071  7.743  7.414  7.085  6.754  6.423  6.092  5.759  5.425  5.091  4.756  4.419  4.082  3.744  3.405  3.064  2.723  2.381  2.037 
26.071 25.760 25.449 25.138 24.826 24.515 24.203 23.891 23.578 23.266 22.953 22.641 22.328 22.015 21.701 21.388 21.074 20.760 20.446 20.131 19.816 19.501 19.186 18.871 18.555 18.239 17.923 17.606 17.289 16.972 16.654 16.336 16.018 15.699 15.380 15.061 14.741 14.421 14.100 13.779 13.457 13.135 12.813 12.490 12.166 11.842 11.517 11.192 10.867 10.540 10.213  9.886  9.557  9.228  8.899  8.568  8.237  7.906  7.573  7.240  6.905  6.570  6.235  5.898  5.560  5.222  4.883  4.542  4.201  3.859  3.515  3.171  2.826  2.479  2.132  1.783 
26.023 25.712 25.401 25.089 24.777 24.465 24.153 23.841 23.528 23.215 22.901 22.588 22.274 21.959 21.645 21.330 21.015 20.700 20.384 20.068 19.752 19.435 19.118 18.801 18.483 18.165 17.846 17.528 17.208 16.889 16.569 16.248 15.928 15.606 15.285 14.962 14.640 14.317 13.993 13.669 13.344 13.019 12.693 12.367 12.040 11.712 11.384 11.055 10.726 10.396 10.065  9.734  9.402  9.069  8.735  8.401  8.066  7.730  7.393  7.056  6.717  6.378  6.038  5.697  5.355  5.012  4.668  4.324  3.978  3.631  3.283  2.935  2.585  2.234  1.882  1.529 
25.957 25.646 25.334 25.022 24.710 24.398 24.085 23.772 23.459 23.145 22.831 22.516 22.202 21.886 21.571 21.255 20.939 20.622 20.305 19.987 19.670 19.351 19.033 18.714 18.394 18.074 17.754 17.433 17.112 16.790 16.468 16.145 15.822 15.498 15.174 14.849 14.524 14.198 13.871 13.544 13.217 12.889 12.560 12.230 11.900 11.570 11.238 10.906 10.574 10.240  9.906  9.571  9.236  8.899  8.562  8.224  7.885  7.546  7.205  6.864  6.522  6.179  5.835  5.490  5.144  4.798  4.450  4.101  3.752  3.401  3.049  2.696  2.342  1.988  1.631  1.274 
25.873 25.562 25.251 24.939 24.626 24.314 24.000 23.687 23.373 23.059 22.744 22.428 22.113 21.797 21.480 21.163 20.846 20.528 20.210 19.891 19.571 19.252 18.932 18.611 18.290 17.968 17.646 17.323 17.000 16.676 16.352 16.027 15.702 15.376 15.049 14.722 14.394 14.066 13.737 13.408 13.077 12.746 12.415 12.083 11.750 11.416 11.082 10.747 10.411 10.075  9.738  9.400  9.061  8.721  8.381  8.040  7.698  7.355  7.011  6.666  6.321  5.974  5.627  5.279  4.929  4.579  4.228  3.876  3.522  3.168  2.813  2.456  2.099  1.740  1.381  1.020 
25.774 25.463 25.151 24.839 24.526 24.213 23.900 23.586 23.271 22.956 22.641 22.325 22.009 21.692 21.374 21.056 20.738 20.419 20.099 19.779 19.459 19.138 18.816 18.494 18.171 17.848 17.524 17.200 16.875 16.549 16.223 15.896 15.569 15.241 14.912 14.583 14.253 13.923 13.591 13.260 12.927 12.594 12.260 11.925 11.590 11.253 10.916 10.579 10.240  9.901  9.561  9.220  8.879  8.536  8.193  7.849  7.504  7.158  6.811  6.463  6.115  5.765  5.415  5.063  4.711  4.357  4.003  3.647  3.291  2.933  2.575  2.215  1.854  1.493  1.130  0.766 
25.660 25.349 25.037 24.725 24.412 24.099 23.785 23.471 23.156 22.840 22.524 22.208 21.891 21.573 21.255 20.936 20.616 20.296 19.976 19.655 19.333 19.011 18.688 18.364 18.040 17.716 17.390 17.064 16.738 16.410 16.083 15.754 15.425 15.095 14.765 14.433 14.101 13.769 13.436 13.102 12.767 12.431 12.095 11.758 11.420 11.082 10.743 10.402 10.062  9.720  9.377  9.034  8.690  8.345  7.999  7.652  7.304  6.955  6.606  6.255  5.904  5.551  5.198  4.844  4.488  4.132  3.775  3.417  3.057  2.697  2.335  1.973  1.609  1.244  0.878  0.511 
25.533 25.222 24.910 24.598 24.285 23.971 23.657 23.342 23.027 22.711 22.395 22.077 21.760 21.441 21.122 20.803 20.482 20.162 19.840 19.518 19.195 18.872 18.548 18.223 17.898 17.572 17.245 16.918 16.590 16.261 15.931 15.601 15.271 14.939 14.607 14.274 13.940 13.606 13.271 12.935 12.598 12.260 11.922 11.583 11.243 10.903 10.561 10.219  9.876  9.532  9.187  8.841  8.494  8.147  7.799  7.449  7.099  6.748  6.396  6.043  5.689  5.334  4.978  4.621  4.263  3.904  3.544  3.184  2.821  2.458  2.094  1.729  1.363  0.995  0.627  0.257 
25.395 25.083 24.771 24.459 24.146 23.832 23.518 23.203 22.887 22.570 22.253 21.936 21.617 21.298 20.979 20.658 20.337 20.016 19.693 19.370 19.046 18.722 18.397 18.071 17.745 17.417 17.090 16.761 16.432 16.102 15.771 15.439 15.107 14.774 14.440 14.105 13.770 13.434 13.097 12.759 12.421 12.082 11.741 11.401 11.059 10.716 10.373 10.028  9.683  9.337  8.990  8.642  8.294  7.944  7.593  7.242  6.890  6.536  6.182  5.827  5.470  5.113  4.755  4.396  4.035  3.674  3.312  2.949  2.584  2.219  1.852  1.484  1.116  0.746  0.375  0.003 
25.245 24.934 24.622 24.309 23.996 23.682 23.367 23.052 22.736 22.419 22.102 21.783 21.464 21.145 20.825 20.504 20.182 19.859 19.536 19.212 18.888 18.563 18.237 17.910 17.582 17.254 16.925 16.595 16.265 15.933 15.601 15.268 14.935 14.600 14.265 13.929 13.592 13.255 12.916 12.577 12.237 11.896 11.554 11.211 10.868 10.523 10.178  9.832  9.485  9.137  8.788  8.439  8.088  7.737  7.384  7.031  6.676  6.321  5.965  5.608  5.249  4.890  4.530  4.169  3.807  3.444  3.080  2.715  2.349  1.982  1.614  1.245  0.876  0.505  0.133 -0.251 
25.086 24.774 24.462 24.150 23.836 23.522 23.207 22.892 22.575 22.258 21.940 21.622 21.302 20.982 20.661 20.340 20.017 19.694 19.370 19.046 18.720 18.394 18.067 17.739 17.411 17.081 16.751 16.420 16.089 15.756 15.423 15.088 14.753 14.417 14.081 13.743 13.405 13.065 12.725 12.384 12.042 11.699 11.355 11.010 10.664 10.317  9.969  9.620  9.271  8.920  8.568  8.215  7.861  7.506  7.150  6.793  6.435  6.076  5.716  5.354  4.992  4.628  4.263  3.898  3.530  3.162  2.793  2.422  2.050  1.677  1.302  0.926  0.549  0.170 -0.172 -0.506 
24.916 24.605 24.293 23.980 23.667 23.352 23.037 22.721 22.404 22.087 21.768 21.449 21.129 20.809 20.487 20.165 19.842 19.518 19.193 18.867 18.541 18.214 17.886 17.557 17.227 16.897 16.566 16.234 15.901 15.567 15.232 14.897 14.560 14.223 13.885 13.546 13.206 12.865 12.524 12.181 11.838 11.494 11.149 10.803 10.456 10.108  9.760  9.410  9.060  8.708  8.356  8.003  7.648  7.293  6.936  6.579  6.220  5.860  5.498  5.135  4.770  4.404  4.036  3.667  3.295  2.922  2.547  2.169  1.790  1.409  1.026  0.641  0.255 -0.133 -0.446 -0.760 
24.737 24.426 24.114 23.801 23.487 23.172 22.857 22.541 22.224 21.906 21.587 21.268 20.947 20.626 20.304 19.981 19.657 19.333 19.007 18.681 18.354 18.026 17.697 17.367 17.037 16.705 16.373 16.039 15.705 15.370 15.034 14.697 14.359 14.020 13.681 13.340 12.998 12.656 12.312 11.968 11.623 11.276 10.929 10.581 10.231  9.881  9.530  9.178  8.825  8.471  8.116  7.761  7.404  7.046  6.688  6.329  5.968  5.607  5.245  4.883  4.519  4.155  3.790  3.425  3.058  2.691  2.324  1.955  1.586  1.217  0.847  0.476  0.105 -0.236 -0.625 -1.014 
24.549 24.237 23.925 23.612 23.298 22.983 22.668 22.351 22.034 21.716 21.397 21.077 20.756 20.434 20.112 19.789 19.464 19.139 18.813 18.486 18.158 17.830 17.500 17.170 16.838 16.506 16.173 15.839 15.504 15.168 14.831 14.493 14.154 13.815 13.474 13.132 12.789 12.446 12.101 11.755 11.409 11.061 10.712 10.362 10.011  9.659  9.305  8.951  8.596  8.239  7.881  7.522  7.162  6.801  6.439  6.076  5.711  5.346  4.979  4.612  4.243  3.874  3.504  3.132  2.760  2.388  2.014  1.640  1.266  0.891  0.515  0.139 -0.189 -0.549 -0.908 -1.269 
24.352 24.041 23.729 23.416 23.102 22.787 22.471 22.154 21.836 21.518 21.199 20.878 20.557 20.235 19.912 19.588 19.263 18.937 18.610 18.283 17.954 17.625 17.295 16.963 16.631 16.298 15.964 15.629 15.293 14.956 14.618 14.280 13.940 13.600 13.258 12.916 12.572 12.228 11.883 11.537 11.190 10.842 10.493 10.143  9.792  9.440  9.087  8.733  8.378  8.022  7.664  7.306  6.946  6.584  6.222  5.857  5.491  5.124  4.755  4.383  4.010  3.635  3.257  2.878  2.497  2.113  1.728  1.340  0.951  0.561  0.169 -0.174 -0.511 -0.848 -1.185 -1.523 
24.149 23.837 23.525 23.212 22.898 22.583 22.267 21.950 21.632 21.313 20.993 20.673 20.351 20.029 19.705 19.381 19.056 18.729 18.402 18.074 17.745 17.415 17.083 16.751 16.418 16.084 15.749 15.413 15.077 14.739 14.400 14.060 13.719 13.377 13.034 12.690 12.345 12.000 11.653 11.305 10.956 10.606 10.256  9.904  9.551  9.197  8.843  8.487  8.131  7.773  7.415  7.056  6.696  6.335  5.973  5.610  5.247  4.883  4.518  4.152  3.785  3.418  3.050  2.682  2.313  1.943  1.573  1.202  0.830  0.458  0.086 -0.253 -0.633 -1.014 -1.395 -1.777 
23.938 23.627 23.314 23.001 22.687 22.372 22.056 21.739 21.421 21.102 20.782 20.461 20.139 19.816 19.492 19.168 18.842 18.515 18.188 17.859 17.530 17.199 16.868 16.535 16.201 15.867 15.531 15.195 14.857 14.519 14.179 13.839 13.497 13.154 12.810 12.466 12.120 11.773 11.425 11.076 10.725 10.374 10.021  9.668  9.313  8.957  8.600  8.242  7.883  7.523  7.162  6.800  6.436  6.072  5.706  5.340  4.972  4.604  4.235  3.865  3.494  3.122  2.750  2.376  2.003  1.628  1.253  0.878  0.502  0.125 -0.207 -0.571 -0.935 -1.300 -1.665 -2.031 
23.722 23.410 23.098 22.785 22.470 22.155 21.839 21.522 21.203 20.884 20.564 20.243 19.921 19.597 19.273 18.948 18.622 18.295 17.967 17.638 17.308 16.977 16.645 16.312 15.978 15.643 15.307 14.970 14.632 14.293 13.953 13.612 13.270 12.927 12.583 12.238 11.892 11.545 11.197 10.848 10.498 10.147  9.794  9.441  9.086  8.730  8.373  8.014  7.655  7.293  6.931  6.567  6.201  5.834  5.466  5.096  4.724  4.351  3.976  3.599  3.221  2.842  2.462  2.080  1.697  1.313  0.928  0.542  0.156 -0.176 -0.527 -0.878 -1.229 -1.581 -1.933 -2.286 
23.500 23.189 22.877 22.563 22.249 21.933 21.617 21.300 20.981 20.662 20.341 20.020 19.697 19.374 19.050 18.724 18.397 18.070 17.741 17.412 17.081 16.750 16.417 16.083 15.748 15.413 15.076 14.738 14.399 14.059 13.718 13.376 13.033 12.689 12.344 11.998 11.651 11.303 10.954 10.604 10.253  9.901  9.548  9.194  8.839  8.483  8.126  7.768  7.409  7.049  6.689  6.327  5.965  5.602  5.238  4.874  4.508  4.142  3.775  3.408  3.039  2.670  2.301  1.931  1.560  1.189  0.817  0.445  0.072 -0.266 -0.644 -1.022 -1.401 -1.780 -2.160 -2.540 
23.274 22.963 22.650 22.337 22.022 21.707 21.390 21.073 20.754 20.435 20.114 19.793 19.470 19.146 18.822 18.496 18.169 17.841 17.513 17.183 16.852 16.520 16.187 15.853 15.517 15.181 14.844 14.506 14.166 13.826 13.484 13.141 12.798 12.453 12.107 11.760 11.411 11.062 10.711 10.360 10.007  9.653  9.298  8.942  8.585  8.227  7.868  7.508  7.146  6.784  6.420  6.056  5.690  5.324  4.957  4.588  4.219  3.849  3.479  3.107  2.735  2.362  1.989  1.615  1.240  0.865  0.489  0.113 -0.220 -0.587 -0.953 -1.320 -1.688 -2.056 -2.425 -2.794 
23.043 22.731 22.419 22.105 21.791 21.475 21.159 20.841 20.522 20.203 19.882 19.560 19.237 18.914 18.589 18.263 17.936 17.608 17.279 16.949 16.618 16.286 15.953 15.619 15.284 14.948 14.611 14.273 13.934 13.595 13.254 12.913 12.570 12.227 11.883 11.539 11.193 10.847 10.501 10.154  9.806  9.458  9.109  8.760  8.411  8.061  7.711  7.361  7.011  6.662  6.312  5.962  5.613  5.264  4.915  4.567  4.219  3.871  3.525  3.179  2.834  2.490  2.149  1.811  1.479  1.156  0.844  0.547  0.262 -0.015 -0.164 -0.259 -0.353 -0.443 -0.531 -0.615 
22.820 22.509 22.196 21.883 21.569 21.254 20.938 20.621 20.304 19.985 19.666 19.346 19.025 18.703 18.380 18.056 17.732 17.407 17.081 16.755 16.427 16.099 15.771 15.442 15.112 14.782 14.451 14.120 13.788 13.456 13.123 12.790 12.457 12.124 11.791 11.457 11.123 10.790 10.456 10.122  9.789  9.456  9.123  8.791  8.459  8.127  7.796  7.466  7.136  6.807  6.479  6.152  5.827  5.502  5.179  4.857  4.537  4.218  3.902  3.588  3.276  2.966  2.659  2.355  2.053  1.753  1.456  1.162  0.870  0.580  0.292  0.005 -0.142 -0.212 -0.276 -0.340 
22.648 22.337 22.025 21.713 21.400 21.086 20.772 20.457 20.142 19.826 19.509 19.192 18.875 18.557 18.238 17.919 17.600 17.280 16.960 16.639 16.318 15.997 15.676 15.354 15.032 14.710 14.387 14.065 13.743 13.420 13.098 12.775 12.453 12.131 11.809 11.487 11.166 10.845 10.524 10.204  9.884  9.565  9.246  8.928  8.611  8.295  7.979  7.665  7.351  7.038  6.727  6.417  6.108  5.800  5.494  5.190  4.887  4.586  4.286  3.988  3.693  3.399  3.107  2.817  2.530  2.244  1.960  1.678  1.398  1.120  0.843  0.568  0.295  0.022 -0.117 -0.178 
22.549 22.238 21.926 21.615 21.303 20.991 20.678 20.366 20.053 19.740 19.426 19.113 18.799 18.485 18.171 17.857 17.542 17.228 16.913 16.598 16.284 15.969 15.654 15.340 15.025 14.711 14.397 14.082 13.769 13.455 13.142 12.828 12.516 12.203 11.892 11.580 11.269 10.959 10.649 10.340 10.032  9.725  9.418  9.112  8.808  8.504  8.201  7.900  7.600  7.301  7.004  6.708  6.414  6.122  5.832  5.544  5.257  4.974  4.692  4.413  4.136  3.862  3.590  3.321  3.055  2.792  2.530  2.272  2.016  1.762  1.510  1.260  1.011  0.764  0.518  0.272 
22.520 22.209 21.898 21.587 21.276 20.966 20.655 20.344 20.034 19.723 19.413 19.102 18.792 18.482 18.172 17.862 17.552 17.243 16.933 16.624 16.315 16.007 15.698 15.390 15.083 14.776 14.469 14.162 13.856 13.551 13.246 12.942 12.638 12.335 12.032 11.730 11.429 11.128 10.828 10.529 10.231  9.933  9.637  9.341  9.046  8.752  8.459  8.166  7.875  7.584  7.295  7.006  6.718  6.431  6.146  5.860  5.576  5.293  5.011  4.729  4.448  4.168  3.889  3.610  3.332  3.055  2.778  2.502  2.227  1.951  1.677  1.402  1.128  0.854  0.580  0.307 
22.553 22.242 21.932 21.622 21.312 21.002 20.692 20.383 20.074 19.766 19.457 19.149 18.841 18.534 18.227 17.920 17.613 17.307 17.001 16.696 16.390 16.086 15.781 15.477 15.174 14.870 14.568 14.265 13.963 13.662 13.361 13.060 12.760 12.461 12.162 11.863 11.565 11.268 10.971 10.674 10.378 10.083  9.788  9.494  9.200  8.907  8.614  8.322  8.031  7.739  7.449  7.159  6.869  6.580  6.292  6.004  5.716  5.429  5.143  4.856  4.570  4.285  4.000  3.715  3.431  3.147  2.863  2.579  2.296  2.013  1.730  1.447  1.165  0.882  0.600  0.318 
22.622 22.312 22.001 21.691 21.382 21.072 20.763 20.455 20.146 19.839 19.531 19.224 18.917 18.610 18.304 17.999 17.693 17.388 17.084 16.779 16.476 16.172 15.869 15.566 15.264 14.962 14.660 14.359 14.059 13.758 13.458 13.159 12.860 12.561 12.263 11.965 11.667 11.370 11.073 10.777 10.481 10.186  9.890  9.596  9.301  9.007  8.714  8.420  8.128  7.835  7.543  7.251  6.960  6.669  6.378  6.087  5.797  5.507  5.217  4.928  4.639  4.350  4.061  3.773  3.485  3.197  2.909  2.621  2.334  2.046  1.759  1.472  1.184  0.897  0.610  0.323 
22.703 22.393 22.082 21.772 21.463 21.154 20.845 20.536 20.228 19.920 19.613 19.306 18.999 18.693 18.387 18.082 17.776 17.472 17.167 16.863 16.559 16.256 15.953 15.650 15.348 15.046 14.745 14.444 14.143 13.842 13.542 13.243 12.943 12.644 12.345 12.047 11.749 11.451 11.154 10.857 10.560 10.264  9.968  9.672  9.376  9.081  8.786  8.492  8.197  7.903  7.610  7.316  7.023  6.730  6.437  6.144  5.852  5.560  5.268  4.976  4.685  4.394  4.102  3.811  3.520  3.230  2.939  2.648  2.358  2.068  1.778  1.487  1.197  0.907  0.617  0.327 
22.785 22.474 22.164 21.854 21.544 21.235 20.926 20.618 20.309 20.002 19.694 19.387 19.080 18.774 18.468 18.162 17.856 17.551 17.247 16.942 16.638 16.335 16.031 15.728 15.426 15.123 14.821 14.520 14.218 13.917 13.616 13.316 13.016 12.716 12.417 12.117 11.819 11.520 11.222 10.924 10.626 10.328 10.031  9.734  9.437  9.141  8.845  8.549  8.253  7.958  7.662  7.367  7.072  6.778  6.483  6.189  5.895  5.601  5.307  5.013  4.720  4.427  4.133  3.840  3.547  3.254  2.962  2.669  2.376  2.084  1.792  1.499  1.207  0.915  0.622  0.330 
22.863 22.552 22.241 21.931 21.622 21.312 21.003 20.695 20.386 20.078 19.770 19.463 19.156 18.849 18.543 18.237 17.931 17.626 17.320 17.016 16.711 16.407 16.103 15.800 15.496 15.193 14.891 14.588 14.286 13.984 13.683 13.382 13.081 12.780 12.480 12.180 11.880 11.580 11.281 10.982 10.683 10.384 10.086  9.788  9.490  9.192  8.895  8.597  8.300  8.003  7.707  7.410  7.114  6.818  6.522  6.226  5.930  5.635  5.339  5.044  4.749  4.454  4.159  3.864  3.569  3.275  2.980  2.686  2.392  2.097  1.803  1.509  1.215  0.920  0.626  0.332 
22.935 22.624 22.313 22.003 21.694 21.384 21.075 20.766 20.457 20.149 19.841 19.534 19.226 18.919 18.612 18.306 18.000 17.694 17.388 17.083 16.778 16.473 16.169 15.865 15.561 15.257 14.954 14.651 14.348 14.045 13.743 13.441 13.139 12.838 12.536 12.235 11.935 11.634 11.334 11.034 10.734 10.434 10.134  9.835  9.536  9.237  8.939  8.640  8.342  8.044  7.746  7.448  7.150  6.853  6.555  6.258  5.961  5.664  5.367  5.071  4.774  4.477  4.181  3.885  3.589  3.292  2.996  2.700  2.404  2.109  1.813  1.517  1.221  0.925  0.630  0.334 
23.001 22.690 22.380 22.069 21.759 21.450 21.140 20.831 20.523 20.214 19.906 19.598 19.290 18.983 18.676 18.369 18.062 17.756 17.450 17.144 16.839 16.534 16.229 15.924 15.619 15.315 15.011 14.707 14.404 14.101 13.798 13.495 13.192 12.890 12.588 12.286 11.984 11.683 11.381 11.080 10.779 10.479 10.178  9.878  9.578  9.278  8.978  8.678  8.379  8.080  7.780  7.481  7.183  6.884  6.585  6.287  5.988  5.690  5.392  5.094  4.796  4.498  4.201  3.903  3.605  3.308  3.010  2.713  2.416  2.119  1.821  1.524  1.227  0.930  0.633  0.336 
23.061 22.750 22.440 22.130 21.820 21.510 21.200 20.891 20.582 20.274 19.965 19.657 19.349 19.041 18.734 18.427 18.120 17.813 17.506 17.200 16.894 16.588 16.283 15.978 15.673 15.368 15.063 14.759 14.455 14.151 13.847 13.543 13.240 12.937 12.634 12.331 12.029 11.726 11.424 11.122 10.821 10.519 10.218  9.916  9.615  9.314  9.013  8.713  8.412  8.112  7.812  7.512  7.212  6.912  6.612  6.313  6.013  5.714  5.414  5.115  4.816  4.517  4.218  3.919  3.621  3.322  3.023  2.725  2.426  2.128  1.829  1.531  1.232  0.934  0.635  0.337 
23.116 22.805 22.495 22.184 21.874 21.565 21.255 20.946 20.637 20.328 20.019 19.711 19.402 19.094 18.787 18.479 18.172 17.865 17.558 17.251 16.945 16.638 16.332 16.027 15.721 15.416 15.111 14.806 14.501 14.196 13.892 13.588 13.284 12.980 12.676 12.373 12.069 11.766 11.463 11.161 10.858 10.556 10.253  9.951  9.649  9.347  9.046  8.744  8.443  8.141  7.840  7.539  7.238  6.937  6.637  6.336  6.035  5.735  5.435  5.134  4.834  4.534  4.234  3.934  3.634  3.334  3.035  2.735  2.435  2.136  1.836  1.536  1.237  0.937  0.638  0.338 
23.166 22.855 22.545 22.234 21.924 21.614 21.305 20.995 20.686 20.377 20.068 19.759 19.451 19.143 18.835 18.527 18.219 17.912 17.604 17.297 16.991 16.684 16.377 16.071 15.765 15.459 15.154 14.848 14.543 14.238 13.933 13.628 13.323 13.019 12.714 12.410 12.106 11.803 11.499 11.195 10.892 10.589 10.286  9.983  9.680  9.377  9.075  8.772  8.470  8.168  7.866  7.564  7.262  6.960  6.659  6.357  6.056  5.754  5.453  5.152  4.851  4.550  4.249  3.948  3.647  3.346  3.045  2.744  2.444  2.143  1.842  1.542  1.241  0.941  0.640  0.340 
23.212 22.901 22.590 22.280 21.970 21.660 21.350 21.040 20.731 20.422 20.112 19.804 19.495 19.186 18.878 18.570 18.262 17.954 17.647 17.339 17.032 16.725 16.418 16.112 15.805 15.499 15.193 14.887 14.581 14.275 13.970 13.664 13.359 13.054 12.749 12.445 12.140 11.835 11.531 11.227 10.923 10.619 10.315 10.012  9.708  9.405  9.101  8.798  8.495  8.192  7.889  7.587  7.284  6.981  6.679  6.376  6.074  5.772  5.470  5.168  4.866  4.564  4.262  3.960  3.658  3.356  3.055  2.753  2.451  2.150  1.848  1.547  1.245  0.944  0.642  0.341 
23.253 22.942 22.632 22.321 22.011 21.701 21.391 21.081 20.772 20.462 20.153 19.844 19.535 19.226 18.918 18.610 18.301 17.993 17.685 17.378 17.070 16.763 16.456 16.149 15.842 15.535 15.228 14.922 14.616 14.309 14.003 13.698 13.392 13.086 12.781 12.476 12.170 11.865 11.560 11.256 10.951 10.647 10.342 10.038  9.734  9.429  9.125  8.822  8.518  8.214  7.911  7.607  7.304  7.000  6.697  6.394  6.091  5.788  5.485  5.182  4.879  4.576  4.274  3.971  3.668  3.366  3.063  2.761  2.458  2.156  1.853  1.551  1.249  0.946  0.644  0.342 
23.291 22.980 22.669 22.359 22.048 21.738 21.428 21.118 20.809 20.499 20.190 19.881 19.572 19.263 18.954 18.645 18.337 18.029 17.720 17.413 17.105 16.797 16.489 16.182 15.875 15.568 15.261 14.954 14.647 14.341 14.034 13.728 13.422 13.116 12.810 12.504 12.198 11.893 11.587 11.282 10.977 10.671 10.366 10.062  9.757  9.452  9.147  8.843  8.538  8.234  7.930  7.626  7.322  7.018  6.714  6.410  6.106  5.802  5.499  5.195  4.891  4.588  4.284  3.981  3.678  3.374  3.071  2.768  2.465  2.161  1.858  1.555  1.252  0.949  0.646  0.342 
23.325 23.014 22.703 22.393 22.083 21.772 21.462 21.152 20.842 20.533 20.223 19.914 19.605 19.296 18.987 18.678 18.369 18.061 17.752 17.444 17.136 16.828 16.520 16.212 15.905 15.597 15.290 14.983 14.676 14.369 14.062 13.755 13.449 13.142 12.836 12.530 12.223 11.917 11.611 11.306 11.000 10.694 10.389 10.083  9.778  9.473  9.167  8.862  8.557  8.252  7.947  7.643  7.338  7.033  6.729  6.424  6.120  5.815  5.511  5.207  4.903  4.598  4.294  3.990  3.686  3.382  3.078  2.774  2.470  2.166  1.862  1.559  1.255  0.951  0.647  0.343 
23.356 23.045 22.735 22.424 22.114 21.803 21.493 21.183 20.873 20.563 20.254 19.944 19.635 19.326 19.017 18.708 18.399 18.090 17.781 17.473 17.165 16.856 16.548 16.240 15.932 15.624 15.317 15.009 14.702 14.395 14.087 13.780 13.473 13.166 12.860 12.553 12.246 11.940 11.633 11.327 11.021 10.715 10.409 10.103  9.797  9.491  9.185  8.880  8.574  8.269  7.963  7.658  7.353  7.048  6.742  6.437  6.132  5.827  5.522  5.218  4.913  4.608  4.303  3.998  3.694  3.389  3.085  2.780  2.475  2.171  1.866  1.562  1.257  0.953  0.648  0.344 
23.384 23.073 22.763 22.452 22.142 21.831 21.521 21.211 20.901 20.591 20.281 19.972 19.662 19.353 19.044 18.735 18.425 18.117 17.808 17.499 17.190 16.882 16.574 16.265 15.957 15.649 15.341 15.033 14.726 14.418 14.110 13.803 13.496 13.188 12.881 12.574 12.267 11.960 11.653 11.347 11.040 10.734 10.427 10.121  9.814  9.508  9.202  8.896  8.590  8.284  7.978  7.672  7.366  7.061  6.755  6.449  6.144  5.838  5.533  5.227  4.922  4.617  4.311  4.006  3.701  3.396  3.090  2.785  2.480  2.175  1.870  1.565  1.260  0.955  0.650  0.345 
23.410 23.099 22.788 22.478 22.167 21.857 21.547 21.237 20.926 20.616 20.307 19.997 19.687 19.378 19.068 18.759 18.450 18.141 17.832 17.523 17.214 16.905 16.597 16.288 15.980 15.671 15.363 15.055 14.747 14.439 14.131 13.824 13.516 13.208 12.901 12.593 12.286 11.979 11.672 11.365 11.058 10.751 10.444 10.137  9.830  9.524  9.217  8.910  8.604  8.298  7.991  7.685  7.379  7.072  6.766  6.460  6.154  5.848  5.542  5.236  4.930  4.625  4.319  4.013  3.707  3.401  3.096  2.790  2.484  2.179  1.873  1.568  1.262  0.956  0.651  0.345 
23.433 23.123 22.812 22.501 22.191 21.880 21.570 21.260 20.950 20.639 20.330 20.020 19.710 19.400 19.091 18.781 18.472 18.163 17.853 17.544 17.235 16.927 16.618 16.309 16.000 15.692 15.383 15.075 14.767 14.458 14.150 13.842 13.534 13.226 12.919 12.611 12.303 11.996 11.688 11.381 11.073 10.766 10.459 10.152  9.845  9.538  9.231  8.924  8.617  8.310  8.003  7.696  7.390  7.083  6.777  6.470  6.164  5.857  5.551  5.244  4.938  4.632  4.325  4.019  3.713  3.407  3.101  2.794  2.488  2.182  1.876  1.570  1.264  0.958  0.652  0.346 
23.455 23.144 22.833 22.522 22.212 21.901 21.591 21.281 20.970 20.660 20.350 20.040 19.731 19.421 19.111 18.802 18.492 18.183 17.873 17.564 17.255 16.946 16.637 16.328 16.019 15.710 15.402 15.093 14.784 14.476 14.168 13.859 13.551 13.243 12.935 12.627 12.319 12.011 11.703 11.396 11.088 10.780 10.473 10.165  9.858  9.550  9.243  8.936  8.628  8.321  8.014  7.707  7.400  7.093  6.786  6.479  6.172  5.865  5.558  5.252  4.945  4.638  4.332  4.025  3.718  3.412  3.105  2.798  2.492  2.185  1.879  1.572  1.266  0.959  0.653  0.346 
23.474 23.163 22.852 22.542 22.231 21.921 21.610 21.300 20.990 20.679 20.369 20.059 19.749 19.439 19.130 18.820 18.510 18.201 17.891 17.582 17.273 16.963 16.654 16.345 16.036 15.727 15.418 15.109 14.801 14.492 14.183 13.875 13.566 13.258 12.950 12.641 12.333 12.025 11.717 11.409 11.101 10.793 10.485 10.177  9.870  9.562  9.254  8.947  8.639  8.331  8.024  7.717  7.409  7.102  6.794  6.487  6.180  5.873  5.566  5.258  4.951  4.644  4.337  4.030  3.723  3.416  3.109  2.802  2.495  2.188  1.881  1.574  1.267  0.961  0.654  0.347 
23.492 23.181 22.870 22.559 22.249 21.938 21.628 21.317 21.007 20.697 20.386 20.076 19.766 19.456 19.146 18.837 18.527 18.217 17.908 17.598 17.289 16.979 16.670 16.361 16.052 15.742 15.433 15.124 14.815 14.507 14.198 13.889 13.580 13.272 12.963 12.655 12.346 12.038 11.729 11.421 11.113 10.805 10.497 10.188  9.880  9.572  9.264  8.956  8.649  8.341  8.033  7.725  7.418  7.110  6.802  6.495  6.187  5.879  5.572  5.264  4.957  4.650  4.342  4.035  3.727  3.420  3.113  2.805  2.498  2.191  1.883  1.576  1.269  0.962  0.654  0.347 
23.507 23.197 22.886 22.575 22.265 21.954 21.643 21.333 21.023 20.712 20.402 20.092 19.782 19.472 19.162 18.852 18.542 18.232 17.923 17.613 17.303 16.994 16.684 16.375 16.066 15.756 15.447 15.138 14.829 14.520 14.211 13.902 13.593 13.284 12.975 12.667 12.358 12.049 11.741 11.432 11.124 10.815 10.507 10.198  9.890  9.582  9.274  8.966  8.657  8.349  8.041  7.733  7.425  7.117  6.809  6.501  6.193  5.886  5.578  5.270  4.962  4.654  4.347  4.039  3.731  3.424  3.116  2.808  2.501  2.193  1.885  1.578  1.270  0.963  0.655  0.348 
23.522 23.211 22.900 22.590 22.279 21.968 21.658 21.347 21.037 20.727 20.416 20.106 19.796 19.486 19.176 18.866 18.556 18.246 17.936 17.626 17.317 17.007 16.697 16.388 16.078 15.769 15.460 15.150 14.841 14.532 14.223 13.913 13.604 13.295 12.986 12.677 12.369 12.060 11.751 11.442 11.134 10.825 10.516 10.208  9.899  9.591  9.282  8.974  8.665  8.357  8.049  7.740  7.432  7.124  6.816  6.507  6.199  5.891  5.583  5.275  4.967  4.659  4.351  4.043  3.735  3.427  3.119  2.811  2.503  2.195  1.887  1.579  1.272  0.964  0.656  0.348 
23.535 23.224 22.914 22.603 22.292 21.982 21.671 21.360 21.050 20.740 20.429 20.119 19.809 19.498 19.188 18.878 18.568 18.258 17.948 17.639 17.329 17.019 16.709 16.400 16.090 15.780 15.471 15.161 14.852 14.543 14.233 13.924 13.615 13.306 12.996 12.687 12.378 12.069 11.760 11.451 11.142 10.834 10.525 10.216  9.907  9.599  9.290  8.981  8.673  8.364  8.055  7.747  7.438  7.130  6.821  6.513  6.205  5.896  5.588  5.280  4.971  4.663  4.355  4.046  3.738  3.430  3.122  2.814  2.505  2.197  1.889  1.581  1.273  0.964  0.656  0.348 
23.547 23.236 22.926 22.615 22.304 21.993 21.683 21.372 21.062 20.751 20.441 20.131 19.820 19.510 19.200 18.890 18.580 18.270 17.960 17.650 17.340 17.030 16.720 16.410 16.101 15.791 15.481 15.172 14.862 14.553 14.243 13.934 13.624 13.315 13.006 12.696 12.387 12.078 11.769 11.460 11.151 10.842 10.533 10.224  9.915  9.606  9.297  8.988  8.679  8.370  8.062  7.753  7.444  7.135  6.827  6.518  6.210  5.901  5.592  5.284  4.975  4.667  4.358  4.050  3.741  3.433  3.124  2.816  2.507  2.199  1.890  1.582  1.274  0.965  0.657  0.348 
23.558 23.247 22.936 22.626 22.315 22.004 21.694 21.383 21.073 20.762 20.452 20.141 19.831 19.521 19.210 18.900 18.590 18.280 17.970 17.660 17.350 17.040 16.730 16.420 16.110 15.800 15.491 15.181 14.871 14.562 14.252 13.942 13.633 13.323 13.014 12.705 12.395 12.086 11.777 11.467 11.158 10.849 10.540 10.230  9.921  9.612  9.303  8.994  8.685  8.376  8.067  7.758  7.449  7.140  6.832  6.523  6.214  5.905  5.596  5.288  4.979  4.670  4.361  4.053  3.744  3.435  3.126  2.818  2.509  2.201  1.892  1.583  1.275  0.966  0.657  0.349 
23.568 23.257 22.946 22.636 22.325 22.014 21.704 21.393 21.082 20.772 20.461 20.151 19.841 19.530 19.220 18.910 18.599 18.289 17.979 17.669 17.359 17.049 16.739 16.429 16.119 15.809 15.499 15.189 14.879 14.570 14.260 13.950 13.641 13.331 13.022 12.712 12.402 12.093 11.784 11.474 11.165 10.855 10.546 10.237  9.927  9.618  9.309  9.000  8.691  8.381  8.072  7.763  7.454  7.145  6.836  6.527  6.218  5.909  5.600  5.291  4.982  4.673  4.364  4.055  3.746  3.437  3.129  2.820  2.511  2.202  1.893  1.584  1.275  0.967  0.658  0.349 
23.577 23.266 22.955 22.645 22.334 22.023 21.712 21.402 21.091 20.781 20.470 20.160 19.849 19.539 19.228 18.918 18.608 18.298 17.987 17.677 17.367 17.057 16.747 16.437 16.127 15.817 15.507 15.197 14.887 14.577 14.267 13.958 13.648 13.338 13.028 12.719 12.409 12.100 11.790 11.480 11.171 10.861 10.552 10.242  9.933  9.624  9.314  9.005  8.696  8.386  8.077  7.768  7.458  7.149  6.840  6.531  6.222  5.912  5.603  5.294  4.985  4.676  4.367  4.058  3.749  3.439  3.130  2.821  2.512  2.203  1.894  1.585  1.276  0.967  0.658  0.349 
23.585 23.274 22.964 22.653 22.342 22.031 21.721 21.410 21.099 20.789 20.478 20.168 19.857 19.547 19.236 18.926 18.616 18.305 17.995 17.685 17.375 17.064 16.754 16.444 16.134 15.824 15.514 15.204 14.894 14.584 14.274 13.964 13.654 13.344 13.035 12.725 12.415 12.105 11.796 11.486 11.176 10.867 10.557 10.248  9.938  9.629  9.319  9.009  8.700  8.391  8.081  7.772  7.462  7.153  6.844  6.534  6.225  5.916  5.606  5.297  4.988  4.678  4.369  4.060  3.751  3.441  3.132  2.823  2.514  2.204  1.895  1.586  1.277  0.968  0.658  0.349 
23.593 23.282 22.971 22.660 22.349 22.039 21.728 21.417 21.107 20.796 20.485 20.175 19.864 19.554 19.243 18.933 18.623 18.312 18.002 17.692 17.381 17.071 16.761 16.451 16.141 15.830 15.520 15.210 14.900 14.590 14.280 13.970 13.660 13.350 13.040 12.730 12.421 12.111 11.801 11.491 11.181 10.872 10.562 10.252  9.943  9.633  9.323  9.014  8.704  8.395  8.085  7.775  7.466  7.156  6.847  6.537  6.228  5.918  5.609  5.299  4.990  4.681  4.371  4.062  3.752  3.443  3.134  2.824  2.515  2.206  1.896  1.587  1.278  0.968  0.659  0.349 
23.599 23.289 22.978 22.667 22.356 22.045 21.735 21.424 21.113 20.803 20.492 20.182 19.871 19.560 19.250 18.939 18.629 18.319 18.008 17.698 17.388 17.077 16.767 16.457 16.146 15.836 15.526 15.216 14.906 14.596 14.286 13.976 13.666 13.356 13.046 12.736 12.426 12.116 11.806 11.496 11.186 10.876 10.566 10.257  9.947  9.637  9.327  9.018  8.708  8.398  8.088  7.779  7.469  7.159  6.850  6.540  6.231  5.921  5.611  5.302  4.992  4.683  4.373  4.064  3.754  3.445  3.135  2.826  2.516  2.207  1.897  1.588  1.278  0.969  0.659  0.350 
23.606 23.295 22.984 22.673 22.362 22.052 21.741 21.430 21.119 20.809 20.498 20.188 19.877 19.566 19.256 18.945 18.635 18.324 18.014 17.704 17.393 17.083 16.773 16.462 16.152 15.842 15.531 15.221 14.911 14.601 14.291 13.981 13.670 13.360 13.050 12.740 12.430 12.120 11.810 11.500 11.190 10.880 10.570 10.260  9.951  9.641  9.331  9.021  8.711  8.401  8.092  7.782  7.472  7.162  6.853  6.543  6.233  5.923  5.614  5.304  4.994  4.685  4.375  4.065  3.756  3.446  3.136  2.827  2.517  2.207  1.898  1.588  1.279  0.969  0.659  0.350 
23.611 23.300 22.990 22.679 22.368 22.057 21.746 21.436 21.125 20.814 20.504 20.193 19.882 19.572 19.261 18.951 18.640 18.330 18.019 17.709 17.398 17.088 16.778 16.467 16.157 15.847 15.536 15.226 14.916 14.605 14.295 13.985 13.675 13.365 13.055 12.744 12.434 12.124 11.814 11.504 11.194 10.884 10.574 10.264  9.954  9.644  9.334  9.024  8.714  8.404  8.094  7.785  7.475  7.165  6.855  6.545  6.235  5.926  5.616  5.306  4.996  4.686  4.377  4.067  3.757  3.447  3.138  2.828  2.518  2.208  1.899  1.589  1.279  0.969  0.660  0.350 
23.616 23.305 22.995 22.684 22.373 22.062 21.751 21.441 21.130 20.819 20.509 20.198 19.887 19.577 19.266 18.956 18.645 18.334 18.024 17.713 17.403 17.093 16.782 16.472 16.161 15.851 15.541 15.230 14.920 14.610 14.299 13.989 13.679 13.369 13.058 12.748 12.438 12.128 11.818 11.508 11.197 10.887 10.577 10.267  9.957  9.647  9.337  9.027  8.717  8.407  8.097  7.787  7.477  7.167  6.857  6.547  6.237  5.927  5.618  5.308  4.998  4.688  4.378  4.068  3.758  3.448  3.139  2.829  2.519  2.209  1.899  1.589  1.279  0.970  0.660  0.350 
23.621 23.310 22.999 22.688 22.378 22.067 21.756 21.445 21.135 20.824 20.513 20.202 19.892 19.581 19.271 18.960 18.649 18.339 18.028 17.718 17.407 17.097 16.786 16.476 16.165 15.855 15.545 15.234 14.924 14.613 14.303 13.993 13.683 13.372 13.062 12.752 12.441 12.131 11.821 11.511 11.201 10.890 10.580 10.270  9.960  9.650  9.340  9.030  8.720  8.410  8.099  7.789  7.479  7.169  6.859  6.549  6.239  5.929  5.619  5.309  4.999  4.689  4.379  4.069  3.759  3.449  3.140  2.830  2.520  2.210  1.900  1.590  1.280  0.970  0.660  0.350 
23.625 23.314 23.003 22.693 22.382 22.071 21.760 21.449 21.139 20.828 20.517 20.207 19.896 19.585 19.275 18.964 18.653 18.343 18.032 17.722 17.411 17.101 16.790 16.480 16.169 15.859 15.548 15.238 14.927 14.617 14.307 13.996 13.686 13.375 13.065 12.755 12.445 12.134 11.824 11.514 11.203 10.893 10.583 10.273  9.963  9.652  9.342  9.032  8.722  8.412  8.102  7.791  7.481  7.171  6.861  6.551  6.241  5.931  5.621  5.311  5.001  4.691  4.381  4.070  3.760  3.450  3.140  2.830  2.520  2.210  1.900  1.590  1.280  0.970  0.660  0.350 
23.629 23.318 23.007 22.696 22.386 22.075 21.764 21.453 21.142 20.832 20.521 20.210 19.900 19.589 19.278 18.968 18.657 18.346 18.036 17.725 17.415 17.104 16.793 16.483 16.172 15.862 15.551 15.241 14.931 14.620 14.310 13.999 13.689 13.378 13.068 12.758 12.447 12.137 11.827 11.516 11.206 10.896 10.585 10.275  9.965  9.655  9.344  9.034  8.724  8.414  8.104  7.793  7.483  7.173  6.863  6.553  6.242  5.932  5.622  5.312  5.002  4.692  4.382  4.072  3.761  3.451  3.141  2.831  2.521  2.211  1.901  1.591  1.281  0.970  0.660  0.350 
23.632 23.322 23.011 22.700 22.389 22.078 21.767 21.457 21.146 20.835 20.524 20.214 19.903 19.592 19.282 18.971 18.660 18.350 18.039 17.728 17.418 17.107 16.797 16.486 16.176 15.865 15.554 15.244 14.933 14.623 14.312 14.002 13.692 13.381 13.071 12.760 12.450 12.140 11.829 11.519 11.208 10.898 10.588 10.277  9.967  9.657  9.346  9.036  8.726  8.416  8.105  7.795  7.485  7.175  6.864  6.554  6.244  5.934  5.623  5.313  5.003  4.693  4.383  4.072  3.762  3.452  3.142  2.832  2.522  2.211  1.901  1.591  1.281  0.971  0.661  0.350 
23.636 23.325 23.014 22.703 22.392 22.081 21.771 21.460 21.149 20.838 20.527 20.217 19.906 19.595 19.285 18.974 18.663 18.353 18.042 17.731 17.421 17.110 16.799 16.489 16.178 15.868 15.557 15.247 14.936 14.626 14.315 14.005 13.694 13.384 13.073 12.763 12.452 12.142 11.831 11.521 11.211 10.900 10.590 10.279  9.969  9.659  9.348  9.038  8.728  8.417  8.107  7.797  7.486  7.176  6.866  6.555  6.245  5.935  5.625  5.314  5.004  4.694  4.384  4.073  3.763  3.453  3.143  2.832  2.522  2.212  1.902  1.591  1.281  0.971  0.661  0.350 
23.639 23.328 23.017 22.706 22.395 22.084 21.773 21.463 21.152 20.841 20.530 20.220 19.909 19.598 19.287 18.977 18.666 18.355 18.045 17.734 17.423 17.113 16.802 16.491 16.181 15.870 15.560 15.249 14.939 14.628 14.317 14.007 13.696 13.386 13.075 12.765 12.454 12.144 11.833 11.523 11.213 10.902 10.592 10.281  9.971  9.660  9.350  9.040  8.729  8.419  8.108  7.798  7.488  7.177  6.867  6.557  6.246  5.936  5.626  5.315  5.005  4.695  4.384  4.074  3.764  3.453  3.143  2.833  2.523  2.212  1.902  1.592  1.281  0.971  0.661  0.350 
23.641 23.330 23.019 22.709 22.398 22.087 21.776 21.465 21.154 20.844 20.533 20.222 19.911 19.601 19.290 18.979 18.668 18.358 18.047 17.736 17.426 17.115 16.804 16.494 16.183 15.872 15.562 15.251 14.941 14.630 14.320 14.009 13.698 13.388 13.077 12.767 12.456 12.146 11.835 11.525 11.214 10.904 10.593 10.283  9.972  9.662  9.352  9.041  8.731  8.420  8.110  7.799  7.489  7.179  6.868  6.558  6.247  5.937  5.627  5.316  5.006  4.695  4.385  4.075  3.764  3.454  3.144  2.833  2.523  2.213  1.902  1.592  1.282  0.971  0.661  0.351 
23.643 23.333 23.022 22.711 22.400 22.089 21.778 21.468 21.157 20.846 20.535 20.224 19.914 19.603 19.292 18.981 18.671 18.360 18.049 17.739 17.428 17.117 16.807 16.496 16.185 15.875 15.564 15.253 14.943 14.632 14.321 14.011 13.700 13.390 13.079 12.769 12.458 12.147 11.837 11.526 11.216 10.905 10.595 10.284  9.974  9.663  9.353  9.042  8.732  8.421  8.111  7.801  7.490  7.180  6.869  6.559  6.248  5.938  5.627  5.317  5.007  4.696  4.386  4.075  3.765  3.455  3.144  2.834  2.523  2.213  1.903  1.592  1.282  0.971  0.661  0.351 
23.646 23.335 23.024 22.713 22.402 22.091 21.781 21.470 21.159 20.848 20.537 20.227 19.916 19.605 19.294 18.983 18.673 18.362 18.051 17.741 17.430 17.119 16.808 16.498 16.187 15.876 15.566 15.255 14.944 14.634 14.323 14.013 13.702 13.391 13.081 12.770 12.460 12.149 11.838 11.528 11.217 10.907 10.596 10.286  9.975  9.665  9.354  9.044  8.733  8.423  8.112  7.802  7.491  7.181  6.870  6.560  6.249  5.939  5.628  5.318  5.007  4.697  4.386  4.076  3.766  3.455  3.145  2.834  2.524  2.213  1.903  1.592  1.282  0.972  0.661  0.351 
23.648 23.337 23.026 22.715 22.404 22.093 21.782 21.472 21.161 20.850 20.539 20.228 19.918 19.607 19.296 18.985 18.675 18.364 18.053 17.742 17.432 17.121 16.810 16.500 16.189 15.878 15.567 15.257 14.946 14.635 14.325 14.014 13.704 13.393 13.082 12.772 12.461 12.150 11.840 11.529 11.219 10.908 10.598 10.287  9.976  9.666  9.355  9.045  8.734  8.424  8.113  7.803  7.492  7.182  6.871  6.560  6.250  5.939  5.629  5.318  5.008  4.697  4.387  4.076  3.766  3.455  3.145  2.835  2.524  2.214  1.903  1.593  1.282  0.972  0.661  0.351 
23.649 23.339 23.028 22.717 22.406 22.095 21.784 21.473 21.163 20.852 20.541 20.230 19.919 19.609 19.298 18.987 18.676 18.365 18.055 17.744 17.433 17.123 16.812 16.501 16.190 15.880 15.569 15.258 14.948 14.637 14.326 14.016 13.705 13.394 13.084 12.773 12.462 12.152 11.841 11.531 11.220 10.909 10.599 10.288  9.977  9.667  9.356  9.046  8.735  8.425  8.114  7.803  7.493  7.182  6.872  6.561  6.251  5.940  5.630  5.319  5.009  4.698  4.387  4.077  3.766  3.456  3.145  2.835  2.524  2.214  1.903  1.593  1.282  0.972  0.661  0.351 
23.651 23.340 23.029 22.718 22.408 22.097 21.786 21.475 21.164 20.853 20.543 20.232 19.921 19.610 19.299 18.989 18.678 18.367 18.056 17.746 17.435 17.124 16.813 16.503 16.192 15.881 15.570 15.260 14.949 14.638 14.328 14.017 13.706 13.396 13.085 12.774 12.464 12.153 11.842 11.532 11.221 10.910 10.600 10.289  9.978  9.668  9.357  9.047  8.736  8.425  8.115  7.804  7.494  7.183  6.873  6.562  6.251  5.941  5.630  5.320  5.009  4.699  4.388  4.077  3.767  3.456  3.146  2.835  2.525  2.214  1.904  1.593  1.282  0.972  0.661  0.351 
23.652 23.342 23.031 22.720 22.409 22.098 21.787 21.476 21.166 20.855 20.544 20.233 19.922 19.612 19.301 18.990 18.679 18.368 18.058 17.747 17.436 17.125 16.815 16.504 16.193 15.882 15.572 15.261 14.950 14.639 14.329 14.018 13.707 13.397 13.086 12.775 12.465 12.154 11.843 11.533 11.222 10.911 10.601 10.290  9.979  9.669  9.358  9.047  8.737  8.426  8.116  7.805  7.494  7.184  6.873  6.563  6.252  5.941  5.631  5.320  5.010  4.699  4.388  4.078  3.767  3.457  3.146  2.835  2.525  2.214  1.904  1.593  1.283  0.972  0.661  0.351 
23.654 23.343 23.032 22.721 22.410 22.099 21.789 21.478 21.167 20.856 20.545 20.234 19.924 19.613 19.302 18.991 18.680 18.370 18.059 17.748 17.437 17.127 16.816 16.505 16.194 15.884 15.573 15.262 14.951 14.641 14.330 14.019 13.708 13.398 13.087 12.776 12.466 12.155 11.844 11.534 11.223 10.912 10.602 10.291  9.980  9.670  9.359  9.048  8.738  8.427  8.116  7.806  7.495  7.184  6.874  6.563  6.252  5.942  5.631  5.321  5.010  4.699  4.389  4.078  3.768  3.457  3.146  2.836  2.525  2.214  1.904  1.593  1.283  0.972  0.661  0.351 
23.655 23.344 23.033 22.722 22.412 22.101 21.790 21.479 21.168 20.857 20.546 20.236 19.925 19.614 19.303 18.992 18.682 18.371 18.060 17.749 17.438 17.128 16.817 16.506 16.195 15.885 15.574 15.263 14.952 14.642 14.331 14.020 13.709 13.399 13.088 12.777 12.467 12.156 11.845 11.534 11.224 10.913 10.602 10.292  9.981  9.670  9.360  9.049  8.738  8.428  8.117  7.806  7.496  7.185  6.874  6.564  6.253  5.942  5.632  5.321  5.010  4.700  4.389  4.078  3.768  3.457  3.147  2.836  2.525  2.215  1.904  1.593  1.283  0.972  0.662  0.351 
23.656 23.345 23.034 22.724 22.413 22.102 21.791 21.480 21.169 20.858 20.548 20.237 19.926 19.615 19.304 18.993 18.683 18.372 18.061 17.750 17.439 17.129 16.818 16.507 16.196 15.886 15.575 15.264 14.953 14.642 14.332 14.021 13.710 13.399 13.089 12.778 12.467 12.156 11.845 11.534 11.223 10.911 10.600 10.288  9.975  9.662  9.349  9.034  8.718  8.401  8.082  7.761  7.438  7.111  6.781  6.446  6.107  5.763  5.413  5.056  4.692  4.321  3.942  3.555  3.159  2.755  2.344  1.924  1.496  1.055  0.594  0.104 -0.446 -1.135 -1.836 -2.540 
23.651 23.340 23.029 22.717 22.406 22.094 21.783 21.471 21.159 20.847 20.535 20.222 19.909 19.596 19.283 18.969 18.655 18.341 18.026 17.711 17.395 17.079 16.762 16.445 16.127 15.808 15.489 15.169 14.848 14.526 14.203 13.879 13.554 13.228 12.900 12.572 12.242 11.910 11.578 11.243 10.908 10.570 10.231  9.890  9.548  9.204  8.858  8.510  8.160  7.809  7.455  7.100  6.743  6.384  6.024  5.661  5.297  4.932  4.565  4.196  3.826  3.455  3.083  2.710  2.335  1.961  1.585  1.210  0.834  0.458  0.082 -0.159 -0.315 -0.468 -0.617 -0.760 
23.576 23.265 22.954 22.641 22.329 22.016 21.702 21.388 21.073 20.758 20.442 20.125 19.808 19.491 19.173 18.854 18.535 18.215 17.894 17.573 17.251 16.928 16.605 16.281 15.957 15.631 15.305 14.979 14.651 14.323 13.995 13.665 13.335 13.004 12.673 12.341 12.009 11.676 11.342 11.008 10.674 10.339 10.005  9.670  9.335  9.001  8.667  8.333  8.001  7.669  7.339  7.011  6.685  6.361  6.041  5.725  5.412  5.105  4.804  4.508  4.220  3.939  3.666  3.402  3.148  2.903  2.669  2.445  2.231  2.028  1.836  1.654  1.481  1.319  1.165  1.020 
23.457 23.146 22.834 22.522 22.210 21.897 21.584 21.270 20.956 20.642 20.327 20.012 19.696 19.380 19.064 18.748 18.432 18.115 17.798 17.482 17.165 16.848 16.531 16.215 15.898 15.582 15.266 14.951 14.636 14.322 14.008 13.695 13.383 13.072 12.762 12.453 12.145 11.839 11.535 11.232 10.931 10.632 10.335 10.040  9.747  9.458  9.171  8.886  8.605  8.327  8.053  7.782  7.514  7.251  6.991  6.736  6.486  6.240  5.998  5.762  5.531  5.305  5.084  4.870  4.661  4.458  4.261  4.071  3.887  3.710  3.540  3.377  3.222  3.074  2.933  2.800 
23.421 23.111 22.800 22.489 22.179 21.869 21.559 21.249 20.940 20.631 20.322 20.013 19.705 19.397 19.089 18.782 18.476 18.170 17.864 17.559 17.255 16.951 16.649 16.347 16.046 15.745 15.446 15.148 14.851 14.555 14.261 13.968 13.676 13.385 13.096 12.809 12.523 12.239 11.956 11.676 11.397 11.120 10.845 10.572 10.300 10.031  9.764  9.499  9.236  8.975  8.716  8.460  8.205  7.952  7.702  7.453  7.207  6.962  6.719  6.478  6.239  6.002  5.766  5.531  5.299  5.067  4.837  4.607  4.379  4.152  3.925  3.700  3.474  3.249  3.025  2.800 
23.520 23.209 22.899 22.590 22.281 21.974 21.666 21.360 21.054 20.749 20.445 20.141 19.838 19.536 19.235 18.934 18.634 18.335 18.037 17.740 17.444 17.149 16.854 16.561 16.268 15.977 15.686 15.397 15.109 14.821 14.535 14.250 13.966 13.684 13.402 13.122 12.842 12.565 12.288 12.012 11.738 11.465 11.193 10.923 10.654 10.386 10.119  9.853  9.589  9.326  9.064  8.803  8.543  8.285  8.027  7.771  7.515  7.261  7.007  6.755  6.503  6.252  6.002  5.753  5.504  5.257  5.009  4.762  4.516  4.270  4.024  3.779  3.534  3.289  3.045  2.800 
23.695 23.384 23.074 22.766 22.458 22.151 21.845 21.539 21.235 20.932 20.629 20.327 20.026 19.726 19.427 19.129 18.832 18.535 18.240 17.945 17.651 17.359 17.067 16.776 16.486 16.197 15.909 15.622 15.336 15.050 14.766 14.483 14.200 13.919 13.638 13.359 13.080 12.803 12.526 12.250 11.975 11.701 11.428 11.156 10.884 10.614 10.344 10.076  9.808  9.541  9.274  9.009  8.744  8.480  8.217  7.954  7.692  7.431  7.170  6.910  6.650  6.391  6.132  5.874  5.616  5.359  5.102  4.846  4.589  4.333  4.077  3.822  3.566  3.311  3.055  2.800 
23.892 23.582 23.272 22.964 22.656 22.349 22.043 21.738 21.434 21.131 20.828 20.527 20.226 19.926 19.627 19.329 19.032 18.736 18.441 18.146 17.853 17.560 17.268 16.977 16.687 16.398 16.109 15.822 15.535 15.249 14.964 14.680 14.396 14.114 13.832 13.551 13.271 12.991 12.713 12.435 12.158 11.881 11.605 11.330 11.056 10.783 10.510 10.237  9.966  9.695  9.424  9.154  8.885  8.617  8.348  8.081  7.814  7.547  7.281  7.015  6.749  6.484  6.220  5.955  5.691  5.427  5.164  4.901  4.638  4.375  4.112  3.849  3.587  3.325  3.062  2.800 
24.089 23.778 23.468 23.160 22.852 22.545 22.239 21.933 21.629 21.325 21.022 20.720 20.419 20.119 19.820 19.521 19.223 18.926 18.630 18.335 18.040 17.747 17.454 17.161 16.870 16.580 16.290 16.001 15.713 15.425 15.138 14.852 14.567 14.282 13.999 13.715 13.433 13.151 12.870 12.589 12.310 12.030 11.752 11.474 11.196 10.919 10.643 10.367 10.092  9.818  9.543  9.270  8.997  8.724  8.451  8.180  7.908  7.637  7.366  7.096  6.826  6.556  6.286  6.017  5.748  5.479  5.211  4.942  4.674  4.406  4.138  3.871  3.603  3.335  3.068  2.800 
24.273 23.963 23.653 23.344 23.036 22.729 22.422 22.116 21.812 21.507 21.204 20.901 20.600 20.299 19.998 19.699 19.400 19.102 18.805 18.508 18.212 17.917 17.623 17.330 17.037 16.745 16.453 16.162 15.872 15.583 15.294 15.006 14.719 14.432 14.146 13.860 13.575 13.291 13.007 12.724 12.442 12.160 11.878 11.597 11.317 11.037 10.758 10.479 10.200  9.922  9.644  9.367  9.091  8.814  8.538  8.263  7.987  7.712  7.438  7.163  6.889  6.615  6.342  6.068  5.795  5.522  5.250  4.977  4.705  4.432  4.160  3.888  3.616  3.344  3.072  2.800 
24.443 24.133 23.823 23.514 23.206 22.898 22.591 22.285 21.980 21.675 21.371 21.068 20.765 20.463 20.162 19.862 19.562 19.263 18.964 18.667 18.369 18.073 17.777 17.482 17.188 16.894 16.601 16.308 16.017 15.725 15.435 15.145 14.855 14.566 14.278 13.990 13.703 13.416 13.130 12.844 12.559 12.275 11.990 11.707 11.423 11.141 10.858 10.576 10.295 10.014  9.733  9.453  9.173  8.893  8.614  8.335  8.056  7.778  7.500  7.222  6.944  6.667  6.390  6.113  5.836  5.560  5.283  5.007  4.731  4.455  4.179  3.903  3.627  3.351  3.076  2.800 
24.599 24.288 23.979 23.669 23.361 23.053 22.746 22.439 22.133 21.828 21.523 21.219 20.916 20.613 20.311 20.010 19.709 19.409 19.109 18.810 18.512 18.214 17.917 17.621 17.325 17.030 16.735 16.441 16.147 15.854 15.562 15.270 14.978 14.687 14.397 14.107 13.818 13.529 13.240 12.952 12.665 12.378 12.091 11.805 11.519 11.234 10.949 10.664 10.380 10.096  9.812  9.529  9.246  8.964  8.682  8.400  8.118  7.837  7.555  7.274  6.994  6.713  6.433  6.153  5.873  5.593  5.313  5.034  4.754  4.475  4.196  3.916  3.637  3.358  3.079  2.800 
24.741 24.430 24.120 23.811 23.502 23.194 22.886 22.579 22.273 21.967 21.662 21.357 21.053 20.750 20.447 20.145 19.843 19.542 19.241 18.941 18.642 18.343 18.044 17.747 17.449 17.153 16.856 16.561 16.265 15.971 15.676 15.383 15.090 14.797 14.504 14.213 13.921 13.630 13.340 13.050 12.760 12.471 12.182 11.893 11.605 11.317 11.030 10.743 10.456 10.170  9.884  9.598  9.313  9.027  8.742  8.458  8.173  7.889  7.605  7.321  7.038  6.754  6.471  6.188  5.905  5.623  5.340  5.057  4.775  4.493  4.211  3.928  3.646  3.364  3.082  2.800 
24.869 24.558 24.248 23.939 23.630 23.321 23.014 22.706 22.399 22.093 21.787 21.482 21.178 20.873 20.570 20.267 19.964 19.662 19.361 19.060 18.759 18.459 18.160 17.861 17.562 17.264 16.966 16.669 16.373 16.076 15.781 15.485 15.190 14.896 14.602 14.308 14.015 13.722 13.430 13.138 12.846 12.555 12.264 11.973 11.683 11.393 11.104 10.814 10.525 10.237  9.948  9.660  9.372  9.085  8.797  8.510  8.223  7.937  7.650  7.364  7.078  6.792  6.506  6.220  5.935  5.649  5.364  5.079  4.794  4.509  4.224  3.939  3.654  3.370  3.085  2.800 
24.986 24.675 24.365 24.055 23.746 23.437 23.129 22.821 22.514 22.208 21.901 21.596 21.290 20.986 20.681 20.378 20.074 19.771 19.469 19.167 18.866 18.565 18.264 17.964 17.664 17.365 17.066 16.768 16.470 16.172 15.875 15.578 15.282 14.986 14.690 14.395 14.100 13.806 13.512 13.218 12.924 12.631 12.338 12.046 11.754 11.462 11.170 10.879 10.588 10.297 10.007  9.716  9.426  9.137  8.847  8.558  8.269  7.980  7.691  7.402  7.114  6.826  6.537  6.249  5.961  5.674  5.386  5.098  4.811  4.524  4.236  3.949  3.662  3.374  3.087  2.800 
25.091 24.781 24.470 24.161 23.851 23.542 23.234 22.926 22.618 22.311 22.005 21.699 21.393 21.087 20.783 20.478 20.174 19.870 19.567 19.265 18.962 18.660 18.359 18.058 17.757 17.456 17.156 16.857 16.558 16.259 15.960 15.662 15.365 15.067 14.770 14.474 14.177 13.881 13.585 13.290 12.995 12.700 12.406 12.112 11.818 11.524 11.231 10.937 10.645 10.352 10.060  9.767  9.475  9.184  8.892  8.601  8.310  8.019  7.728  7.437  7.146  6.856  6.566  6.276  5.986  5.696  5.406  5.116  4.826  4.537  4.247  3.958  3.668  3.379  3.089  2.800 
25.187 24.876 24.566 24.256 23.947 23.638 23.329 23.021 22.713 22.406 22.098 21.792 21.486 21.180 20.874 20.569 20.265 19.960 19.656 19.353 19.050 18.747 18.444 18.142 17.841 17.539 17.238 16.938 16.638 16.338 16.038 15.739 15.440 15.141 14.843 14.545 14.247 13.950 13.653 13.356 13.059 12.763 12.467 12.171 11.876 11.580 11.285 10.991 10.696 10.402 10.107  9.814  9.520  9.226  8.933  8.640  8.347  8.054  7.761  7.469  7.176  6.884  6.592  6.300  6.008  5.716  5.424  5.132  4.840  4.549  4.257  3.966  3.674  3.383  3.091  2.800 
25.274 24.963 24.653 24.343 24.033 23.724 23.415 23.107 22.799 22.491 22.183 21.876 21.570 21.263 20.957 20.652 20.347 20.042 19.737 19.433 19.129 18.825 18.522 18.219 17.917 17.615 17.313 17.011 16.710 16.409 16.108 15.808 15.508 15.208 14.909 14.609 14.310 14.012 13.713 13.415 13.117 12.820 12.522 12.225 11.928 11.631 11.335 11.039 10.742 10.447 10.151  9.855  9.560  9.265  8.970  8.675  8.380  8.086  7.791  7.497  7.203  6.909  6.615  6.321  6.027  5.734  5.440  5.147  4.853  4.560  4.266  3.973  3.680  3.386  3.093  2.800 
25.353 25.042 24.731 24.421 24.112 23.802 23.493 23.185 22.876 22.568 22.260 21.953 21.646 21.339 21.033 20.727 20.421 20.115 19.810 19.505 19.201 18.897 18.593 18.289 17.986 17.683 17.380 17.078 16.775 16.474 16.172 15.871 15.570 15.269 14.968 14.668 14.368 14.068 13.768 13.469 13.170 12.871 12.572 12.274 11.976 11.678 11.380 11.082 10.785 10.487 10.190  9.893  9.597  9.300  9.003  8.707  8.411  8.115  7.819  7.523  7.227  6.932  6.636  6.341  6.045  5.750  5.455  5.160  4.865  4.570  4.275  3.980  3.685  3.390  3.095  2.800 
25.424 25.113 24.803 24.493 24.183 23.873 23.564 23.255 22.947 22.638 22.330 22.023 21.715 21.408 21.101 20.795 20.488 20.182 19.877 19.571 19.266 18.961 18.657 18.352 18.048 17.745 17.441 17.138 16.835 16.532 16.230 15.927 15.625 15.324 15.022 14.721 14.420 14.119 13.818 13.518 13.218 12.918 12.618 12.318 12.019 11.720 11.421 11.122 10.823 10.524 10.226  9.928  9.630  9.332  9.034  8.736  8.439  8.141  7.844  7.546  7.249  6.952  6.655  6.358  6.062  5.765  5.468  5.172  4.875  4.579  4.282  3.986  3.689  3.393  3.096  2.800 
25.489 25.178 24.867 24.557 24.247 23.938 23.628 23.319 23.010 22.702 22.394 22.086 21.778 21.470 21.163 20.856 20.549 20.243 19.937 19.631 19.325 19.020 18.715 18.410 18.105 17.801 17.497 17.193 16.889 16.585 16.282 15.979 15.676 15.374 15.071 14.769 14.467 14.165 13.864 13.562 13.261 12.960 12.659 12.358 12.058 11.758 11.457 11.157 10.858 10.558 10.258  9.959  9.660  9.360  9.061  8.762  8.464  8.165  7.866  7.568  7.269  6.971  6.673  6.375  6.076  5.778  5.480  5.182  4.885  4.587  4.289  3.991  3.693  3.395  3.098  2.800 
25.547 25.237 24.926 24.616 24.306 23.996 23.687 23.377 23.068 22.759 22.451 22.143 21.835 21.527 21.219 20.912 20.605 20.298 19.991 19.685 19.379 19.073 18.767 18.462 18.157 17.851 17.547 17.242 16.938 16.633 16.330 16.026 15.722 15.419 15.116 14.813 14.510 14.207 13.905 13.602 13.300 12.998 12.697 12.395 12.093 11.792 11.491 11.190 10.889 10.588 10.288  9.987  9.687  9.386  9.086  8.786  8.486  8.186  7.887  7.587  7.287  6.988  6.689  6.389  6.090  5.791  5.491  5.192  4.893  4.594  4.295  3.996  3.697  3.398  3.099  2.800 
25.600 25.290 24.979 24.669 24.359 24.049 23.739 23.430 23.121 22.812 22.503 22.194 21.886 21.578 21.270 20.963 20.655 20.348 20.041 19.734 19.427 19.121 18.815 18.509 18.203 17.898 17.592 17.287 16.982 16.677 16.373 16.068 15.764 15.460 15.156 14.852 14.549 14.245 13.942 13.639 13.336 13.033 12.730 12.428 12.126 11.823 11.521 11.219 10.918 10.616 10.314 10.013  9.711  9.410  9.109  8.808  8.507  8.206  7.905  7.605  7.304  7.003  6.703  6.402  6.102  5.802  5.501  5.201  4.901  4.601  4.301  4.000  3.700  3.400  3.100  2.800 
25.649 25.338 25.027 24.717 24.407 24.097 23.787 23.478 23.168 22.859 22.550 22.241 21.933 21.624 21.316 21.008 20.701 20.393 20.086 19.778 19.471 19.165 18.858 18.552 18.245 17.939 17.633 17.328 17.022 16.717 16.412 16.106 15.802 15.497 15.192 14.888 14.584 14.280 13.976 13.672 13.368 13.065 12.761 12.458 12.155 11.852 11.549 11.246 10.943 10.641 10.338 10.036  9.734  9.432  9.129  8.828  8.526  8.224  7.922  7.620  7.319  7.017  6.716  6.414  6.113  5.812  5.510  5.209  4.908  4.607  4.306  4.004  3.703  3.402  3.101  2.800 
