31.916 31.605 31.294 30.983 30.673 30.362 30.051 29.740 29.429 29.118 28.807 28.496 28.185 27.874 27.564 27.253 26.942 26.631 26.320 26.009 25.698 25.387 25.076 24.765 24.454 24.143 23.832 23.521 23.210 22.899 22.588 22.277 21.966 21.654 21.343 21.032 20.721 20.409 20.098 19.786 19.474 19.163 18.851 18.539 18.227 17.915 17.602 17.290 16.977 16.664 16.351 16.038 15.724 15.410 15.096 14.782 14.467 14.152 13.836 13.521 13.204 12.888 12.570 12.253 11.934 11.615 11.296 10.976 10.655 10.334 10.012  9.689  9.365  9.040  8.715  8.389 
31.914 31.603 31.292 30.981 30.670 30.359 30.048 29.737 29.426 29.115 28.804 28.493 28.182 27.870 27.559 27.248 26.937 26.625 26.314 26.002 25.691 25.379 25.067 24.755 24.444 24.132 23.820 23.508 23.195 22.883 22.570 22.258 21.945 21.632 21.319 21.006 20.693 20.379 20.066 19.752 19.437 19.123 18.809 18.494 18.179 17.863 17.547 17.231 16.915 16.598 16.281 15.964 15.646 15.328 15.009 14.690 14.370 14.050 13.729 13.408 13.086 12.764 12.441 12.118 11.793 11.468 11.143 10.817 10.489 10.162  9.833  9.504  9.173  8.842  8.510  8.177 
31.903 31.592 31.281 30.970 30.659 30.348 30.037 29.725 29.414 29.102 28.791 28.479 28.167 27.855 27.543 27.231 26.919 26.606 26.294 25.981 25.668 25.356 25.043 24.729 24.416 24.103 23.789 23.475 23.161 22.847 22.533 22.218 21.903 21.588 21.273 20.957 20.641 20.325 20.009 19.692 19.375 19.058 18.740 18.422 18.104 17.785 17.466 17.147 16.827 16.506 16.185 15.864 15.542 15.220 14.897 14.574 14.250 13.925 13.600 13.275 12.948 12.622 12.294 11.966 11.637 11.307 10.976 10.645 10.313  9.980  9.647  9.312  8.977  8.641  8.304  7.966 
31.879 31.568 31.257 30.945 30.634 30.322 30.011 29.699 29.387 29.075 28.763 28.450 28.137 27.825 27.512 27.199 26.885 26.572 26.258 25.944 25.630 25.316 25.001 24.687 24.372 24.057 23.741 23.425 23.110 22.793 22.477 22.160 21.843 21.526 21.208 20.890 20.572 20.253 19.934 19.615 19.295 18.975 18.654 18.333 18.012 17.690 17.368 17.045 16.722 16.398 16.074 15.749 15.424 15.098 14.771 14.444 14.116 13.788 13.459 13.130 12.799 12.469 12.137 11.805 11.472 11.138 10.803 10.468 10.132  9.795  9.457  9.118  8.778  8.438  8.097  7.754 
31.839 31.528 31.216 30.905 30.593 30.282 29.970 29.657 29.345 29.032 28.719 28.406 28.092 27.779 27.465 27.151 26.836 26.522 26.207 25.892 25.576 25.261 24.945 24.628 24.312 23.995 23.678 23.360 23.043 22.725 22.406 22.087 21.768 21.449 21.129 20.808 20.488 20.167 19.845 19.523 19.201 18.878 18.555 18.231 17.907 17.582 17.257 16.931 16.605 16.278 15.951 15.623 15.294 14.965 14.635 14.305 13.974 13.642 13.310 12.977 12.643 12.308 11.973 11.637 11.301 10.963 10.625 10.286  9.946  9.605  9.264  8.921  8.578  8.234  7.889  7.543 
31.783 31.472 31.161 30.850 30.538 30.226 29.913 29.600 29.287 28.974 28.661 28.347 28.033 27.718 27.403 27.088 26.773 26.457 26.141 25.825 25.508 25.191 24.874 24.556 24.238 23.920 23.601 23.282 22.962 22.642 22.322 22.001 21.680 21.358 21.036 20.714 20.391 20.068 19.744 19.420 19.095 18.770 18.444 18.118 17.791 17.464 17.136 16.807 16.478 16.149 15.818 15.487 15.156 14.824 14.491 14.158 13.824 13.489 13.154 12.817 12.481 12.143 11.805 11.466 11.126 10.785 10.443 10.101  9.758  9.414  9.069  8.723  8.377  8.029  7.681  7.331 
31.714 31.403 31.092 30.780 30.468 30.155 29.843 29.530 29.216 28.902 28.588 28.274 27.959 27.644 27.328 27.012 26.696 26.379 26.062 25.744 25.427 25.108 24.790 24.471 24.151 23.831 23.511 23.190 22.869 22.548 22.226 21.903 21.580 21.257 20.933 20.609 20.284 19.958 19.632 19.306 18.979 18.652 18.324 17.995 17.666 17.336 17.006 16.675 16.343 16.011 15.678 15.345 15.011 14.676 14.341 14.005 13.668 13.330 12.992 12.653 12.313 11.973 11.632 11.290 10.947 10.603 10.259  9.914  9.567  9.220  8.873  8.524  8.174  7.824  7.472  7.120 
31.631 31.320 31.009 30.697 30.385 30.072 29.759 29.446 29.132 28.817 28.503 28.188 27.872 27.556 27.240 26.923 26.606 26.288 25.970 25.652 25.333 25.014 24.694 24.374 24.053 23.732 23.410 23.088 22.765 22.442 22.119 21.795 21.470 21.145 20.819 20.493 20.166 19.839 19.511 19.183 18.854 18.525 18.194 17.864 17.532 17.201 16.868 16.535 16.201 15.867 15.532 15.196 14.859 14.522 14.184 13.846 13.506 13.166 12.826 12.484 12.142 11.799 11.455 11.110 10.765 10.419 10.072  9.724  9.375  9.025  8.675  8.323  7.971  7.618  7.264  6.909 
31.537 31.226 30.914 30.602 30.290 29.977 29.664 29.350 29.036 28.721 28.406 28.090 27.774 27.457 27.140 26.823 26.505 26.187 25.868 25.548 25.228 24.908 24.587 24.266 23.944 23.621 23.299 22.975 22.651 22.327 22.002 21.676 21.350 21.024 20.696 20.369 20.040 19.711 19.382 19.052 18.721 18.390 18.058 17.725 17.392 17.058 16.723 16.388 16.052 15.716 15.379 15.041 14.702 14.363 14.023 13.682 13.340 12.998 12.655 12.311 11.967 11.621 11.275 10.928 10.580 10.232  9.882  9.532  9.181  8.829  8.476  8.122  7.767  7.411  7.055  6.697 
31.431 31.120 30.809 30.497 30.184 29.871 29.557 29.243 28.929 28.613 28.298 27.982 27.665 27.348 27.030 26.712 26.394 26.074 25.755 25.434 25.114 24.792 24.471 24.148 23.825 23.502 23.178 22.853 22.528 22.202 21.876 21.549 21.222 20.894 20.565 20.236 19.906 19.576 19.244 18.913 18.580 18.247 17.914 17.579 17.244 16.909 16.572 16.235 15.898 15.559 15.220 14.880 14.540 14.198 13.856 13.514 13.170 12.826 12.481 12.135 11.788 11.440 11.092 10.743 10.393 10.042  9.691  9.338  8.985  8.630  8.275  7.919  7.562  7.204  6.845  6.486 
31.316 31.005 30.693 30.381 30.068 29.755 29.441 29.127 28.812 28.496 28.180 27.864 27.547 27.229 26.911 26.592 26.273 25.953 25.633 25.312 24.990 24.668 24.345 24.022 23.698 23.374 23.049 22.723 22.397 22.070 21.742 21.414 21.086 20.756 20.426 20.096 19.765 19.433 19.100 18.767 18.433 18.099 17.764 17.428 17.091 16.754 16.416 16.077 15.738 15.398 15.057 14.715 14.373 14.030 13.686 13.341 12.996 12.650 12.303 11.955 11.606 11.257 10.907 10.556 10.204  9.851  9.497  9.143  8.787  8.431  8.074  7.716  7.357  6.997  6.636  6.274 
31.192 30.881 30.569 30.257 29.944 29.630 29.316 29.002 28.686 28.371 28.054 27.737 27.420 27.102 26.783 26.464 26.144 25.823 25.502 25.180 24.858 24.535 24.212 23.888 23.563 23.238 22.912 22.585 22.258 21.930 21.601 21.272 20.943 20.612 20.281 19.949 19.617 19.284 18.950 18.615 18.280 17.944 17.608 17.270 16.932 16.594 16.254 15.914 15.573 15.231 14.889 14.546 14.202 13.857 13.512 13.165 12.818 12.470 12.122 11.772 11.422 11.071 10.719 10.366 10.012  9.657  9.302  8.946  8.589  8.230  7.871  7.512  7.151  6.789  6.426  6.063 
31.059 30.748 30.436 30.124 29.811 29.497 29.183 28.868 28.553 28.237 27.920 27.603 27.285 26.966 26.647 26.327 26.007 25.686 25.364 25.042 24.719 24.395 24.071 23.746 23.421 23.095 22.768 22.440 22.112 21.783 21.454 21.124 20.793 20.461 20.129 19.796 19.463 19.129 18.794 18.458 18.122 17.784 17.447 17.108 16.769 16.429 16.088 15.746 15.404 15.061 14.717 14.372 14.027 13.681 13.334 12.986 12.637 12.288 11.938 11.587 11.235 10.882 10.528 10.174  9.819  9.462  9.105  8.747  8.389  8.029  7.668  7.307  6.944  6.581  6.217  5.851 
30.919 30.608 30.296 29.984 29.671 29.357 29.043 28.728 28.412 28.096 27.779 27.461 27.143 26.824 26.504 26.184 25.863 25.541 25.219 24.896 24.573 24.249 23.924 23.598 23.272 22.945 22.618 22.289 21.960 21.631 21.300 20.969 20.638 20.305 19.972 19.638 19.304 18.968 18.632 18.295 17.958 17.620 17.281 16.941 16.600 16.259 15.917 15.574 15.231 14.886 14.541 14.195 13.849 13.501 13.153 12.804 12.454 12.103 11.751 11.399 11.045 10.691 10.336  9.980  9.624  9.266  8.907  8.548  8.188  7.826  7.464  7.101  6.737  6.373  6.007  5.640 
30.773 30.462 30.150 29.837 29.524 29.210 28.896 28.580 28.264 27.948 27.631 27.313 26.994 26.675 26.355 26.034 25.713 25.391 25.068 24.745 24.421 24.096 23.770 23.444 23.117 22.790 22.462 22.133 21.803 21.473 21.141 20.810 20.477 20.144 19.810 19.475 19.139 18.803 18.466 18.128 17.790 17.451 17.111 16.770 16.428 16.086 15.743 15.399 15.054 14.709 14.362 14.015 13.667 13.319 12.969 12.619 12.267 11.915 11.562 11.209 10.854 10.499 10.142  9.785  9.427  9.068  8.708  8.347  7.986  7.623  7.260  6.895  6.530  6.164  5.797  5.429 
30.620 30.309 29.997 29.685 29.371 29.057 28.743 28.427 28.111 27.794 27.477 27.159 26.840 26.520 26.200 25.879 25.557 25.235 24.911 24.588 24.263 23.938 23.612 23.285 22.958 22.629 22.301 21.971 21.641 21.309 20.978 20.645 20.312 19.978 19.643 19.307 18.971 18.634 18.296 17.957 17.618 17.278 16.937 16.595 16.252 15.909 15.565 15.220 14.874 14.528 14.180 13.832 13.483 13.133 12.783 12.431 12.079 11.726 11.371 11.017 10.661 10.304  9.947  9.588  9.229  8.869  8.508  8.146  7.783  7.419  7.054  6.689  6.322  5.955  5.586  5.217 
30.462 30.151 29.839 29.526 29.213 28.899 28.584 28.268 27.952 27.635 27.317 26.999 26.680 26.360 26.039 25.718 25.396 25.073 24.750 24.425 24.100 23.775 23.448 23.121 22.793 22.464 22.135 21.804 21.474 21.142 20.809 20.476 20.142 19.807 19.472 19.135 18.798 18.460 18.122 17.782 17.442 17.101 16.759 16.417 16.073 15.729 15.384 15.038 14.691 14.344 13.996 13.646 13.296 12.946 12.594 12.241 11.888 11.534 11.179 10.823 10.466 10.108  9.750  9.390  9.030  8.668  8.306  7.943  7.579  7.214  6.849  6.482  6.114  5.746  5.376  5.006 
30.299 29.988 29.676 29.363 29.050 28.735 28.421 28.105 27.788 27.471 27.153 26.835 26.515 26.195 25.874 25.553 25.230 24.907 24.583 24.258 23.933 23.607 23.280 22.952 22.624 22.295 21.965 21.634 21.302 20.970 20.637 20.303 19.969 19.633 19.297 18.960 18.622 18.284 17.944 17.604 17.263 16.921 16.579 16.235 15.891 15.546 15.200 14.853 14.506 14.158 13.808 13.458 13.107 12.756 12.403 12.050 11.695 11.340 10.984 10.627 10.269  9.911  9.551  9.191  8.829  8.467  8.104  7.740  7.375  7.009  6.642  6.274  5.906  5.536  5.166  4.794 
30.131 29.820 29.508 29.195 28.882 28.568 28.253 27.937 27.620 27.303 26.985 26.666 26.346 26.026 25.705 25.383 25.060 24.737 24.412 24.087 23.762 23.435 23.108 22.780 22.451 22.121 21.791 21.459 21.127 20.795 20.461 20.127 19.791 19.455 19.119 18.781 18.443 18.103 17.763 17.423 17.081 16.738 16.395 16.051 15.706 15.360 15.014 14.666 14.318 13.969 13.619 13.268 12.916 12.564 12.210 11.856 11.501 11.145 10.788 10.430 10.071  9.712  9.351  8.990  8.628  8.265  7.901  7.536  7.170  6.803  6.435  6.067  5.697  5.327  4.955  4.583 
29.960 29.649 29.336 29.024 28.710 28.396 28.081 27.765 27.448 27.130 26.812 26.493 26.173 25.853 25.531 25.209 24.886 24.562 24.238 23.913 23.586 23.260 22.932 22.603 22.274 21.944 21.613 21.282 20.949 20.616 20.282 19.947 19.611 19.275 18.937 18.599 18.260 17.920 17.580 17.238 16.896 16.553 16.209 15.864 15.519 15.172 14.825 14.477 14.128 13.778 13.427 13.076 12.723 12.370 12.016 11.661 11.305 10.948 10.590 10.232  9.872  9.512  9.151  8.789  8.426  8.062  7.697  7.331  6.964  6.597  6.228  5.859  5.488  5.117  4.745  4.371 
29.784 29.473 29.161 28.848 28.535 28.220 27.905 27.589 27.272 26.954 26.636 26.317 25.997 25.676 25.354 25.032 24.709 24.385 24.060 23.734 23.408 23.081 22.753 22.424 22.094 21.764 21.433 21.101 20.768 20.434 20.099 19.764 19.428 19.091 18.753 18.414 18.075 17.735 17.394 17.052 16.709 16.365 16.021 15.675 15.329 14.982 14.634 14.285 13.936 13.585 13.234 12.882 12.528 12.175 11.820 11.464 11.107 10.750 10.391 10.032  9.672  9.311  8.949  8.586  8.222  7.858  7.492  7.126  6.758  6.390  6.020  5.650  5.279  4.907  4.534  4.160 
29.606 29.294 28.982 28.669 28.356 28.041 27.726 27.410 27.093 26.775 26.456 26.137 25.817 25.496 25.174 24.852 24.528 24.204 23.879 23.553 23.226 22.899 22.571 22.241 21.911 21.581 21.249 20.917 20.583 20.249 19.914 19.579 19.242 18.905 18.566 18.227 17.887 17.547 17.205 16.862 16.519 16.175 15.830 15.484 15.137 14.790 14.441 14.092 13.742 13.391 13.039 12.686 12.332 11.978 11.622 11.266 10.909 10.550 10.191  9.831  9.471  9.109  8.746  8.383  8.018  7.653  7.287  6.920  6.551  6.182  5.812  5.442  5.070  4.697  4.323  3.949 
29.424 29.112 28.800 28.487 28.174 27.859 27.544 27.227 26.910 26.593 26.274 25.954 25.634 25.313 24.991 24.668 24.345 24.020 23.695 23.369 23.042 22.714 22.386 22.056 21.726 21.395 21.063 20.730 20.397 20.062 19.727 19.391 19.054 18.716 18.377 18.038 17.698 17.356 17.014 16.671 16.328 15.983 15.637 15.291 14.944 14.596 14.247 13.897 13.546 13.195 12.842 12.489 12.134 11.779 11.423 11.066 10.709 10.350  9.990  9.630  9.268  8.906  8.543  8.179  7.814  7.448  7.081  6.713  6.344  5.975  5.604  5.233  4.860  4.487  4.112  3.737 
29.239 28.928 28.616 28.303 27.989 27.674 27.359 27.043 26.725 26.408 26.089 25.769 25.449 25.127 24.805 24.482 24.159 23.834 23.508 23.182 22.855 22.527 22.198 21.869 21.538 21.207 20.874 20.541 20.208 19.873 19.537 19.201 18.863 18.525 18.186 17.846 17.506 17.164 16.822 16.478 16.134 15.789 15.443 15.096 14.749 14.400 14.051 13.700 13.349 12.997 12.644 12.290 11.935 11.580 11.223 10.866 10.508 10.148  9.788  9.427  9.065  8.702  8.339  7.974  7.608  7.242  6.874  6.506  6.137  5.767  5.395  5.023  4.650  4.276  3.902  3.526 
29.052 28.741 28.429 28.116 27.802 27.487 27.172 26.855 26.538 26.220 25.901 25.581 25.261 24.939 24.617 24.294 23.970 23.645 23.320 22.993 22.666 22.338 22.009 21.679 21.348 21.016 20.684 20.351 20.016 19.681 19.345 19.009 18.671 18.333 17.993 17.653 17.312 16.970 16.627 16.283 15.939 15.593 15.247 14.900 14.552 14.203 13.853 13.502 13.151 12.798 12.445 12.090 11.735 11.379 11.022 10.664 10.306  9.946  9.585  9.224  8.861  8.498  8.134  7.769  7.402  7.035  6.668  6.299  5.929  5.558  5.187  4.814  4.440  4.066  3.691  3.314 
28.863 28.551 28.239 27.926 27.612 27.298 26.982 26.666 26.348 26.030 25.711 25.391 25.071 24.749 24.427 24.104 23.779 23.455 23.129 22.802 22.475 22.146 21.817 21.487 21.156 20.824 20.491 20.158 19.823 19.488 19.152 18.815 18.477 18.138 17.798 17.458 17.117 16.774 16.431 16.087 15.742 15.396 15.050 14.702 14.354 14.004 13.654 13.303 12.951 12.598 12.244 11.890 11.534 11.178 10.820 10.462 10.103  9.743  9.382  9.020  8.657  8.293  7.928  7.563  7.196  6.829  6.460  6.091  5.721  5.350  4.977  4.604  4.230  3.856  3.480  3.103 
28.671 28.360 28.048 27.735 27.421 27.106 26.790 26.474 26.157 25.838 25.519 25.199 24.879 24.557 24.235 23.911 23.587 23.262 22.936 22.609 22.281 21.953 21.623 21.293 20.962 20.630 20.297 19.963 19.628 19.293 18.957 18.619 18.281 17.942 17.602 17.261 16.920 16.577 16.234 15.889 15.544 15.198 14.851 14.503 14.154 13.805 13.454 13.103 12.750 12.397 12.043 11.688 11.332 10.975 10.617 10.259  9.899  9.538  9.177  8.815  8.451  8.087  7.722  7.356  6.989  6.621  6.253  5.883  5.512  5.141  4.768  4.395  4.020  3.645  3.269  2.891 
28.478 28.167 27.854 27.541 27.227 26.913 26.597 26.280 25.963 25.645 25.326 25.006 24.685 24.363 24.040 23.717 23.393 23.067 22.741 22.414 22.086 21.758 21.428 21.098 20.766 20.434 20.101 19.767 19.432 19.096 18.760 18.422 18.084 17.745 17.404 17.063 16.721 16.379 16.035 15.690 15.345 14.998 14.651 14.303 13.954 13.604 13.253 12.901 12.549 12.195 11.841 11.485 11.129 10.772 10.414 10.055  9.695  9.334  8.972  8.609  8.246  7.881  7.516  7.149  6.782  6.414  6.045  5.674  5.303  4.931  4.559  4.185  3.810  3.434  3.058  2.680 
28.283 27.972 27.659 27.346 27.032 26.718 26.402 26.085 25.768 25.449 25.130 24.810 24.489 24.167 23.845 23.521 23.197 22.871 22.545 22.218 21.890 21.561 21.231 20.901 20.569 20.237 19.904 19.569 19.234 18.898 18.562 18.224 17.885 17.546 17.205 16.864 16.522 16.179 15.835 15.490 15.144 14.798 14.450 14.102 13.752 13.402 13.051 12.699 12.346 11.992 11.637 11.282 10.925 10.568 10.209  9.850  9.489  9.128  8.766  8.403  8.039  7.674  7.309  6.942  6.574  6.206  5.836  5.466  5.094  4.722  4.349  3.975  3.600  3.224  2.847  2.469 
28.086 27.775 27.463 27.150 26.836 26.521 26.205 25.889 25.571 25.253 24.933 24.613 24.292 23.970 23.648 23.324 22.999 22.674 22.348 22.020 21.692 21.363 21.033 20.703 20.371 20.038 19.705 19.371 19.035 18.699 18.362 18.024 17.686 17.346 17.005 16.664 16.321 15.978 15.634 15.289 14.943 14.596 14.248 13.900 13.550 13.199 12.848 12.496 12.143 11.788 11.433 11.077 10.721 10.363 10.004  9.644  9.284  8.922  8.560  8.197  7.832  7.467  7.101  6.734  6.366  5.997  5.628  5.257  4.885  4.513  4.139  3.764  3.389  3.013  2.635  2.257 
27.888 27.577 27.265 26.952 26.638 26.323 26.007 25.690 25.373 25.054 24.735 24.415 24.094 23.772 23.449 23.125 22.801 22.475 22.149 21.821 21.493 21.164 20.834 20.503 20.171 19.839 19.505 19.171 18.835 18.499 18.162 17.824 17.485 17.145 16.804 16.462 16.120 15.776 15.432 15.087 14.741 14.393 14.045 13.697 13.347 12.996 12.644 12.292 11.938 11.584 11.229 10.872 10.515 10.157  9.798  9.438  9.078  8.716  8.353  7.990  7.625  7.260  6.893  6.526  6.158  5.789  5.419  5.048  4.676  4.303  3.929  3.554  3.178  2.802  2.424  2.046 
27.689 27.378 27.066 26.753 26.439 26.124 25.808 25.491 25.174 24.855 24.536 24.215 23.894 23.572 23.249 22.925 22.601 22.275 21.949 21.621 21.293 20.964 20.634 20.302 19.971 19.638 19.304 18.969 18.634 18.298 17.960 17.622 17.283 16.943 16.602 16.260 15.917 15.574 15.229 14.884 14.537 14.190 13.842 13.493 13.143 12.792 12.440 12.087 11.733 11.379 11.023 10.667 10.310  9.951  9.592  9.232  8.871  8.509  8.146  7.782  7.418  7.052  6.685  6.318  5.949  5.580  5.210  4.838  4.466  4.093  3.719  3.344  2.968  2.591  2.213  1.834 
27.489 27.178 26.865 26.552 26.238 25.923 25.607 25.291 24.973 24.655 24.335 24.015 23.694 23.372 23.048 22.725 22.400 22.074 21.747 21.420 21.092 20.762 20.432 20.101 19.769 19.436 19.102 18.767 18.432 18.095 17.758 17.419 17.080 16.740 16.399 16.057 15.714 15.370 15.025 14.680 14.333 13.986 13.637 13.288 12.938 12.587 12.235 11.882 11.528 11.173 10.817 10.461 10.103  9.745  9.385  9.025  8.664  8.302  7.939  7.574  7.210  6.844  6.477  6.109  5.740  5.371  5.000  4.629  4.256  3.883  3.509  3.133  2.757  2.380  2.002  1.623 
27.287 26.976 26.664 26.351 26.037 25.722 25.406 25.089 24.772 24.453 24.134 23.813 23.492 23.170 22.847 22.523 22.198 21.872 21.545 21.218 20.889 20.560 20.230 19.898 19.566 19.233 18.899 18.564 18.229 17.892 17.554 17.216 16.877 16.536 16.195 15.853 15.510 15.166 14.821 14.475 14.129 13.781 13.432 13.083 12.733 12.381 12.029 11.676 11.322 10.967 10.611 10.254  9.897  9.538  9.178  8.818  8.456  8.094  7.731  7.366  7.001  6.635  6.268  5.900  5.531  5.161  4.791  4.419  4.046  3.673  3.298  2.923  2.546  2.169  1.791  1.411 
27.085 26.774 26.462 26.148 25.834 25.519 25.204 24.887 24.569 24.251 23.931 23.611 23.289 22.967 22.644 22.320 21.995 21.669 21.342 21.015 20.686 20.357 20.026 19.695 19.363 19.030 18.696 18.361 18.025 17.688 17.350 17.012 16.672 16.332 15.991 15.648 15.305 14.961 14.616 14.270 13.923 13.575 13.227 12.877 12.527 12.175 11.823 11.470 11.115 10.760 10.404 10.047  9.689  9.330  8.971  8.610  8.248  7.886  7.522  7.158  6.793  6.426  6.059  5.691  5.322  4.952  4.581  4.209  3.836  3.462  3.088  2.712  2.335  1.958  1.579  1.200 
26.882 26.571 26.258 25.945 25.631 25.316 25.000 24.684 24.366 24.047 23.728 23.407 23.086 22.764 22.440 22.116 21.791 21.465 21.139 20.811 20.482 20.153 19.822 19.491 19.159 18.825 18.491 18.156 17.820 17.483 17.146 16.807 16.467 16.127 15.785 15.443 15.100 14.755 14.410 14.064 13.717 13.369 13.021 12.671 12.320 11.969 11.616 11.263 10.908 10.553 10.197  9.840  9.482  9.123  8.763  8.402  8.040  7.677  7.314  6.949  6.584  6.217  5.850  5.482  5.112  4.742  4.371  3.999  3.626  3.252  2.877  2.501  2.125  1.747  1.368  0.989 
26.678 26.367 26.054 25.741 25.427 25.112 24.796 24.479 24.162 23.843 23.524 23.203 22.882 22.559 22.236 21.912 21.587 21.261 20.934 20.606 20.278 19.948 19.618 19.286 18.954 18.620 18.286 17.951 17.615 17.278 16.940 16.601 16.262 15.921 15.580 15.237 14.894 14.549 14.204 13.858 13.511 13.163 12.814 12.464 12.113 11.762 11.409 11.055 10.701 10.346  9.989  9.632  9.274  8.915  8.555  8.194  7.832  7.469  7.105  6.740  6.375  6.008  5.640  5.272  4.903  4.532  4.161  3.789  3.416  3.042  2.666  2.290  1.914  1.536  1.157  0.777 
26.473 26.162 25.850 25.537 25.223 24.908 24.592 24.275 23.957 23.638 23.319 22.998 22.677 22.355 22.031 21.707 21.382 21.056 20.729 20.401 20.072 19.743 19.412 19.081 18.748 18.415 18.081 17.745 17.409 17.072 16.734 16.395 16.056 15.715 15.373 15.031 14.687 14.343 13.997 13.651 13.304 12.956 12.607 12.257 11.906 11.554 11.201 10.848 10.493 10.138  9.781  9.424  9.065  8.706  8.346  7.985  7.623  7.260  6.896  6.531  6.165  5.799  5.431  5.062  4.693  4.322  3.951  3.578  3.205  2.831  2.456  2.080  1.703  1.325  0.946  0.566 
26.268 25.957 25.645 25.331 25.017 24.702 24.386 24.069 23.752 23.433 23.113 22.793 22.471 22.149 21.826 21.502 21.176 20.850 20.523 20.195 19.867 19.537 19.206 18.875 18.542 18.209 17.874 17.539 17.203 16.866 16.528 16.189 15.849 15.508 15.167 14.824 14.480 14.136 13.790 13.444 13.097 12.749 12.399 12.049 11.698 11.346 10.994 10.640 10.285  9.929  9.573  9.215  8.857  8.498  8.137  7.776  7.414  7.051  6.687  6.322  5.956  5.589  5.221  4.852  4.483  4.112  3.741  3.368  2.995  2.620  2.245  1.869  1.492  1.113  0.734  0.354 
26.062 25.751 25.439 25.125 24.811 24.496 24.180 23.864 23.546 23.227 22.907 22.587 22.265 21.943 21.620 21.295 20.970 20.644 20.317 19.989 19.660 19.331 19.000 18.668 18.336 18.002 17.668 17.332 16.996 16.659 16.321 15.982 15.642 15.301 14.959 14.617 14.273 13.928 13.583 13.236 12.889 12.541 12.192 11.841 11.490 11.138 10.785 10.431 10.077  9.721  9.364  9.007  8.648  8.289  7.928  7.567  7.205  6.841  6.477  6.112  5.746  5.379  5.011  4.642  4.273  3.902  3.530  3.158  2.784  2.410  2.034  1.658  1.280  0.902  0.523  0.143 
25.856 25.545 25.232 24.919 24.605 24.290 23.974 23.657 23.339 23.021 22.701 22.380 22.059 21.736 21.413 21.089 20.764 20.437 20.110 19.782 19.454 19.124 18.793 18.461 18.129 17.795 17.461 17.125 16.789 16.452 16.114 15.775 15.435 15.094 14.752 14.409 14.065 13.721 13.375 13.028 12.681 12.333 11.983 11.633 11.282 10.930 10.577 10.223  9.868  9.512  9.155  8.798  8.439  8.079  7.719  7.357  6.995  6.632  6.267  5.902  5.536  5.169  4.801  4.432  4.062  3.691  3.320  2.947  2.573  2.199  1.823  1.447  1.069  0.691  0.312 -0.069 
25.649 25.338 25.025 24.712 24.398 24.083 23.767 23.450 23.132 22.814 22.494 22.173 21.852 21.529 21.206 20.882 20.556 20.230 19.903 19.575 19.246 18.916 18.586 18.254 17.921 17.588 17.253 16.918 16.581 16.244 15.906 15.567 15.227 14.886 14.544 14.201 13.857 13.512 13.167 12.820 12.473 12.124 11.775 11.424 11.073 10.721 10.368 10.014  9.659  9.303  8.946  8.588  8.230  7.870  7.509  7.148  6.785  6.422  6.058  5.692  5.326  4.959  4.591  4.222  3.852  3.481  3.109  2.736  2.362  1.988  1.612  1.236  0.858  0.480  0.100 -0.280 
25.442 25.130 24.818 24.505 24.191 23.876 23.560 23.243 22.925 22.606 22.286 21.966 21.644 21.322 20.998 20.674 20.349 20.022 19.695 19.367 19.038 18.708 18.377 18.045 17.713 17.379 17.044 16.708 16.372 16.034 15.696 15.356 15.016 14.674 14.332 13.989 13.644 13.299 12.953 12.606 12.257 11.908 11.558 11.207 10.854 10.501 10.147  9.792  9.435  9.078  8.720  8.361  8.000  7.639  7.277  6.913  6.549  6.183  5.817  5.449  5.081  4.711  4.341  3.969  3.596  3.223  2.848  2.473  2.096  1.718  1.340  0.960  0.580  0.198 -0.184 -0.491 
25.232 24.921 24.609 24.296 23.981 23.666 23.350 23.033 22.715 22.396 22.076 21.756 21.434 21.111 20.788 20.463 20.138 19.811 19.484 19.155 18.826 18.496 18.164 17.832 17.499 17.165 16.830 16.494 16.157 15.819 15.480 15.141 14.800 14.458 14.115 13.772 13.427 13.082 12.735 12.388 12.040 11.690 11.340 10.989 10.637 10.284  9.930  9.576  9.220  8.864  8.506  8.148  7.789  7.429  7.068  6.707  6.344  5.981  5.617  5.252  4.886  4.520  4.152  3.783  3.413  3.042  2.668  2.293  1.915  1.535  1.152  0.765  0.376 -0.017 -0.351 -0.703 
25.021 24.709 24.397 24.084 23.770 23.455 23.138 22.821 22.503 22.185 21.865 21.544 21.222 20.899 20.576 20.251 19.925 19.599 19.271 18.943 18.613 18.283 17.952 17.619 17.286 16.952 16.616 16.280 15.943 15.605 15.266 14.925 14.584 14.242 13.899 13.555 13.210 12.864 12.516 12.168 11.819 11.469 11.117 10.765 10.412 10.057  9.702  9.345  8.988  8.629  8.270  7.909  7.548  7.185  6.822  6.457  6.092  5.725  5.358  4.990  4.621  4.251  3.880  3.509  3.137  2.764  2.390  2.016  1.642  1.267  0.891  0.515  0.139 -0.191 -0.552 -0.914 
24.807 24.496 24.183 23.870 23.556 23.241 22.924 22.607 22.289 21.970 21.650 21.329 21.007 20.684 20.360 20.035 19.710 19.383 19.055 18.726 18.397 18.066 17.735 17.402 17.069 16.734 16.399 16.062 15.725 15.387 15.048 14.708 14.367 14.024 13.682 13.338 12.993 12.647 12.300 11.953 11.604 11.255 10.904 10.553 10.200  9.847  9.493  9.137  8.781  8.424  8.065  7.706  7.345  6.983  6.620  6.255  5.890  5.522  5.154  4.783  4.412  4.038  3.663  3.286  2.908  2.528  2.146  1.762  1.377  0.990  0.601  0.212 -0.180 -0.494 -0.809 -1.126 
24.592 24.280 23.968 23.655 23.340 23.025 22.709 22.392 22.074 21.755 21.434 21.113 20.791 20.468 20.144 19.820 19.494 19.167 18.839 18.510 18.180 17.849 17.517 17.185 16.851 16.516 16.180 15.844 15.506 15.167 14.827 14.487 14.145 13.802 13.458 13.114 12.768 12.421 12.073 11.725 11.375 11.024 10.672 10.320  9.966  9.611  9.256  8.899  8.542  8.184  7.824  7.464  7.103  6.741  6.379  6.015  5.651  5.286  4.920  4.553  4.186  3.818  3.450  3.080  2.710  2.340  1.969  1.598  1.226  0.853  0.480  0.107 -0.227 -0.596 -0.966 -1.337 
24.374 24.063 23.750 23.437 23.123 22.807 22.491 22.174 21.856 21.537 21.216 20.895 20.573 20.250 19.926 19.601 19.275 18.948 18.621 18.292 17.962 17.631 17.299 16.967 16.633 16.298 15.963 15.626 15.288 14.950 14.610 14.270 13.928 13.586 13.242 12.898 12.552 12.206 11.858 11.510 11.160 10.809 10.457 10.104  9.750  9.395  9.039  8.681  8.322  7.962  7.601  7.239  6.875  6.511  6.145  5.778  5.409  5.040  4.669  4.297  3.924  3.550  3.175  2.800  2.423  2.045  1.667  1.288  0.909  0.529  0.149 -0.174 -0.517 -0.860 -1.204 -1.549 
24.156 23.844 23.532 23.218 22.904 22.589 22.273 21.955 21.637 21.318 20.998 20.676 20.354 20.031 19.707 19.382 19.055 18.728 18.400 18.071 17.741 17.410 17.078 16.745 16.411 16.076 15.739 15.402 15.064 14.725 14.385 14.044 13.702 13.360 13.016 12.671 12.325 11.978 11.631 11.282 10.932 10.582 10.230  9.878  9.525  9.171  8.816  8.460  8.103  7.745  7.387  7.028  6.668  6.307  5.946  5.583  5.220  4.857  4.492  4.127  3.761  3.395  3.028  2.661  2.292  1.924  1.554  1.185  0.814  0.444  0.073 -0.262 -0.636 -1.010 -1.385 -1.760 
23.936 23.624 23.312 22.998 22.684 22.369 22.053 21.735 21.417 21.098 20.778 20.456 20.134 19.811 19.487 19.162 18.836 18.509 18.181 17.852 17.521 17.190 16.858 16.525 16.191 15.856 15.520 15.183 14.845 14.506 14.166 13.824 13.482 13.139 12.795 12.449 12.103 11.755 11.407 11.057 10.707 10.355 10.002  9.649  9.294  8.938  8.581  8.223  7.864  7.504  7.143  6.781  6.418  6.054  5.689  5.323  4.956  4.589  4.221  3.851  3.482  3.111  2.740  2.368  1.996  1.623  1.249  0.875  0.501  0.126 -0.200 -0.553 -0.907 -1.261 -1.616 -1.971 
23.714 23.403 23.091 22.777 22.463 22.148 21.831 21.514 21.196 20.876 20.556 20.235 19.912 19.589 19.265 18.939 18.613 18.286 17.958 17.629 17.298 16.967 16.635 16.302 15.968 15.633 15.297 14.960 14.622 14.283 13.943 13.602 13.260 12.917 12.574 12.229 11.883 11.537 11.189 10.841 10.492 10.141  9.790  9.438  9.085  8.731  8.376  8.020  7.662  7.304  6.944  6.584  6.221  5.858  5.493  5.126  4.758  4.387  4.015  3.641  3.265  2.886  2.505  2.122  1.736  1.349  0.959  0.568  0.175 -0.178 -0.513 -0.847 -1.181 -1.515 -1.849 -2.183 
23.493 23.182 22.869 22.556 22.241 21.926 21.610 21.292 20.974 20.655 20.334 20.013 19.691 19.367 19.043 18.718 18.391 18.064 17.736 17.406 17.076 16.745 16.412 16.079 15.744 15.409 15.073 14.735 14.397 14.057 13.717 13.375 13.033 12.689 12.344 11.999 11.652 11.305 10.956 10.606 10.256  9.904  9.552  9.198  8.844  8.488  8.132  7.775  7.417  7.058  6.698  6.337  5.976  5.613  5.250  4.886  4.522  4.156  3.790  3.424  3.056  2.688  2.320  1.951  1.581  1.211  0.841  0.470  0.099 -0.229 -0.589 -0.949 -1.310 -1.671 -2.032 -2.394 
23.270 22.958 22.646 22.332 22.018 21.703 21.386 21.069 20.751 20.431 20.111 19.790 19.467 19.144 18.820 18.495 18.168 17.841 17.513 17.184 16.853 16.522 16.190 15.857 15.523 15.188 14.852 14.514 14.176 13.837 13.497 13.156 12.814 12.470 12.126 11.781 11.434 11.087 10.738 10.389 10.038  9.686  9.333  8.979  8.624  8.267  7.909  7.550  7.190  6.829  6.466  6.103  5.738  5.371  5.004  4.636  4.266  3.896  3.524  3.151  2.778  2.403  2.028  1.652  1.276  0.899  0.522  0.144 -0.180 -0.526 -0.871 -1.217 -1.564 -1.911 -2.258 -2.606 
23.047 22.735 22.423 22.109 21.795 21.480 21.163 20.846 20.527 20.208 19.887 19.566 19.244 18.920 18.596 18.270 17.944 17.616 17.288 16.958 16.628 16.296 15.964 15.630 15.296 14.960 14.624 14.286 13.948 13.608 13.268 12.926 12.584 12.240 11.896 11.551 11.204 10.857 10.509 10.160  9.810  9.459  9.107  8.755  8.401  8.047  7.691  7.335  6.978  6.621  6.262  5.903  5.543  5.182  4.821  4.459  4.096  3.732  3.368  3.004  2.638  2.273  1.906  1.540  1.172  0.804  0.436  0.067 -0.262 -0.625 -0.990 -1.354 -1.719 -2.085 -2.451 -2.817 
22.822 22.511 22.199 21.885 21.571 21.256 20.939 20.622 20.303 19.984 19.664 19.342 19.020 18.697 18.372 18.047 17.721 17.393 17.065 16.735 16.405 16.073 15.741 15.408 15.073 14.737 14.401 14.063 13.725 13.385 13.044 12.702 12.360 12.016 11.671 11.325 10.978 10.629 10.280  9.930  9.578  9.226  8.873  8.518  8.163  7.806  7.448  7.090  6.730  6.370  6.008  5.646  5.282  4.918  4.553  4.187  3.821  3.453  3.085  2.716  2.347  1.977  1.607  1.236  0.864  0.492  0.120 -0.205 -0.556 -0.908 -1.261 -1.613 -1.967 -2.320 -2.674 -3.029 
22.597 22.286 21.974 21.660 21.346 21.030 20.714 20.397 20.078 19.759 19.438 19.117 18.794 18.471 18.146 17.821 17.494 17.167 16.839 16.509 16.179 15.847 15.515 15.181 14.847 14.512 14.175 13.838 13.500 13.161 12.820 12.479 12.137 11.794 11.450 11.105 10.759 10.413 10.065  9.716  9.366  9.016  8.664  8.311  7.957  7.602  7.246  6.888  6.529  6.169  5.808  5.444  5.080  4.713  4.345  3.974  3.602  3.228  2.851  2.473  2.093  1.711  1.327  0.941  0.555  0.167 -0.174 -0.514 -0.855 -1.195 -1.536 -1.876 -2.216 -2.557 -2.898 -3.240 
22.373 22.062 21.749 21.436 21.121 20.806 20.489 20.172 19.854 19.534 19.214 18.892 18.570 18.246 17.922 17.596 17.269 16.942 16.613 16.284 15.953 15.621 15.289 14.955 14.620 14.284 13.947 13.610 13.271 12.931 12.590 12.248 11.905 11.561 11.216 10.870 10.523 10.175  9.826  9.477  9.126  8.774  8.421  8.067  7.713  7.357  7.001  6.644  6.286  5.927  5.567  5.206  4.845  4.483  4.121  3.757  3.393  3.028  2.663  2.297  1.931  1.564  1.197  0.829  0.461  0.092 -0.233 -0.589 -0.946 -1.303 -1.660 -2.017 -2.375 -2.733 -3.092 -3.451 
22.147 21.835 21.523 21.210 20.895 20.580 20.263 19.946 19.628 19.308 18.988 18.666 18.344 18.021 17.696 17.371 17.044 16.717 16.389 16.059 15.729 15.397 15.065 14.732 14.397 14.062 13.725 13.388 13.049 12.710 12.369 12.027 11.685 11.341 10.996 10.650 10.303  9.955  9.605  9.255  8.903  8.550  8.196  7.841  7.485  7.127  6.769  6.409  6.048  5.685  5.322  4.958  4.592  4.225  3.858  3.489  3.120  2.749  2.378  2.006  1.634  1.260  0.887  0.512  0.138 -0.185 -0.532 -0.878 -1.225 -1.572 -1.919 -2.267 -2.615 -2.964 -3.313 -3.663 
21.921 21.610 21.297 20.984 20.669 20.354 20.037 19.720 19.401 19.082 18.761 18.440 18.117 17.794 17.469 17.143 16.817 16.489 16.160 15.831 15.500 15.168 14.836 14.502 14.167 13.832 13.495 13.157 12.818 12.479 12.138 11.797 11.454 11.111 10.766 10.421 10.074  9.727  9.379  9.030  8.680  8.329  7.978  7.625  7.272  6.918  6.563  6.207  5.850  5.493  5.135  4.777  4.417  4.057  3.697  3.335  2.973  2.610  2.245  1.880  1.512  1.141  0.768  0.391  0.010 -0.316 -0.661 -1.011 -1.363 -1.717 -2.074 -2.431 -2.791 -3.151 -3.512 -3.874 
21.695 21.384 21.071 20.758 20.443 20.128 19.811 19.494 19.176 18.856 18.536 18.214 17.892 17.568 17.244 16.918 16.591 16.264 15.935 15.606 15.275 14.943 14.610 14.276 13.942 13.606 13.269 12.931 12.592 12.252 11.910 11.568 11.225 10.880 10.535 10.189  9.841  9.493  9.143  8.792  8.441  8.088  7.734  7.379  7.024  6.667  6.309  5.951  5.592  5.231  4.870  4.508  4.145  3.782  3.417  3.052  2.687  2.321  1.954  1.586  1.218  0.850  0.481  0.112 -0.211 -0.561 -0.912 -1.263 -1.614 -1.966 -2.318 -2.671 -3.024 -3.377 -3.731 -4.086 
21.467 21.156 20.844 20.530 20.216 19.900 19.584 19.266 18.948 18.628 18.308 17.986 17.664 17.340 17.016 16.690 16.364 16.036 15.708 15.378 15.048 14.716 14.384 14.050 13.716 13.380 13.044 12.707 12.368 12.029 11.689 11.347 11.005 10.662 10.318  9.972  9.626  9.279  8.930  8.581  8.230  7.878  7.525  7.171  6.815  6.458  6.099  5.739  5.378  5.015  4.650  4.284  3.916  3.546  3.175  2.802  2.428  2.052  1.675  1.297  0.918  0.538  0.157 -0.172 -0.515 -0.858 -1.201 -1.544 -1.887 -2.230 -2.574 -2.918 -3.262 -3.606 -3.952 -4.297 
21.241 20.930 20.617 20.304 19.989 19.674 19.357 19.040 18.721 18.402 18.081 17.760 17.437 17.113 16.789 16.463 16.136 15.808 15.479 15.150 14.819 14.487 14.154 13.820 13.485 13.149 12.812 12.474 12.135 11.795 11.454 11.112 10.769 10.425 10.080  9.734  9.387  9.039  8.690  8.340  7.990  7.638  7.286  6.932  6.578  6.223  5.867  5.511  5.153  4.795  4.436  4.077  3.716  3.355  2.994  2.632  2.269  1.906  1.542  1.178  0.813  0.448  0.083 -0.240 -0.594 -0.948 -1.302 -1.657 -2.012 -2.367 -2.723 -3.079 -3.436 -3.793 -4.150 -4.509 
21.013 20.702 20.390 20.076 19.762 19.446 19.130 18.813 18.494 18.175 17.854 17.533 17.210 16.887 16.562 16.237 15.910 15.583 15.254 14.925 14.594 14.262 13.930 13.596 13.261 12.926 12.589 12.251 11.912 11.572 11.231 10.888 10.545 10.201  9.855  9.508  9.161  8.812  8.462  8.110  7.758  7.405  7.050  6.694  6.337  5.980  5.621  5.260  4.899  4.537  4.174  3.810  3.445  3.080  2.713  2.346  1.978  1.609  1.240  0.871  0.501  0.130 -0.192 -0.538 -0.884 -1.231 -1.579 -1.926 -2.274 -2.622 -2.970 -3.319 -3.669 -4.019 -4.369 -4.720 
20.786 20.474 20.162 19.848 19.534 19.218 18.902 18.584 18.266 17.946 17.626 17.304 16.981 16.658 16.333 16.007 15.681 15.353 15.024 14.694 14.364 14.032 13.699 13.366 13.031 12.695 12.359 12.021 11.682 11.343 11.002 10.661 10.319  9.975  9.631  9.286  8.940  8.593  8.245  7.897  7.548  7.197  6.847  6.495  6.143  5.789  5.436  5.081  4.726  4.371  4.015  3.658  3.302  2.944  2.587  2.229  1.872  1.514  1.156  0.799  0.441  0.084 -0.152 -0.327 -0.500 -0.671 -0.840 -1.006 -1.169 -1.330 -1.488 -1.642 -1.793 -1.940 -2.083 -2.221 
20.562 20.250 19.938 19.625 19.311 18.996 18.680 18.363 18.045 17.726 17.406 17.085 16.764 16.441 16.118 15.794 15.469 15.143 14.816 14.489 14.161 13.832 13.502 13.172 12.841 12.509 12.177 11.844 11.510 11.177 10.842 10.507 10.172  9.836  9.500  9.164  8.828  8.491  8.155  7.818  7.482  7.145  6.809  6.473  6.138  5.804  5.470  5.137  4.805  4.474  4.144  3.816  3.490  3.165  2.843  2.522  2.203  1.885  1.570  1.256  0.944  0.634  0.325  0.016 -0.161 -0.271 -0.380 -0.488 -0.595 -0.701 -0.806 -0.909 -1.010 -1.110 -1.209 -1.306 
20.378 20.067 19.755 19.443 19.130 18.816 18.501 18.186 17.870 17.554 17.237 16.919 16.601 16.282 15.963 15.643 15.323 15.002 14.681 14.360 14.038 13.715 13.393 13.070 12.747 12.423 12.100 11.776 11.452 11.128 10.805 10.481 10.157  9.834  9.510  9.187  8.864  8.542  8.220  7.898  7.577  7.256  6.936  6.617  6.298  5.981  5.664  5.348  5.033  4.719  4.406  4.095  3.785  3.478  3.172  2.869  2.569  2.271  1.977  1.685  1.397  1.112  0.830  0.550  0.272 -0.004 -0.153 -0.243 -0.330 -0.416 -0.501 -0.586 -0.669 -0.752 -0.834 -0.914 
20.268 19.957 19.646 19.334 19.022 18.710 18.398 18.085 17.772 17.458 17.144 16.831 16.516 16.202 15.888 15.573 15.258 14.943 14.628 14.313 13.998 13.683 13.368 13.053 12.738 12.423 12.108 11.794 11.480 11.166 10.852 10.539 10.226  9.913  9.601  9.290  8.979  8.669  8.359  8.051  7.743  7.435  7.129  6.823  6.519  6.215  5.912  5.611  5.310  5.011  4.712  4.415  4.119  3.824  3.531  3.239  2.949  2.661  2.375  2.093  1.813  1.538  1.267  1.001  0.739  0.480  0.226 -0.027 -0.155 -0.232 -0.305 -0.378 -0.450 -0.522 -0.593 -0.663 
20.235 19.924 19.613 19.302 18.992 18.681 18.370 18.059 17.749 17.438 17.127 16.817 16.506 16.196 15.886 15.576 15.266 14.956 14.646 14.337 14.028 13.719 13.410 13.102 12.794 12.487 12.179 11.873 11.566 11.261 10.955 10.651 10.347 10.043  9.741  9.439  9.137  8.837  8.537  8.238  7.940  7.643  7.348  7.053  6.759  6.466  6.174  5.884  5.594  5.306  5.019  4.734  4.449  4.166  3.884  3.604  3.324  3.046  2.770  2.494  2.220  1.947  1.675  1.404  1.134  0.866  0.598  0.332  0.066 -0.078 -0.155 -0.226 -0.291 -0.356 -0.420 -0.484 
20.268 19.957 19.646 19.336 19.026 18.717 18.407 18.098 17.790 17.481 17.173 16.865 16.558 16.251 15.944 15.637 15.331 15.026 14.721 14.416 14.112 13.808 13.505 13.202 12.900 12.598 12.297 11.996 11.696 11.397 11.099 10.801 10.504 10.208  9.912  9.617  9.324  9.031  8.739  8.448  8.158  7.869  7.581  7.294  7.008  6.724  6.440  6.158  5.877  5.598  5.320  5.043  4.767  4.493  4.221  3.949  3.680  3.411  3.144  2.879  2.615  2.352  2.090  1.830  1.571  1.314  1.057  0.802  0.548  0.295  0.042 -0.093 -0.162 -0.226 -0.285 -0.344 
20.353 20.043 19.733 19.423 19.114 18.805 18.497 18.189 17.882 17.575 17.269 16.963 16.658 16.354 16.050 15.746 15.444 15.141 14.840 14.539 14.238 13.938 13.639 13.341 13.043 12.746 12.450 12.154 11.860 11.566 11.273 10.980 10.689 10.398 10.108  9.820  9.532  9.245  8.959  8.674  8.390  8.108  7.826  7.545  7.266  6.988  6.711  6.435  6.161  5.887  5.616  5.345  5.076  4.809  4.543  4.278  4.015  3.754  3.494  3.236  2.980  2.725  2.471  2.220  1.970  1.721  1.474  1.228  0.984  0.741  0.499  0.258  0.018 -0.107 -0.169 -0.226 
20.481 20.171 19.861 19.552 19.243 18.935 18.628 18.321 18.015 17.710 17.405 17.102 16.798 16.496 16.194 15.893 15.593 15.293 14.994 14.696 14.399 14.102 13.806 13.511 13.217 12.924 12.632 12.340 12.049 11.760 11.471 11.183 10.896 10.610 10.325 10.041  9.758  9.476  9.195  8.915  8.636  8.358  8.082  7.806  7.532  7.258  6.986  6.714  6.443  6.173  5.904  5.635  5.365  5.096  4.826  4.554  4.281  4.004  3.725  3.441  3.151  2.856  2.553  2.243  1.926  1.600  1.266  0.925  0.578  0.224 -0.379 -1.248 -2.118 -2.988 -3.855 -4.720 
20.638 20.328 20.018 19.709 19.400 19.092 18.785 18.479 18.173 17.868 17.563 17.259 16.956 16.653 16.351 16.049 15.748 15.447 15.147 14.847 14.548 14.248 13.950 13.651 13.353 13.055 12.757 12.459 12.161 11.863 11.564 11.266 10.967 10.668 10.368 10.068  9.767  9.465  9.163  8.859  8.554  8.249  7.942  7.633  7.324  7.012  6.700  6.385  6.069  5.751  5.431  5.109  4.786  4.460  4.133  3.804  3.473  3.140  2.805  2.468  2.130  1.790  1.449  1.107  0.763  0.418  0.072 -0.262 -0.639 -1.016 -1.392 -1.766 -2.139 -2.509 -2.876 -3.240 
20.745 20.434 20.124 19.813 19.503 19.194 18.884 18.575 18.266 17.957 17.648 17.339 17.031 16.722 16.414 16.106 15.797 15.489 15.181 14.872 14.564 14.255 13.947 13.638 13.329 13.019 12.709 12.399 12.089 11.778 11.467 11.155 10.843 10.530 10.217  9.903  9.588  9.273  8.957  8.641  8.324  8.006  7.688  7.369  7.050  6.730  6.409  6.089  5.767  5.446  5.124  4.803  4.481  4.160  3.838  3.517  3.196  2.876  2.557  2.238  1.919  1.602  1.284  0.968  0.652  0.336  0.021 -0.210 -0.410 -0.610 -0.808 -1.004 -1.197 -1.388 -1.576 -1.760 
20.762 20.451 20.140 19.829 19.518 19.207 18.896 18.585 18.274 17.962 17.651 17.340 17.028 16.717 16.405 16.094 15.782 15.470 15.158 14.846 14.534 14.222 13.910 13.597 13.285 12.972 12.659 12.347 12.034 11.721 11.407 11.094 10.781 10.467 10.154  9.840  9.527  9.213  8.900  8.586  8.273  7.960  7.647  7.334  7.021  6.709  6.398  6.086  5.776  5.466  5.156  4.847  4.539  4.232  3.926  3.621  3.317  3.014  2.712  2.411  2.111  1.812  1.514  1.218  0.922  0.628  0.335  0.043 -0.106 -0.161 -0.201 -0.227 -0.250 -0.268 -0.278 -0.280 
20.751 20.440 20.129 19.818 19.507 19.196 18.885 18.574 18.263 17.952 17.641 17.330 17.019 16.708 16.397 16.086 15.775 15.465 15.154 14.843 14.533 14.222 13.912 13.602 13.292 12.982 12.673 12.364 12.055 11.746 11.437 11.129 10.822 10.514 10.208  9.901  9.596  9.291  8.986  8.682  8.379  8.077  7.775  7.475  7.175  6.877  6.579  6.282  5.987  5.693  5.400  5.109  4.819  4.530  4.244  3.959  3.676  3.395  3.116  2.839  2.566  2.295  2.026  1.761  1.498  1.239  0.983  0.729  0.478  0.229 -0.018 -0.095  0.053  0.431  0.813  1.200 
20.767 20.456 20.146 19.835 19.525 19.215 18.906 18.596 18.287 17.978 17.670 17.362 17.054 16.746 16.439 16.133 15.826 15.521 15.216 14.911 14.608 14.305 14.003 13.701 13.401 13.102 12.804 12.507 12.211 11.917 11.625 11.334 11.045 10.758 10.473 10.190  9.910  9.632  9.357  9.085  8.816  8.550  8.288  8.030  7.775  7.525  7.279  7.037  6.800  6.567  6.340  6.118  5.902  5.691  5.485  5.286  5.093  4.906  4.725  4.551  4.383  4.222  4.067  3.919  3.778  3.644  3.517  3.397  3.283  3.177  3.077  2.984  2.898  2.819  2.746  2.680 
20.891 20.581 20.271 19.963 19.655 19.349 19.043 18.738 18.435 18.133 17.831 17.531 17.232 16.934 16.638 16.342 16.048 15.756 15.465 15.175 14.888 14.601 14.317 14.034 13.753 13.474 13.198 12.923 12.650 12.380 12.113 11.847 11.585 11.325 11.067 10.813 10.562 10.313 10.068  9.827  9.588  9.353  9.122  8.894  8.671  8.451  8.235  8.023  7.816  7.613  7.414  7.220  7.030  6.846  6.666  6.491  6.321  6.156  5.996  5.842  5.693  5.550  5.412  5.279  5.153  5.032  4.917  4.808  4.705  4.608  4.518  4.433  4.355  4.284  4.219  4.160 
21.189 20.879 20.570 20.264 19.959 19.656 19.354 19.054 18.756 18.460 18.165 17.873 17.582 17.293 17.006 16.721 16.438 16.157 15.878 15.601 15.326 15.054 14.783 14.516 14.250 13.987 13.727 13.469 13.214 12.961 12.711 12.464 12.220 11.979 11.741 11.507 11.275 11.047 10.822 10.600 10.382 10.168  9.957  9.751  9.548  9.349  9.154  8.963  8.776  8.594  8.416  8.242  8.073  7.909  7.749  7.594  7.444  7.299  7.159  7.025  6.895  6.771  6.652  6.539  6.431  6.329  6.233  6.143  6.058  5.980  5.907  5.841  5.781  5.728  5.681  5.640 
21.630 21.320 21.013 20.708 20.405 20.104 19.805 19.509 19.215 18.924 18.634 18.347 18.063 17.781 17.501 17.224 16.949 16.677 16.407 16.140 15.875 15.613 15.354 15.098 14.844 14.594 14.346 14.101 13.859 13.620 13.385 13.152 12.923 12.697 12.474 12.255 12.040 11.827 11.619 11.414 11.213 11.015 10.822 10.632 10.447 10.266 10.088  9.915  9.747  9.583  9.423  9.268  9.117  8.971  8.830  8.694  8.563  8.437  8.316  8.200  8.089  7.984  7.884  7.790  7.701  7.618  7.541  7.470  7.404  7.345  7.292  7.245  7.204  7.169  7.141  7.120 
22.184 21.874 21.567 21.263 20.962 20.663 20.367 20.074 19.783 19.495 19.210 18.928 18.648 18.372 18.098 17.827 17.559 17.294 17.032 16.773 16.517 16.263 16.013 15.767 15.523 15.282 15.045 14.811 14.581 14.353 14.129 13.909 13.692 13.479 13.270 13.064 12.862 12.663 12.469 12.278 12.092 11.909 11.731 11.556 11.386 11.221 11.059 10.902 10.750 10.602 10.459 10.320 10.187 10.058  9.934  9.815  9.701  9.592  9.488  9.390  9.297  9.210  9.128  9.051  8.981  8.916  8.857  8.804  8.756  8.715  8.680  8.651  8.629  8.613  8.603  8.600 
22.830 22.520 22.214 21.911 21.611 21.314 21.020 20.729 20.441 20.157 19.875 19.597 19.322 19.050 18.781 18.515 18.253 17.993 17.738 17.485 17.236 16.990 16.747 16.508 16.272 16.039 15.810 15.585 15.363 15.144 14.929 14.718 14.510 14.306 14.105 13.908 13.714 13.524 13.338 13.155 12.976 12.801 12.629 12.461 12.297 12.135 11.978 11.824 11.673 11.526 11.382 11.242 11.105 10.970 10.839 10.711 10.586 10.464 10.344 10.227 10.113 10.001  9.891  9.783  9.677  9.574  9.471  9.371  9.271  9.173  9.076  8.980  8.884  8.789  8.694  8.600 
23.543 23.234 22.928 22.625 22.325 22.029 21.736 21.446 21.160 20.877 20.597 20.320 20.047 19.776 19.510 19.246 18.985 18.728 18.474 18.224 17.976 17.732 17.491 17.254 17.019 16.788 16.560 16.335 16.114 15.895 15.680 15.468 15.259 15.053 14.850 14.651 14.454 14.261 14.070 13.882 13.698 13.516 13.337 13.160 12.987 12.816 12.648 12.482 12.319 12.159 12.001 11.845 11.692 11.540 11.391 11.244 11.099 10.956 10.815 10.675 10.537 10.401 10.266 10.133 10.000  9.869  9.739  9.610  9.482  9.355  9.228  9.102  8.976  8.850  8.725  8.600 
24.266 23.957 23.651 23.348 23.048 22.751 22.458 22.168 21.881 21.597 21.316 21.038 20.764 20.492 20.224 19.959 19.697 19.438 19.182 18.929 18.679 18.432 18.189 17.948 17.710 17.475 17.243 17.014 16.788 16.564 16.344 16.126 15.911 15.699 15.489 15.283 15.078 14.877 14.678 14.481 14.287 14.095 13.906 13.719 13.534 13.352 13.171 12.993 12.817 12.643 12.471 12.300 12.132 11.965 11.800 11.637 11.475 11.315 11.156 10.998 10.842 10.687 10.533 10.381 10.229 10.078  9.928  9.778  9.629  9.481  9.334  9.186  9.040  8.893  8.746  8.600 
24.956 24.647 24.340 24.037 23.736 23.439 23.144 22.853 22.564 22.279 21.996 21.716 21.439 21.165 20.894 20.626 20.361 20.098 19.838 19.582 19.328 19.076 18.828 18.582 18.339 18.098 17.861 17.625 17.393 17.163 16.935 16.711 16.488 16.268 16.050 15.835 15.622 15.411 15.203 14.997 14.793 14.591 14.391 14.193 13.997 13.803 13.611 13.421 13.232 13.046 12.861 12.677 12.495 12.315 12.136 11.958 11.782 11.607 11.433 11.261 11.089 10.918 10.749 10.580 10.412 10.245 10.079  9.913  9.747  9.583  9.418  9.254  9.090  8.927  8.763  8.600 
25.596 25.287 24.980 24.676 24.375 24.076 23.781 23.487 23.197 22.909 22.624 22.342 22.062 21.785 21.511 21.239 20.970 20.704 20.440 20.179 19.920 19.664 19.410 19.159 18.910 18.664 18.420 18.178 17.939 17.702 17.467 17.235 17.005 16.777 16.551 16.327 16.106 15.886 15.669 15.453 15.239 15.028 14.818 14.610 14.403 14.198 13.995 13.794 13.594 13.396 13.199 13.004 12.810 12.617 12.426 12.235 12.046 11.858 11.671 11.486 11.301 11.117 10.933 10.751 10.569 10.388 10.207 10.028  9.848  9.669  9.490  9.312  9.134  8.956  8.778  8.600 
26.183 25.873 25.566 25.262 24.960 24.660 24.363 24.068 23.776 23.486 23.199 22.914 22.632 22.352 22.074 21.799 21.526 21.256 20.988 20.722 20.459 20.198 19.939 19.682 19.428 19.176 18.926 18.678 18.433 18.189 17.947 17.708 17.471 17.235 17.002 16.770 16.540 16.312 16.086 15.862 15.639 15.418 15.199 14.982 14.766 14.551 14.338 14.127 13.916 13.708 13.500 13.294 13.089 12.885 12.682 12.481 12.280 12.081 11.882 11.684 11.488 11.291 11.096 10.901 10.707 10.514 10.321 10.129  9.937  9.745  9.554  9.363  9.172  8.981  8.791  8.600 
26.717 26.407 26.100 25.795 25.492 25.191 24.893 24.597 24.303 24.011 23.722 23.435 23.150 22.867 22.586 22.308 22.032 21.758 21.486 21.216 20.948 20.683 20.419 20.157 19.898 19.640 19.385 19.131 18.880 18.630 18.382 18.136 17.892 17.649 17.409 17.170 16.933 16.697 16.463 16.231 16.000 15.771 15.543 15.317 15.092 14.868 14.646 14.425 14.206 13.988 13.770 13.554 13.340 13.126 12.913 12.701 12.490 12.280 12.071 11.863 11.655 11.448 11.242 11.036 10.831 10.627 10.423 10.219 10.016  9.813  9.610  9.408  9.206  9.004  8.802  8.600 
27.203 26.893 26.585 26.279 25.976 25.674 25.374 25.077 24.781 24.488 24.197 23.907 23.620 23.335 23.051 22.770 22.490 22.213 21.937 21.664 21.392 21.122 20.854 20.588 20.324 20.061 19.801 19.542 19.285 19.029 18.776 18.524 18.273 18.024 17.777 17.532 17.288 17.045 16.804 16.564 16.326 16.089 15.854 15.619 15.387 15.155 14.925 14.695 14.467 14.240 14.014 13.789 13.566 13.343 13.121 12.900 12.679 12.460 12.241 12.023 11.806 11.589 11.373 11.158 10.943 10.728 10.514 10.301 10.087  9.874  9.661  9.449  9.237  9.024  8.812  8.600 
27.643 27.333 27.025 26.719 26.414 26.112 25.811 25.513 25.216 24.921 24.627 24.336 24.047 23.759 23.473 23.189 22.906 22.626 22.347 22.070 21.795 21.521 21.249 20.979 20.710 20.443 20.178 19.914 19.652 19.391 19.132 18.875 18.619 18.364 18.111 17.859 17.609 17.360 17.112 16.866 16.621 16.377 16.135 15.894 15.653 15.414 15.176 14.940 14.704 14.469 14.235 14.002 13.770 13.539 13.309 13.079 12.850 12.622 12.395 12.168 11.942 11.717 11.492 11.268 11.044 10.820 10.597 10.374 10.152  9.930  9.708  9.486  9.264  9.043  8.821  8.600 
28.042 27.732 27.424 27.117 26.812 26.509 26.208 25.908 25.609 25.313 25.018 24.725 24.433 24.144 23.855 23.569 23.284 23.000 22.718 22.438 22.160 21.882 21.607 21.333 21.060 20.789 20.520 20.251 19.985 19.719 19.456 19.193 18.932 18.672 18.414 18.156 17.900 17.646 17.392 17.140 16.889 16.639 16.390 16.142 15.895 15.649 15.405 15.161 14.918 14.676 14.435 14.195 13.955 13.717 13.479 13.242 13.005 12.770 12.535 12.300 12.066 11.833 11.600 11.367 11.135 10.903 10.672 10.441 10.210  9.980  9.749  9.519  9.289  9.060  8.830  8.600 
28.404 28.094 27.786 27.479 27.173 26.869 26.567 26.266 25.967 25.669 25.372 25.077 24.784 24.492 24.202 23.913 23.626 23.340 23.055 22.772 22.490 22.210 21.931 21.654 21.378 21.103 20.829 20.557 20.286 20.017 19.749 19.482 19.216 18.951 18.688 18.425 18.164 17.904 17.646 17.388 17.131 16.875 16.621 16.367 16.114 15.862 15.611 15.361 15.112 14.864 14.616 14.369 14.123 13.878 13.633 13.389 13.146 12.903 12.661 12.419 12.178 11.937 11.697 11.457 11.218 10.979 10.740 10.501 10.263 10.025  9.787  9.550  9.312  9.075  8.837  8.600 
28.733 28.422 28.114 27.806 27.500 27.196 26.892 26.591 26.290 25.991 25.693 25.397 25.102 24.808 24.516 24.225 23.936 23.647 23.360 23.075 22.790 22.507 22.225 21.945 21.665 21.387 21.110 20.834 20.560 20.286 20.014 19.743 19.473 19.204 18.936 18.669 18.404 18.139 17.875 17.613 17.351 17.090 16.830 16.571 16.313 16.055 15.799 15.543 15.288 15.034 14.780 14.528 14.275 14.024 13.773 13.523 13.273 13.024 12.775 12.527 12.279 12.032 11.785 11.539 11.293 11.047 10.801 10.556 10.311 10.066  9.822  9.577  9.333  9.088  8.844  8.600 
29.030 28.720 28.411 28.103 27.797 27.492 27.188 26.885 26.584 26.283 25.985 25.687 25.390 25.095 24.801 24.508 24.217 23.926 23.637 23.349 23.062 22.776 22.492 22.208 21.926 21.645 21.365 21.086 20.808 20.531 20.255 19.980 19.706 19.433 19.162 18.891 18.621 18.352 18.084 17.816 17.550 17.284 17.020 16.756 16.493 16.230 15.969 15.708 15.447 15.188 14.929 14.671 14.413 14.156 13.900 13.644 13.388 13.134 12.879 12.625 12.371 12.118 11.865 11.613 11.361 11.109 10.857 10.606 10.355 10.104  9.853  9.602  9.351  9.101  8.850  8.600 
29.300 28.990 28.681 28.373 28.066 27.760 27.455 27.152 26.850 26.548 26.248 25.950 25.652 25.355 25.059 24.765 24.471 24.179 23.888 23.598 23.309 23.021 22.734 22.448 22.163 21.879 21.596 21.314 21.032 20.752 20.473 20.195 19.918 19.641 19.366 19.091 18.817 18.544 18.272 18.001 17.730 17.461 17.192 16.923 16.656 16.389 16.123 15.857 15.592 15.328 15.064 14.801 14.538 14.276 14.015 13.754 13.493 13.233 12.973 12.714 12.455 12.196 11.938 11.680 11.422 11.165 10.908 10.651 10.394 10.137  9.881  9.625  9.368  9.112  8.856  8.600 
29.545 29.234 28.925 28.617 28.309 28.003 27.698 27.394 27.091 26.789 26.488 26.188 25.889 25.591 25.294 24.997 24.702 24.408 24.115 23.823 23.532 23.242 22.953 22.664 22.377 22.090 21.805 21.520 21.236 20.953 20.671 20.390 20.109 19.830 19.551 19.273 18.996 18.719 18.443 18.168 17.894 17.620 17.347 17.075 16.804 16.533 16.262 15.992 15.723 15.454 15.186 14.919 14.652 14.385 14.119 13.853 13.588 13.323 13.058 12.794 12.530 12.267 12.004 11.741 11.478 11.216 10.954 10.692 10.430 10.168  9.907  9.645  9.384  9.122  8.861  8.600 
29.766 29.456 29.146 28.838 28.530 28.224 27.918 27.613 27.309 27.006 26.705 26.403 26.103 25.804 25.506 25.208 24.912 24.616 24.321 24.028 23.735 23.442 23.151 22.861 22.571 22.282 21.994 21.707 21.421 21.135 20.850 20.566 20.283 20.001 19.719 19.438 19.157 18.878 18.599 18.320 18.042 17.765 17.489 17.213 16.938 16.663 16.389 16.115 15.842 15.569 15.297 15.026 14.754 14.484 14.213 13.943 13.674 13.404 13.136 12.867 12.599 12.331 12.063 11.796 11.529 11.262 10.995 10.729 10.462 10.196  9.930  9.664  9.398  9.132  8.866  8.600 
29.967 29.657 29.347 29.039 28.731 28.424 28.117 27.812 27.508 27.204 26.901 26.599 26.298 25.998 25.698 25.399 25.102 24.805 24.508 24.213 23.918 23.624 23.331 23.039 22.747 22.456 22.166 21.877 21.588 21.300 21.013 20.727 20.441 20.155 19.871 19.587 19.304 19.021 18.739 18.458 18.177 17.897 17.617 17.338 17.059 16.781 16.503 16.226 15.950 15.673 15.398 15.122 14.847 14.573 14.299 14.025 13.752 13.478 13.206 12.933 12.661 12.389 12.117 11.846 11.575 11.304 11.033 10.762 10.491 10.221  9.951  9.680  9.410  9.140  8.870  8.600 
30.150 29.839 29.529 29.220 28.912 28.605 28.298 27.992 27.687 27.383 27.079 26.777 26.474 26.173 25.873 25.573 25.274 24.975 24.678 24.381 24.085 23.789 23.494 23.200 22.907 22.614 22.322 22.031 21.740 21.450 21.160 20.872 20.583 20.296 20.009 19.722 19.437 19.151 18.867 18.582 18.299 18.016 17.733 17.451 17.169 16.888 16.607 16.327 16.047 15.768 15.489 15.210 14.932 14.654 14.376 14.099 13.822 13.546 13.269 12.993 12.717 12.442 12.166 11.891 11.616 11.342 11.067 10.792 10.518 10.244  9.970  9.696  9.422  9.148  8.874  8.600 
30.315 30.004 29.694 29.385 29.077 28.769 28.462 28.156 27.850 27.545 27.241 26.937 26.634 26.332 26.031 25.730 25.430 25.130 24.831 24.533 24.236 23.939 23.642 23.347 23.052 22.757 22.463 22.170 21.878 21.586 21.294 21.003 20.713 20.423 20.134 19.845 19.557 19.269 18.982 18.695 18.409 18.124 17.838 17.553 17.269 16.985 16.702 16.418 16.136 15.853 15.571 15.290 15.008 14.727 14.447 14.166 13.886 13.606 13.327 13.047 12.768 12.489 12.211 11.932 11.654 11.376 11.098 10.820 10.542 10.265  9.987  9.710  9.432  9.155  8.877  8.600 
30.464 30.154 29.844 29.535 29.226 28.918 28.611 28.304 27.998 27.692 27.387 27.083 26.779 26.476 26.174 25.872 25.571 25.270 24.970 24.671 24.372 24.074 23.776 23.479 23.183 22.887 22.591 22.297 22.002 21.708 21.415 21.122 20.830 20.538 20.247 19.956 19.666 19.376 19.087 18.798 18.509 18.221 17.934 17.646 17.360 17.073 16.787 16.501 16.216 15.931 15.646 15.362 15.078 14.794 14.510 14.227 13.944 13.661 13.379 13.097 12.815 12.533 12.251 11.970 11.688 11.407 11.126 10.845 10.564 10.283 10.003  9.722  9.441  9.161  8.880  8.600 
