24.916 24.605 24.294 23.983 23.673 23.362 23.051 22.740 22.429 22.118 21.807 21.496 21.185 20.874 20.564 20.253 19.942 19.631 19.320 19.009 18.698 18.387 18.076 17.765 17.454 17.143 16.832 16.521 16.210 15.899 15.588 15.276 14.965 14.654 14.342 14.031 13.720 13.408 13.096 12.785 12.473 12.161 11.849 11.536 11.224 10.911 10.599 10.286  9.973  9.659  9.346  9.032  8.717  8.403  8.088  7.772  7.457  7.141  6.824  6.507  6.189  5.871  5.552  5.233  4.912  4.592  4.270  3.947  3.624  3.300  2.975  2.649  2.322  1.994  1.665  1.334 
24.914 24.603 24.292 23.981 23.670 23.359 23.048 22.737 22.426 22.114 21.803 21.492 21.181 20.869 20.558 20.247 19.935 19.624 19.312 19.000 18.689 18.377 18.065 17.753 17.441 17.128 16.816 16.504 16.191 15.878 15.566 15.253 14.939 14.626 14.312 13.999 13.685 13.370 13.056 12.741 12.426 12.111 11.796 11.480 11.163 10.847 10.530 10.213  9.895  9.577  9.258  8.939  8.619  8.299  7.978  7.657  7.335  7.013  6.689  6.366  6.041  5.716  5.390  5.063  4.735  4.407  4.077  3.747  3.416  3.084  2.751  2.416  2.081  1.745  1.407  1.069 
24.900 24.589 24.278 23.967 23.656 23.344 23.033 22.721 22.410 22.098 21.786 21.474 21.162 20.850 20.538 20.225 19.913 19.600 19.287 18.974 18.661 18.347 18.034 17.720 17.406 17.092 16.778 16.463 16.148 15.833 15.518 15.202 14.886 14.570 14.254 13.937 13.620 13.303 12.985 12.667 12.348 12.029 11.710 11.390 11.070 10.749 10.428 10.106  9.784  9.461  9.137  8.813  8.489  8.164  7.838  7.511  7.184  6.856  6.527  6.198  5.868  5.537  5.205  4.872  4.538  4.204  3.868  3.532  3.194  2.856  2.517  2.176  1.834  1.492  1.148  0.803 
24.869 24.558 24.247 23.936 23.624 23.312 23.001 22.688 22.376 22.064 21.751 21.438 21.125 20.812 20.498 20.185 19.871 19.557 19.242 18.928 18.613 18.297 17.982 17.666 17.350 17.034 16.718 16.401 16.083 15.766 15.448 15.130 14.811 14.492 14.173 13.853 13.533 13.212 12.891 12.569 12.247 11.925 11.602 11.278 10.954 10.629 10.304  9.978  9.652  9.325  8.997  8.669  8.340  8.010  7.679  7.348  7.016  6.683  6.350  6.016  5.680  5.344  5.007  4.670  4.331  3.991  3.650  3.309  2.966  2.622  2.278  1.932  1.585  1.237  0.888  0.537 
24.819 24.508 24.197 23.885 23.573 23.261 22.949 22.636 22.323 22.010 21.696 21.383 21.069 20.754 20.440 20.125 19.809 19.494 19.178 18.862 18.545 18.228 17.911 17.593 17.275 16.957 16.638 16.319 15.999 15.679 15.359 15.038 14.717 14.395 14.073 13.750 13.427 13.103 12.779 12.454 12.129 11.803 11.477 11.150 10.822 10.494 10.165  9.835  9.505  9.174  8.842  8.510  8.177  7.843  7.508  7.173  6.837  6.500  6.162  5.823  5.484  5.143  4.802  4.459  4.116  3.772  3.427  3.080  2.733  2.385  2.035  1.685  1.333  0.980  0.626  0.271 
24.749 24.438 24.127 23.815 23.503 23.191 22.878 22.565 22.251 21.937 21.623 21.308 20.993 20.678 20.362 20.046 19.729 19.413 19.095 18.777 18.459 18.141 17.822 17.502 17.182 16.862 16.541 16.220 15.898 15.576 15.253 14.930 14.606 14.282 13.957 13.632 13.306 12.979 12.652 12.324 11.996 11.667 11.337 11.007 10.676 10.345 10.012  9.679  9.346  9.011  8.676  8.340  8.003  7.666  7.328  6.988  6.648  6.308  5.966  5.623  5.280  4.935  4.590  4.243  3.896  3.548  3.198  2.848  2.497  2.144  1.790  1.436  1.080  0.723  0.365  0.006 
24.662 24.351 24.040 23.728 23.415 23.102 22.789 22.475 22.161 21.847 21.532 21.216 20.901 20.584 20.267 19.950 19.632 19.314 18.996 18.676 18.357 18.037 17.716 17.395 17.073 16.751 16.428 16.105 15.781 15.457 15.132 14.807 14.481 14.154 13.827 13.499 13.171 12.841 12.512 12.181 11.850 11.518 11.186 10.853 10.519 10.185  9.849  9.513  9.176  8.839  8.500  8.161  7.821  7.481  7.139  6.796  6.453  6.109  5.764  5.418  5.071  4.724  4.375  4.025  3.675  3.324  2.971  2.618  2.264  1.909  1.552  1.195  0.837  0.478  0.118 -0.260 
24.558 24.247 23.936 23.624 23.311 22.998 22.684 22.370 22.055 21.740 21.425 21.108 20.792 20.474 20.157 19.838 19.520 19.200 18.880 18.560 18.239 17.917 17.595 17.272 16.949 16.625 16.301 15.976 15.650 15.324 14.996 14.669 14.340 14.011 13.682 13.351 13.020 12.688 12.356 12.022 11.688 11.353 11.018 10.681 10.344 10.006  9.667  9.327  8.986  8.645  8.302  7.958  7.614  7.268  6.922  6.575  6.226  5.877  5.526  5.175  4.822  4.468  4.114  3.758  3.401  3.043  2.685  2.325  1.964  1.603  1.241  0.878  0.515  0.151 -0.170 -0.526 
24.438 24.127 23.816 23.503 23.190 22.877 22.563 22.248 21.933 21.617 21.301 20.984 20.666 20.348 20.029 19.710 19.390 19.070 18.748 18.427 18.104 17.781 17.458 17.133 16.808 16.483 16.156 15.830 15.502 15.174 14.845 14.515 14.185 13.854 13.522 13.190 12.856 12.523 12.188 11.853 11.516 11.179 10.842 10.503 10.164  9.824  9.482  9.140  8.797  8.454  8.109  7.763  7.416  7.067  6.718  6.368  6.016  5.663  5.308  4.953  4.595  4.237  3.877  3.515  3.152  2.787  2.421  2.053  1.683  1.313  0.940  0.566  0.191 -0.185 -0.488 -0.791 
24.303 23.992 23.680 23.368 23.055 22.741 22.426 22.111 21.796 21.479 21.162 20.845 20.526 20.208 19.888 19.568 19.247 18.925 18.603 18.280 17.956 17.632 17.306 16.981 16.654 16.327 15.999 15.670 15.341 15.011 14.680 14.348 14.015 13.682 13.348 13.013 12.678 12.341 12.004 11.666 11.327 10.988 10.647 10.306  9.964  9.621  9.277  8.933  8.587  8.241  7.894  7.547  7.198  6.849  6.499  6.148  5.796  5.444  5.091  4.737  4.383  4.027  3.672  3.315  2.958  2.600  2.241  1.882  1.522  1.162  0.801  0.439  0.077 -0.265 -0.661 -1.057 
24.154 23.843 23.531 23.218 22.905 22.591 22.276 21.961 21.644 21.328 21.010 20.692 20.373 20.053 19.733 19.412 19.090 18.767 18.444 18.120 17.795 17.470 17.144 16.817 16.489 16.160 15.831 15.501 15.170 14.838 14.505 14.172 13.838 13.503 13.167 12.830 12.492 12.153 11.814 11.473 11.132 10.790 10.447 10.103  9.758  9.412  9.065  8.717  8.368  8.018  7.668  7.316  6.964  6.610  6.256  5.901  5.545  5.188  4.830  4.471  4.112  3.752  3.391  3.029  2.667  2.304  1.941  1.577  1.212  0.847  0.481  0.115 -0.214 -0.583 -0.953 -1.323 
23.992 23.680 23.368 23.056 22.742 22.428 22.113 21.797 21.480 21.163 20.845 20.526 20.207 19.886 19.565 19.243 18.921 18.597 18.273 17.948 17.623 17.296 16.969 16.641 16.312 15.982 15.652 15.320 14.988 14.655 14.321 13.987 13.651 13.315 12.977 12.639 12.300 11.960 11.619 11.277 10.934 10.591 10.246  9.900  9.553  9.205  8.856  8.505  8.154  7.801  7.448  7.093  6.737  6.379  6.021  5.661  5.300  4.938  4.575  4.210  3.845  3.478  3.111  2.742  2.373  2.003  1.632  1.261  0.888  0.516  0.143 -0.181 -0.532 -0.884 -1.236 -1.589 
23.818 23.507 23.195 22.882 22.568 22.254 21.938 21.622 21.305 20.988 20.669 20.350 20.030 19.709 19.387 19.064 18.741 18.417 18.092 17.766 17.439 17.111 16.783 16.454 16.123 15.792 15.461 15.128 14.794 14.460 14.125 13.789 13.452 13.114 12.775 12.435 12.095 11.754 11.411 11.068 10.724 10.380 10.034  9.687  9.340  8.992  8.643  8.293  7.942  7.590  7.237  6.883  6.528  6.172  5.815  5.456  5.096  4.734  4.370  4.004  3.636  3.266  2.893  2.517  2.137  1.754  1.368  0.979  0.586  0.191 -0.192 -0.525 -0.858 -1.190 -1.522 -1.854 
23.634 23.323 23.011 22.698 22.384 22.069 21.754 21.438 21.120 20.802 20.483 20.164 19.843 19.521 19.199 18.876 18.552 18.227 17.901 17.574 17.247 16.918 16.589 16.258 15.927 15.595 15.262 14.928 14.593 14.258 13.921 13.583 13.245 12.905 12.564 12.223 11.881 11.537 11.193 10.848 10.502 10.154  9.806  9.457  9.107  8.756  8.404  8.052  7.698  7.343  6.988  6.631  6.274  5.916  5.557  5.197  4.837  4.476  4.114  3.751  3.387  3.023  2.658  2.293  1.927  1.560  1.193  0.825  0.457  0.089 -0.245 -0.619 -0.993 -1.368 -1.744 -2.120 
23.441 23.130 22.817 22.504 22.190 21.876 21.560 21.243 20.926 20.607 20.288 19.968 19.647 19.325 19.002 18.678 18.354 18.028 17.702 17.374 17.046 16.717 16.387 16.056 15.724 15.391 15.057 14.722 14.387 14.050 13.712 13.373 13.034 12.693 12.351 12.008 11.665 11.320 10.974 10.627 10.279  9.930  9.579  9.228  8.876  8.522  8.168  7.812  7.455  7.097  6.739  6.379  6.018  5.655  5.292  4.928  4.563  4.197  3.831  3.463  3.095  2.725  2.355  1.985  1.614  1.242  0.869  0.497  0.123 -0.206 -0.568 -0.931 -1.294 -1.657 -2.021 -2.386 
23.239 22.928 22.615 22.302 21.988 21.673 21.357 21.040 20.722 20.404 20.084 19.764 19.442 19.120 18.796 18.472 18.147 17.821 17.493 17.165 16.836 16.507 16.176 15.844 15.511 15.178 14.843 14.507 14.171 13.834 13.495 13.156 12.815 12.474 12.132 11.789 11.444 11.099 10.753 10.405 10.057  9.707  9.357  9.005  8.652  8.298  7.942  7.585  7.227  6.867  6.506  6.144  5.780  5.415  5.048  4.679  4.309  3.938  3.565  3.190  2.814  2.437  2.059  1.679  1.299  0.917  0.536  0.153 -0.178 -0.530 -0.883 -1.235 -1.589 -1.942 -2.297 -2.651 
23.030 22.718 22.406 22.093 21.778 21.463 21.147 20.830 20.512 20.193 19.873 19.552 19.230 18.907 18.583 18.258 17.933 17.606 17.278 16.949 16.620 16.289 15.957 15.625 15.291 14.956 14.621 14.284 13.946 13.608 13.268 12.927 12.586 12.243 11.899 11.555 11.209 10.863 10.515 10.166  9.817  9.467  9.115  8.763  8.410  8.055  7.700  7.344  6.988  6.630  6.272  5.913  5.553  5.192  4.831  4.469  4.107  3.745  3.382  3.019  2.657  2.297  1.939  1.586  1.240  0.903  0.577  0.266 -0.031 -0.218 -0.355 -0.482 -0.603 -0.721 -0.836 -0.948 
22.815 22.503 22.191 21.878 21.563 21.248 20.932 20.615 20.298 19.979 19.659 19.338 19.017 18.694 18.371 18.047 17.722 17.396 17.069 16.741 16.413 16.084 15.754 15.423 15.091 14.759 14.426 14.093 13.758 13.424 13.088 12.752 12.416 12.079 11.742 11.404 11.066 10.728 10.389 10.051  9.712  9.373  9.035  8.696  8.358  8.020  7.682  7.344  7.007  6.670  6.334  5.999  5.664  5.330  4.997  4.665  4.335  4.006  3.679  3.354  3.032  2.712  2.396  2.083  1.774  1.468  1.166  0.868  0.574  0.281 -0.009 -0.155 -0.237 -0.314 -0.391 -0.466 
22.626 22.315 22.003 21.690 21.377 21.063 20.748 20.432 20.116 19.799 19.482 19.164 18.845 18.525 18.205 17.885 17.564 17.242 16.920 16.597 16.274 15.950 15.626 15.302 14.977 14.652 14.327 14.001 13.675 13.349 13.023 12.697 12.371 12.044 11.718 11.392 11.066 10.741 10.415 10.090  9.765  9.441  9.117  8.794  8.471  8.149  7.828  7.507  7.187  6.868  6.550  6.234  5.918  5.603  5.290  4.978  4.668  4.360  4.053  3.748  3.446  3.145  2.847  2.551  2.258  1.968  1.680  1.394  1.111  0.830  0.551  0.273 -0.002 -0.143 -0.212 -0.276 
22.500 22.189 21.878 21.566 21.254 20.941 20.628 20.314 20.001 19.686 19.372 19.057 18.742 18.426 18.111 17.795 17.478 17.162 16.845 16.528 16.211 15.894 15.577 15.260 14.942 14.625 14.307 13.990 13.673 13.356 13.039 12.722 12.406 12.090 11.774 11.459 11.143 10.829 10.515 10.201  9.888  9.576  9.264  8.954  8.643  8.334  8.026  7.718  7.412  7.106  6.802  6.498  6.196  5.895  5.596  5.298  5.001  4.706  4.413  4.121  3.831  3.543  3.258  2.974  2.693  2.414  2.137  1.862  1.590  1.320  1.052  0.787  0.523  0.260 -0.001 -0.129 
22.444 22.133 21.822 21.511 21.199 20.888 20.577 20.265 19.954 19.642 19.330 19.018 18.707 18.395 18.083 17.771 17.460 17.148 16.836 16.525 16.213 15.902 15.591 15.280 14.969 14.659 14.349 14.039 13.730 13.421 13.112 12.804 12.497 12.190 11.883 11.577 11.272 10.968 10.665 10.362 10.060  9.759  9.460  9.161  8.863  8.567  8.271  7.977  7.684  7.393  7.103  6.814  6.527  6.241  5.956  5.673  5.392  5.112  4.834  4.557  4.282  4.008  3.735  3.464  3.194  2.925  2.658  2.392  2.126  1.862  1.599  1.336  1.074  0.812  0.551  0.290 
22.452 22.141 21.830 21.520 21.209 20.899 20.589 20.280 19.970 19.661 19.352 19.043 18.734 18.426 18.118 17.810 17.502 17.195 16.888 16.581 16.275 15.969 15.663 15.358 15.053 14.749 14.445 14.141 13.838 13.536 13.234 12.933 12.632 12.332 12.032 11.733 11.435 11.137 10.840 10.544 10.248  9.953  9.659  9.365  9.072  8.780  8.488  8.198  7.908  7.619  7.330  7.042  6.755  6.469  6.183  5.898  5.614  5.331  5.048  4.765  4.484  4.202  3.922  3.642  3.362  3.083  2.804  2.526  2.248  1.970  1.693  1.416  1.139  0.862  0.586  0.309 
22.511 22.200 21.889 21.579 21.270 20.960 20.651 20.343 20.034 19.726 19.419 19.111 18.804 18.498 18.192 17.886 17.580 17.275 16.971 16.666 16.362 16.059 15.756 15.453 15.151 14.849 14.548 14.247 13.947 13.647 13.347 13.048 12.749 12.451 12.154 11.856 11.560 11.264 10.968 10.673 10.378 10.084  9.790  9.497  9.204  8.911  8.620  8.328  8.037  7.747  7.457  7.167  6.878  6.589  6.301  6.013  5.726  5.439  5.152  4.866  4.580  4.294  4.008  3.723  3.438  3.154  2.870  2.585  2.301  2.018  1.734  1.451  1.167  0.884  0.601  0.318 
22.593 22.282 21.972 21.662 21.352 21.043 20.734 20.426 20.118 19.811 19.503 19.197 18.890 18.584 18.279 17.973 17.669 17.364 17.060 16.757 16.453 16.151 15.848 15.546 15.245 14.943 14.643 14.342 14.042 13.743 13.443 13.145 12.846 12.548 12.251 11.953 11.657 11.360 11.064 10.768 10.473 10.178  9.884  9.590  9.296  9.002  8.709  8.416  8.124  7.832  7.540  7.249  6.958  6.667  6.376  6.086  5.796  5.506  5.217  4.928  4.639  4.350  4.061  3.773  3.485  3.197  2.909  2.621  2.333  2.046  1.758  1.471  1.184  0.897  0.610  0.323 
22.681 22.370 22.060 21.750 21.440 21.131 20.822 20.514 20.206 19.898 19.591 19.284 18.978 18.672 18.366 18.061 17.756 17.452 17.148 16.844 16.541 16.238 15.935 15.633 15.331 15.029 14.728 14.428 14.127 13.827 13.527 13.228 12.929 12.631 12.332 12.034 11.737 11.439 11.143 10.846 10.550 10.254  9.958  9.663  9.367  9.073  8.778  8.484  8.190  7.896  7.603  7.310  7.017  6.724  6.432  6.139  5.847  5.555  5.264  4.972  4.681  4.390  4.099  3.808  3.517  3.227  2.936  2.646  2.356  2.066  1.776  1.486  1.196  0.906  0.616  0.326 
22.766 22.455 22.145 21.835 21.525 21.216 20.907 20.599 20.291 19.983 19.676 19.369 19.062 18.756 18.450 18.144 17.839 17.534 17.230 16.925 16.622 16.318 16.015 15.712 15.410 15.108 14.806 14.505 14.204 13.903 13.602 13.302 13.002 12.703 12.404 12.105 11.806 11.508 11.210 10.912 10.615 10.318 10.021  9.724  9.428  9.131  8.836  8.540  8.244  7.949  7.654  7.359  7.065  6.770  6.476  6.182  5.888  5.595  5.301  5.008  4.715  4.422  4.129  3.836  3.543  3.251  2.958  2.666  2.373  2.081  1.789  1.497  1.205  0.913  0.621  0.329 
22.846 22.535 22.225 21.915 21.605 21.296 20.987 20.678 20.370 20.062 19.754 19.447 19.140 18.833 18.527 18.221 17.915 17.610 17.305 17.000 16.696 16.392 16.088 15.785 15.482 15.179 14.877 14.575 14.273 13.971 13.670 13.369 13.068 12.768 12.468 12.168 11.868 11.569 11.270 10.971 10.672 10.374 10.076  9.778  9.480  9.183  8.885  8.588  8.292  7.995  7.699  7.402  7.106  6.810  6.515  6.219  5.924  5.628  5.333  5.038  4.743  4.449  4.154  3.860  3.565  3.271  2.977  2.682  2.388  2.094  1.800  1.506  1.212  0.919  0.625  0.331 
22.920 22.609 22.298 21.988 21.679 21.369 21.060 20.751 20.443 20.134 19.827 19.519 19.212 18.905 18.598 18.292 17.986 17.680 17.374 17.069 16.764 16.460 16.155 15.851 15.548 15.244 14.941 14.638 14.335 14.033 13.731 13.429 13.128 12.826 12.525 12.224 11.924 11.623 11.323 11.023 10.724 10.424 10.125  9.826  9.527  9.228  8.930  8.632  8.333  8.036  7.738  7.440  7.143  6.846  6.548  6.252  5.955  5.658  5.361  5.065  4.769  4.472  4.176  3.880  3.584  3.288  2.993  2.697  2.401  2.106  1.810  1.515  1.219  0.924  0.628  0.333 
22.987 22.676 22.366 22.056 21.746 21.436 21.127 20.818 20.509 20.201 19.893 19.585 19.277 18.970 18.663 18.356 18.050 17.743 17.437 17.132 16.826 16.521 16.216 15.912 15.607 15.303 14.999 14.696 14.392 14.089 13.786 13.484 13.181 12.879 12.577 12.275 11.974 11.673 11.372 11.071 10.770 10.469 10.169  9.869  9.569  9.269  8.970  8.670  8.371  8.072  7.773  7.474  7.176  6.877  6.579  6.281  5.983  5.685  5.387  5.089  4.791  4.494  4.196  3.899  3.601  3.304  3.007  2.710  2.413  2.116  1.819  1.522  1.225  0.928  0.631  0.334 
23.049 22.738 22.427 22.117 21.807 21.498 21.188 20.879 20.570 20.261 19.953 19.645 19.337 19.029 18.722 18.415 18.108 17.801 17.495 17.189 16.883 16.577 16.272 15.967 15.662 15.357 15.052 14.748 14.444 14.140 13.837 13.533 13.230 12.927 12.624 12.322 12.020 11.717 11.415 11.114 10.812 10.511 10.209  9.908  9.607  9.307  9.006  8.705  8.405  8.105  7.805  7.505  7.205  6.906  6.606  6.307  6.008  5.709  5.409  5.110  4.812  4.513  4.214  3.916  3.617  3.318  3.020  2.722  2.423  2.125  1.827  1.529  1.230  0.932  0.634  0.336 
23.105 22.794 22.483 22.173 21.863 21.553 21.244 20.934 20.625 20.316 20.008 19.699 19.391 19.083 18.776 18.468 18.161 17.854 17.547 17.241 16.934 16.628 16.322 16.017 15.711 15.406 15.101 14.796 14.491 14.187 13.882 13.578 13.275 12.971 12.667 12.364 12.061 11.758 11.455 11.153 10.850 10.548 10.246  9.944  9.642  9.340  9.039  8.737  8.436  8.135  7.834  7.533  7.232  6.932  6.631  6.331  6.030  5.730  5.430  5.130  4.830  4.530  4.230  3.931  3.631  3.331  3.032  2.732  2.433  2.133  1.834  1.535  1.235  0.936  0.637  0.337 
23.156 22.845 22.534 22.224 21.914 21.604 21.294 20.985 20.676 20.367 20.058 19.749 19.441 19.133 18.825 18.517 18.209 17.902 17.595 17.288 16.981 16.674 16.368 16.062 15.756 15.450 15.145 14.839 14.534 14.229 13.924 13.619 13.315 13.011 12.706 12.402 12.099 11.795 11.491 11.188 10.885 10.582 10.279  9.976  9.673  9.371  9.069  8.766  8.464  8.162  7.860  7.558  7.257  6.955  6.654  6.352  6.051  5.750  5.449  5.148  4.847  4.546  4.245  3.944  3.644  3.343  3.042  2.742  2.441  2.141  1.840  1.540  1.240  0.939  0.639  0.339 
23.202 22.891 22.581 22.270 21.960 21.650 21.340 21.031 20.721 20.412 20.103 19.794 19.486 19.177 18.869 18.561 18.253 17.945 17.638 17.331 17.024 16.717 16.410 16.103 15.797 15.491 15.184 14.879 14.573 14.267 13.962 13.657 13.352 13.047 12.742 12.437 12.133 11.828 11.524 11.220 10.916 10.613 10.309 10.005  9.702  9.399  9.096  8.793  8.490  8.187  7.884  7.581  7.279  6.977  6.674  6.372  6.070  5.768  5.466  5.164  4.862  4.560  4.258  3.957  3.655  3.354  3.052  2.751  2.449  2.148  1.846  1.545  1.244  0.942  0.641  0.340 
23.244 22.934 22.623 22.313 22.002 21.692 21.382 21.073 20.763 20.454 20.145 19.835 19.527 19.218 18.910 18.601 18.293 17.985 17.677 17.370 17.062 16.755 16.448 16.141 15.834 15.527 15.221 14.914 14.608 14.302 13.996 13.691 13.385 13.079 12.774 12.469 12.164 11.859 11.554 11.249 10.945 10.641 10.336 10.032  9.728  9.424  9.120  8.816  8.513  8.209  7.906  7.602  7.299  6.996  6.693  6.390  6.087  5.784  5.481  5.179  4.876  4.573  4.271  3.968  3.666  3.363  3.061  2.759  2.456  2.154  1.852  1.550  1.247  0.945  0.643  0.341 
23.283 22.972 22.661 22.351 22.041 21.730 21.420 21.111 20.801 20.491 20.182 19.873 19.564 19.255 18.946 18.638 18.329 18.021 17.713 17.405 17.097 16.790 16.482 16.175 15.868 15.561 15.254 14.947 14.640 14.334 14.028 13.721 13.415 13.109 12.803 12.498 12.192 11.887 11.581 11.276 10.971 10.666 10.361 10.056  9.752  9.447  9.143  8.838  8.534  8.230  7.926  7.621  7.318  7.014  6.710  6.406  6.102  5.799  5.495  5.192  4.888  4.585  4.282  3.978  3.675  3.372  3.069  2.766  2.463  2.160  1.857  1.554  1.251  0.948  0.645  0.342 
23.318 23.007 22.696 22.386 22.075 21.765 21.455 21.145 20.835 20.526 20.216 19.907 19.598 19.289 18.980 18.671 18.362 18.054 17.746 17.437 17.129 16.821 16.514 16.206 15.898 15.591 15.284 14.977 14.670 14.363 14.056 13.749 13.443 13.136 12.830 12.524 12.218 11.912 11.606 11.300 10.995 10.689 10.384 10.078  9.773  9.468  9.163  8.858  8.553  8.248  7.943  7.639  7.334  7.030  6.725  6.421  6.117  5.812  5.508  5.204  4.900  4.596  4.292  3.988  3.684  3.380  3.076  2.772  2.469  2.165  1.861  1.557  1.254  0.950  0.646  0.343 
23.349 23.039 22.728 22.417 22.107 21.797 21.486 21.176 20.867 20.557 20.247 19.938 19.628 19.319 19.010 18.701 18.392 18.084 17.775 17.467 17.158 16.850 16.542 16.234 15.926 15.619 15.311 15.004 14.696 14.389 14.082 13.775 13.468 13.161 12.854 12.548 12.241 11.935 11.629 11.322 11.016 10.710 10.404 10.098  9.793  9.487  9.181  8.876  8.570  8.265  7.960  7.654  7.349  7.044  6.739  6.434  6.129  5.824  5.520  5.215  4.910  4.605  4.301  3.996  3.692  3.387  3.083  2.778  2.474  2.169  1.865  1.561  1.256  0.952  0.648  0.343 
23.378 23.067 22.757 22.446 22.136 21.825 21.515 21.205 20.895 20.585 20.275 19.966 19.656 19.347 19.038 18.729 18.420 18.111 17.802 17.493 17.185 16.876 16.568 16.260 15.952 15.644 15.336 15.028 14.720 14.413 14.105 13.798 13.491 13.183 12.876 12.569 12.262 11.956 11.649 11.342 11.036 10.729 10.423 10.117  9.810  9.504  9.198  8.892  8.586  8.280  7.975  7.669  7.363  7.057  6.752  6.446  6.141  5.836  5.530  5.225  4.920  4.614  4.309  4.004  3.699  3.394  3.089  2.784  2.479  2.174  1.869  1.564  1.259  0.954  0.649  0.344 
23.404 23.094 22.783 22.472 22.162 21.851 21.541 21.231 20.921 20.611 20.301 19.991 19.682 19.372 19.063 18.754 18.444 18.135 17.826 17.518 17.209 16.900 16.592 16.283 15.975 15.666 15.358 15.050 14.742 14.434 14.127 13.819 13.511 13.204 12.896 12.589 12.282 11.975 11.667 11.360 11.054 10.747 10.440 10.133  9.827  9.520  9.213  8.907  8.601  8.294  7.988  7.682  7.376  7.070  6.763  6.457  6.152  5.846  5.540  5.234  4.928  4.622  4.317  4.011  3.705  3.400  3.094  2.789  2.483  2.177  1.872  1.566  1.261  0.955  0.650  0.345 
23.428 23.117 22.807 22.496 22.186 21.875 21.565 21.255 20.944 20.634 20.324 20.015 19.705 19.395 19.086 18.776 18.467 18.158 17.849 17.540 17.231 16.922 16.613 16.304 15.996 15.687 15.379 15.070 14.762 14.454 14.146 13.838 13.530 13.222 12.915 12.607 12.299 11.992 11.684 11.377 11.070 10.762 10.455 10.148  9.841  9.534  9.227  8.920  8.614  8.307  8.000  7.694  7.387  7.080  6.774  6.468  6.161  5.855  5.548  5.242  4.936  4.630  4.324  4.017  3.711  3.405  3.099  2.793  2.487  2.181  1.875  1.569  1.263  0.957  0.651  0.345 
23.450 23.139 22.828 22.518 22.207 21.897 21.586 21.276 20.966 20.656 20.346 20.036 19.726 19.416 19.107 18.797 18.488 18.178 17.869 17.560 17.250 16.941 16.632 16.324 16.015 15.706 15.397 15.089 14.780 14.472 14.164 13.855 13.547 13.239 12.931 12.623 12.315 12.007 11.700 11.392 11.084 10.777 10.469 10.162  9.855  9.547  9.240  8.933  8.626  8.318  8.011  7.704  7.397  7.090  6.784  6.477  6.170  5.863  5.556  5.250  4.943  4.636  4.330  4.023  3.717  3.410  3.104  2.797  2.491  2.184  1.878  1.571  1.265  0.958  0.652  0.346 
23.470 23.159 22.848 22.537 22.227 21.916 21.606 21.295 20.985 20.675 20.365 20.055 19.745 19.435 19.125 18.816 18.506 18.197 17.887 17.578 17.269 16.959 16.650 16.341 16.032 15.723 15.414 15.106 14.797 14.488 14.180 13.871 13.563 13.254 12.946 12.638 12.330 12.022 11.714 11.406 11.098 10.790 10.482 10.174  9.867  9.559  9.251  8.944  8.636  8.329  8.021  7.714  7.407  7.099  6.792  6.485  6.178  5.871  5.564  5.257  4.949  4.642  4.335  4.028  3.722  3.415  3.108  2.801  2.494  2.187  1.880  1.573  1.267  0.960  0.653  0.346 
23.488 23.177 22.866 22.555 22.245 21.934 21.624 21.313 21.003 20.693 20.382 20.072 19.762 19.452 19.143 18.833 18.523 18.213 17.904 17.594 17.285 16.976 16.666 16.357 16.048 15.739 15.430 15.121 14.812 14.503 14.194 13.886 13.577 13.268 12.960 12.651 12.343 12.035 11.726 11.418 11.110 10.802 10.494 10.186  9.878  9.570  9.262  8.954  8.646  8.338  8.031  7.723  7.415  7.108  6.800  6.493  6.185  5.878  5.570  5.263  4.955  4.648  4.341  4.033  3.726  3.419  3.111  2.804  2.497  2.190  1.882  1.575  1.268  0.961  0.654  0.346 
23.504 23.193 22.882 22.571 22.261 21.950 21.640 21.329 21.019 20.709 20.398 20.088 19.778 19.468 19.158 18.848 18.538 18.229 17.919 17.609 17.300 16.990 16.681 16.372 16.062 15.753 15.444 15.135 14.826 14.517 14.208 13.899 13.590 13.281 12.972 12.664 12.355 12.046 11.738 11.429 11.121 10.813 10.504 10.196  9.888  9.579  9.271  8.963  8.655  8.347  8.039  7.731  7.423  7.115  6.807  6.499  6.192  5.884  5.576  5.268  4.961  4.653  4.345  4.038  3.730  3.422  3.115  2.807  2.500  2.192  1.884  1.577  1.269  0.962  0.654  0.347 
23.519 23.208 22.897 22.586 22.276 21.965 21.654 21.344 21.034 20.723 20.413 20.103 19.793 19.482 19.172 18.862 18.552 18.243 17.933 17.623 17.313 17.004 16.694 16.385 16.075 15.766 15.456 15.147 14.838 14.529 14.220 13.911 13.602 13.293 12.984 12.675 12.366 12.057 11.748 11.440 11.131 10.822 10.514 10.205  9.897  9.588  9.280  8.972  8.663  8.355  8.047  7.738  7.430  7.122  6.814  6.506  6.198  5.890  5.581  5.273  4.965  4.657  4.349  4.042  3.734  3.426  3.118  2.810  2.502  2.194  1.886  1.578  1.271  0.963  0.655  0.347 
23.532 23.221 22.910 22.600 22.289 21.978 21.668 21.357 21.047 20.736 20.426 20.116 19.806 19.495 19.185 18.875 18.565 18.255 17.945 17.636 17.326 17.016 16.706 16.397 16.087 15.778 15.468 15.159 14.849 14.540 14.231 13.921 13.612 13.303 12.994 12.685 12.376 12.067 11.758 11.449 11.140 10.831 10.523 10.214  9.905  9.596  9.288  8.979  8.671  8.362  8.054  7.745  7.437  7.128  6.820  6.511  6.203  5.895  5.586  5.278  4.970  4.662  4.353  4.045  3.737  3.429  3.121  2.812  2.504  2.196  1.888  1.580  1.272  0.964  0.656  0.347 
23.544 23.233 22.923 22.612 22.301 21.991 21.680 21.369 21.059 20.748 20.438 20.128 19.817 19.507 19.197 18.887 18.577 18.267 17.957 17.647 17.337 17.027 16.717 16.408 16.098 15.788 15.479 15.169 14.859 14.550 14.241 13.931 13.622 13.313 13.003 12.694 12.385 12.076 11.767 11.457 11.148 10.839 10.530 10.221  9.913  9.604  9.295  8.986  8.677  8.369  8.060  7.751  7.442  7.134  6.825  6.517  6.208  5.899  5.591  5.282  4.974  4.665  4.357  4.048  3.740  3.432  3.123  2.815  2.506  2.198  1.890  1.581  1.273  0.964  0.656  0.348 
23.555 23.245 22.934 22.623 22.312 22.002 21.691 21.380 21.070 20.759 20.449 20.139 19.828 19.518 19.208 18.897 18.587 18.277 17.967 17.657 17.347 17.037 16.727 16.417 16.108 15.798 15.488 15.178 14.869 14.559 14.250 13.940 13.631 13.321 13.012 12.702 12.393 12.084 11.774 11.465 11.156 10.847 10.538 10.229  9.919  9.610  9.301  8.992  8.683  8.374  8.065  7.757  7.448  7.139  6.830  6.521  6.212  5.904  5.595  5.286  4.977  4.669  4.360  4.051  3.743  3.434  3.125  2.817  2.508  2.200  1.891  1.582  1.274  0.965  0.657  0.348 
23.566 23.255 22.944 22.633 22.322 22.012 21.701 21.390 21.080 20.769 20.459 20.148 19.838 19.528 19.217 18.907 18.597 18.287 17.977 17.666 17.356 17.046 16.736 16.426 16.117 15.807 15.497 15.187 14.877 14.568 14.258 13.948 13.639 13.329 13.019 12.710 12.400 12.091 11.782 11.472 11.163 10.853 10.544 10.235  9.926  9.616  9.307  8.998  8.689  8.380  8.071  7.762  7.453  7.143  6.834  6.525  6.216  5.908  5.599  5.290  4.981  4.672  4.363  4.054  3.745  3.436  3.127  2.819  2.510  2.201  1.892  1.583  1.275  0.966  0.657  0.348 
23.575 23.264 22.953 22.642 22.331 22.021 21.710 21.399 21.089 20.778 20.468 20.157 19.847 19.537 19.226 18.916 18.606 18.295 17.985 17.675 17.365 17.055 16.745 16.435 16.125 15.815 15.505 15.195 14.885 14.575 14.265 13.956 13.646 13.336 13.026 12.717 12.407 12.098 11.788 11.479 11.169 10.860 10.550 10.241  9.931  9.622  9.313  9.003  8.694  8.385  8.075  7.766  7.457  7.148  6.839  6.529  6.220  5.911  5.602  5.293  4.984  4.675  4.366  4.056  3.747  3.438  3.129  2.820  2.511  2.202  1.893  1.584  1.275  0.966  0.657  0.348 
23.583 23.272 22.961 22.651 22.340 22.029 21.718 21.408 21.097 20.787 20.476 20.165 19.855 19.545 19.234 18.924 18.613 18.303 17.993 17.683 17.372 17.062 16.752 16.442 16.132 15.822 15.512 15.202 14.892 14.582 14.272 13.962 13.652 13.343 13.033 12.723 12.413 12.104 11.794 11.484 11.175 10.865 10.556 10.246  9.936  9.627  9.317  9.008  8.698  8.389  8.080  7.770  7.461  7.152  6.842  6.533  6.224  5.914  5.605  5.296  4.986  4.677  4.368  4.059  3.749  3.440  3.131  2.822  2.513  2.204  1.894  1.585  1.276  0.967  0.658  0.349 
23.591 23.280 22.969 22.658 22.347 22.037 21.726 21.415 21.105 20.794 20.483 20.173 19.862 19.552 19.241 18.931 18.621 18.310 18.000 17.690 17.379 17.069 16.759 16.449 16.139 15.828 15.518 15.208 14.898 14.588 14.278 13.968 13.658 13.348 13.039 12.729 12.419 12.109 11.799 11.490 11.180 10.870 10.560 10.251  9.941  9.631  9.322  9.012  8.703  8.393  8.084  7.774  7.464  7.155  6.846  6.536  6.227  5.917  5.608  5.298  4.989  4.679  4.370  4.061  3.751  3.442  3.133  2.823  2.514  2.205  1.895  1.586  1.277  0.967  0.658  0.349 
23.598 23.287 22.976 22.665 22.354 22.043 21.733 21.422 21.111 20.801 20.490 20.180 19.869 19.559 19.248 18.938 18.627 18.317 18.006 17.696 17.386 17.075 16.765 16.455 16.145 15.834 15.524 15.214 14.904 14.594 14.284 13.974 13.664 13.354 13.044 12.734 12.424 12.114 11.804 11.494 11.184 10.875 10.565 10.255  9.945  9.636  9.326  9.016  8.706  8.397  8.087  7.777  7.468  7.158  6.849  6.539  6.229  5.920  5.610  5.301  4.991  4.682  4.372  4.063  3.753  3.444  3.134  2.825  2.515  2.206  1.896  1.587  1.277  0.968  0.658  0.349 
23.604 23.293 22.982 22.671 22.360 22.050 21.739 21.428 21.118 20.807 20.496 20.186 19.875 19.565 19.254 18.944 18.633 18.323 18.012 17.702 17.391 17.081 16.771 16.460 16.150 15.840 15.530 15.220 14.909 14.599 14.289 13.979 13.669 13.359 13.049 12.739 12.429 12.119 11.809 11.499 11.189 10.879 10.569 10.259  9.949  9.639  9.329  9.020  8.710  8.400  8.090  7.781  7.471  7.161  6.851  6.542  6.232  5.922  5.612  5.303  4.993  4.684  4.374  4.064  3.755  3.445  3.135  2.826  2.516  2.207  1.897  1.587  1.278  0.968  0.659  0.349 
23.610 23.299 22.988 22.677 22.366 22.055 21.745 21.434 21.123 20.813 20.502 20.191 19.881 19.570 19.260 18.949 18.638 18.328 18.018 17.707 17.397 17.086 16.776 16.466 16.155 15.845 15.535 15.224 14.914 14.604 14.294 13.983 13.673 13.363 13.053 12.743 12.433 12.123 11.813 11.503 11.193 10.883 10.573 10.263  9.953  9.643  9.333  9.023  8.713  8.403  8.093  7.783  7.473  7.164  6.854  6.544  6.234  5.924  5.615  5.305  4.995  4.685  4.375  4.066  3.756  3.446  3.137  2.827  2.517  2.207  1.898  1.588  1.278  0.968  0.659  0.349 
23.615 23.304 22.993 22.682 22.371 22.061 21.750 21.439 21.128 20.818 20.507 20.196 19.886 19.575 19.264 18.954 18.643 18.333 18.022 17.712 17.401 17.091 16.781 16.470 16.160 15.849 15.539 15.229 14.918 14.608 14.298 13.988 13.677 13.367 13.057 12.747 12.437 12.126 11.816 11.506 11.196 10.886 10.576 10.266  9.956  9.646  9.336  9.026  8.716  8.406  8.096  7.786  7.476  7.166  6.856  6.546  6.236  5.926  5.616  5.307  4.997  4.687  4.377  4.067  3.757  3.447  3.138  2.828  2.518  2.208  1.898  1.588  1.279  0.969  0.659  0.349 
23.619 23.309 22.998 22.687 22.376 22.065 21.754 21.444 21.133 20.822 20.512 20.201 19.890 19.580 19.269 18.958 18.648 18.337 18.027 17.716 17.406 17.095 16.785 16.474 16.164 15.853 15.543 15.233 14.922 14.612 14.302 13.991 13.681 13.371 13.061 12.750 12.440 12.130 11.820 11.509 11.199 10.889 10.579 10.269  9.959  9.649  9.339  9.028  8.718  8.408  8.098  7.788  7.478  7.168  6.858  6.548  6.238  5.928  5.618  5.308  4.998  4.688  4.378  4.068  3.758  3.448  3.139  2.829  2.519  2.209  1.899  1.589  1.279  0.969  0.659  0.349 
23.624 23.313 23.002 22.691 22.380 22.069 21.759 21.448 21.137 20.826 20.516 20.205 19.894 19.584 19.273 18.962 18.652 18.341 18.031 17.720 17.410 17.099 16.789 16.478 16.168 15.857 15.547 15.236 14.926 14.616 14.305 13.995 13.684 13.374 13.064 12.754 12.443 12.133 11.823 11.512 11.202 10.892 10.582 10.272  9.961  9.651  9.341  9.031  8.721  8.411  8.100  7.790  7.480  7.170  6.860  6.550  6.240  5.930  5.620  5.310  5.000  4.690  4.380  4.069  3.759  3.449  3.139  2.829  2.519  2.209  1.899  1.589  1.279  0.969  0.659  0.349 
23.628 23.317 23.006 22.695 22.384 22.073 21.763 21.452 21.141 20.830 20.520 20.209 19.898 19.587 19.277 18.966 18.656 18.345 18.034 17.724 17.413 17.103 16.792 16.482 16.171 15.861 15.550 15.240 14.929 14.619 14.308 13.998 13.688 13.377 13.067 12.756 12.446 12.136 11.825 11.515 11.205 10.895 10.584 10.274  9.964  9.653  9.343  9.033  8.723  8.413  8.102  7.792  7.482  7.172  6.862  6.552  6.241  5.931  5.621  5.311  5.001  4.691  4.381  4.070  3.760  3.450  3.140  2.830  2.520  2.210  1.900  1.590  1.280  0.970  0.659  0.349 
23.631 23.320 23.009 22.699 22.388 22.077 21.766 21.455 21.145 20.834 20.523 20.212 19.902 19.591 19.280 18.970 18.659 18.348 18.038 17.727 17.416 17.106 16.795 16.485 16.174 15.864 15.553 15.243 14.932 14.622 14.311 14.001 13.690 13.380 13.069 12.759 12.449 12.138 11.828 11.518 11.207 10.897 10.587 10.276  9.966  9.656  9.345  9.035  8.725  8.414  8.104  7.794  7.484  7.173  6.863  6.553  6.243  5.933  5.622  5.312  5.002  4.692  4.382  4.071  3.761  3.451  3.141  2.831  2.521  2.210  1.900  1.590  1.280  0.970  0.660  0.349 
23.634 23.323 23.013 22.702 22.391 22.080 21.769 21.458 21.148 20.837 20.526 20.215 19.905 19.594 19.283 18.973 18.662 18.351 18.041 17.730 17.419 17.109 16.798 16.488 16.177 15.866 15.556 15.245 14.935 14.624 14.314 14.003 13.693 13.382 13.072 12.761 12.451 12.141 11.830 11.520 11.209 10.899 10.589 10.278  9.968  9.658  9.347  9.037  8.726  8.416  8.106  7.796  7.485  7.175  6.865  6.554  6.244  5.934  5.624  5.313  5.003  4.693  4.383  4.072  3.762  3.452  3.142  2.831  2.521  2.211  1.901  1.590  1.280  0.970  0.660  0.349 
23.637 23.326 23.015 22.705 22.394 22.083 21.772 21.461 21.151 20.840 20.529 20.218 19.908 19.597 19.286 18.975 18.665 18.354 18.043 17.733 17.422 17.111 16.801 16.490 16.180 15.869 15.558 15.248 14.937 14.627 14.316 14.006 13.695 13.385 13.074 12.764 12.453 12.143 11.832 11.522 11.211 10.901 10.590 10.280  9.970  9.659  9.349  9.038  8.728  8.418  8.107  7.797  7.487  7.176  6.866  6.556  6.245  5.935  5.625  5.314  5.004  4.694  4.383  4.073  3.763  3.452  3.142  2.832  2.522  2.211  1.901  1.591  1.280  0.970  0.660  0.350 
23.640 23.329 23.018 22.707 22.396 22.086 21.775 21.464 21.153 20.842 20.532 20.221 19.910 19.599 19.289 18.978 18.667 18.356 18.046 17.735 17.424 17.114 16.803 16.493 16.182 15.871 15.561 15.250 14.939 14.629 14.318 14.008 13.697 13.387 13.076 12.766 12.455 12.145 11.834 11.524 11.213 10.903 10.592 10.282  9.971  9.661  9.350  9.040  8.730  8.419  8.109  7.798  7.488  7.177  6.867  6.557  6.246  5.936  5.626  5.315  5.005  4.694  4.384  4.074  3.763  3.453  3.143  2.832  2.522  2.212  1.901  1.591  1.281  0.970  0.660  0.350 
23.642 23.331 23.021 22.710 22.399 22.088 21.777 21.466 21.156 20.845 20.534 20.223 19.912 19.602 19.291 18.980 18.669 18.359 18.048 17.737 17.427 17.116 16.805 16.495 16.184 15.873 15.563 15.252 14.941 14.631 14.320 14.010 13.699 13.389 13.078 12.767 12.457 12.146 11.836 11.525 11.215 10.904 10.594 10.283  9.973  9.662  9.352  9.041  8.731  8.420  8.110  7.799  7.489  7.179  6.868  6.558  6.247  5.937  5.626  5.316  5.006  4.695  4.385  4.074  3.764  3.454  3.143  2.833  2.522  2.212  1.902  1.591  1.281  0.970  0.660  0.350 
23.644 23.334 23.023 22.712 22.401 22.090 21.779 21.468 21.158 20.847 20.536 20.225 19.915 19.604 19.293 18.982 18.672 18.361 18.050 17.739 17.429 17.118 16.807 16.497 16.186 15.875 15.565 15.254 14.943 14.633 14.322 14.011 13.701 13.390 13.080 12.769 12.458 12.148 11.837 11.527 11.216 10.906 10.595 10.285  9.974  9.664  9.353  9.043  8.732  8.421  8.111  7.801  7.490  7.180  6.869  6.559  6.248  5.938  5.627  5.317  5.006  4.696  4.385  4.075  3.764  3.454  3.144  2.833  2.523  2.212  1.902  1.591  1.281  0.971  0.660  0.350 
23.646 23.336 23.025 22.714 22.403 22.092 21.781 21.470 21.160 20.849 20.538 20.227 19.916 19.606 19.295 18.984 18.673 18.363 18.052 17.741 17.430 17.120 16.809 16.498 16.188 15.877 15.566 15.256 14.945 14.634 14.324 14.013 13.702 13.392 13.081 12.771 12.460 12.149 11.839 11.528 11.218 10.907 10.596 10.286  9.975  9.665  9.354  9.044  8.733  8.423  8.112  7.801  7.491  7.180  6.870  6.559  6.249  5.938  5.628  5.317  5.007  4.696  4.386  4.075  3.765  3.454  3.144  2.833  2.523  2.213  1.902  1.592  1.281  0.971  0.660  0.350 
23.648 23.337 23.026 22.716 22.405 22.094 21.783 21.472 21.161 20.851 20.540 20.229 19.918 19.607 19.297 18.986 18.675 18.364 18.054 17.743 17.432 17.121 16.811 16.500 16.189 15.879 15.568 15.257 14.946 14.636 14.325 14.014 13.704 13.393 13.083 12.772 12.461 12.151 11.840 11.529 11.219 10.908 10.598 10.287  9.976  9.666  9.355  9.045  8.734  8.423  8.113  7.802  7.492  7.181  6.871  6.560  6.250  5.939  5.629  5.318  5.007  4.697  4.386  4.076  3.765  3.455  3.144  2.834  2.523  2.213  1.902  1.592  1.281  0.971  0.660  0.350 
23.650 23.339 23.028 22.717 22.406 22.096 21.785 21.474 21.163 20.852 20.541 20.231 19.920 19.609 19.298 18.987 18.677 18.366 18.055 17.744 17.434 17.123 16.812 16.501 16.191 15.880 15.569 15.259 14.948 14.637 14.326 14.016 13.705 13.394 13.084 12.773 12.462 12.152 11.841 11.531 11.220 10.909 10.599 10.288  9.977  9.667  9.356  9.046  8.735  8.424  8.114  7.803  7.493  7.182  6.871  6.561  6.250  5.940  5.629  5.319  5.008  4.697  4.387  4.076  3.766  3.455  3.145  2.834  2.524  2.213  1.902  1.592  1.281  0.971  0.660  0.350 
23.651 23.340 23.030 22.719 22.408 22.097 21.786 21.475 21.164 20.854 20.543 20.232 19.921 19.610 19.300 18.989 18.678 18.367 18.056 17.746 17.435 17.124 16.813 16.503 16.192 15.881 15.571 15.260 14.949 14.638 14.328 14.017 13.706 13.396 13.085 12.774 12.464 12.153 11.842 11.532 11.221 10.910 10.600 10.289  9.978  9.668  9.357  9.046  8.736  8.425  8.114  7.804  7.493  7.183  6.872  6.561  6.251  5.940  5.630  5.319  5.008  4.698  4.387  4.077  3.766  3.456  3.145  2.834  2.524  2.213  1.903  1.592  1.281  0.971  0.660  0.350 
23.653 23.342 23.031 22.720 22.409 22.098 21.787 21.477 21.166 20.855 20.544 20.233 19.923 19.612 19.301 18.990 18.679 18.369 18.058 17.747 17.436 17.125 16.815 16.504 16.193 15.882 15.572 15.261 14.950 14.639 14.329 14.018 13.707 13.397 13.086 12.775 12.465 12.154 11.843 11.532 11.222 10.911 10.600 10.290  9.979  9.668  9.358  9.047  8.736  8.426  8.115  7.805  7.494  7.183  6.873  6.562  6.251  5.941  5.630  5.319  5.009  4.698  4.388  4.077  3.766  3.456  3.145  2.835  2.524  2.213  1.903  1.592  1.282  0.971  0.660  0.350 
23.654 23.343 23.032 22.721 22.410 22.100 21.789 21.478 21.167 20.856 20.545 20.235 19.924 19.613 19.302 18.991 18.680 18.370 18.059 17.748 17.437 17.127 16.816 16.505 16.194 15.883 15.573 15.262 14.951 14.640 14.330 14.019 13.708 13.398 13.087 12.776 12.465 12.155 11.844 11.533 11.223 10.912 10.601 10.291  9.980  9.669  9.358  9.048  8.737  8.426  8.116  7.805  7.494  7.184  6.873  6.562  6.252  5.941  5.631  5.320  5.009  4.699  4.388  4.077  3.767  3.456  3.145  2.835  2.524  2.214  1.903  1.592  1.282  0.971  0.660  0.350 
23.655 23.344 23.033 22.722 22.412 22.101 21.790 21.479 21.168 20.857 20.546 20.236 19.925 19.614 19.303 18.992 18.682 18.371 18.060 17.749 17.438 17.128 16.817 16.506 16.195 15.884 15.574 15.263 14.952 14.641 14.331 14.020 13.709 13.398 13.088 12.777 12.466 12.155 11.845 11.534 11.223 10.913 10.602 10.291  9.981  9.670  9.359  9.048  8.738  8.427  8.116  7.806  7.495  7.184  6.874  6.563  6.252  5.942  5.631  5.320  5.010  4.699  4.388  4.078  3.767  3.456  3.146  2.835  2.524  2.214  1.903  1.592  1.282  0.971  0.660  0.350 
23.656 23.345 23.034 22.723 22.413 22.102 21.791 21.480 21.169 20.858 20.547 20.237 19.926 19.615 19.304 18.993 18.682 18.372 18.061 17.750 17.439 17.128 16.818 16.507 16.196 15.885 15.575 15.264 14.953 14.642 14.331 14.021 13.710 13.399 13.088 12.778 12.467 12.156 11.845 11.535 11.224 10.913 10.603 10.292  9.981  9.670  9.360  9.049  8.738  8.428  8.117  7.806  7.495  7.185  6.874  6.563  6.253  5.942  5.631  5.321  5.010  4.699  4.389  4.078  3.767  3.456  3.146  2.835  2.524  2.214  1.903  1.592  1.282  0.971  0.660  0.350 
23.657 23.346 23.035 22.724 22.413 22.103 21.792 21.481 21.170 20.859 20.548 20.237 19.927 19.616 19.305 18.994 18.683 18.373 18.062 17.751 17.440 17.129 16.818 16.508 16.197 15.886 15.575 15.265 14.954 14.643 14.332 14.021 13.711 13.400 13.089 12.778 12.468 12.157 11.846 11.535 11.225 10.914 10.603 10.292  9.982  9.671  9.360  9.049  8.739  8.428  8.117  7.807  7.496  7.185  6.874  6.564  6.253  5.942  5.632  5.321  5.010  4.699  4.389  4.078  3.767  3.457  3.146  2.835  2.525  2.214  1.903  1.592  1.282  0.971  0.660  0.350 
23.658 23.347 23.036 22.725 22.414 22.103 21.793 21.482 21.171 20.860 20.549 20.238 19.927 19.617 19.306 18.995 18.684 18.373 18.062 17.752 17.441 17.130 16.819 16.508 16.198 15.887 15.576 15.265 14.954 14.644 14.333 14.022 13.711 13.401 13.090 12.779 12.468 12.157 11.847 11.536 11.225 10.914 10.604 10.293  9.982  9.671  9.361  9.050  8.739  8.428  8.118  7.807  7.496  7.186  6.875  6.564  6.253  5.943  5.632  5.321  5.010  4.700  4.389  4.078  3.768  3.457  3.146  2.835  2.525  2.214  1.903  1.593  1.282  0.971  0.660  0.350 
23.658 23.348 23.037 22.726 22.415 22.104 21.793 21.482 21.172 20.861 20.550 20.239 19.928 19.617 19.306 18.996 18.685 18.374 18.063 17.752 17.442 17.131 16.820 16.509 16.198 15.887 15.577 15.266 14.955 14.644 14.333 14.023 13.712 13.401 13.090 12.780 12.469 12.158 11.847 11.536 11.226 10.915 10.604 10.293  9.983  9.672  9.361  9.050  8.740  8.429  8.118  7.807  7.497  7.186  6.875  6.564  6.254  5.943  5.632  5.321  5.011  4.700  4.389  4.078  3.768  3.457  3.146  2.835  2.525  2.214  1.903  1.593  1.282  0.971  0.660  0.350 
23.659 23.348 23.037 22.727 22.416 22.105 21.794 21.483 21.172 20.861 20.551 20.240 19.929 19.618 19.307 18.996 18.685 18.375 18.064 17.753 17.442 17.131 16.820 16.510 16.199 15.888 15.577 15.266 14.956 14.645 14.334 14.023 13.712 13.402 13.091 12.780 12.469 12.158 11.848 11.537 11.226 10.915 10.605 10.294  9.983  9.672  9.361  9.051  8.740  8.429  8.118  7.808  7.497  7.186  6.875  6.565  6.254  5.943  5.632  5.322  5.011  4.700  4.389  4.079  3.768  3.457  3.146  2.836  2.525  2.214  1.903  1.593  1.282  0.971  0.661  0.350 
23.660 23.349 23.038 22.727 22.416 22.105 21.795 21.484 21.173 20.862 20.551 20.240 19.929 19.619 19.308 18.997 18.686 18.375 18.064 17.753 17.442 17.131 16.820 16.509 16.198 15.887 15.576 15.265 14.953 14.642 14.330 14.018 13.706 13.393 13.081 12.767 12.454 12.139 11.824 11.508 11.192 10.874 10.555 10.235  9.913  9.589  9.263  8.935  8.605  8.271  7.935  7.595  7.251  6.903  6.551  6.194  5.832  5.465  5.092  4.713  4.328  3.937  3.540  3.137  2.729  2.315  1.896  1.472  1.045  0.614  0.181 -0.254 -0.725 -1.193 -1.658 -2.120 
23.645 23.334 23.023 22.711 22.399 22.088 21.775 21.463 21.150 20.837 20.524 20.211 19.897 19.582 19.268 18.953 18.637 18.321 18.005 17.688 17.370 17.052 16.733 16.414 16.093 15.772 15.451 15.128 14.805 14.480 14.155 13.828 13.501 13.172 12.842 12.511 12.179 11.845 11.511 11.174 10.837 10.498 10.158  9.816  9.472  9.128  8.781  8.434  8.085  7.735  7.383  7.030  6.677  6.322  5.966  5.610  5.254  4.897  4.541  4.185  3.830  3.476  3.123  2.771  2.421  2.073  1.727  1.383  1.040  0.699  0.360  0.022 -0.151 -0.205 -0.236 -0.260 
23.554 23.242 22.931 22.618 22.306 21.992 21.678 21.364 21.049 20.734 20.418 20.101 19.784 19.466 19.148 18.829 18.509 18.189 17.869 17.547 17.226 16.903 16.581 16.257 15.933 15.609 15.284 14.959 14.633 14.307 13.980 13.653 13.326 12.999 12.672 12.345 12.018 11.691 11.364 11.038 10.713 10.388 10.065  9.742  9.421  9.102  8.784  8.468  8.155  7.845  7.537  7.232  6.931  6.634  6.341  6.052  5.768  5.489  5.215  4.947  4.684  4.428  4.179  3.935  3.699  3.470  3.248  3.034  2.827  2.627  2.436  2.253  2.077  1.910  1.751  1.600 
23.448 23.137 22.825 22.514 22.202 21.890 21.577 21.265 20.952 20.639 20.325 20.012 19.698 19.384 19.071 18.757 18.443 18.129 17.815 17.502 17.188 16.875 16.562 16.249 15.936 15.624 15.313 15.002 14.691 14.382 14.072 13.764 13.457 13.150 12.845 12.540 12.237 11.935 11.634 11.335 11.036 10.740 10.444 10.151  9.859  9.568  9.279  8.992  8.707  8.423  8.142  7.862  7.584  7.307  7.033  6.760  6.489  6.220  5.953  5.687  5.423  5.161  4.899  4.640  4.381  4.124  3.869  3.614  3.360  3.107  2.855  2.603  2.352  2.101  1.850  1.600 
23.440 23.129 22.819 22.508 22.198 21.888 21.578 21.269 20.959 20.650 20.341 20.033 19.724 19.416 19.109 18.801 18.494 18.188 17.881 17.575 17.270 16.965 16.661 16.357 16.053 15.751 15.448 15.147 14.846 14.546 14.246 13.947 13.649 13.352 13.055 12.759 12.465 12.170 11.877 11.585 11.293 11.003 10.713 10.424 10.136  9.850  9.564  9.279  8.994  8.711  8.429  8.148  7.867  7.587  7.309  7.031  6.754  6.477  6.202  5.927  5.653  5.379  5.107  4.835  4.563  4.292  4.021  3.751  3.481  3.212  2.943  2.674  2.405  2.137  1.868  1.600 
23.512 23.201 22.891 22.581 22.272 21.963 21.654 21.346 21.039 20.731 20.425 20.118 19.812 19.507 19.202 18.897 18.593 18.290 17.987 17.684 17.382 17.080 16.779 16.479 16.179 15.880 15.581 15.282 14.985 14.688 14.391 14.095 13.800 13.505 13.211 12.917 12.624 12.332 12.040 11.749 11.458 11.168 10.879 10.590 10.302 10.014  9.727  9.441  9.155  8.870  8.585  8.301  8.018  7.734  7.452  7.170  6.888  6.607  6.326  6.046  5.766  5.487  5.207  4.929  4.650  4.372  4.094  3.816  3.539  3.261  2.984  2.707  2.430  2.153  1.877  1.600 
23.616 23.305 22.995 22.685 22.376 22.067 21.759 21.451 21.144 20.838 20.531 20.226 19.920 19.616 19.311 19.008 18.704 18.402 18.099 17.798 17.496 17.196 16.895 16.596 16.296 15.998 15.699 15.402 15.104 14.808 14.511 14.216 13.921 13.626 13.332 13.038 12.744 12.452 12.159 11.868 11.576 11.285 10.995 10.705 10.415 10.126  9.837  9.549  9.261  8.974  8.687  8.400  8.114  7.828  7.542  7.257  6.972  6.687  6.403  6.119  5.835  5.552  5.268  4.985  4.703  4.420  4.137  3.855  3.573  3.291  3.009  2.727  2.445  2.163  1.882  1.600 
23.726 23.415 23.105 22.795 22.486 22.177 21.869 21.562 21.254 20.948 20.641 20.336 20.030 19.725 19.421 19.117 18.814 18.511 18.209 17.907 17.605 17.304 17.004 16.704 16.404 16.105 15.806 15.508 15.210 14.913 14.616 14.319 14.023 13.728 13.433 13.138 12.843 12.549 12.256 11.963 11.670 11.378 11.086 10.794 10.503 10.212  9.921  9.631  9.341  9.052  8.762  8.473  8.185  7.896  7.608  7.320  7.033  6.745  6.458  6.171  5.885  5.598  5.312  5.026  4.740  4.454  4.168  3.882  3.597  3.311  3.026  2.741  2.455  2.170  1.885  1.600 
23.832 23.522 23.211 22.902 22.592 22.284 21.975 21.667 21.360 21.053 20.746 20.440 20.135 19.830 19.525 19.221 18.917 18.613 18.310 18.008 17.706 17.404 17.103 16.802 16.502 16.202 15.902 15.603 15.305 15.006 14.708 14.411 14.114 13.817 13.521 13.224 12.929 12.634 12.339 12.044 11.750 11.456 11.162 10.869 10.576 10.283  9.991  9.699  9.407  9.115  8.824  8.533  8.242  7.952  7.661  7.371  7.081  6.792  6.502  6.213  5.924  5.635  5.346  5.057  4.769  4.480  4.192  3.904  3.616  3.327  3.039  2.752  2.464  2.176  1.888  1.600 
23.932 23.621 23.311 23.001 22.691 22.383 22.074 21.766 21.458 21.151 20.844 20.538 20.232 19.926 19.621 19.316 19.012 18.708 18.404 18.101 17.798 17.496 17.194 16.892 16.591 16.290 15.990 15.689 15.390 15.090 14.791 14.493 14.194 13.896 13.599 13.301 13.004 12.708 12.411 12.115 11.820 11.524 11.229 10.934 10.640 10.345 10.051  9.757  9.464  9.170  8.877  8.584  8.292  7.999  7.707  7.415  7.123  6.831  6.540  6.248  5.957  5.666  5.375  5.084  4.793  4.503  4.212  3.922  3.631  3.341  3.051  2.761  2.470  2.180  1.890  1.600 
24.023 23.712 23.402 23.092 22.782 22.473 22.165 21.856 21.548 21.241 20.933 20.627 20.320 20.014 19.708 19.403 19.098 18.794 18.489 18.186 17.882 17.579 17.276 16.974 16.672 16.370 16.068 15.767 15.467 15.166 14.866 14.566 14.267 13.968 13.669 13.371 13.072 12.774 12.477 12.179 11.882 11.585 11.289 10.992 10.696 10.400 10.105  9.809  9.514  9.219  8.924  8.630  8.335  8.041  7.747  7.453  7.160  6.866  6.573  6.280  5.986  5.693  5.401  5.108  4.815  4.523  4.230  3.938  3.645  3.353  3.061  2.769  2.476  2.184  1.892  1.600 
24.106 23.795 23.485 23.175 22.865 22.556 22.247 21.939 21.630 21.322 21.015 20.708 20.401 20.094 19.788 19.482 19.177 18.872 18.567 18.262 17.958 17.654 17.351 17.048 16.745 16.442 16.140 15.838 15.536 15.235 14.934 14.633 14.333 14.032 13.733 13.433 13.133 12.834 12.535 12.237 11.938 11.640 11.342 11.045 10.747 10.450 10.153  9.856  9.559  9.263  8.967  8.670  8.375  8.079  7.783  7.488  7.192  6.897  6.602  6.307  6.013  5.718  5.423  5.129  4.834  4.540  4.246  3.952  3.658  3.364  3.070  2.776  2.482  2.188  1.894  1.600 
24.182 23.871 23.560 23.250 22.941 22.631 22.322 22.013 21.705 21.397 21.089 20.781 20.474 20.167 19.861 19.554 19.248 18.943 18.637 18.332 18.027 17.723 17.419 17.115 16.811 16.508 16.205 15.902 15.600 15.297 14.995 14.694 14.392 14.091 13.790 13.489 13.189 12.889 12.589 12.289 11.989 11.690 11.391 11.092 10.793 10.495 10.196  9.898  9.600  9.302  9.005  8.707  8.410  8.113  7.816  7.519  7.222  6.925  6.629  6.332  6.036  5.740  5.444  5.148  4.852  4.556  4.260  3.964  3.669  3.373  3.078  2.782  2.486  2.191  1.895  1.600 
24.250 23.939 23.629 23.319 23.009 22.699 22.390 22.081 21.772 21.464 21.156 20.848 20.541 20.233 19.926 19.620 19.313 19.007 18.701 18.395 18.090 17.785 17.480 17.176 16.871 16.567 16.264 15.960 15.657 15.354 15.051 14.748 14.446 14.144 13.842 13.540 13.239 12.938 12.637 12.336 12.035 11.735 11.435 11.135 10.835 10.535 10.235  9.936  9.637  9.338  9.039  8.740  8.442  8.143  7.845  7.547  7.249  6.951  6.653  6.355  6.057  5.760  5.462  5.165  4.868  4.570  4.273  3.976  3.679  3.382  3.085  2.788  2.491  2.194  1.897  1.600 
24.312 24.002 23.691 23.381 23.071 22.761 22.452 22.143 21.834 21.525 21.217 20.909 20.601 20.293 19.986 19.679 19.372 19.065 18.759 18.453 18.147 17.841 17.536 17.231 16.926 16.621 16.317 16.013 15.709 15.405 15.101 14.798 14.495 14.192 13.889 13.587 13.284 12.982 12.680 12.378 12.077 11.775 11.474 11.173 10.872 10.572 10.271  9.971  9.670  9.370  9.070  8.770  8.471  8.171  7.871  7.572  7.273  6.974  6.675  6.376  6.077  5.778  5.479  5.180  4.882  4.583  4.285  3.986  3.688  3.390  3.091  2.793  2.495  2.196  1.898  1.600 
24.369 24.058 23.748 23.437 23.127 22.817 22.508 22.199 21.889 21.581 21.272 20.964 20.655 20.348 20.040 19.732 19.425 19.118 18.811 18.505 18.199 17.892 17.587 17.281 16.975 16.670 16.365 16.060 15.756 15.451 15.147 14.843 14.539 14.235 13.932 13.629 13.325 13.022 12.720 12.417 12.115 11.812 11.510 11.208 10.906 10.605 10.303 10.002  9.701  9.399  9.098  8.798  8.497  8.196  7.895  7.595  7.295  6.994  6.694  6.394  6.094  5.794  5.494  5.194  4.895  4.595  4.295  3.996  3.696  3.397  3.097  2.798  2.498  2.199  1.899  1.600 
24.420 24.109 23.799 23.488 23.178 22.868 22.559 22.249 21.940 21.631 21.322 21.013 20.705 20.397 20.089 19.781 19.474 19.166 18.859 18.552 18.245 17.939 17.632 17.326 17.020 16.714 16.409 16.103 15.798 15.493 15.188 14.884 14.579 14.275 13.971 13.667 13.363 13.059 12.756 12.452 12.149 11.846 11.543 11.240 10.937 10.635 10.332 10.030  9.728  9.426  9.124  8.822  8.520  8.219  7.917  7.616  7.315  7.013  6.712  6.411  6.110  5.809  5.508  5.207  4.906  4.606  4.305  4.004  3.704  3.403  3.103  2.802  2.501  2.201  1.900  1.600 
24.466 24.156 23.845 23.535 23.224 22.914 22.605 22.295 21.986 21.676 21.367 21.059 20.750 20.441 20.133 19.825 19.517 19.210 18.902 18.595 18.288 17.981 17.674 17.367 17.061 16.755 16.449 16.143 15.837 15.531 15.226 14.921 14.615 14.311 14.006 13.701 13.397 13.092 12.788 12.484 12.180 11.876 11.572 11.269 10.965 10.662 10.359 10.056  9.753  9.450  9.147  8.845  8.542  8.239  7.937  7.635  7.332  7.030  6.728  6.426  6.124  5.822  5.521  5.219  4.917  4.615  4.314  4.012  3.710  3.409  3.107  2.806  2.504  2.203  1.901  1.600 
24.508 24.198 23.887 23.577 23.266 22.956 22.646 22.337 22.027 21.718 21.409 21.100 20.791 20.482 20.173 19.865 19.557 19.249 18.941 18.634 18.326 18.019 17.712 17.405 17.098 16.791 16.484 16.178 15.872 15.566 15.260 14.954 14.648 14.343 14.038 13.732 13.427 13.122 12.817 12.513 12.208 11.904 11.599 11.295 10.991 10.687 10.383 10.079  9.775  9.472  9.168  8.865  8.561  8.258  7.955  7.652  7.349  7.046  6.743  6.440  6.137  5.835  5.532  5.229  4.927  4.624  4.322  4.019  3.717  3.414  3.112  2.809  2.507  2.205  1.902  1.600 
24.547 24.236 23.925 23.615 23.304 22.994 22.684 22.374 22.065 21.755 21.446 21.137 20.828 20.519 20.210 19.901 19.593 19.285 18.977 18.669 18.361 18.053 17.746 17.438 17.131 16.824 16.517 16.210 15.904 15.597 15.291 14.984 14.678 14.372 14.066 13.761 13.455 13.149 12.844 12.539 12.234 11.928 11.624 11.319 11.014 10.709 10.405 10.100  9.796  9.491  9.187  8.883  8.579  8.275  7.971  7.667  7.364  7.060  6.756  6.453  6.149  5.846  5.542  5.239  4.935  4.632  4.329  4.025  3.722  3.419  3.116  2.813  2.509  2.206  1.903  1.600 
24.581 24.270 23.960 23.649 23.339 23.029 22.718 22.409 22.099 21.789 21.480 21.170 20.861 20.552 20.243 19.934 19.626 19.317 19.009 18.701 18.392 18.084 17.777 17.469 17.161 16.854 16.547 16.239 15.932 15.625 15.319 15.012 14.705 14.399 14.093 13.786 13.480 13.174 12.868 12.562 12.257 11.951 11.646 11.340 11.035 10.730 10.424 10.119  9.814  9.509  9.205  8.900  8.595  8.290  7.986  7.681  7.377  7.073  6.768  6.464  6.160  5.856  5.551  5.247  4.943  4.639  4.335  4.031  3.727  3.423  3.119  2.815  2.512  2.208  1.904  1.600 
24.612 24.302 23.991 23.680 23.370 23.060 22.750 22.439 22.130 21.820 21.510 21.201 20.891 20.582 20.273 19.964 19.655 19.346 19.038 18.729 18.421 18.113 17.805 17.497 17.189 16.881 16.573 16.266 15.958 15.651 15.344 15.037 14.730 14.423 14.116 13.810 13.503 13.197 12.890 12.584 12.278 11.972 11.666 11.360 11.054 10.748 10.442 10.137  9.831  9.526  9.220  8.915  8.610  8.304  7.999  7.694  7.389  7.084  6.779  6.474  6.169  5.865  5.560  5.255  4.950  4.646  4.341  4.036  3.732  3.427  3.123  2.818  2.514  2.209  1.905  1.600 
24.641 24.330 24.019 23.709 23.398 23.088 22.778 22.468 22.158 21.848 21.538 21.228 20.919 20.609 20.300 19.991 19.682 19.373 19.064 18.756 18.447 18.138 17.830 17.522 17.214 16.906 16.598 16.290 15.982 15.674 15.367 15.059 14.752 14.445 14.138 13.831 13.524 13.217 12.910 12.603 12.297 11.990 11.684 11.377 11.071 10.765 10.458 10.152  9.846  9.540  9.234  8.929  8.623  8.317  8.011  7.706  7.400  7.095  6.789  6.484  6.178  5.873  5.567  5.262  4.957  4.652  4.346  4.041  3.736  3.431  3.126  2.820  2.515  2.210  1.905  1.600 
