28.516 28.205 27.894 27.583 27.273 26.962 26.651 26.340 26.029 25.718 25.407 25.096 24.785 24.474 24.164 23.853 23.542 23.231 22.920 22.609 22.298 21.987 21.676 21.365 21.054 20.743 20.432 20.121 19.810 19.499 19.188 18.876 18.565 18.254 17.943 17.631 17.320 17.008 16.697 16.385 16.073 15.761 15.449 15.137 14.825 14.512 14.200 13.887 13.574 13.260 12.947 12.633 12.319 12.005 11.690 11.375 11.059 10.744 10.427 10.110  9.793  9.475  9.157  8.838  8.518  8.198  7.877  7.555  7.232  6.909  6.585  6.259  5.933  5.606  5.278  4.949 
28.514 28.203 27.892 27.581 27.270 26.959 26.648 26.337 26.026 25.715 25.403 25.092 24.781 24.470 24.158 23.847 23.535 23.224 22.912 22.601 22.289 21.977 21.665 21.354 21.041 20.729 20.417 20.105 19.792 19.480 19.167 18.854 18.541 18.228 17.914 17.601 17.287 16.973 16.659 16.344 16.029 15.714 15.399 15.083 14.767 14.451 14.134 13.817 13.500 13.182 12.864 12.545 12.226 11.906 11.586 11.266 10.944 10.622 10.300  9.977  9.653  9.328  9.003  8.677  8.350  8.023  7.695  7.365  7.035  6.704  6.372  6.039  5.705  5.370  5.034  4.697 
28.501 28.190 27.879 27.568 27.257 26.945 26.634 26.322 26.011 25.699 25.387 25.075 24.763 24.451 24.139 23.827 23.514 23.202 22.889 22.576 22.263 21.949 21.636 21.322 21.009 20.695 20.381 20.066 19.752 19.437 19.122 18.806 18.491 18.175 17.859 17.542 17.226 16.909 16.591 16.273 15.955 15.637 15.318 14.998 14.679 14.358 14.038 13.717 13.395 13.073 12.750 12.427 12.103 11.778 11.453 11.128 10.801 10.474 10.147  9.818  9.489  9.159  8.828  8.497  8.164  7.831  7.497  7.162  6.826  6.489  6.151  5.812  5.472  5.131  4.789  4.446 
28.472 28.161 27.850 27.538 27.227 26.915 26.603 26.291 25.979 25.667 25.354 25.041 24.728 24.415 24.102 23.788 23.475 23.161 22.846 22.532 22.217 21.902 21.587 21.272 20.956 20.640 20.324 20.007 19.690 19.373 19.056 18.738 18.420 18.101 17.782 17.463 17.143 16.823 16.502 16.181 15.860 15.538 15.216 14.893 14.569 14.245 13.921 13.596 13.270 12.944 12.617 12.290 11.962 11.633 11.304 10.973 10.643 10.311  9.979  9.646  9.312  8.977  8.641  8.305  7.968  7.630  7.291  6.951  6.610  6.268  5.925  5.581  5.236  4.890  4.543  4.194 
28.424 28.113 27.802 27.490 27.178 26.866 26.554 26.242 25.929 25.616 25.302 24.989 24.675 24.361 24.046 23.732 23.416 23.101 22.786 22.470 22.153 21.837 21.520 21.203 20.885 20.567 20.249 19.930 19.611 19.291 18.971 18.651 18.330 18.009 17.688 17.365 17.043 16.720 16.396 16.072 15.748 15.423 15.097 14.771 14.444 14.117 13.789 13.460 13.131 12.801 12.471 12.140 11.808 11.475 11.142 10.808 10.473 10.137  9.801  9.464  9.126  8.787  8.447  8.106  7.765  7.422  7.079  6.734  6.389  6.043  5.695  5.347  4.998  4.647  4.296  3.943 
28.358 28.047 27.736 27.424 27.112 26.800 26.487 26.174 25.861 25.547 25.233 24.918 24.604 24.288 23.973 23.657 23.341 23.024 22.707 22.390 22.072 21.754 21.435 21.116 20.797 20.477 20.157 19.836 19.515 19.193 18.871 18.549 18.226 17.902 17.578 17.253 16.928 16.602 16.276 15.949 15.622 15.294 14.965 14.636 14.306 13.976 13.645 13.313 12.981 12.647 12.314 11.979 11.644 11.308 10.971 10.633 10.295  9.955  9.615  9.274  8.933  8.590  8.246  7.902  7.556  7.210  6.863  6.515  6.165  5.815  5.464  5.111  4.758  4.404  4.048  3.691 
28.276 27.965 27.653 27.341 27.029 26.716 26.403 26.090 25.776 25.461 25.147 24.831 24.516 24.200 23.883 23.566 23.249 22.931 22.613 22.294 21.975 21.656 21.335 21.015 20.694 20.372 20.050 19.728 19.405 19.081 18.757 18.432 18.107 17.781 17.455 17.128 16.800 16.472 16.143 15.814 15.484 15.153 14.822 14.490 14.158 13.824 13.490 13.156 12.820 12.484 12.147 11.809 11.471 11.132 10.792 10.451 10.109  9.767  9.423  9.079  8.734  8.388  8.041  7.693  7.344  6.994  6.643  6.292  5.939  5.585  5.230  4.874  4.517  4.159  3.800  3.440 
28.178 27.867 27.555 27.243 26.930 26.617 26.304 25.990 25.675 25.361 25.045 24.729 24.413 24.096 23.779 23.461 23.142 22.824 22.504 22.184 21.864 21.543 21.221 20.899 20.577 20.254 19.930 19.606 19.281 18.955 18.629 18.303 17.976 17.648 17.319 16.990 16.661 16.330 15.999 15.668 15.335 15.002 14.669 14.334 13.999 13.663 13.327 12.989 12.651 12.312 11.973 11.632 11.291 10.949 10.606 10.262  9.917  9.572  9.225  8.878  8.530  8.181  7.831  7.480  7.128  6.775  6.421  6.066  5.710  5.353  4.995  4.636  4.276  3.914  3.552  3.189 
28.065 27.754 27.442 27.130 26.817 26.504 26.190 25.876 25.561 25.246 24.930 24.613 24.296 23.978 23.660 23.342 23.022 22.702 22.382 22.061 21.739 21.417 21.094 20.771 20.447 20.123 19.797 19.472 19.145 18.818 18.491 18.162 17.833 17.504 17.173 16.842 16.511 16.178 15.845 15.512 15.177 14.842 14.506 14.169 13.832 13.494 13.155 12.815 12.474 12.133 11.791 11.448 11.104 10.759 10.413 10.067  9.720  9.372  9.022  8.672  8.321  7.969  7.617  7.263  6.908  6.552  6.195  5.838  5.479  5.119  4.758  4.396  4.033  3.669  3.303  2.937 
27.940 27.629 27.317 27.005 26.692 26.378 26.064 25.749 25.434 25.118 24.802 24.484 24.167 23.848 23.530 23.210 22.890 22.569 22.248 21.926 21.603 21.280 20.956 20.631 20.306 19.980 19.654 19.327 18.999 18.670 18.341 18.011 17.681 17.349 17.017 16.685 16.351 16.017 15.682 15.346 15.010 14.673 14.335 13.996 13.657 13.316 12.975 12.633 12.290 11.947 11.602 11.257 10.911 10.564 10.216  9.867  9.517  9.166  8.815  8.462  8.109  7.754  7.399  7.043  6.685  6.327  5.968  5.607  5.246  4.883  4.520  4.155  3.789  3.423  3.055  2.686 
27.803 27.491 27.180 26.867 26.554 26.240 25.926 25.611 25.295 24.979 24.662 24.344 24.026 23.707 23.387 23.067 22.746 22.425 22.103 21.780 21.456 21.132 20.807 20.481 20.155 19.828 19.500 19.172 18.843 18.513 18.182 17.851 17.519 17.186 16.852 16.518 16.183 15.847 15.511 15.173 14.835 14.496 14.156 13.816 13.474 13.132 12.789 12.445 12.100 11.755 11.408 11.061 10.712 10.363 10.013  9.662  9.310  8.957  8.603  8.249  7.893  7.536  7.178  6.820  6.460  6.099  5.738  5.375  5.011  4.646  4.280  3.913  3.545  3.176  2.806  2.434 
27.655 27.344 27.032 26.719 26.406 26.092 25.777 25.462 25.146 24.829 24.512 24.194 23.875 23.555 23.235 22.914 22.593 22.270 21.947 21.624 21.299 20.974 20.648 20.322 19.994 19.666 19.337 19.008 18.677 18.346 18.015 17.682 17.349 17.014 16.679 16.344 16.007 15.670 15.332 14.993 14.653 14.312 13.971 13.629 13.285 12.941 12.597 12.251 11.904 11.557 11.208 10.859 10.509 10.158  9.806  9.453  9.099  8.744  8.388  8.031  7.673  7.315  6.955  6.594  6.232  5.869  5.506  5.141  4.775  4.408  4.040  3.670  3.300  2.929  2.556  2.183 
27.497 27.186 26.874 26.561 26.248 25.934 25.619 25.303 24.987 24.670 24.352 24.034 23.714 23.394 23.074 22.752 22.430 22.107 21.783 21.459 21.134 20.808 20.481 20.153 19.825 19.496 19.166 18.836 18.504 18.172 17.839 17.505 17.171 16.835 16.499 16.162 15.824 15.485 15.146 14.806 14.464 14.122 13.779 13.435 13.091 12.745 12.399 12.051 11.703 11.354 11.004 10.653 10.301  9.948  9.594  9.239  8.884  8.527  8.169  7.811  7.451  7.090  6.729  6.366  6.002  5.637  5.272  4.905  4.537  4.168  3.798  3.427  3.055  2.681  2.307  1.931 
27.331 27.020 26.708 26.395 26.081 25.767 25.452 25.136 24.819 24.502 24.184 23.865 23.545 23.225 22.904 22.582 22.259 21.935 21.611 21.286 20.960 20.633 20.306 19.977 19.648 19.318 18.988 18.656 18.324 17.991 17.656 17.322 16.986 16.649 16.312 15.974 15.635 15.295 14.954 14.612 14.270 13.926 13.582 13.237 12.891 12.544 12.196 11.847 11.497 11.147 10.795 10.442 10.089  9.734  9.379  9.023  8.665  8.307  7.948  7.587  7.226  6.863  6.500  6.136  5.770  5.404  5.036  4.668  4.298  3.927  3.555  3.183  2.809  2.433  2.057  1.680 
27.157 26.845 26.533 26.220 25.907 25.592 25.277 24.961 24.644 24.326 24.008 23.689 23.369 23.048 22.726 22.404 22.080 21.756 21.431 21.106 20.779 20.452 20.123 19.794 19.464 19.134 18.802 18.470 18.137 17.802 17.467 17.132 16.795 16.457 16.119 15.780 15.440 15.099 14.757 14.414 14.070 13.725 13.380 13.033 12.686 12.338 11.989 11.638 11.287 10.935 10.582 10.228  9.873  9.517  9.160  8.803  8.444  8.084  7.723  7.361  6.998  6.634  6.269  5.903  5.536  5.168  4.799  4.429  4.058  3.685  3.312  2.938  2.562  2.185  1.807  1.429 
26.975 26.664 26.352 26.039 25.725 25.410 25.095 24.779 24.462 24.144 23.825 23.505 23.185 22.864 22.542 22.219 21.895 21.570 21.245 20.919 20.591 20.263 19.935 19.605 19.274 18.943 18.611 18.277 17.943 17.608 17.273 16.936 16.598 16.260 15.921 15.580 15.239 14.897 14.554 14.210 13.865 13.520 13.173 12.825 12.477 12.127 11.777 11.426 11.073 10.720 10.366 10.010  9.654  9.297  8.939  8.580  8.219  7.858  7.496  7.133  6.768  6.403  6.037  5.669  5.301  4.931  4.561  4.189  3.817  3.443  3.068  2.692  2.315  1.937  1.558  1.177 
26.787 26.476 26.164 25.851 25.537 25.222 24.906 24.590 24.273 23.955 23.636 23.316 22.995 22.673 22.351 22.028 21.703 21.378 21.052 20.726 20.398 20.069 19.740 19.410 19.078 18.746 18.413 18.080 17.745 17.409 17.073 16.735 16.397 16.057 15.717 15.376 15.034 14.691 14.347 14.002 13.656 13.310 12.962 12.613 12.264 11.913 11.562 11.209 10.856 10.501 10.146  9.790  9.432  9.074  8.714  8.354  7.993  7.630  7.267  6.902  6.537  6.170  5.802  5.434  5.064  4.693  4.321  3.948  3.574  3.199  2.823  2.446  2.068  1.688  1.307  0.926 
26.593 26.282 25.970 25.657 25.343 25.028 24.712 24.395 24.078 23.760 23.440 23.120 22.799 22.477 22.155 21.831 21.506 21.181 20.854 20.527 20.199 19.870 19.540 19.209 18.877 18.545 18.211 17.877 17.541 17.205 16.868 16.529 16.190 15.850 15.509 15.167 14.824 14.481 14.136 13.790 13.443 13.096 12.747 12.398 12.047 11.696 11.343 10.990 10.635 10.280  9.923  9.566  9.207  8.848  8.487  8.126  7.763  7.400  7.035  6.670  6.303  5.935  5.566  5.197  4.826  4.454  4.081  3.707  3.331  2.955  2.578  2.199  1.820  1.439  1.057  0.674 
26.394 26.083 25.770 25.457 25.143 24.828 24.512 24.196 23.878 23.559 23.240 22.920 22.598 22.276 21.953 21.629 21.304 20.978 20.651 20.324 19.995 19.666 19.335 19.004 18.672 18.338 18.004 17.669 17.333 16.996 16.658 16.319 15.980 15.639 15.297 14.955 14.611 14.266 13.921 13.574 13.227 12.878 12.529 12.179 11.827 11.475 11.121 10.767 10.412 10.055  9.698  9.340  8.980  8.620  8.258  7.896  7.532  7.168  6.802  6.435  6.068  5.699  5.329  4.958  4.586  4.213  3.839  3.464  3.088  2.710  2.332  1.952  1.572  1.190  0.807  0.423 
26.190 25.878 25.566 25.253 24.939 24.624 24.308 23.991 23.673 23.354 23.035 22.714 22.393 22.070 21.747 21.422 21.097 20.771 20.444 20.116 19.787 19.457 19.126 18.794 18.462 18.128 17.793 17.458 17.121 16.784 16.445 16.106 15.765 15.424 15.082 14.738 14.394 14.049 13.703 13.355 13.007 12.658 12.308 11.957 11.604 11.251 10.897 10.542 10.186  9.828  9.470  9.111  8.751  8.389  8.027  7.663  7.299  6.934  6.567  6.199  5.831  5.461  5.090  4.718  4.346  3.972  3.596  3.220  2.843  2.465  2.085  1.705  1.323  0.940  0.556  0.171 
25.981 25.670 25.357 25.044 24.730 24.415 24.099 23.782 23.464 23.145 22.825 22.504 22.183 21.860 21.536 21.212 20.886 20.560 20.232 19.904 19.575 19.244 18.913 18.581 18.248 17.914 17.578 17.242 16.905 16.567 16.228 15.888 15.547 15.205 14.863 14.519 14.174 13.828 13.481 13.133 12.784 12.434 12.084 11.732 11.379 11.025 10.670 10.314  9.957  9.599  9.240  8.880  8.519  8.157  7.794  7.429  7.064  6.698  6.331  5.962  5.593  5.222  4.850  4.478  4.104  3.729  3.353  2.976  2.598  2.219  1.838  1.457  1.074  0.691  0.306 -0.080 
25.768 25.457 25.145 24.831 24.517 24.202 23.886 23.569 23.251 22.932 22.612 22.291 21.969 21.646 21.322 20.997 20.671 20.345 20.017 19.688 19.359 19.028 18.696 18.364 18.030 17.696 17.360 17.024 16.686 16.348 16.008 15.668 15.326 14.984 14.641 14.296 13.951 13.604 13.257 12.908 12.559 12.209 11.857 11.505 11.151 10.797 10.441 10.085  9.727  9.368  9.009  8.648  8.286  7.923  7.560  7.195  6.828  6.461  6.093  5.723  5.352  4.979  4.605  4.230  3.853  3.474  3.094  2.712  2.328  1.943  1.555  1.166  0.776  0.384 -0.009 -0.331 
25.552 25.241 24.928 24.615 24.301 23.986 23.669 23.352 23.034 22.715 22.394 22.073 21.751 21.428 21.104 20.779 20.453 20.126 19.798 19.469 19.138 18.807 18.475 18.142 17.808 17.473 17.137 16.800 16.462 16.122 15.782 15.441 15.099 14.755 14.411 14.065 13.719 13.371 13.023 12.673 12.322 11.970 11.618 11.263 10.908 10.552 10.195  9.836  9.477  9.116  8.754  8.391  8.027  7.662  7.296  6.928  6.560  6.190  5.820  5.448  5.075  4.701  4.327  3.951  3.574  3.196  2.818  2.439  2.059  1.678  1.297  0.915  0.532  0.150 -0.195 -0.583 
25.331 25.019 24.707 24.393 24.079 23.764 23.447 23.130 22.811 22.492 22.172 21.850 21.528 21.204 20.880 20.555 20.228 19.901 19.572 19.243 18.912 18.581 18.248 17.915 17.580 17.245 16.908 16.570 16.232 15.892 15.551 15.210 14.867 14.523 14.178 13.833 13.486 13.138 12.789 12.439 12.088 11.735 11.382 11.028 10.672 10.316  9.958  9.599  9.239  8.877  8.515  8.151  7.786  7.419  7.052  6.682  6.312  5.940  5.567  5.192  4.816  4.439  4.060  3.680  3.298  2.915  2.530  2.144  1.756  1.367  0.977  0.585  0.190 -0.190 -0.513 -0.834 
25.105 24.793 24.481 24.167 23.853 23.537 23.221 22.903 22.585 22.265 21.945 21.623 21.300 20.976 20.652 20.326 19.999 19.671 19.342 19.012 18.682 18.350 18.016 17.682 17.347 17.011 16.674 16.335 15.996 15.655 15.314 14.971 14.628 14.283 13.937 13.591 13.243 12.894 12.544 12.193 11.841 11.488 11.133 10.778 10.422 10.065  9.706  9.347  8.987  8.626  8.264  7.900  7.536  7.171  6.805  6.439  6.071  5.702  5.333  4.963  4.592  4.220  3.847  3.474  3.100  2.725  2.349  1.973  1.596  1.219  0.841  0.462  0.083 -0.271 -0.678 -1.086 
24.874 24.562 24.250 23.936 23.622 23.306 22.990 22.672 22.353 22.034 21.713 21.391 21.068 20.744 20.419 20.093 19.766 19.438 19.109 18.779 18.448 18.115 17.782 17.448 17.112 16.776 16.438 16.099 15.759 15.418 15.076 14.733 14.389 14.044 13.697 13.350 13.001 12.651 12.300 11.948 11.595 11.241 10.885 10.529 10.171  9.812  9.452  9.090  8.728  8.365  8.000  7.634  7.267  6.900  6.531  6.161  5.790  5.418  5.045  4.671  4.297  3.921  3.545  3.168  2.790  2.411  2.032  1.652  1.272  0.891  0.510  0.128 -0.211 -0.586 -0.961 -1.337 
24.639 24.327 24.015 23.701 23.387 23.071 22.754 22.437 22.118 21.798 21.477 21.155 20.832 20.508 20.183 19.856 19.529 19.201 18.871 18.541 18.209 17.877 17.543 17.208 16.872 16.536 16.198 15.859 15.519 15.178 14.835 14.492 14.148 13.803 13.456 13.109 12.760 12.410 12.060 11.708 11.355 11.000 10.645 10.288  9.930  9.571  9.211  8.850  8.487  8.122  7.757  7.390  7.021  6.651  6.280  5.907  5.533  5.157  4.780  4.401  4.021  3.639  3.256  2.872  2.487  2.101  1.713  1.325  0.936  0.547  0.157 -0.176 -0.529 -0.881 -1.235 -1.589 
24.401 24.089 23.777 23.463 23.148 22.833 22.516 22.198 21.879 21.559 21.238 20.916 20.593 20.268 19.943 19.616 19.289 18.960 18.630 18.299 17.967 17.634 17.300 16.965 16.629 16.291 15.953 15.613 15.273 14.931 14.588 14.244 13.899 13.553 13.206 12.857 12.508 12.158 11.806 11.454 11.100 10.746 10.390 10.033  9.675  9.317  8.957  8.596  8.235  7.872  7.509  7.144  6.779  6.413  6.045  5.678  5.309  4.939  4.569  4.198  3.826  3.453  3.080  2.705  2.330  1.954  1.576  1.195  0.810  0.420  0.025 -0.321 -0.695 -1.074 -1.456 -1.840 
24.159 23.848 23.535 23.222 22.907 22.591 22.274 21.956 21.637 21.317 20.996 20.674 20.350 20.026 19.701 19.374 19.046 18.717 18.387 18.056 17.724 17.391 17.057 16.721 16.385 16.047 15.708 15.368 15.027 14.685 14.342 13.997 13.652 13.305 12.957 12.608 12.258 11.907 11.554 11.200 10.846 10.490 10.133  9.774  9.415  9.054  8.693  8.330  7.966  7.601  7.235  6.868  6.500  6.131  5.761  5.390  5.018  4.645  4.272  3.897  3.522  3.146  2.769  2.392  2.014  1.635  1.256  0.876  0.496  0.115 -0.223 -0.596 -0.969 -1.343 -1.717 -2.091 
23.915 23.603 23.291 22.977 22.662 22.346 22.030 21.712 21.392 21.072 20.751 20.429 20.105 19.780 19.455 19.128 18.800 18.471 18.141 17.810 17.478 17.144 16.810 16.474 16.138 15.800 15.461 15.121 14.780 14.438 14.095 13.751 13.405 13.058 12.711 12.362 12.012 11.661 11.308 10.954 10.600 10.244  9.886  9.528  9.168  8.807  8.444  8.080  7.715  7.349  6.981  6.611  6.241  5.868  5.495  5.120  4.744  4.367  3.988  3.608  3.227  2.845  2.462  2.078  1.694  1.308  0.922  0.535  0.148 -0.186 -0.544 -0.903 -1.262 -1.622 -1.982 -2.343 
23.668 23.357 23.044 22.730 22.416 22.100 21.783 21.465 21.145 20.825 20.504 20.181 19.857 19.533 19.207 18.880 18.552 18.222 17.892 17.560 17.228 16.894 16.559 16.223 15.886 15.548 15.209 14.868 14.527 14.184 13.840 13.496 13.150 12.803 12.455 12.105 11.755 11.404 11.052 10.698 10.344  9.988  9.632  9.274  8.916  8.556  8.196  7.834  7.472  7.109  6.744  6.379  6.013  5.646  5.277  4.908  4.538  4.166  3.793  3.418  3.042  2.664  2.283  1.900  1.513  1.121  0.724  0.319 -0.093 -0.433 -0.782 -1.137 -1.497 -1.861 -2.227 -2.594 
23.419 23.108 22.795 22.482 22.167 21.851 21.534 21.216 20.896 20.576 20.255 19.932 19.608 19.283 18.957 18.630 18.302 17.973 17.642 17.311 16.978 16.644 16.309 15.973 15.635 15.297 14.957 14.616 14.274 13.931 13.587 13.242 12.895 12.547 12.198 11.848 11.497 11.145 10.791 10.437 10.081  9.724  9.366  9.006  8.646  8.285  7.922  7.559  7.194  6.829  6.462  6.094  5.726  5.356  4.986  4.615  4.243  3.870  3.496  3.122  2.747  2.371  1.994  1.617  1.240  0.861  0.483  0.104 -0.233 -0.605 -0.977 -1.350 -1.723 -2.097 -2.471 -2.846 
23.168 22.856 22.544 22.230 21.915 21.599 21.282 20.964 20.645 20.324 20.003 19.680 19.356 19.031 18.705 18.378 18.050 17.721 17.390 17.058 16.726 16.392 16.057 15.721 15.383 15.045 14.705 14.365 14.023 13.680 13.336 12.990 12.644 12.296 11.947 11.597 11.246 10.893 10.539 10.184  9.828  9.471  9.112  8.752  8.390  8.027  7.663  7.298  6.931  6.563  6.194  5.823  5.452  5.079  4.704  4.329  3.953  3.575  3.197  2.817  2.437  2.056  1.674  1.291  0.908  0.524  0.140 -0.194 -0.556 -0.917 -1.280 -1.642 -2.005 -2.369 -2.733 -3.097 
22.915 22.604 22.291 21.977 21.662 21.346 21.029 20.711 20.392 20.071 19.749 19.427 19.103 18.777 18.451 18.124 17.795 17.466 17.135 16.803 16.470 16.136 15.800 15.464 15.126 14.788 14.448 14.107 13.765 13.422 13.077 12.732 12.386 12.038 11.689 11.340 10.989 10.637 10.284  9.931  9.576  9.220  8.863  8.504  8.145  7.785  7.424  7.061  6.698  6.333  5.967  5.600  5.231  4.860  4.488  4.113  3.736  3.357  2.975  2.590  2.201  1.809  1.412  1.012  0.608  0.200 -0.202 -0.548 -0.893 -1.240 -1.587 -1.937 -2.288 -2.640 -2.994 -3.349 
22.661 22.349 22.037 21.723 21.408 21.092 20.775 20.457 20.137 19.817 19.495 19.172 18.848 18.523 18.197 17.869 17.540 17.211 16.880 16.548 16.214 15.880 15.544 15.208 14.870 14.531 14.190 13.849 13.506 13.163 12.818 12.472 12.124 11.776 11.427 11.076 10.724 10.371 10.017  9.662  9.305  8.948  8.589  8.230  7.869  7.508  7.145  6.781  6.416  6.051  5.684  5.317  4.948  4.579  4.209  3.838  3.466  3.094  2.721  2.347  1.973  1.598  1.223  0.847  0.470  0.093 -0.243 -0.614 -0.986 -1.358 -1.730 -2.103 -2.476 -2.850 -3.225 -3.600 
22.405 22.093 21.781 21.467 21.152 20.836 20.519 20.200 19.881 19.560 19.239 18.916 18.592 18.267 17.940 17.613 17.284 16.955 16.624 16.292 15.959 15.624 15.289 14.952 14.614 14.275 13.935 13.594 13.251 12.907 12.562 12.216 11.869 11.520 11.171 10.819 10.467 10.114  9.759  9.403  9.045  8.687  8.327  7.966  7.604  7.240  6.875  6.509  6.142  5.773  5.404  5.033  4.661  4.288  3.914  3.539  3.163  2.786  2.408  2.030  1.650  1.270  0.889  0.507  0.125 -0.181 -0.440 -0.696 -0.945 -1.187 -1.421 -1.645 -1.859 -2.061 -2.249 -2.424 
22.148 21.836 21.523 21.210 20.895 20.579 20.262 19.943 19.624 19.303 18.982 18.659 18.335 18.010 17.684 17.356 17.028 16.698 16.368 16.036 15.704 15.370 15.035 14.700 14.363 14.025 13.687 13.347 13.007 12.665 12.323 11.980 11.637 11.292 10.947 10.601 10.255  9.908  9.560  9.213  8.864  8.516  8.167  7.819  7.470  7.121  6.773  6.425  6.078  5.731  5.385  5.040  4.696  4.353  4.012  3.671  3.333  2.996  2.661  2.327  1.995  1.665  1.336  1.009  0.683  0.359  0.036 -0.146 -0.252 -0.354 -0.455 -0.556 -0.655 -0.753 -0.849 -0.943 
21.910 21.599 21.286 20.973 20.659 20.344 20.028 19.711 19.393 19.075 18.755 18.435 18.113 17.791 17.468 17.145 16.820 16.495 16.169 15.842 15.515 15.187 14.858 14.529 14.199 13.869 13.539 13.208 12.876 12.544 12.212 11.880 11.548 11.215 10.882 10.550 10.217  9.884  9.552  9.220  8.888  8.557  8.226  7.896  7.566  7.237  6.909  6.581  6.255  5.930  5.606  5.283  4.962  4.642  4.323  4.006  3.691  3.378  3.066  2.755  2.447  2.140  1.835  1.532  1.229  0.929  0.630  0.332  0.035 -0.127 -0.210 -0.287 -0.364 -0.439 -0.513 -0.587 
21.739 21.428 21.116 20.804 20.491 20.178 19.863 19.549 19.234 18.918 18.602 18.285 17.968 17.650 17.332 17.014 16.695 16.375 16.056 15.736 15.415 15.095 14.774 14.453 14.132 13.811 13.489 13.168 12.847 12.525 12.204 11.883 11.562 11.241 10.921 10.600 10.280  9.961  9.642  9.324  9.006  8.689  8.372  8.056  7.741  7.427  7.114  6.802  6.492  6.182  5.873  5.566  5.261  4.956  4.654  4.353  4.053  3.755  3.459  3.165  2.872  2.582  2.292  2.005  1.719  1.435  1.152  0.871  0.591  0.312  0.034 -0.113 -0.184 -0.251 -0.316 -0.381 
21.648 21.337 21.026 20.714 20.402 20.090 19.778 19.466 19.153 18.841 18.528 18.215 17.901 17.588 17.274 16.961 16.647 16.333 16.019 15.706 15.392 15.078 14.764 14.451 14.137 13.824 13.511 13.198 12.886 12.573 12.261 11.950 11.639 11.328 11.018 10.708 10.399 10.090  9.782  9.475  9.169  8.863  8.559  8.255  7.952  7.650  7.350  7.050  6.751  6.454  6.158  5.864  5.570  5.279  4.988  4.700  4.413  4.127  3.843  3.561  3.281  3.002  2.725  2.449  2.175  1.903  1.632  1.363  1.095  0.828  0.563  0.299  0.036 -0.102 -0.168 -0.228 
21.628 21.318 21.007 20.696 20.385 20.075 19.764 19.454 19.143 18.833 18.523 18.213 17.903 17.593 17.284 16.974 16.665 16.356 16.047 15.739 15.430 15.122 14.815 14.507 14.200 13.894 13.587 13.282 12.976 12.672 12.367 12.064 11.761 11.458 11.156 10.855 10.555 10.255  9.956  9.658  9.361  9.065  8.770  8.475  8.182  7.890  7.599  7.309  7.020  6.732  6.446  6.161  5.878  5.596  5.315  5.036  4.758  4.482  4.207  3.934  3.663  3.394  3.126  2.859  2.595  2.332  2.070  1.810  1.552  1.295  1.039  0.785  0.532  0.280  0.029 -0.098 
21.669 21.359 21.048 20.738 20.428 20.119 19.810 19.501 19.192 18.884 18.576 18.269 17.962 17.655 17.348 17.042 16.737 16.432 16.127 15.823 15.519 15.216 14.913 14.611 14.310 14.009 13.709 13.409 13.110 12.812 12.514 12.218 11.922 11.627 11.333 11.039 10.747 10.456 10.165  9.876  9.588  9.301  9.015  8.730  8.447  8.164  7.883  7.604  7.325  7.048  6.773  6.498  6.225  5.954  5.684  5.415  5.148  4.881  4.617  4.353  4.091  3.831  3.571  3.313  3.055  2.799  2.544  2.289  2.036  1.783  1.531  1.280  1.029  0.779  0.528  0.279 
21.762 21.452 21.142 20.832 20.523 20.215 19.907 19.599 19.292 18.986 18.680 18.375 18.070 17.766 17.462 17.159 16.857 16.555 16.254 15.953 15.653 15.354 15.056 14.758 14.461 14.164 13.868 13.573 13.279 12.985 12.692 12.400 12.109 11.818 11.529 11.240 10.952 10.664 10.378 10.092  9.808  9.524  9.241  8.958  8.677  8.396  8.117  7.838  7.560  7.282  7.006  6.730  6.455  6.181  5.908  5.635  5.363  5.092  4.821  4.551  4.282  4.013  3.745  3.478  3.211  2.944  2.678  2.412  2.147  1.882  1.617  1.352  1.088  0.824  0.560  0.296 
21.893 21.582 21.272 20.963 20.654 20.346 20.039 19.732 19.426 19.120 18.815 18.511 18.207 17.904 17.602 17.300 16.999 16.699 16.399 16.100 15.801 15.503 15.206 14.910 14.614 14.319 14.024 13.730 13.437 13.145 12.853 12.562 12.271 11.981 11.692 11.404 11.116 10.829 10.542 10.256  9.971  9.686  9.402  9.119  8.836  8.554  8.273  7.992  7.711  7.432  7.152  6.874  6.596  6.318  6.041  5.764  5.488  5.212  4.937  4.662  4.388  4.114  3.840  3.567  3.294  3.021  2.748  2.476  2.204  1.932  1.661  1.389  1.118  0.847  0.576  0.305 
22.035 21.724 21.415 21.105 20.797 20.489 20.181 19.874 19.568 19.263 18.958 18.654 18.350 18.047 17.745 17.443 17.142 16.842 16.542 16.243 15.945 15.647 15.349 15.053 14.757 14.461 14.166 13.872 13.578 13.285 12.993 12.701 12.410 12.119 11.829 11.540 11.251 10.962 10.674 10.387 10.100  9.814  9.528  9.243  8.958  8.674  8.390  8.107  7.824  7.541  7.259  6.978  6.697  6.416  6.136  5.856  5.576  5.297  5.018  4.739  4.461  4.183  3.905  3.628  3.350  3.073  2.796  2.520  2.243  1.967  1.691  1.414  1.138  0.862  0.587  0.311 
22.175 21.865 21.555 21.245 20.937 20.628 20.321 20.014 19.708 19.402 19.097 18.792 18.488 18.185 17.882 17.580 17.279 16.978 16.677 16.378 16.079 15.780 15.482 15.184 14.888 14.591 14.295 14.000 13.705 13.411 13.118 12.825 12.532 12.240 11.948 11.657 11.367 11.077 10.787 10.498 10.209  9.921  9.633  9.346  9.059  8.773  8.486  8.201  7.915  7.631  7.346  7.062  6.778  6.494  6.211  5.928  5.646  5.363  5.081  4.800  4.518  4.237  3.956  3.675  3.394  3.114  2.833  2.553  2.273  1.993  1.713  1.434  1.154  0.874  0.595  0.315 
22.307 21.997 21.687 21.377 21.068 20.760 20.452 20.145 19.838 19.532 19.227 18.922 18.617 18.314 18.010 17.708 17.405 17.104 16.803 16.502 16.202 15.902 15.603 15.305 15.007 14.710 14.413 14.116 13.820 13.525 13.230 12.935 12.641 12.348 12.054 11.762 11.470 11.178 10.886 10.595 10.305 10.015  9.725  9.436  9.147  8.858  8.570  8.282  7.994  7.707  7.420  7.134  6.847  6.561  6.275  5.990  5.705  5.420  5.135  4.851  4.566  4.282  3.998  3.715  3.431  3.148  2.864  2.581  2.298  2.015  1.732  1.450  1.167  0.884  0.602  0.319 
22.429 22.119 21.809 21.499 21.190 20.881 20.573 20.266 19.959 19.652 19.347 19.041 18.736 18.432 18.128 17.824 17.521 17.219 16.917 16.616 16.315 16.014 15.714 15.415 15.116 14.817 14.519 14.221 13.924 13.627 13.331 13.035 12.740 12.445 12.150 11.856 11.562 11.268 10.975 10.683 10.390 10.098  9.807  9.515  9.225  8.934  8.644  8.354  8.064  7.775  7.486  7.197  6.908  6.620  6.332  6.044  5.757  5.469  5.182  4.895  4.608  4.322  4.035  3.749  3.463  3.177  2.891  2.605  2.320  2.034  1.749  1.463  1.178  0.893  0.607  0.322 
22.541 22.230 21.920 21.611 21.301 20.993 20.684 20.377 20.069 19.762 19.456 19.150 18.845 18.540 18.235 17.931 17.628 17.324 17.022 16.719 16.418 16.116 15.815 15.515 15.215 14.915 14.616 14.317 14.019 13.721 13.423 13.126 12.829 12.532 12.236 11.941 11.645 11.350 11.056 10.761 10.467 10.174  9.880  9.587  9.295  9.002  8.710  8.418  8.127  7.835  7.544  7.253  6.963  6.672  6.382  6.092  5.803  5.513  5.224  4.935  4.646  4.357  4.068  3.780  3.491  3.203  2.915  2.627  2.339  2.051  1.763  1.475  1.188  0.900  0.612  0.325 
22.643 22.332 22.022 21.712 21.403 21.094 20.786 20.478 20.170 19.863 19.556 19.250 18.944 18.638 18.333 18.029 17.724 17.420 17.117 16.814 16.511 16.209 15.907 15.606 15.305 15.004 14.704 14.404 14.104 13.805 13.506 13.208 12.910 12.612 12.315 12.018 11.721 11.424 11.128 10.832 10.537 10.242  9.947  9.652  9.358  9.064  8.770  8.476  8.183  7.890  7.597  7.304  7.012  6.720  6.428  6.136  5.844  5.553  5.262  4.971  4.680  4.389  4.098  3.807  3.517  3.227  2.936  2.646  2.356  2.066  1.776  1.486  1.197  0.907  0.617  0.327 
22.736 22.425 22.115 21.805 21.496 21.187 20.878 20.570 20.262 19.954 19.647 19.340 19.034 18.728 18.422 18.117 17.812 17.508 17.204 16.900 16.597 16.294 15.991 15.689 15.387 15.085 14.784 14.483 14.182 13.882 13.582 13.283 12.983 12.685 12.386 12.088 11.790 11.492 11.194 10.897 10.600 10.304 10.007  9.711  9.415  9.120  8.824  8.529  8.234  7.939  7.645  7.351  7.057  6.763  6.469  6.175  5.882  5.589  5.296  5.003  4.710  4.417  4.125  3.832  3.540  3.248  2.956  2.664  2.372  2.080  1.788  1.496  1.205  0.913  0.621  0.330 
22.821 22.510 22.200 21.890 21.580 21.271 20.962 20.653 20.345 20.037 19.730 19.423 19.116 18.809 18.503 18.198 17.892 17.587 17.282 16.978 16.674 16.370 16.067 15.764 15.461 15.159 14.857 14.555 14.253 13.952 13.651 13.351 13.050 12.750 12.451 12.151 11.852 11.553 11.254 10.956 10.658 10.360 10.062  9.765  9.467  9.170  8.874  8.577  8.281  7.984  7.689  7.393  7.097  6.802  6.506  6.211  5.916  5.621  5.327  5.032  4.738  4.443  4.149  3.855  3.561  3.267  2.973  2.680  2.386  2.092  1.799  1.505  1.212  0.918  0.625  0.332 
22.898 22.587 22.276 21.966 21.657 21.347 21.038 20.729 20.421 20.113 19.805 19.498 19.190 18.884 18.577 18.271 17.965 17.659 17.354 17.049 16.745 16.440 16.136 15.832 15.529 15.226 14.923 14.620 14.318 14.016 13.714 13.412 13.111 12.810 12.509 12.209 11.909 11.609 11.309 11.009 10.710 10.411 10.112  9.813  9.515  9.217  8.918  8.621  8.323  8.025  7.728  7.431  7.134  6.837  6.540  6.244  5.947  5.651  5.355  5.059  4.763  4.467  4.171  3.876  3.580  3.285  2.989  2.694  2.399  2.104  1.809  1.513  1.218  0.923  0.628  0.333 
22.967 22.657 22.346 22.036 21.726 21.417 21.108 20.799 20.490 20.182 19.874 19.566 19.258 18.951 18.644 18.338 18.031 17.725 17.419 17.114 16.809 16.504 16.199 15.895 15.590 15.287 14.983 14.680 14.376 14.074 13.771 13.469 13.166 12.864 12.563 12.261 11.960 11.659 11.358 11.058 10.757 10.457 10.157  9.857  9.558  9.258  8.959  8.660  8.361  8.063  7.764  7.466  7.167  6.869  6.571  6.273  5.976  5.678  5.380  5.083  4.786  4.489  4.192  3.895  3.598  3.301  3.004  2.707  2.411  2.114  1.817  1.521  1.224  0.928  0.631  0.335 
23.031 22.720 22.410 22.100 21.790 21.480 21.171 20.862 20.553 20.244 19.936 19.628 19.320 19.012 18.705 18.398 18.091 17.785 17.479 17.173 16.867 16.561 16.256 15.951 15.646 15.342 15.038 14.733 14.430 14.126 13.823 13.520 13.217 12.914 12.611 12.309 12.007 11.705 11.403 11.102 10.801 10.499 10.198  9.898  9.597  9.297  8.996  8.696  8.396  8.096  7.797  7.497  7.198  6.898  6.599  6.300  6.001  5.702  5.404  5.105  4.807  4.508  4.210  3.912  3.613  3.315  3.017  2.719  2.421  2.123  1.825  1.528  1.230  0.932  0.634  0.336 
23.089 22.778 22.468 22.157 21.847 21.538 21.228 20.919 20.610 20.301 19.992 19.684 19.376 19.068 18.761 18.453 18.146 17.839 17.532 17.226 16.920 16.614 16.308 16.003 15.697 15.392 15.087 14.783 14.478 14.174 13.870 13.566 13.262 12.959 12.656 12.352 12.050 11.747 11.444 11.142 10.840 10.538 10.236  9.934  9.633  9.331  9.030  8.729  8.428  8.127  7.826  7.526  7.225  6.925  6.625  6.325  6.025  5.725  5.425  5.125  4.826  4.526  4.226  3.927  3.628  3.328  3.029  2.730  2.431  2.132  1.833  1.534  1.235  0.936  0.637  0.338 
23.141 22.831 22.520 22.210 21.900 21.590 21.280 20.971 20.662 20.353 20.044 19.735 19.427 19.119 18.811 18.503 18.196 17.888 17.581 17.275 16.968 16.662 16.355 16.049 15.743 15.438 15.132 14.827 14.522 14.217 13.913 13.608 13.304 13.000 12.696 12.392 12.088 11.785 11.482 11.178 10.875 10.573 10.270  9.967  9.665  9.363  9.061  8.759  8.457  8.155  7.853  7.552  7.250  6.949  6.648  6.347  6.046  5.745  5.444  5.143  4.843  4.542  4.242  3.941  3.641  3.340  3.040  2.740  2.440  2.139  1.839  1.539  1.239  0.939  0.639  0.339 
23.189 22.878 22.568 22.258 21.947 21.637 21.328 21.018 20.709 20.400 20.091 19.782 19.473 19.165 18.857 18.549 18.241 17.933 17.626 17.319 17.012 16.705 16.398 16.092 15.786 15.479 15.173 14.868 14.562 14.257 13.952 13.646 13.342 13.037 12.732 12.428 12.123 11.819 11.515 11.212 10.908 10.604 10.301  9.998  9.694  9.391  9.088  8.786  8.483  8.180  7.878  7.575  7.273  6.971  6.669  6.367  6.065  5.763  5.462  5.160  4.858  4.557  4.255  3.954  3.653  3.351  3.050  2.749  2.448  2.147  1.845  1.544  1.243  0.942  0.641  0.340 
23.233 22.922 22.611 22.301 21.991 21.681 21.371 21.061 20.752 20.442 20.133 19.824 19.515 19.207 18.898 18.590 18.282 17.974 17.666 17.359 17.052 16.744 16.437 16.130 15.824 15.517 15.211 14.905 14.599 14.293 13.987 13.681 13.376 13.071 12.765 12.460 12.155 11.851 11.546 11.242 10.937 10.633 10.329 10.025  9.721  9.417  9.114  8.810  8.507  8.203  7.900  7.597  7.294  6.991  6.688  6.385  6.083  5.780  5.477  5.175  4.873  4.570  4.268  3.966  3.663  3.361  3.059  2.757  2.455  2.153  1.851  1.549  1.247  0.945  0.643  0.341 
23.272 22.961 22.651 22.340 22.030 21.720 21.410 21.100 20.790 20.481 20.172 19.863 19.554 19.245 18.936 18.628 18.319 18.011 17.703 17.395 17.088 16.780 16.473 16.166 15.859 15.552 15.245 14.938 14.632 14.325 14.019 13.713 13.407 13.101 12.796 12.490 12.185 11.879 11.574 11.269 10.964 10.659 10.355 10.050  9.745  9.441  9.137  8.832  8.528  8.224  7.920  7.617  7.313  7.009  6.706  6.402  6.099  5.795  5.492  5.189  4.885  4.582  4.279  3.976  3.673  3.370  3.067  2.764  2.461  2.159  1.856  1.553  1.250  0.948  0.645  0.342 
23.308 22.997 22.687 22.376 22.066 21.756 21.446 21.136 20.826 20.516 20.207 19.898 19.588 19.279 18.971 18.662 18.353 18.045 17.737 17.429 17.121 16.813 16.505 16.198 15.890 15.583 15.276 14.969 14.662 14.355 14.048 13.742 13.435 13.129 12.823 12.517 12.211 11.905 11.600 11.294 10.988 10.683 10.378 10.073  9.767  9.463  9.158  8.853  8.548  8.243  7.939  7.634  7.330  7.026  6.721  6.417  6.113  5.809  5.505  5.201  4.897  4.593  4.289  3.986  3.682  3.378  3.075  2.771  2.467  2.164  1.860  1.557  1.253  0.950  0.646  0.343 
23.341 23.030 22.719 22.409 22.098 21.788 21.478 21.168 20.858 20.548 20.239 19.929 19.620 19.311 19.002 18.693 18.384 18.076 17.767 17.459 17.151 16.842 16.534 16.227 15.919 15.611 15.304 14.996 14.689 14.382 14.075 13.768 13.461 13.155 12.848 12.541 12.235 11.929 11.623 11.317 11.011 10.705 10.399 10.093  9.788  9.482  9.177  8.871  8.566  8.261  7.956  7.651  7.346  7.041  6.736  6.431  6.126  5.822  5.517  5.212  4.908  4.603  4.299  3.994  3.690  3.386  3.081  2.777  2.473  2.169  1.865  1.560  1.256  0.952  0.648  0.344 
23.370 23.060 22.749 22.438 22.128 21.818 21.507 21.197 20.887 20.578 20.268 19.958 19.649 19.340 19.030 18.721 18.412 18.104 17.795 17.486 17.178 16.869 16.561 16.253 15.945 15.637 15.329 15.022 14.714 14.406 14.099 13.792 13.485 13.178 12.871 12.564 12.257 11.950 11.644 11.337 11.031 10.724 10.418 10.112  9.806  9.500  9.194  8.888  8.582  8.277  7.971  7.665  7.360  7.054  6.749  6.444  6.138  5.833  5.528  5.223  4.918  4.612  4.307  4.002  3.697  3.393  3.088  2.783  2.478  2.173  1.868  1.563  1.259  0.954  0.649  0.344 
23.397 23.087 22.776 22.465 22.155 21.844 21.534 21.224 20.914 20.604 20.294 19.985 19.675 19.366 19.056 18.747 18.438 18.129 17.820 17.511 17.202 16.894 16.585 16.277 15.969 15.661 15.352 15.044 14.737 14.429 14.121 13.813 13.506 13.199 12.891 12.584 12.277 11.970 11.663 11.356 11.049 10.742 10.436 10.129  9.822  9.516  9.210  8.903  8.597  8.291  7.985  7.679  7.373  7.067  6.761  6.455  6.149  5.843  5.538  5.232  4.926  4.621  4.315  4.010  3.704  3.399  3.093  2.788  2.482  2.177  1.872  1.566  1.261  0.956  0.650  0.345 
23.422 23.111 22.800 22.490 22.179 21.869 21.559 21.248 20.938 20.628 20.318 20.009 19.699 19.389 19.080 18.770 18.461 18.152 17.843 17.534 17.225 16.916 16.607 16.299 15.990 15.682 15.374 15.065 14.757 14.449 14.141 13.833 13.525 13.218 12.910 12.602 12.295 11.987 11.680 11.373 11.066 10.759 10.451 10.144  9.838  9.531  9.224  8.917  8.611  8.304  7.997  7.691  7.384  7.078  6.772  6.465  6.159  5.853  5.547  5.240  4.934  4.628  4.322  4.016  3.710  3.404  3.098  2.792  2.487  2.181  1.875  1.569  1.263  0.957  0.651  0.346 
23.444 23.133 22.823 22.512 22.201 21.891 21.581 21.270 20.960 20.650 20.340 20.030 19.720 19.411 19.101 18.792 18.482 18.173 17.864 17.554 17.245 16.936 16.627 16.319 16.010 15.701 15.393 15.084 14.776 14.467 14.159 13.851 13.543 13.235 12.927 12.619 12.311 12.004 11.696 11.388 11.081 10.773 10.466 10.159  9.851  9.544  9.237  8.930  8.623  8.316  8.009  7.702  7.395  7.088  6.781  6.475  6.168  5.861  5.555  5.248  4.942  4.635  4.329  4.022  3.716  3.409  3.103  2.797  2.490  2.184  1.878  1.571  1.265  0.959  0.652  0.346 
23.465 23.154 22.843 22.532 22.222 21.911 21.601 21.290 20.980 20.670 20.360 20.050 19.740 19.430 19.121 18.811 18.501 18.192 17.882 17.573 17.264 16.955 16.646 16.337 16.028 15.719 15.410 15.101 14.793 14.484 14.176 13.867 13.559 13.251 12.942 12.634 12.326 12.018 11.710 11.402 11.095 10.787 10.479 10.171  9.864  9.556  9.249  8.941  8.634  8.327  8.019  7.712  7.405  7.098  6.790  6.483  6.176  5.869  5.562  5.255  4.948  4.641  4.334  4.028  3.721  3.414  3.107  2.800  2.494  2.187  1.880  1.573  1.267  0.960  0.653  0.347 
23.483 23.172 22.861 22.551 22.240 21.930 21.619 21.309 20.998 20.688 20.378 20.068 19.758 19.448 19.138 18.828 18.519 18.209 17.900 17.590 17.281 16.971 16.662 16.353 16.044 15.735 15.426 15.117 14.808 14.499 14.191 13.882 13.574 13.265 12.957 12.648 12.340 12.032 11.723 11.415 11.107 10.799 10.491 10.183  9.875  9.567  9.259  8.952  8.644  8.336  8.029  7.721  7.414  7.106  6.799  6.491  6.184  5.876  5.569  5.262  4.954  4.647  4.340  4.033  3.725  3.418  3.111  2.804  2.497  2.190  1.882  1.575  1.268  0.961  0.654  0.347 
23.500 23.189 22.878 22.567 22.257 21.946 21.636 21.325 21.015 20.705 20.394 20.084 19.774 19.464 19.154 18.844 18.535 18.225 17.915 17.606 17.296 16.987 16.677 16.368 16.059 15.750 15.440 15.131 14.822 14.513 14.204 13.896 13.587 13.278 12.969 12.661 12.352 12.044 11.735 11.427 11.118 10.810 10.502 10.194  9.885  9.577  9.269  8.961  8.653  8.345  8.037  7.729  7.422  7.114  6.806  6.498  6.190  5.883  5.575  5.267  4.960  4.652  4.345  4.037  3.729  3.422  3.114  2.807  2.500  2.192  1.885  1.577  1.270  0.962  0.655  0.347 
23.515 23.204 22.893 22.583 22.272 21.961 21.651 21.340 21.030 20.720 20.409 20.099 19.789 19.479 19.169 18.859 18.549 18.239 17.929 17.620 17.310 17.001 16.691 16.382 16.072 15.763 15.453 15.144 14.835 14.526 14.217 13.908 13.599 13.290 12.981 12.672 12.363 12.055 11.746 11.437 11.129 10.820 10.512 10.203  9.895  9.586  9.278  8.970  8.662  8.353  8.045  7.737  7.429  7.121  6.813  6.505  6.197  5.889  5.581  5.273  4.965  4.657  4.349  4.041  3.733  3.425  3.118  2.810  2.502  2.194  1.887  1.579  1.271  0.963  0.656  0.348 
23.529 23.218 22.907 22.596 22.286 21.975 21.665 21.354 21.044 20.733 20.423 20.113 19.802 19.492 19.182 18.872 18.562 18.252 17.942 17.633 17.323 17.013 16.703 16.394 16.084 15.775 15.465 15.156 14.847 14.537 14.228 13.919 13.610 13.301 12.992 12.683 12.374 12.065 11.756 11.447 11.138 10.829 10.521 10.212  9.903  9.595  9.286  8.978  8.669  8.361  8.052  7.744  7.435  7.127  6.819  6.510  6.202  5.894  5.586  5.277  4.969  4.661  4.353  4.045  3.737  3.429  3.121  2.812  2.504  2.196  1.888  1.580  1.272  0.964  0.656  0.348 
23.541 23.231 22.920 22.609 22.298 21.988 21.677 21.367 21.056 20.746 20.435 20.125 19.815 19.504 19.194 18.884 18.574 18.264 17.954 17.644 17.334 17.025 16.715 16.405 16.095 15.786 15.476 15.167 14.857 14.548 14.238 13.929 13.620 13.310 13.001 12.692 12.383 12.074 11.765 11.456 11.147 10.838 10.529 10.220  9.911  9.602  9.293  8.985  8.676  8.367  8.059  7.750  7.441  7.133  6.824  6.516  6.207  5.899  5.590  5.282  4.973  4.665  4.357  4.048  3.740  3.431  3.123  2.815  2.506  2.198  1.890  1.582  1.273  0.965  0.657  0.348 
23.553 23.242 22.931 22.620 22.310 21.999 21.688 21.378 21.067 20.757 20.446 20.136 19.826 19.515 19.205 18.895 18.585 18.275 17.965 17.655 17.345 17.035 16.725 16.415 16.105 15.796 15.486 15.176 14.867 14.557 14.248 13.938 13.629 13.319 13.010 12.701 12.391 12.082 11.773 11.464 11.154 10.845 10.536 10.227  9.918  9.609  9.300  8.991  8.682  8.373  8.065  7.756  7.447  7.138  6.829  6.521  6.212  5.903  5.594  5.286  4.977  4.668  4.360  4.051  3.743  3.434  3.125  2.817  2.508  2.200  1.891  1.583  1.274  0.966  0.657  0.349 
23.563 23.252 22.942 22.631 22.320 22.009 21.699 21.388 21.078 20.767 20.457 20.146 19.836 19.526 19.215 18.905 18.595 18.285 17.974 17.664 17.354 17.044 16.734 16.424 16.115 15.805 15.495 15.185 14.875 14.566 14.256 13.947 13.637 13.327 13.018 12.708 12.399 12.090 11.780 11.471 11.162 10.852 10.543 10.234  9.925  9.615  9.306  8.997  8.688  8.379  8.070  7.761  7.452  7.143  6.834  6.525  6.216  5.907  5.598  5.289  4.981  4.672  4.363  4.054  3.745  3.436  3.128  2.819  2.510  2.201  1.893  1.584  1.275  0.966  0.658  0.349 
23.573 23.262 22.951 22.640 22.330 22.019 21.708 21.398 21.087 20.776 20.466 20.155 19.845 19.535 19.224 18.914 18.604 18.294 17.983 17.673 17.363 17.053 16.743 16.433 16.123 15.813 15.503 15.193 14.883 14.574 14.264 13.954 13.644 13.335 13.025 12.715 12.406 12.096 11.786 11.476 11.167 10.857 10.546 10.236  9.925  9.613  9.301  8.988  8.673  8.357  8.039  7.718  7.394  7.066  6.734  6.396  6.053  5.701  5.342  4.974  4.596  4.207  3.807  3.396  2.973  2.539  2.094  1.640  1.176  0.705  0.228 -0.411 -1.211 -2.010 -2.807 -3.600 
23.573 23.262 22.951 22.640 22.329 22.017 21.706 21.394 21.082 20.770 20.457 20.144 19.831 19.518 19.205 18.891 18.576 18.262 17.946 17.630 17.314 16.997 16.679 16.361 16.041 15.721 15.400 15.078 14.754 14.429 14.104 13.776 13.447 13.117 12.785 12.451 12.116 11.778 11.439 11.097 10.753 10.407 10.058  9.708  9.354  8.998  8.639  8.278  7.914  7.547  7.178  6.806  6.431  6.053  5.673  5.290  4.905  4.518  4.128  3.736  3.342  2.946  2.549  2.150  1.750  1.348  0.946  0.543  0.140 -0.173 -0.457 -0.739 -1.019 -1.296 -1.570 -1.840 
23.481 23.170 22.858 22.546 22.233 21.919 21.604 21.289 20.973 20.656 20.339 20.020 19.701 19.382 19.061 18.740 18.418 18.095 17.771 17.446 17.120 16.794 16.466 16.138 15.808 15.478 15.146 14.814 14.480 14.146 13.810 13.473 13.136 12.797 12.457 12.116 11.774 11.431 11.087 10.742 10.396 10.049  9.701  9.353  9.003  8.653  8.302  7.951  7.599  7.247  6.895  6.542  6.190  5.838  5.486  5.134  4.784  4.434  4.086  3.738  3.392  3.048  2.706  2.365  2.026  1.689  1.354  1.020  0.688  0.358  0.030 -0.122 -0.159 -0.176 -0.151 -0.080 
23.310 22.998 22.686 22.374 22.060 21.745 21.430 21.114 20.797 20.480 20.162 19.843 19.523 19.202 18.881 18.559 18.236 17.913 17.588 17.263 16.938 16.612 16.285 15.958 15.630 15.301 14.972 14.643 14.313 13.983 13.653 13.322 12.992 12.661 12.330 12.000 11.670 11.340 11.011 10.682 10.355 10.028  9.703  9.380  9.058  8.738  8.421  8.107  7.795  7.487  7.182  6.882  6.586  6.294  6.008  5.728  5.453  5.184  4.922  4.667  4.420  4.179  3.947  3.722  3.506  3.297  3.098  2.906  2.724  2.549  2.384  2.226  2.078  1.937  1.804  1.680 
23.168 22.857 22.546 22.234 21.922 21.609 21.297 20.984 20.670 20.357 20.043 19.729 19.415 19.101 18.786 18.472 18.157 17.843 17.529 17.215 16.901 16.588 16.275 15.963 15.651 15.340 15.029 14.720 14.411 14.103 13.797 13.492 13.188 12.885 12.585 12.286 11.989 11.693 11.400 11.110 10.821 10.536 10.253  9.972  9.695  9.421  9.151  8.883  8.620  8.360  8.104  7.852  7.604  7.361  7.123  6.889  6.660  6.436  6.217  6.003  5.795  5.593  5.397  5.206  5.022  4.844  4.672  4.507  4.349  4.197  4.053  3.915  3.785  3.662  3.547  3.440 
23.176 22.865 22.555 22.245 21.936 21.627 21.319 21.011 20.703 20.396 20.090 19.784 19.479 19.175 18.871 18.569 18.267 17.965 17.665 17.366 17.068 16.771 16.475 16.180 15.887 15.595 15.304 15.016 14.728 14.443 14.159 13.878 13.598 13.321 13.045 12.772 12.502 12.234 11.969 11.706 11.447 11.190 10.937 10.687 10.440 10.197  9.957  9.721  9.489  9.261  9.038  8.818  8.603  8.393  8.187  7.986  7.790  7.599  7.413  7.233  7.058  6.889  6.726  6.569  6.418  6.273  6.134  6.002  5.877  5.759  5.647  5.543  5.446  5.356  5.274  5.200 
23.356 23.046 22.737 22.429 22.122 21.816 21.512 21.209 20.907 20.606 20.306 20.008 19.711 19.416 19.122 18.829 18.538 18.248 17.960 17.674 17.389 17.105 16.824 16.544 16.267 15.991 15.717 15.445 15.175 14.907 14.641 14.378 14.117 13.858 13.602 13.348 13.096 12.847 12.601 12.357 12.116 11.877 11.641 11.408 11.178 10.950 10.725 10.503 10.284 10.067  9.853  9.642  9.433  9.227  9.024  8.823  8.625  8.429  8.236  8.045  7.855  7.668  7.483  7.300  7.119  6.939  6.761  6.584  6.408  6.233  6.060  5.887  5.715  5.543  5.371  5.200 
23.674 23.364 23.055 22.748 22.443 22.140 21.838 21.537 21.239 20.942 20.646 20.353 20.061 19.770 19.482 19.195 18.910 18.626 18.345 18.065 17.787 17.511 17.236 16.964 16.693 16.424 16.157 15.892 15.629 15.368 15.109 14.851 14.596 14.342 14.091 13.841 13.594 13.348 13.104 12.863 12.623 12.385 12.149 11.915 11.683 11.452 11.224 10.997 10.772 10.549 10.328 10.108  9.890  9.674  9.459  9.246  9.034  8.823  8.614  8.406  8.200  7.994  7.790  7.587  7.384  7.183  6.982  6.782  6.583  6.384  6.186  5.989  5.791  5.594  5.397  5.200 
24.054 23.744 23.436 23.130 22.825 22.522 22.220 21.921 21.623 21.327 21.033 20.740 20.449 20.160 19.873 19.587 19.303 19.021 18.741 18.462 18.185 17.910 17.637 17.365 17.095 16.827 16.561 16.296 16.033 15.771 15.512 15.254 14.997 14.742 14.489 14.238 13.988 13.740 13.493 13.248 13.005 12.763 12.522 12.283 12.046 11.809 11.575 11.341 11.109 10.879 10.649 10.421 10.194  9.968  9.743  9.519  9.297  9.075  8.854  8.635  8.416  8.198  7.980  7.764  7.548  7.332  7.117  6.903  6.689  6.476  6.263  6.050  5.837  5.625  5.412  5.200 
24.441 24.131 23.823 23.516 23.211 22.908 22.607 22.307 22.009 21.712 21.417 21.124 20.833 20.543 20.255 19.968 19.683 19.400 19.119 18.839 18.561 18.284 18.009 17.735 17.464 17.193 16.924 16.657 16.392 16.127 15.865 15.604 15.344 15.086 14.829 14.573 14.319 14.067 13.815 13.565 13.317 13.069 12.823 12.578 12.335 12.092 11.851 11.611 11.372 11.134 10.897 10.661 10.425 10.191  9.958  9.726  9.494  9.264  9.034  8.804  8.576  8.348  8.120  7.894  7.667  7.441  7.216  6.991  6.766  6.542  6.318  6.094  5.870  5.647  5.423  5.200 
24.810 24.500 24.191 23.884 23.579 23.275 22.973 22.672 22.373 22.076 21.780 21.486 21.193 20.902 20.612 20.324 20.038 19.752 19.469 19.187 18.906 18.627 18.349 18.073 17.798 17.525 17.253 16.983 16.714 16.446 16.179 15.914 15.651 15.388 15.127 14.867 14.608 14.351 14.094 13.839 13.585 13.332 13.081 12.830 12.580 12.332 12.084 11.837 11.592 11.347 11.103 10.860 10.618 10.376 10.136  9.896  9.657  9.418  9.180  8.943  8.706  8.470  8.234  7.999  7.764  7.530  7.296  7.062  6.829  6.596  6.363  6.130  5.897  5.665  5.432  5.200 
25.151 24.841 24.532 24.225 23.919 23.615 23.312 23.011 22.711 22.412 22.115 21.819 21.525 21.232 20.941 20.651 20.362 20.075 19.789 19.505 19.222 18.940 18.660 18.380 18.103 17.826 17.551 17.277 17.004 16.733 16.462 16.193 15.925 15.659 15.393 15.129 14.865 14.603 14.342 14.082 13.823 13.565 13.308 13.051 12.796 12.542 12.288 12.036 11.784 11.533 11.283 11.034 10.785 10.537 10.290 10.043  9.797  9.552  9.307  9.062  8.819  8.575  8.332  8.090  7.848  7.606  7.364  7.123  6.882  6.641  6.401  6.161  5.920  5.680  5.440  5.200 
25.464 25.153 24.844 24.537 24.231 23.926 23.622 23.320 23.019 22.719 22.421 22.124 21.828 21.534 21.241 20.949 20.658 20.369 20.081 19.794 19.509 19.224 18.941 18.659 18.378 18.099 17.820 17.543 17.267 16.992 16.718 16.445 16.173 15.903 15.633 15.364 15.097 14.830 14.564 14.299 14.036 13.773 13.511 13.249 12.989 12.729 12.471 12.213 11.955 11.699 11.443 11.188 10.933 10.680 10.426 10.174  9.921  9.670  9.419  9.168  8.918  8.668  8.419  8.170  7.921  7.673  7.425  7.177  6.929  6.682  6.435  6.187  5.941  5.694  5.447  5.200 
25.748 25.438 25.129 24.821 24.514 24.209 23.905 23.601 23.300 22.999 22.700 22.401 22.104 21.808 21.514 21.220 20.928 20.636 20.346 20.057 19.769 19.482 19.197 18.912 18.629 18.346 18.065 17.784 17.505 17.227 16.949 16.673 16.398 16.123 15.850 15.577 15.306 15.035 14.765 14.496 14.228 13.960 13.694 13.428 13.163 12.898 12.635 12.372 12.109 11.848 11.587 11.327 11.067 10.808 10.549 10.291 10.033  9.776  9.519  9.263  9.007  8.751  8.496  8.241  7.987  7.733  7.479  7.225  6.971  6.718  6.465  6.212  5.959  5.706  5.453  5.200 
26.006 25.696 25.387 25.079 24.772 24.466 24.161 23.857 23.554 23.253 22.952 22.653 22.355 22.057 21.761 21.466 21.172 20.879 20.587 20.296 20.006 19.717 19.429 19.142 18.855 18.570 18.286 18.003 17.721 17.439 17.159 16.879 16.601 16.323 16.046 15.770 15.494 15.220 14.946 14.673 14.401 14.130 13.859 13.589 13.320 13.051 12.783 12.515 12.249 11.982 11.717 11.452 11.187 10.923 10.660 10.396 10.134  9.872  9.610  9.348  9.087  8.827  8.566  8.306  8.046  7.787  7.527  7.268  7.009  6.751  6.492  6.233  5.975  5.717  5.458  5.200 
26.241 25.931 25.621 25.313 25.005 24.699 24.394 24.089 23.786 23.483 23.182 22.881 22.582 22.283 21.986 21.689 21.393 21.099 20.805 20.512 20.220 19.929 19.639 19.349 19.061 18.774 18.487 18.201 17.916 17.632 17.349 17.066 16.785 16.504 16.224 15.944 15.666 15.388 15.111 14.834 14.558 14.283 14.009 13.735 13.462 13.189 12.917 12.645 12.375 12.104 11.834 11.565 11.296 11.028 10.760 10.492 10.225  9.958  9.692  9.426  9.160  8.895  8.629  8.365  8.100  7.836  7.572  7.308  7.044  6.780  6.517  6.253  5.990  5.726  5.463  5.200 
26.454 26.143 25.834 25.525 25.217 24.910 24.605 24.300 23.995 23.692 23.390 23.088 22.788 22.488 22.189 21.891 21.594 21.298 21.003 20.708 20.414 20.121 19.829 19.538 19.247 18.958 18.669 18.381 18.093 17.807 17.521 17.236 16.951 16.668 16.385 16.102 15.821 15.540 15.259 14.980 14.701 14.422 14.144 13.867 13.590 13.314 13.038 12.763 12.489 12.214 11.941 11.667 11.395 11.122 10.850 10.579 10.307 10.037  9.766  9.496  9.226  8.956  8.687  8.418  8.149  7.880  7.611  7.343  7.075  6.807  6.539  6.271  6.003  5.735  5.468  5.200 
26.646 26.336 26.026 25.717 25.409 25.102 24.796 24.490 24.185 23.882 23.578 23.276 22.975 22.674 22.374 22.075 21.776 21.479 21.182 20.886 20.590 20.296 20.002 19.709 19.416 19.125 18.834 18.544 18.254 17.965 17.677 17.389 17.103 16.816 16.531 16.246 15.961 15.678 15.394 15.112 14.830 14.548 14.267 13.987 13.707 13.427 13.148 12.870 12.592 12.314 12.037 11.760 11.484 11.208 10.932 10.657 10.382 10.108  9.833  9.559  9.285  9.012  8.739  8.466  8.193  7.920  7.648  7.375  7.103  6.831  6.559  6.287  6.015  5.743  5.472  5.200 
26.821 26.511 26.201 25.892 25.584 25.276 24.969 24.663 24.358 24.053 23.749 23.446 23.144 22.842 22.541 22.241 21.941 21.642 21.344 21.047 20.750 20.454 20.159 19.864 19.570 19.276 18.983 18.691 18.400 18.109 17.818 17.529 17.240 16.951 16.663 16.376 16.089 15.802 15.517 15.231 14.947 14.662 14.379 14.095 13.813 13.530 13.248 12.967 12.686 12.405 12.125 11.845 11.565 11.286 11.007 10.728 10.450 10.172  9.894  9.617  9.339  9.062  8.786  8.509  8.233  7.956  7.680  7.404  7.129  6.853  6.577  6.302  6.026  5.751  5.475  5.200 
26.980 26.669 26.359 26.050 25.741 25.434 25.126 24.820 24.514 24.209 23.904 23.601 23.297 22.995 22.693 22.392 22.091 21.791 21.492 21.193 20.895 20.597 20.300 20.004 19.709 19.413 19.119 18.825 18.532 18.239 17.947 17.655 17.364 17.073 16.783 16.493 16.204 15.916 15.628 15.340 15.053 14.766 14.480 14.194 13.908 13.623 13.339 13.054 12.770 12.487 12.204 11.921 11.638 11.356 11.074 10.793 10.511 10.230  9.949  9.669  9.388  9.108  8.828  8.548  8.269  7.989  7.710  7.431  7.152  6.873  6.594  6.315  6.036  5.757  5.479  5.200 
27.123 26.813 26.503 26.193 25.885 25.576 25.269 24.962 24.656 24.350 24.045 23.740 23.436 23.133 22.830 22.528 22.227 21.926 21.625 21.325 21.026 20.727 20.429 20.131 19.834 19.538 19.242 18.946 18.651 18.357 18.063 17.769 17.476 17.184 16.892 16.600 16.309 16.018 15.728 15.438 15.149 14.860 14.571 14.283 13.995 13.708 13.421 13.134 12.847 12.561 12.276 11.990 11.705 11.420 11.135 10.851 10.567 10.283  9.999  9.716  9.433  9.150  8.867  8.584  8.302  8.019  7.737  7.455  7.173  6.891  6.609  6.327  6.045  5.763  5.482  5.200 
27.253 26.943 26.633 26.323 26.014 25.706 25.398 25.091 24.784 24.478 24.172 23.867 23.563 23.259 22.955 22.652 22.350 22.048 21.746 21.445 21.145 20.845 20.546 20.247 19.948 19.651 19.353 19.056 18.760 18.464 18.168 17.873 17.578 17.284 16.990 16.697 16.404 16.111 15.819 15.527 15.236 14.945 14.654 14.364 14.074 13.784 13.495 13.206 12.917 12.629 12.341 12.053 11.765 11.478 11.191 10.904 10.617 10.331 10.045  9.759  9.473  9.187  8.902  8.617  8.331  8.046  7.761  7.476  7.192  6.907  6.622  6.338  6.053  5.769  5.484  5.200 
27.371 27.061 26.751 26.441 26.132 25.823 25.515 25.208 24.900 24.594 24.288 23.982 23.677 23.372 23.068 22.764 22.461 22.158 21.856 21.554 21.253 20.952 20.651 20.351 20.052 19.753 19.454 19.156 18.858 18.561 18.264 17.967 17.671 17.375 17.080 16.785 16.490 16.196 15.902 15.608 15.315 15.022 14.729 14.437 14.145 13.854 13.562 13.271 12.980 12.690 12.400 12.110 11.820 11.530 11.241 10.952 10.663 10.375 10.086  9.798  9.510  9.222  8.934  8.646  8.358  8.071  7.783  7.496  7.209  6.922  6.635  6.348  6.061  5.774  5.487  5.200 
27.479 27.168 26.858 26.548 26.239 25.930 25.621 25.313 25.006 24.699 24.392 24.086 23.781 23.475 23.170 22.866 22.562 22.259 21.956 21.653 21.351 21.049 20.747 20.446 20.146 19.845 19.546 19.246 18.947 18.649 18.350 18.052 17.755 17.458 17.161 16.864 16.568 16.272 15.977 15.681 15.387 15.092 14.798 14.504 14.210 13.917 13.623 13.330 13.038 12.745 12.453 12.161 11.870 11.578 11.287 10.996 10.705 10.414 10.123  9.833  9.543  9.252  8.962  8.673  8.383  8.093  7.804  7.514  7.225  6.935  6.646  6.357  6.067  5.778  5.489  5.200 
27.576 27.265 26.955 26.645 26.335 26.026 25.718 25.409 25.102 24.794 24.487 24.181 23.874 23.569 23.263 22.958 22.654 22.350 22.046 21.742 21.439 21.137 20.834 20.532 20.231 19.929 19.629 19.328 19.028 18.728 18.429 18.130 17.831 17.532 17.234 16.936 16.639 16.341 16.045 15.748 15.451 15.155 14.860 14.564 14.269 13.974 13.679 13.384 13.090 12.796 12.502 12.208 11.915 11.621 11.328 11.035 10.742 10.450 10.157  9.865  9.573  9.280  8.989  8.697  8.405  8.113  7.822  7.530  7.239  6.947  6.656  6.365  6.074  5.782  5.491  5.200 
27.663 27.353 27.042 26.732 26.423 26.114 25.805 25.496 25.188 24.881 24.573 24.266 23.960 23.653 23.347 23.042 22.737 22.432 22.127 21.823 21.520 21.216 20.913 20.610 20.308 20.006 19.704 19.402 19.101 18.800 18.500 18.200 17.900 17.600 17.301 17.002 16.703 16.404 16.106 15.808 15.510 15.213 14.916 14.619 14.322 14.025 13.729 13.433 13.137 12.841 12.546 12.250 11.955 11.660 11.365 11.071 10.776 10.482 10.188  9.894  9.600  9.306  9.012  8.719  8.425  8.132  7.838  7.545  7.252  6.958  6.665  6.372  6.079  5.786  5.493  5.200 
