27.516 27.205 26.894 26.583 26.273 25.962 25.651 25.340 25.029 24.718 24.407 24.096 23.785 23.474 23.164 22.853 22.542 22.231 21.920 21.609 21.298 20.987 20.676 20.365 20.054 19.743 19.432 19.121 18.810 18.499 18.188 17.877 17.565 17.254 16.943 16.631 16.320 16.008 15.697 15.385 15.073 14.761 14.450 14.137 13.825 13.513 13.200 12.887 12.574 12.261 11.948 11.634 11.320 11.006 10.691 10.376 10.061  9.745  9.429  9.112  8.795  8.477  8.159  7.840  7.521  7.201  6.880  6.559  6.236  5.913  5.589  5.265  4.939  4.612  4.284  3.956 
27.514 27.203 26.892 26.581 26.270 25.959 25.648 25.337 25.026 24.715 24.404 24.092 23.781 23.470 23.158 22.847 22.536 22.224 21.913 21.601 21.289 20.978 20.666 20.354 20.042 19.730 19.418 19.105 18.793 18.480 18.168 17.855 17.542 17.228 16.915 16.602 16.288 15.974 15.660 15.345 15.031 14.716 14.401 14.085 13.769 13.453 13.137 12.820 12.503 12.185 11.867 11.549 11.230 10.910 10.590 10.270  9.949  9.627  9.305  8.982  8.659  8.335  8.010  7.684  7.358  7.031  6.703  6.374  6.045  5.714  5.383  5.051  4.717  4.383  4.048  3.711 
27.501 27.190 26.879 26.568 26.257 25.946 25.634 25.323 25.011 24.700 24.388 24.076 23.764 23.452 23.140 22.827 22.515 22.202 21.890 21.577 21.264 20.951 20.637 20.324 20.010 19.696 19.382 19.068 18.753 18.439 18.124 17.808 17.493 17.177 16.861 16.545 16.228 15.912 15.594 15.277 14.959 14.640 14.322 14.003 13.683 13.363 13.043 12.722 12.401 12.079 11.756 11.433 11.110 10.786 10.461 10.136  9.810  9.483  9.156  8.828  8.500  8.170  7.840  7.509  7.177  6.844  6.511  6.177  5.841  5.505  5.168  4.830  4.491  4.151  3.809  3.467 
27.473 27.162 26.851 26.539 26.228 25.916 25.605 25.293 24.980 24.668 24.356 24.043 23.730 23.417 23.104 22.790 22.476 22.163 21.848 21.534 21.220 20.905 20.590 20.274 19.959 19.643 19.327 19.010 18.694 18.377 18.059 17.742 17.424 17.105 16.787 16.468 16.148 15.828 15.508 15.187 14.866 14.545 14.222 13.900 13.577 13.253 12.929 12.605 12.279 11.954 11.627 11.300 10.973 10.645 10.316  9.986  9.656  9.325  8.993  8.661  8.327  7.993  7.659  7.323  6.986  6.649  6.311  5.971  5.631  5.290  4.948  4.605  4.261  3.916  3.570  3.223 
27.427 27.116 26.804 26.493 26.181 25.869 25.557 25.244 24.932 24.619 24.305 23.992 23.678 23.364 23.050 22.735 22.420 22.105 21.789 21.474 21.157 20.841 20.524 20.207 19.890 19.572 19.254 18.935 18.616 18.297 17.978 17.658 17.337 17.016 16.695 16.373 16.051 15.728 15.405 15.081 14.757 14.433 14.107 13.782 13.455 13.129 12.801 12.473 12.144 11.815 11.485 11.154 10.823 10.491 10.158  9.825  9.491  9.156  8.820  8.484  8.147  7.808  7.469  7.130  6.789  6.447  6.105  5.762  5.417  5.072  4.726  4.378  4.030  3.680  3.330  2.979 
27.363 27.052 26.740 26.429 26.117 25.804 25.492 25.179 24.865 24.552 24.238 23.923 23.609 23.294 22.978 22.663 22.347 22.030 21.713 21.396 21.079 20.761 20.442 20.123 19.804 19.485 19.165 18.844 18.523 18.202 17.880 17.558 17.235 16.912 16.588 16.264 15.939 15.614 15.288 14.962 14.635 14.308 13.979 13.651 13.322 12.992 12.661 12.330 11.998 11.665 11.332 10.998 10.664 10.328  9.992  9.655  9.318  8.979  8.640  8.300  7.959  7.617  7.275  6.931  6.587  6.241  5.895  5.548  5.200  4.851  4.500  4.149  3.797  3.444  3.090  2.734 
27.283 26.972 26.660 26.348 26.036 25.723 25.410 25.097 24.783 24.469 24.154 23.839 23.523 23.208 22.891 22.575 22.257 21.940 21.622 21.303 20.984 20.665 20.345 20.025 19.704 19.383 19.061 18.739 18.416 18.093 17.769 17.445 17.120 16.795 16.469 16.142 15.815 15.488 15.159 14.830 14.501 14.171 13.840 13.509 13.177 12.844 12.511 12.177 11.842 11.507 11.171 10.834 10.496 10.157  9.818  9.478  9.137  8.796  8.453  8.110  7.766  7.421  7.075  6.728  6.380  6.031  5.682  5.331  4.980  4.627  4.273  3.919  3.563  3.207  2.849  2.490 
27.187 26.876 26.565 26.253 25.940 25.627 25.314 25.000 24.686 24.371 24.055 23.740 23.423 23.107 22.790 22.472 22.154 21.835 21.516 21.196 20.876 20.555 20.234 19.913 19.590 19.268 18.944 18.620 18.296 17.971 17.645 17.319 16.993 16.665 16.337 16.009 15.680 15.350 15.019 14.688 14.357 14.024 13.691 13.357 13.023 12.688 12.352 12.015 11.678 11.340 11.001 10.661 10.321  9.980  9.638  9.295  8.951  8.606  8.261  7.915  7.568  7.220  6.871  6.521  6.170  5.818  5.466  5.112  4.757  4.401  4.045  3.687  3.328  2.969  2.608  2.246 
27.078 26.767 26.455 26.143 25.830 25.517 25.203 24.889 24.574 24.259 23.943 23.627 23.310 22.993 22.675 22.356 22.037 21.717 21.397 21.077 20.755 20.433 20.111 19.788 19.464 19.140 18.816 18.490 18.164 17.838 17.510 17.183 16.854 16.525 16.195 15.865 15.534 15.202 14.870 14.537 14.203 13.868 13.533 13.197 12.860 12.523 12.185 11.846 11.506 11.166 10.824 10.482 10.139  9.795  9.451  9.105  8.759  8.412  8.064  7.715  7.365  7.014  6.663  6.310  5.957  5.602  5.247  4.890  4.533  4.174  3.815  3.454  3.093  2.730  2.366  2.001 
26.956 26.645 26.333 26.021 25.708 25.395 25.081 24.766 24.451 24.135 23.819 23.502 23.184 22.866 22.548 22.228 21.908 21.588 21.267 20.945 20.623 20.300 19.976 19.652 19.327 19.002 18.676 18.349 18.022 17.694 17.365 17.036 16.706 16.375 16.044 15.712 15.379 15.045 14.711 14.376 14.040 13.704 13.367 13.029 12.690 12.351 12.010 11.669 11.327 10.985 10.641 10.297  9.952  9.606  9.259  8.911  8.562  8.213  7.862  7.511  7.159  6.806  6.451  6.096  5.740  5.383  5.025  4.666  4.306  3.945  3.583  3.220  2.856  2.491  2.124  1.757 
26.823 26.512 26.200 25.887 25.574 25.261 24.946 24.632 24.316 24.000 23.683 23.366 23.048 22.729 22.410 22.090 21.769 21.448 21.126 20.803 20.480 20.156 19.832 19.506 19.180 18.854 18.527 18.199 17.870 17.541 17.211 16.880 16.549 16.216 15.884 15.550 15.215 14.880 14.544 14.208 13.870 13.532 13.193 12.854 12.513 12.172 11.829 11.486 11.143 10.798 10.452 10.106  9.759  9.411  9.062  8.712  8.361  8.009  7.657  7.303  6.949  6.593  6.237  5.880  5.521  5.162  4.802  4.440  4.078  3.715  3.350  2.985  2.619  2.251  1.883  1.513 
26.679 26.368 26.056 25.744 25.430 25.117 24.802 24.487 24.171 23.854 23.537 23.219 22.901 22.581 22.262 21.941 21.620 21.298 20.975 20.652 20.328 20.003 19.677 19.351 19.024 18.697 18.368 18.039 17.710 17.379 17.048 16.716 16.383 16.050 15.715 15.380 15.045 14.708 14.371 14.032 13.693 13.354 13.013 12.672 12.330 11.986 11.643 11.298 10.952 10.606 10.258  9.910  9.561  9.211  8.860  8.508  8.156  7.802  7.448  7.092  6.736  6.378  6.020  5.660  5.300  4.939  4.576  4.213  3.849  3.483  3.117  2.749  2.381  2.011  1.640  1.269 
26.526 26.215 25.903 25.590 25.277 24.963 24.648 24.333 24.017 23.700 23.382 23.064 22.745 22.425 22.105 21.783 21.462 21.139 20.816 20.492 20.167 19.841 19.515 19.188 18.860 18.532 18.202 17.872 17.541 17.210 16.877 16.544 16.210 15.876 15.540 15.204 14.867 14.529 14.190 13.851 13.510 13.169 12.827 12.484 12.140 11.796 11.450 11.104 10.757 10.409 10.060  9.710  9.359  9.007  8.655  8.301  7.947  7.591  7.235  6.878  6.519  6.160  5.800  5.439  5.077  4.713  4.349  3.984  3.618  3.250  2.882  2.513  2.142  1.771  1.398  1.024 
26.365 26.053 25.741 25.429 25.115 24.801 24.486 24.170 23.854 23.537 23.219 22.900 22.581 22.260 21.939 21.618 21.295 20.972 20.648 20.323 19.998 19.672 19.345 19.017 18.688 18.359 18.029 17.698 17.366 17.033 16.700 16.366 16.031 15.695 15.358 15.021 14.683 14.344 14.004 13.663 13.321 12.979 12.635 12.291 11.946 11.600 11.253 10.906 10.557 10.207  9.857  9.505  9.153  8.800  8.446  8.091  7.735  7.378  7.020  6.661  6.301  5.940  5.578  5.215  4.851  4.486  4.120  3.753  3.385  3.016  2.646  2.275  1.903  1.530  1.155  0.780 
26.195 25.884 25.572 25.259 24.946 24.631 24.316 24.000 23.683 23.366 23.048 22.729 22.409 22.088 21.767 21.445 21.122 20.798 20.474 20.148 19.822 19.495 19.168 18.839 18.510 18.179 17.849 17.517 17.184 16.851 16.516 16.181 15.845 15.509 15.171 14.832 14.493 14.153 13.812 13.470 13.127 12.784 12.439 12.094 11.747 11.400 11.052 10.703 10.353 10.002  9.650  9.297  8.944  8.589  8.233  7.877  7.519  7.161  6.801  6.441  6.080  5.717  5.354  4.989  4.624  4.258  3.890  3.522  3.152  2.782  2.410  2.037  1.663  1.289  0.913  0.536 
26.019 25.708 25.396 25.083 24.769 24.455 24.139 23.823 23.506 23.188 22.870 22.551 22.230 21.910 21.588 21.265 20.942 20.618 20.293 19.967 19.640 19.312 18.984 18.655 18.325 17.994 17.662 17.330 16.996 16.662 16.327 15.991 15.654 15.317 14.978 14.639 14.298 13.957 13.615 13.272 12.928 12.584 12.238 11.891 11.544 11.196 10.846 10.496 10.145  9.793  9.440  9.086  8.731  8.375  8.018  7.660  7.301  6.942  6.581  6.219  5.856  5.493  5.128  4.762  4.395  4.027  3.659  3.289  2.918  2.546  2.173  1.799  1.423  1.047  0.670  0.291 
25.836 25.525 25.213 24.900 24.586 24.271 23.956 23.640 23.323 23.005 22.686 22.366 22.046 21.725 21.402 21.079 20.756 20.431 20.106 19.779 19.452 19.124 18.795 18.465 18.135 17.803 17.471 17.138 16.803 16.468 16.133 15.796 15.458 15.120 14.780 14.440 14.099 13.757 13.414 13.070 12.725 12.380 12.033 11.685 11.337 10.988 10.637 10.286  9.934  9.580  9.226  8.871  8.515  8.158  7.800  7.441  7.081  6.720  6.358  5.995  5.631  5.266  4.900  4.533  4.165  3.796  3.426  3.055  2.682  2.309  1.935  1.559  1.183  0.805  0.427  0.047 
25.648 25.337 25.024 24.711 24.397 24.083 23.767 23.451 23.133 22.815 22.496 22.176 21.856 21.534 21.212 20.888 20.564 20.239 19.913 19.586 19.259 18.930 18.601 18.270 17.939 17.607 17.274 16.940 16.606 16.270 15.934 15.596 15.258 14.919 14.578 14.237 13.895 13.553 13.209 12.864 12.518 12.172 11.824 11.476 11.126 10.776 10.425 10.072  9.719  9.365  9.010  8.654  8.297  7.939  7.580  7.219  6.858  6.496  6.133  5.769  5.404  5.038  4.671  4.303  3.933  3.563  3.192  2.820  2.446  2.072  1.697  1.320  0.943  0.564  0.185 -0.197 
25.454 25.143 24.831 24.518 24.204 23.889 23.573 23.257 22.939 22.621 22.302 21.981 21.660 21.339 21.016 20.692 20.368 20.042 19.716 19.389 19.061 18.732 18.402 18.071 17.739 17.407 17.073 16.739 16.403 16.067 15.730 15.392 15.053 14.713 14.372 14.030 13.687 13.343 12.999 12.653 12.306 11.958 11.610 11.260 10.909 10.557 10.204  9.851  9.496  9.140  8.782  8.424  8.065  7.704  7.343  6.980  6.616  6.251  5.885  5.518  5.149  4.780  4.409  4.037  3.664  3.289  2.914  2.537  2.159  1.780  1.400  1.019  0.636  0.253 -0.132 -0.441 
25.255 24.944 24.632 24.318 24.004 23.689 23.374 23.057 22.739 22.420 22.101 21.781 21.459 21.137 20.814 20.490 20.165 19.839 19.512 19.184 18.855 18.526 18.195 17.864 17.531 17.198 16.864 16.528 16.192 15.855 15.517 15.177 14.837 14.496 14.154 13.811 13.467 13.122 12.776 12.429 12.082 11.733 11.383 11.032 10.680 10.328  9.974  9.619  9.264  8.907  8.550  8.191  7.832  7.471  7.110  6.748  6.385  6.021  5.657  5.291  4.925  4.558  4.190  3.821  3.451  3.081  2.710  2.338  1.966  1.593  1.219  0.844  0.469  0.093 -0.265 -0.686 
25.050 24.738 24.426 24.113 23.799 23.484 23.168 22.851 22.533 22.214 21.894 21.574 21.252 20.929 20.606 20.282 19.956 19.630 19.303 18.975 18.645 18.315 17.984 17.652 17.319 16.985 16.650 16.315 15.978 15.640 15.301 14.961 14.620 14.278 13.935 13.592 13.247 12.901 12.554 12.206 11.856 11.506 11.155 10.803 10.449 10.095  9.739  9.382  9.024  8.665  8.305  7.944  7.582  7.219  6.854  6.489  6.122  5.755  5.386  5.016  4.646  4.275  3.902  3.529  3.155  2.781  2.405  2.029  1.653  1.275  0.898  0.520  0.141 -0.193 -0.561 -0.930 
24.838 24.527 24.215 23.901 23.587 23.272 22.956 22.639 22.321 22.002 21.682 21.361 21.039 20.716 20.392 20.067 19.741 19.415 19.087 18.758 18.429 18.098 17.766 17.434 17.100 16.766 16.430 16.094 15.757 15.418 15.079 14.739 14.397 14.055 13.712 13.368 13.022 12.676 12.329 11.981 11.632 11.282 10.930 10.578 10.225  9.871  9.515  9.159  8.801  8.442  8.082  7.721  7.358  6.994  6.629  6.262  5.894  5.524  5.153  4.780  4.405  4.029  3.650  3.271  2.889  2.506  2.120  1.733  1.345  0.955  0.563  0.171 -0.174 -0.507 -0.841 -1.174 
24.622 24.311 23.998 23.685 23.371 23.056 22.739 22.422 22.104 21.785 21.464 21.143 20.821 20.498 20.174 19.849 19.523 19.195 18.867 18.538 18.208 17.877 17.545 17.212 16.878 16.542 16.206 15.869 15.531 15.192 14.851 14.510 14.168 13.824 13.480 13.135 12.788 12.441 12.092 11.743 11.393 11.041 10.689 10.335  9.981  9.625  9.269  8.912  8.553  8.194  7.834  7.473  7.111  6.748  6.384  6.020  5.654  5.288  4.921  4.553  4.185  3.815  3.445  3.075  2.703  2.331  1.959  1.586  1.212  0.838  0.463  0.087 -0.255 -0.642 -1.030 -1.419 
24.401 24.090 23.777 23.464 23.150 22.834 22.518 22.201 21.882 21.563 21.243 20.921 20.599 20.276 19.951 19.626 19.300 18.972 18.644 18.314 17.984 17.653 17.320 16.987 16.652 16.317 15.980 15.643 15.304 14.965 14.624 14.282 13.939 13.596 13.251 12.905 12.557 12.209 11.860 11.509 11.158 10.805 10.451 10.096  9.740  9.383  9.025  8.665  8.305  7.943  7.580  7.216  6.851  6.485  6.118  5.750  5.381  5.011  4.640  4.268  3.896  3.522  3.148  2.773  2.397  2.020  1.643  1.266  0.888  0.509  0.130 -0.203 -0.567 -0.932 -1.297 -1.663 
24.176 23.865 23.552 23.239 22.924 22.609 22.292 21.975 21.656 21.337 21.016 20.695 20.372 20.048 19.724 19.398 19.072 18.744 18.415 18.085 17.755 17.423 17.090 16.756 16.422 16.086 15.749 15.411 15.072 14.732 14.392 14.050 13.707 13.363 13.018 12.672 12.325 11.977 11.628 11.278 10.927 10.575 10.222  9.867  9.512  9.155  8.798  8.438  8.078  7.717  7.354  6.989  6.624  6.256  5.887  5.517  5.145  4.771  4.395  4.018  3.639  3.258  2.875  2.491  2.106  1.719  1.331  0.942  0.552  0.161 -0.173 -0.519 -0.866 -1.212 -1.559 -1.907 
23.947 23.636 23.324 23.010 22.696 22.380 22.064 21.746 21.427 21.108 20.787 20.465 20.143 19.819 19.494 19.168 18.841 18.513 18.184 17.854 17.523 17.191 16.857 16.523 16.188 15.851 15.514 15.175 14.836 14.495 14.154 13.811 13.467 13.122 12.776 12.429 12.081 11.732 11.382 11.031 10.679 10.326  9.972  9.616  9.260  8.903  8.545  8.186  7.826  7.465  7.103  6.740  6.377  6.012  5.647  5.281  4.914  4.546  4.177  3.808  3.438  3.068  2.697  2.325  1.952  1.579  1.206  0.832  0.457  0.082 -0.257 -0.634 -1.013 -1.392 -1.771 -2.151 
23.715 23.404 23.091 22.778 22.463 22.148 21.831 21.514 21.195 20.875 20.554 20.233 19.910 19.586 19.261 18.935 18.608 18.280 17.951 17.620 17.289 16.957 16.624 16.289 15.954 15.617 15.279 14.941 14.601 14.260 13.918 13.575 13.230 12.885 12.538 12.191 11.842 11.492 11.141 10.789 10.436 10.081  9.726  9.369  9.011  8.652  8.292  7.931  7.568  7.205  6.840  6.474  6.108  5.740  5.371  5.001  4.631  4.259  3.887  3.514  3.140  2.765  2.389  2.013  1.636  1.259  0.881  0.503  0.124 -0.208 -0.572 -0.936 -1.300 -1.665 -2.030 -2.396 
23.480 23.169 22.856 22.543 22.228 21.912 21.596 21.278 20.959 20.639 20.318 19.996 19.673 19.349 19.024 18.698 18.371 18.042 17.713 17.382 17.051 16.718 16.385 16.050 15.714 15.378 15.040 14.701 14.361 14.020 13.678 13.335 12.991 12.646 12.300 11.953 11.605 11.255 10.905 10.553 10.201  9.847  9.492  9.136  8.779  8.420  8.060  7.699  7.336  6.972  6.607  6.240  5.871  5.501  5.129  4.755  4.380  4.003  3.625  3.245  2.863  2.480  2.096  1.710  1.323  0.936  0.547  0.158 -0.176 -0.527 -0.879 -1.230 -1.582 -1.934 -2.287 -2.640 
23.243 22.931 22.619 22.305 21.991 21.675 21.358 21.040 20.722 20.402 20.080 19.758 19.435 19.111 18.785 18.459 18.132 17.803 17.473 17.142 16.811 16.478 16.144 15.808 15.472 15.135 14.797 14.457 14.117 13.775 13.432 13.088 12.744 12.398 12.051 11.703 11.353 11.003 10.652 10.300  9.946  9.592  9.237  8.881  8.523  8.165  7.806  7.446  7.084  6.722  6.360  5.996  5.631  5.266  4.900  4.533  4.165  3.796  3.427  3.057  2.687  2.316  1.944  1.572  1.199  0.825  0.451  0.077 -0.258 -0.603 -0.939 -1.259 -1.559 -1.831 -2.070 -2.273 
23.003 22.691 22.379 22.065 21.751 21.435 21.118 20.801 20.482 20.162 19.841 19.519 19.196 18.872 18.547 18.220 17.893 17.565 17.236 16.905 16.574 16.242 15.908 15.574 15.239 14.903 14.566 14.227 13.888 13.549 13.208 12.866 12.524 12.181 11.837 11.492 11.147 10.801 10.454 10.107  9.760  9.412  9.064  8.715  8.367  8.018  7.669  7.320  6.971  6.622  6.273  5.925  5.577  5.229  4.882  4.535  4.189  3.843  3.499  3.155  2.812  2.471  2.133  1.799  1.470  1.151  0.842  0.545  0.259 -0.020 -0.163 -0.251 -0.338 -0.422 -0.504 -0.583 
22.778 22.466 22.154 21.841 21.527 21.212 20.896 20.579 20.262 19.943 19.624 19.304 18.982 18.661 18.338 18.014 17.690 17.365 17.039 16.713 16.386 16.058 15.730 15.401 15.071 14.741 14.410 14.079 13.748 13.416 13.084 12.751 12.419 12.086 11.753 11.420 11.087 10.754 10.421 10.088  9.755  9.423  9.091  8.759  8.428  8.097  7.767  7.438  7.109  6.782  6.455  6.130  5.806  5.483  5.161  4.841  4.523  4.207  3.892  3.580  3.270  2.963  2.657  2.355  2.054  1.756  1.461  1.168  0.876  0.587  0.299  0.013 -0.133 -0.200 -0.262 -0.323 
22.608 22.296 21.985 21.672 21.359 21.046 20.732 20.417 20.102 19.786 19.470 19.153 18.836 18.518 18.200 17.881 17.562 17.242 16.922 16.602 16.281 15.960 15.639 15.318 14.996 14.675 14.353 14.031 13.709 13.387 13.065 12.744 12.422 12.100 11.779 11.458 11.138 10.817 10.498 10.178  9.859  9.541  9.224  8.907  8.591  8.275  7.961  7.648  7.335  7.024  6.714  6.405  6.097  5.791  5.487  5.184  4.882  4.582  4.284  3.988  3.693  3.400  3.110  2.821  2.534  2.249  1.965  1.684  1.404  1.126  0.849  0.574  0.300  0.028 -0.110 -0.167 
22.512 22.201 21.890 21.579 21.267 20.955 20.643 20.330 20.017 19.704 19.391 19.078 18.764 18.451 18.137 17.823 17.509 17.195 16.880 16.566 16.252 15.938 15.623 15.309 14.995 14.681 14.368 14.054 13.741 13.428 13.115 12.803 12.491 12.179 11.868 11.557 11.247 10.938 10.629 10.321 10.014  9.707  9.402  9.097  8.794  8.491  8.190  7.890  7.591  7.294  6.998  6.704  6.412  6.121  5.833  5.546  5.261  4.979  4.699  4.421  4.146  3.873  3.602  3.334  3.068  2.805  2.544  2.285  2.028  1.774  1.521  1.269  1.019  0.770  0.523  0.275 
22.488 22.178 21.867 21.556 21.245 20.935 20.624 20.314 20.003 19.693 19.382 19.072 18.762 18.452 18.143 17.833 17.524 17.215 16.906 16.597 16.288 15.980 15.673 15.365 15.058 14.751 14.445 14.139 13.834 13.529 13.224 12.921 12.617 12.315 12.013 11.712 11.411 11.111 10.812 10.513 10.216  9.919  9.623  9.328  9.033  8.740  8.447  8.156  7.865  7.575  7.286  6.998  6.711  6.424  6.139  5.854  5.571  5.288  5.006  4.725  4.444  4.165  3.886  3.607  3.330  3.053  2.777  2.501  2.225  1.950  1.676  1.402  1.128  0.854  0.581  0.307 
22.527 22.216 21.905 21.595 21.285 20.975 20.666 20.357 20.048 19.740 19.431 19.124 18.816 18.509 18.202 17.895 17.589 17.283 16.977 16.672 16.367 16.063 15.758 15.455 15.152 14.849 14.546 14.244 13.943 13.642 13.341 13.041 12.742 12.442 12.144 11.846 11.548 11.251 10.955 10.659 10.363 10.068  9.774  9.480  9.187  8.894  8.602  8.310  8.019  7.729  7.438  7.149  6.860  6.571  6.283  5.996  5.709  5.422  5.136  4.850  4.565  4.279  3.995  3.711  3.427  3.143  2.860  2.576  2.294  2.011  1.728  1.446  1.164  0.882  0.600  0.318 
22.599 22.288 21.978 21.668 21.358 21.049 20.740 20.432 20.124 19.816 19.508 19.201 18.895 18.588 18.282 17.977 17.672 17.367 17.062 16.758 16.455 16.152 15.849 15.546 15.244 14.943 14.641 14.340 14.040 13.740 13.440 13.141 12.842 12.544 12.246 11.948 11.651 11.355 11.058 10.762 10.467 10.172  9.877  9.582  9.288  8.995  8.702  8.409  8.116  7.824  7.533  7.241  6.950  6.659  6.369  6.079  5.789  5.500  5.210  4.921  4.633  4.344  4.056  3.768  3.480  3.193  2.905  2.618  2.331  2.044  1.757  1.470  1.183  0.897  0.610  0.324 
22.683 22.372 22.062 21.752 21.442 21.133 20.824 20.516 20.208 19.900 19.593 19.286 18.979 18.673 18.367 18.062 17.757 17.452 17.148 16.844 16.541 16.238 15.935 15.632 15.330 15.029 14.727 14.426 14.126 13.826 13.526 13.226 12.927 12.629 12.330 12.032 11.734 11.437 11.140 10.843 10.547 10.251  9.955  9.660  9.364  9.070  8.775  8.481  8.187  7.893  7.600  7.307  7.014  6.721  6.429  6.137  5.845  5.553  5.261  4.970  4.679  4.388  4.097  3.806  3.516  3.226  2.935  2.645  2.355  2.065  1.776  1.486  1.196  0.906  0.617  0.327 
22.766 22.456 22.145 21.835 21.526 21.217 20.908 20.599 20.291 19.983 19.676 19.369 19.062 18.756 18.450 18.144 17.839 17.534 17.229 16.925 16.621 16.318 16.015 15.712 15.409 15.107 14.805 14.504 14.203 13.902 13.602 13.301 13.002 12.702 12.403 12.104 11.805 11.507 11.209 10.911 10.614 10.316 10.019  9.723  9.426  9.130  8.834  8.539  8.243  7.948  7.653  7.358  7.064  6.769  6.475  6.181  5.888  5.594  5.301  5.007  4.714  4.421  4.128  3.836  3.543  3.251  2.958  2.666  2.374  2.082  1.789  1.497  1.206  0.914  0.622  0.330 
22.846 22.535 22.225 21.915 21.605 21.296 20.987 20.678 20.370 20.062 19.754 19.447 19.140 18.833 18.527 18.221 17.915 17.610 17.305 17.000 16.696 16.392 16.088 15.785 15.482 15.179 14.876 14.574 14.272 13.971 13.669 13.368 13.068 12.767 12.467 12.167 11.868 11.568 11.269 10.970 10.672 10.373 10.075  9.777  9.480  9.182  8.885  8.588  8.291  7.995  7.698  7.402  7.106  6.810  6.514  6.219  5.924  5.628  5.333  5.038  4.744  4.449  4.154  3.860  3.565  3.271  2.977  2.683  2.389  2.095  1.801  1.507  1.213  0.919  0.626  0.332 
22.919 22.609 22.298 21.988 21.678 21.369 21.060 20.751 20.442 20.134 19.826 19.519 19.211 18.904 18.598 18.291 17.985 17.680 17.374 17.069 16.764 16.459 16.155 15.851 15.547 15.244 14.941 14.638 14.335 14.033 13.731 13.429 13.127 12.826 12.525 12.224 11.923 11.623 11.323 11.023 10.723 10.424 10.125  9.826  9.527  9.228  8.930  8.632  8.334  8.036  7.738  7.440  7.143  6.846  6.549  6.252  5.955  5.658  5.362  5.065  4.769  4.473  4.177  3.881  3.585  3.289  2.993  2.698  2.402  2.106  1.811  1.515  1.220  0.925  0.629  0.334 
22.987 22.676 22.366 22.056 21.746 21.436 21.127 20.818 20.509 20.201 19.892 19.585 19.277 18.970 18.663 18.356 18.049 17.743 17.437 17.132 16.826 16.521 16.216 15.912 15.607 15.303 14.999 14.696 14.392 14.089 13.786 13.484 13.181 12.879 12.577 12.275 11.974 11.673 11.372 11.071 10.770 10.470 10.169  9.869  9.569  9.270  8.970  8.671  8.371  8.072  7.773  7.475  7.176  6.878  6.579  6.281  5.983  5.685  5.387  5.089  4.792  4.494  4.197  3.899  3.602  3.305  3.008  2.711  2.414  2.117  1.820  1.523  1.226  0.929  0.632  0.335 
23.049 22.738 22.427 22.117 21.807 21.497 21.188 20.879 20.570 20.261 19.953 19.645 19.337 19.029 18.722 18.415 18.108 17.801 17.495 17.189 16.883 16.577 16.272 15.967 15.662 15.357 15.052 14.748 14.444 14.140 13.837 13.533 13.230 12.927 12.625 12.322 12.020 11.717 11.416 11.114 10.812 10.511 10.209  9.908  9.608  9.307  9.006  8.706  8.406  8.105  7.805  7.506  7.206  6.906  6.607  6.307  6.008  5.709  5.410  5.111  4.812  4.513  4.215  3.916  3.618  3.319  3.021  2.722  2.424  2.126  1.828  1.529  1.231  0.933  0.635  0.337 
23.105 22.794 22.483 22.173 21.863 21.553 21.244 20.934 20.625 20.316 20.008 19.699 19.391 19.083 18.776 18.468 18.161 17.854 17.547 17.241 16.934 16.628 16.322 16.017 15.711 15.406 15.101 14.796 14.491 14.187 13.883 13.579 13.275 12.971 12.668 12.364 12.061 11.758 11.455 11.153 10.850 10.548 10.246  9.944  9.642  9.341  9.039  8.738  8.436  8.135  7.834  7.534  7.233  6.932  6.632  6.331  6.031  5.731  5.431  5.131  4.831  4.531  4.231  3.931  3.632  3.332  3.032  2.733  2.434  2.134  1.835  1.535  1.236  0.937  0.637  0.338 
23.156 22.845 22.534 22.224 21.914 21.604 21.294 20.985 20.676 20.367 20.058 19.749 19.441 19.133 18.825 18.517 18.209 17.902 17.595 17.288 16.981 16.675 16.368 16.062 15.756 15.450 15.145 14.839 14.534 14.229 13.924 13.620 13.315 13.011 12.707 12.403 12.099 11.795 11.492 11.188 10.885 10.582 10.279  9.976  9.674  9.371  9.069  8.767  8.465  8.163  7.861  7.559  7.257  6.956  6.654  6.353  6.052  5.750  5.449  5.148  4.847  4.547  4.246  3.945  3.644  3.344  3.043  2.743  2.442  2.142  1.841  1.541  1.240  0.940  0.640  0.339 
23.202 22.891 22.581 22.271 21.960 21.650 21.341 21.031 20.722 20.412 20.103 19.795 19.486 19.177 18.869 18.561 18.253 17.946 17.638 17.331 17.024 16.717 16.410 16.103 15.797 15.491 15.185 14.879 14.573 14.268 13.962 13.657 13.352 13.047 12.742 12.438 12.133 11.829 11.525 11.221 10.917 10.613 10.309 10.006  9.702  9.399  9.096  8.793  8.490  8.187  7.885  7.582  7.279  6.977  6.675  6.373  6.070  5.768  5.466  5.164  4.863  4.561  4.259  3.957  3.656  3.354  3.053  2.751  2.450  2.148  1.847  1.546  1.244  0.943  0.642  0.341 
23.245 22.934 22.623 22.313 22.002 21.692 21.382 21.073 20.763 20.454 20.145 19.836 19.527 19.218 18.910 18.601 18.293 17.985 17.678 17.370 17.062 16.755 16.448 16.141 15.834 15.528 15.221 14.915 14.608 14.302 13.997 13.691 13.385 13.080 12.774 12.469 12.164 11.859 11.555 11.250 10.945 10.641 10.337 10.032  9.728  9.424  9.121  8.817  8.513  8.210  7.906  7.603  7.300  6.996  6.693  6.390  6.087  5.785  5.482  5.179  4.876  4.574  4.271  3.969  3.666  3.364  3.062  2.759  2.457  2.155  1.852  1.550  1.248  0.946  0.644  0.342 
23.283 22.972 22.662 22.351 22.041 21.731 21.421 21.111 20.801 20.492 20.182 19.873 19.564 19.255 18.947 18.638 18.330 18.021 17.713 17.405 17.098 16.790 16.483 16.175 15.868 15.561 15.254 14.947 14.641 14.334 14.028 13.722 13.416 13.110 12.804 12.498 12.193 11.887 11.582 11.277 10.971 10.666 10.362 10.057  9.752  9.447  9.143  8.839  8.534  8.230  7.926  7.622  7.318  7.014  6.710  6.407  6.103  5.799  5.496  5.192  4.889  4.586  4.282  3.979  3.676  3.373  3.070  2.766  2.463  2.160  1.857  1.554  1.251  0.948  0.645  0.342 
23.318 23.007 22.696 22.386 22.076 21.765 21.455 21.145 20.836 20.526 20.216 19.907 19.598 19.289 18.980 18.671 18.363 18.054 17.746 17.438 17.130 16.822 16.514 16.206 15.899 15.591 15.284 14.977 14.670 14.363 14.056 13.750 13.443 13.137 12.830 12.524 12.218 11.912 11.606 11.301 10.995 10.690 10.384 10.079  9.774  9.468  9.163  8.858  8.553  8.249  7.944  7.639  7.335  7.030  6.726  6.421  6.117  5.813  5.509  5.204  4.900  4.596  4.292  3.988  3.684  3.381  3.077  2.773  2.469  2.165  1.862  1.558  1.254  0.951  0.647  0.343 
23.350 23.039 22.728 22.418 22.107 21.797 21.487 21.177 20.867 20.557 20.248 19.938 19.629 19.320 19.010 18.702 18.393 18.084 17.775 17.467 17.159 16.851 16.542 16.235 15.927 15.619 15.311 15.004 14.697 14.389 14.082 13.775 13.468 13.161 12.855 12.548 12.242 11.935 11.629 11.323 11.017 10.711 10.405 10.099  9.793  9.487  9.182  8.876  8.571  8.266  7.960  7.655  7.350  7.045  6.740  6.435  6.130  5.825  5.520  5.215  4.911  4.606  4.301  3.997  3.692  3.388  3.083  2.779  2.474  2.170  1.866  1.561  1.257  0.953  0.648  0.344 
23.379 23.068 22.757 22.446 22.136 21.826 21.515 21.205 20.895 20.586 20.276 19.966 19.657 19.347 19.038 18.729 18.420 18.111 17.802 17.494 17.185 16.877 16.568 16.260 15.952 15.644 15.336 15.028 14.721 14.413 14.106 13.798 13.491 13.184 12.877 12.570 12.263 11.956 11.649 11.343 11.036 10.730 10.423 10.117  9.811  9.505  9.199  8.893  8.587  8.281  7.975  7.669  7.364  7.058  6.752  6.447  6.142  5.836  5.531  5.225  4.920  4.615  4.310  4.005  3.700  3.394  3.089  2.784  2.479  2.174  1.869  1.564  1.259  0.954  0.650  0.345 
23.405 23.094 22.783 22.473 22.162 21.852 21.541 21.231 20.921 20.611 20.302 19.992 19.682 19.373 19.063 18.754 18.445 18.136 17.827 17.518 17.209 16.901 16.592 16.284 15.975 15.667 15.359 15.051 14.743 14.435 14.127 13.819 13.512 13.204 12.897 12.590 12.282 11.975 11.668 11.361 11.054 10.747 10.440 10.134  9.827  9.520  9.214  8.908  8.601  8.295  7.989  7.682  7.376  7.070  6.764  6.458  6.152  5.846  5.540  5.235  4.929  4.623  4.317  4.012  3.706  3.400  3.095  2.789  2.484  2.178  1.873  1.567  1.262  0.956  0.651  0.345 
23.429 23.118 22.807 22.496 22.186 21.876 21.565 21.255 20.945 20.635 20.325 20.015 19.705 19.396 19.086 18.777 18.467 18.158 17.849 17.540 17.231 16.922 16.613 16.305 15.996 15.688 15.379 15.071 14.763 14.455 14.147 13.839 13.531 13.223 12.915 12.607 12.300 11.992 11.685 11.378 11.070 10.763 10.456 10.149  9.842  9.535  9.228  8.921  8.614  8.307  8.001  7.694  7.388  7.081  6.775  6.468  6.162  5.855  5.549  5.243  4.937  4.630  4.324  4.018  3.712  3.406  3.100  2.794  2.488  2.182  1.876  1.570  1.264  0.958  0.652  0.346 
23.450 23.140 22.829 22.518 22.208 21.897 21.587 21.276 20.966 20.656 20.346 20.036 19.726 19.417 19.107 18.797 18.488 18.179 17.869 17.560 17.251 16.942 16.633 16.324 16.015 15.707 15.398 15.089 14.781 14.473 14.164 13.856 13.548 13.240 12.932 12.624 12.316 12.008 11.700 11.393 11.085 10.777 10.470 10.162  9.855  9.548  9.240  8.933  8.626  8.319  8.012  7.705  7.398  7.091  6.784  6.477  6.171  5.864  5.557  5.250  4.944  4.637  4.330  4.024  3.717  3.411  3.104  2.798  2.491  2.185  1.878  1.572  1.266  0.959  0.653  0.346 
23.470 23.159 22.848 22.538 22.227 21.917 21.606 21.296 20.986 20.676 20.365 20.055 19.746 19.436 19.126 18.816 18.507 18.197 17.888 17.578 17.269 16.960 16.651 16.342 16.033 15.724 15.415 15.106 14.797 14.489 14.180 13.872 13.563 13.255 12.947 12.639 12.330 12.022 11.714 11.406 11.098 10.790 10.483 10.175  9.867  9.560  9.252  8.944  8.637  8.329  8.022  7.715  7.407  7.100  6.793  6.486  6.178  5.871  5.564  5.257  4.950  4.643  4.336  4.029  3.722  3.415  3.108  2.801  2.495  2.188  1.881  1.574  1.267  0.960  0.654  0.347 
23.488 23.177 22.866 22.556 22.245 21.935 21.624 21.314 21.003 20.693 20.383 20.073 19.763 19.453 19.143 18.833 18.524 18.214 17.904 17.595 17.285 16.976 16.667 16.358 16.048 15.739 15.430 15.121 14.812 14.504 14.195 13.886 13.578 13.269 12.960 12.652 12.344 12.035 11.727 11.419 11.110 10.802 10.494 10.186  9.878  9.570  9.262  8.955  8.647  8.339  8.031  7.724  7.416  7.108  6.801  6.493  6.186  5.878  5.571  5.263  4.956  4.649  4.341  4.034  3.727  3.419  3.112  2.805  2.498  2.190  1.883  1.576  1.269  0.962  0.654  0.347 
23.504 23.193 22.883 22.572 22.261 21.951 21.640 21.330 21.019 20.709 20.399 20.089 19.779 19.469 19.159 18.849 18.539 18.229 17.920 17.610 17.300 16.991 16.681 16.372 16.063 15.754 15.444 15.135 14.826 14.517 14.208 13.899 13.590 13.282 12.973 12.664 12.356 12.047 11.738 11.430 11.122 10.813 10.505 10.197  9.888  9.580  9.272  8.964  8.656  8.348  8.040  7.732  7.424  7.116  6.808  6.500  6.192  5.885  5.577  5.269  4.961  4.654  4.346  4.038  3.731  3.423  3.115  2.808  2.500  2.193  1.885  1.578  1.270  0.963  0.655  0.348 
23.519 23.208 22.897 22.587 22.276 21.966 21.655 21.345 21.034 20.724 20.413 20.103 19.793 19.483 19.173 18.863 18.553 18.243 17.933 17.624 17.314 17.004 16.695 16.385 16.076 15.766 15.457 15.148 14.839 14.529 14.220 13.911 13.602 13.293 12.984 12.675 12.366 12.058 11.749 11.440 11.132 10.823 10.514 10.206  9.897  9.589  9.281  8.972  8.664  8.356  8.047  7.739  7.431  7.123  6.814  6.506  6.198  5.890  5.582  5.274  4.966  4.658  4.350  4.042  3.734  3.426  3.119  2.811  2.503  2.195  1.887  1.579  1.271  0.964  0.656  0.348 
23.533 23.222 22.911 22.600 22.290 21.979 21.668 21.358 21.047 20.737 20.427 20.116 19.806 19.496 19.186 18.876 18.566 18.256 17.946 17.636 17.326 17.017 16.707 16.397 16.088 15.778 15.469 15.159 14.850 14.540 14.231 13.922 13.613 13.304 12.994 12.685 12.376 12.067 11.759 11.450 11.141 10.832 10.523 10.214  9.906  9.597  9.288  8.980  8.671  8.363  8.054  7.746  7.437  7.129  6.820  6.512  6.204  5.895  5.587  5.279  4.971  4.662  4.354  4.046  3.738  3.429  3.121  2.813  2.505  2.197  1.889  1.581  1.273  0.964  0.656  0.348 
23.545 23.234 22.923 22.612 22.302 21.991 21.681 21.370 21.059 20.749 20.439 20.128 19.818 19.508 19.198 18.887 18.577 18.267 17.957 17.647 17.338 17.028 16.718 16.408 16.098 15.789 15.479 15.170 14.860 14.551 14.241 13.932 13.622 13.313 13.004 12.695 12.385 12.076 11.767 11.458 11.149 10.840 10.531 10.222  9.913  9.604  9.296  8.987  8.678  8.369  8.060  7.752  7.443  7.134  6.826  6.517  6.209  5.900  5.592  5.283  4.975  4.666  4.358  4.049  3.741  3.432  3.124  2.815  2.507  2.199  1.890  1.582  1.274  0.965  0.657  0.349 
23.556 23.245 22.934 22.624 22.313 22.002 21.692 21.381 21.070 20.760 20.450 20.139 19.829 19.519 19.208 18.898 18.588 18.278 17.968 17.658 17.348 17.038 16.728 16.418 16.108 15.798 15.489 15.179 14.869 14.560 14.250 13.941 13.631 13.322 13.012 12.703 12.394 12.084 11.775 11.466 11.157 10.847 10.538 10.229  9.920  9.611  9.302  8.993  8.684  8.375  8.066  7.757  7.448  7.140  6.831  6.522  6.213  5.904  5.596  5.287  4.978  4.669  4.361  4.052  3.743  3.435  3.126  2.818  2.509  2.200  1.892  1.583  1.275  0.966  0.657  0.349 
23.566 23.255 22.944 22.634 22.323 22.012 21.702 21.391 21.080 20.770 20.459 20.149 19.839 19.528 19.218 18.908 18.598 18.287 17.977 17.667 17.357 17.047 16.737 16.427 16.117 15.807 15.497 15.188 14.878 14.568 14.258 13.949 13.639 13.330 13.020 12.711 12.401 12.092 11.782 11.473 11.163 10.854 10.545 10.236  9.926  9.617  9.308  8.999  8.690  8.380  8.071  7.762  7.453  7.144  6.835  6.526  6.217  5.908  5.599  5.290  4.981  4.673  4.364  4.055  3.746  3.437  3.128  2.819  2.511  2.202  1.893  1.584  1.275  0.967  0.658  0.349 
23.575 23.264 22.954 22.643 22.332 22.021 21.711 21.400 21.090 20.779 20.468 20.158 19.848 19.537 19.227 18.916 18.606 18.296 17.986 17.676 17.365 17.055 16.745 16.435 16.125 15.815 15.505 15.195 14.886 14.576 14.266 13.956 13.647 13.337 13.027 12.717 12.408 12.098 11.789 11.479 11.170 10.860 10.551 10.241  9.932  9.623  9.313  9.004  8.695  8.385  8.076  7.767  7.458  7.148  6.839  6.530  6.221  5.912  5.603  5.294  4.984  4.675  4.366  4.057  3.748  3.439  3.130  2.821  2.512  2.203  1.894  1.585  1.276  0.967  0.658  0.349 
23.584 23.273 22.962 22.651 22.340 22.030 21.719 21.408 21.098 20.787 20.477 20.166 19.856 19.545 19.235 18.924 18.614 18.304 17.994 17.683 17.373 17.063 16.753 16.443 16.133 15.823 15.513 15.203 14.893 14.583 14.273 13.963 13.653 13.343 13.034 12.724 12.414 12.104 11.795 11.485 11.175 10.866 10.556 10.247  9.937  9.628  9.318  9.009  8.699  8.390  8.080  7.771  7.462  7.152  6.843  6.534  6.224  5.915  5.606  5.296  4.987  4.678  4.369  4.060  3.750  3.441  3.132  2.823  2.514  2.204  1.895  1.586  1.277  0.968  0.659  0.349 
23.591 23.280 22.970 22.659 22.348 22.037 21.727 21.416 21.105 20.795 20.484 20.174 19.863 19.553 19.242 18.932 18.621 18.311 18.001 17.690 17.380 17.070 16.760 16.449 16.139 15.829 15.519 15.209 14.899 14.589 14.279 13.969 13.659 13.349 13.039 12.729 12.420 12.110 11.800 11.490 11.181 10.871 10.561 10.251  9.942  9.632  9.323  9.013  8.703  8.394  8.084  7.775  7.465  7.156  6.846  6.537  6.227  5.918  5.609  5.299  4.990  4.680  4.371  4.062  3.752  3.443  3.133  2.824  2.515  2.205  1.896  1.587  1.278  0.968  0.659  0.350 
23.598 23.287 22.977 22.666 22.355 22.044 21.733 21.423 21.112 20.801 20.491 20.180 19.870 19.559 19.249 18.938 18.628 18.317 18.007 17.697 17.386 17.076 16.766 16.456 16.145 15.835 15.525 15.215 14.905 14.595 14.285 13.975 13.665 13.355 13.045 12.735 12.425 12.115 11.805 11.495 11.185 10.875 10.566 10.256  9.946  9.636  9.327  9.017  8.707  8.398  8.088  7.778  7.469  7.159  6.849  6.540  6.230  5.921  5.611  5.302  4.992  4.682  4.373  4.063  3.754  3.444  3.135  2.825  2.516  2.207  1.897  1.588  1.278  0.969  0.659  0.350 
23.605 23.294 22.983 22.672 22.361 22.050 21.740 21.429 21.118 20.808 20.497 20.186 19.876 19.565 19.255 18.944 18.634 18.323 18.013 17.703 17.392 17.082 16.772 16.461 16.151 15.841 15.530 15.220 14.910 14.600 14.290 13.980 13.670 13.359 13.049 12.739 12.429 12.119 11.809 11.499 11.190 10.880 10.570 10.260  9.950  9.640  9.330  9.020  8.711  8.401  8.091  7.781  7.472  7.162  6.852  6.542  6.233  5.923  5.613  5.304  4.994  4.684  4.375  4.065  3.755  3.446  3.136  2.827  2.517  2.207  1.898  1.588  1.279  0.969  0.659  0.350 
23.610 23.299 22.989 22.678 22.367 22.056 21.745 21.435 21.124 20.813 20.503 20.192 19.881 19.571 19.260 18.950 18.639 18.329 18.018 17.708 17.397 17.087 16.777 16.466 16.156 15.846 15.535 15.225 14.915 14.605 14.294 13.984 13.674 13.364 13.054 12.744 12.434 12.124 11.813 11.503 11.193 10.883 10.573 10.263  9.953  9.644  9.334  9.024  8.714  8.404  8.094  7.784  7.474  7.164  6.855  6.545  6.235  5.925  5.615  5.306  4.996  4.686  4.376  4.067  3.757  3.447  3.137  2.828  2.518  2.208  1.899  1.589  1.279  0.969  0.660  0.350 
23.615 23.305 22.994 22.683 22.372 22.061 21.751 21.440 21.129 20.818 20.508 20.197 19.886 19.576 19.265 18.955 18.644 18.334 18.023 17.713 17.402 17.092 16.781 16.471 16.161 15.850 15.540 15.230 14.919 14.609 14.299 13.988 13.678 13.368 13.058 12.748 12.437 12.127 11.817 11.507 11.197 10.887 10.577 10.267  9.957  9.647  9.337  9.027  8.717  8.407  8.097  7.787  7.477  7.167  6.857  6.547  6.237  5.927  5.617  5.307  4.998  4.688  4.378  4.068  3.758  3.448  3.138  2.829  2.519  2.209  1.899  1.589  1.280  0.970  0.660  0.350 
23.620 23.309 22.998 22.688 22.377 22.066 21.755 21.444 21.134 20.823 20.512 20.202 19.891 19.580 19.270 18.959 18.649 18.338 18.028 17.717 17.407 17.096 16.786 16.475 16.165 15.854 15.544 15.234 14.923 14.613 14.302 13.992 13.682 13.372 13.061 12.751 12.441 12.131 11.820 11.510 11.200 10.890 10.580 10.270  9.960  9.649  9.339  9.029  8.719  8.409  8.099  7.789  7.479  7.169  6.859  6.549  6.239  5.929  5.619  5.309  4.999  4.689  4.379  4.069  3.759  3.449  3.139  2.830  2.520  2.210  1.900  1.590  1.280  0.970  0.660  0.350 
23.624 23.314 23.003 22.692 22.381 22.070 21.759 21.449 21.138 20.827 20.517 20.206 19.895 19.585 19.274 18.963 18.653 18.342 18.032 17.721 17.410 17.100 16.789 16.479 16.168 15.858 15.548 15.237 14.927 14.616 14.306 13.996 13.685 13.375 13.065 12.754 12.444 12.134 11.824 11.513 11.203 10.893 10.583 10.272  9.962  9.652  9.342  9.032  8.722  8.411  8.101  7.791  7.481  7.171  6.861  6.551  6.241  5.931  5.621  5.311  5.001  4.690  4.380  4.070  3.760  3.450  3.140  2.830  2.520  2.210  1.900  1.590  1.280  0.970  0.660  0.350 
23.628 23.317 23.007 22.696 22.385 22.074 21.763 21.453 21.142 20.831 20.520 20.210 19.899 19.588 19.278 18.967 18.656 18.346 18.035 17.725 17.414 17.103 16.793 16.482 16.172 15.861 15.551 15.240 14.930 14.620 14.309 13.999 13.688 13.378 13.068 12.757 12.447 12.137 11.826 11.516 11.206 10.895 10.585 10.275  9.965  9.654  9.344  9.034  8.724  8.414  8.103  7.793  7.483  7.173  6.863  6.552  6.242  5.932  5.622  5.312  5.002  4.692  4.382  4.071  3.761  3.451  3.141  2.831  2.521  2.211  1.901  1.591  1.281  0.971  0.661  0.350 
23.632 23.321 23.010 22.699 22.388 22.078 21.767 21.456 21.145 20.835 20.524 20.213 19.902 19.592 19.281 18.970 18.660 18.349 18.038 17.728 17.417 17.107 16.796 16.486 16.175 15.864 15.554 15.243 14.933 14.623 14.312 14.002 13.691 13.381 13.070 12.760 12.450 12.139 11.829 11.518 11.208 10.898 10.587 10.277  9.967  9.656  9.346  9.036  8.726  8.415  8.105  7.795  7.485  7.174  6.864  6.554  6.244  5.934  5.623  5.313  5.003  4.693  4.383  4.072  3.762  3.452  3.142  2.832  2.522  2.211  1.901  1.591  1.281  0.971  0.661  0.351 
23.635 23.324 23.013 22.703 22.392 22.081 21.770 21.459 21.149 20.838 20.527 20.216 19.906 19.595 19.284 18.973 18.663 18.352 18.041 17.731 17.420 17.110 16.799 16.488 16.178 15.867 15.557 15.246 14.936 14.625 14.315 14.004 13.694 13.383 13.073 12.762 12.452 12.141 11.831 11.521 11.210 10.900 10.590 10.279  9.969  9.658  9.348  9.038  8.727  8.417  8.107  7.796  7.486  7.176  6.866  6.555  6.245  5.935  5.625  5.314  5.004  4.694  4.384  4.073  3.763  3.453  3.143  2.832  2.522  2.212  1.902  1.591  1.281  0.971  0.661  0.351 
23.638 23.327 23.016 22.705 22.395 22.084 21.773 21.462 21.151 20.841 20.530 20.219 19.908 19.598 19.287 18.976 18.666 18.355 18.044 17.734 17.423 17.112 16.802 16.491 16.180 15.870 15.559 15.249 14.938 14.628 14.317 14.007 13.696 13.386 13.075 12.765 12.454 12.144 11.833 11.523 11.212 10.902 10.591 10.281  9.971  9.660  9.350  9.039  8.729  8.419  8.108  7.798  7.488  7.177  6.867  6.557  6.246  5.936  5.626  5.315  5.005  4.695  4.384  4.074  3.764  3.453  3.143  2.833  2.523  2.212  1.902  1.592  1.281  0.971  0.661  0.351 
23.641 23.330 23.019 22.708 22.397 22.086 21.776 21.465 21.154 20.843 20.532 20.222 19.911 19.600 19.289 18.979 18.668 18.357 18.047 17.736 17.425 17.115 16.804 16.493 16.183 15.872 15.562 15.251 14.940 14.630 14.319 14.009 13.698 13.388 13.077 12.767 12.456 12.146 11.835 11.525 11.214 10.904 10.593 10.283  9.972  9.662  9.351  9.041  8.730  8.420  8.110  7.799  7.489  7.178  6.868  6.558  6.247  5.937  5.627  5.316  5.006  4.695  4.385  4.075  3.764  3.454  3.144  2.833  2.523  2.213  1.902  1.592  1.282  0.971  0.661  0.351 
23.643 23.332 23.021 22.711 22.400 22.089 21.778 21.467 21.156 20.846 20.535 20.224 19.913 19.603 19.292 18.981 18.670 18.360 18.049 17.738 17.428 17.117 16.806 16.496 16.185 15.874 15.564 15.253 14.942 14.632 14.321 14.011 13.700 13.389 13.079 12.768 12.458 12.147 11.836 11.526 11.215 10.904 10.593 10.281  9.970  9.658  9.345  9.032  8.718  8.402  8.085  7.766  7.445  7.121  6.794  6.462  6.126  5.785  5.438  5.084  4.723  4.354  3.976  3.590  3.195  2.790  2.378  1.956  1.527  1.091  0.649  0.201 -0.395 -1.145 -1.894 -2.640 
23.639 23.328 23.017 22.706 22.395 22.083 21.772 21.460 21.148 20.836 20.524 20.212 19.899 19.586 19.273 18.959 18.646 18.331 18.017 17.702 17.387 17.071 16.754 16.437 16.120 15.801 15.482 15.162 14.842 14.520 14.198 13.874 13.549 13.224 12.897 12.568 12.239 11.908 11.575 11.242 10.906 10.569 10.230  9.890  9.548  9.204  8.858  8.510  8.160  7.809  7.456  7.100  6.743  6.384  6.023  5.661  5.296  4.930  4.562  4.193  3.822  3.450  3.077  2.702  2.327  1.950  1.573  1.196  0.818  0.440  0.062 -0.196 -0.385 -0.571 -0.753 -0.930 
23.568 23.256 22.945 22.633 22.320 22.007 21.693 21.379 21.064 20.749 20.433 20.117 19.800 19.482 19.164 18.845 18.526 18.206 17.885 17.564 17.242 16.920 16.596 16.272 15.947 15.622 15.296 14.969 14.641 14.313 13.983 13.653 13.323 12.991 12.659 12.326 11.993 11.659 11.324 10.989 10.653 10.317  9.980  9.643  9.306  8.968  8.630  8.292  7.955  7.617  7.280  6.943  6.606  6.271  5.936  5.603  5.272  4.943  4.617  4.295  3.979  3.669  3.366  3.074  2.792  2.524  2.271  2.035  1.816  1.617  1.436  1.274  1.129  1.001  0.885  0.780 
23.444 23.133 22.821 22.509 22.196 21.883 21.570 21.255 20.941 20.626 20.311 19.995 19.679 19.362 19.045 18.728 18.410 18.093 17.775 17.456 17.138 16.820 16.501 16.183 15.864 15.546 15.228 14.910 14.593 14.276 13.960 13.644 13.329 13.014 12.701 12.389 12.077 11.768 11.459 11.152 10.847 10.543 10.242  9.943  9.645  9.351  9.059  8.769  8.483  8.200  7.920  7.643  7.370  7.101  6.836  6.575  6.318  6.066  5.818  5.575  5.338  5.105  4.878  4.657  4.441  4.231  4.027  3.829  3.638  3.453  3.275  3.103  2.939  2.782  2.632  2.490 
23.390 23.079 22.769 22.458 22.147 21.837 21.527 21.216 20.906 20.596 20.286 19.977 19.668 19.359 19.050 18.742 18.434 18.126 17.819 17.513 17.207 16.902 16.598 16.295 15.992 15.690 15.390 15.090 14.792 14.495 14.199 13.905 13.612 13.321 13.032 12.744 12.458 12.175 11.893 11.614 11.338 11.063 10.792 10.523 10.257  9.994  9.734  9.478  9.224  8.975  8.729  8.487  8.248  8.014  7.784  7.559  7.338  7.121  6.910  6.703  6.502  6.305  6.115  5.929  5.750  5.576  5.409  5.248  5.093  4.944  4.803  4.668  4.540  4.419  4.306  4.200 
23.482 23.172 22.862 22.553 22.245 21.937 21.631 21.325 21.019 20.715 20.412 20.109 19.808 19.507 19.207 18.908 18.611 18.314 18.019 17.724 17.431 17.139 16.849 16.560 16.272 15.986 15.701 15.418 15.136 14.856 14.578 14.302 14.027 13.754 13.484 13.215 12.948 12.684 12.422 12.161 11.903 11.648 11.394 11.143 10.894 10.648 10.404 10.162  9.923  9.686  9.451  9.219  8.989  8.762  8.537  8.313  8.093  7.874  7.657  7.443  7.230  7.019  6.810  6.602  6.397  6.192  5.989  5.787  5.586  5.386  5.187  4.989  4.791  4.594  4.397  4.200 
23.706 23.396 23.087 22.779 22.472 22.167 21.862 21.559 21.257 20.957 20.658 20.359 20.063 19.767 19.473 19.180 18.888 18.598 18.309 18.022 17.736 17.451 17.168 16.886 16.605 16.326 16.049 15.773 15.499 15.226 14.954 14.685 14.416 14.150 13.885 13.621 13.359 13.099 12.840 12.583 12.328 12.074 11.821 11.571 11.322 11.074 10.828 10.583 10.340 10.099  9.859  9.620  9.383  9.147  8.912  8.679  8.447  8.216  7.986  7.757  7.530  7.303  7.077  6.853  6.629  6.405  6.183  5.961  5.739  5.519  5.298  5.078  4.858  4.639  4.419  4.200 
23.995 23.685 23.376 23.068 22.762 22.457 22.154 21.852 21.551 21.251 20.953 20.657 20.361 20.067 19.774 19.483 19.193 18.905 18.617 18.332 18.047 17.764 17.482 17.202 16.923 16.645 16.369 16.094 15.820 15.548 15.277 15.007 14.739 14.472 14.206 13.942 13.679 13.417 13.157 12.898 12.640 12.383 12.128 11.873 11.620 11.368 11.118 10.868 10.619 10.372 10.125  9.880  9.635  9.392  9.149  8.907  8.667  8.426  8.187  7.949  7.711  7.474  7.237  7.001  6.766  6.531  6.297  6.063  5.829  5.596  5.363  5.130  4.897  4.665  4.432  4.200 
24.296 23.986 23.677 23.369 23.063 22.758 22.454 22.152 21.851 21.552 21.253 20.956 20.661 20.366 20.073 19.782 19.491 19.202 18.914 18.628 18.342 18.058 17.775 17.494 17.214 16.935 16.657 16.380 16.105 15.831 15.558 15.286 15.015 14.746 14.478 14.211 13.944 13.679 13.416 13.153 12.891 12.630 12.370 12.112 11.854 11.597 11.341 11.086 10.832 10.579 10.326 10.075  9.824  9.574  9.324  9.076  8.828  8.580  8.333  8.087  7.842  7.596  7.352  7.108  6.864  6.620  6.377  6.135  5.892  5.650  5.408  5.166  4.924  4.683  4.441  4.200 
24.585 24.275 23.966 23.658 23.352 23.046 22.742 22.440 22.138 21.838 21.539 21.241 20.944 20.649 20.355 20.062 19.770 19.480 19.190 18.902 18.615 18.329 18.044 17.761 17.479 17.197 16.917 16.638 16.360 16.083 15.808 15.533 15.259 14.986 14.715 14.444 14.174 13.906 13.638 13.371 13.105 12.840 12.576 12.313 12.050 11.789 11.528 11.268 11.008 10.750 10.492 10.235  9.978  9.722  9.467  9.212  8.958  8.704  8.451  8.199  7.947  7.695  7.443  7.193  6.942  6.692  6.442  6.192  5.942  5.693  5.444  5.195  4.946  4.697  4.449  4.200 
24.854 24.544 24.235 23.927 23.620 23.314 23.010 22.706 22.404 22.103 21.803 21.504 21.206 20.910 20.614 20.320 20.027 19.734 19.443 19.153 18.864 18.576 18.290 18.004 17.719 17.435 17.153 16.871 16.590 16.310 16.032 15.754 15.477 15.201 14.926 14.652 14.378 14.106 13.834 13.564 13.294 13.025 12.756 12.489 12.222 11.956 11.690 11.425 11.161 10.898 10.635 10.373 10.111  9.850  9.590  9.329  9.070  8.811  8.552  8.294  8.036  7.779  7.522  7.265  7.008  6.752  6.496  6.241  5.985  5.730  5.474  5.219  4.964  4.710  4.455  4.200 
25.101 24.791 24.482 24.173 23.866 23.560 23.255 22.951 22.648 22.346 22.045 21.745 21.446 21.148 20.851 20.556 20.261 19.967 19.674 19.382 19.091 18.801 18.512 18.224 17.937 17.651 17.366 17.082 16.798 16.516 16.234 15.953 15.673 15.394 15.116 14.838 14.562 14.286 14.011 13.736 13.462 13.189 12.917 12.646 12.375 12.104 11.835 11.566 11.297 11.029 10.762 10.495 10.229  9.963  9.698  9.433  9.169  8.905  8.641  8.378  8.115  7.853  7.590  7.328  7.067  6.805  6.544  6.283  6.022  5.762  5.501  5.241  4.981  4.720  4.460  4.200 
25.326 25.016 24.706 24.398 24.090 23.784 23.478 23.173 22.870 22.567 22.265 21.964 21.664 21.365 21.067 20.770 20.474 20.178 19.884 19.590 19.297 19.006 18.715 18.425 18.135 17.847 17.559 17.273 16.987 16.702 16.417 16.134 15.851 15.569 15.287 15.007 14.727 14.448 14.169 13.892 13.614 13.338 13.062 12.787 12.512 12.238 11.965 11.692 11.419 11.147 10.876 10.605 10.335 10.065  9.795  9.526  9.257  8.989  8.721  8.453  8.186  7.919  7.652  7.385  7.119  6.853  6.587  6.321  6.056  5.790  5.525  5.260  4.995  4.730  4.465  4.200 
25.531 25.220 24.910 24.602 24.294 23.987 23.681 23.376 23.071 22.768 22.465 22.163 21.862 21.562 21.263 20.964 20.667 20.370 20.074 19.779 19.484 19.191 18.898 18.606 18.315 18.024 17.735 17.446 17.157 16.870 16.583 16.297 16.011 15.727 15.443 15.159 14.877 14.594 14.313 14.032 13.752 13.472 13.193 12.914 12.636 12.359 12.082 11.805 11.529 11.254 10.979 10.704 10.430 10.156  9.883  9.610  9.337  9.065  8.793  8.521  8.249  7.978  7.707  7.437  7.166  6.896  6.626  6.356  6.086  5.816  5.547  5.277  5.008  4.739  4.469  4.200 
25.716 25.406 25.096 24.787 24.479 24.171 23.865 23.559 23.254 22.950 22.647 22.344 22.042 21.741 21.440 21.141 20.842 20.544 20.246 19.950 19.654 19.359 19.064 18.770 18.477 18.185 17.893 17.602 17.312 17.022 16.733 16.445 16.157 15.870 15.583 15.297 15.012 14.727 14.443 14.159 13.876 13.594 13.311 13.030 12.749 12.468 12.188 11.908 11.629 11.350 11.072 10.794 10.516 10.239  9.962  9.685  9.409  9.133  8.857  8.582  8.307  8.032  7.757  7.483  7.209  6.934  6.661  6.387  6.113  5.840  5.566  5.293  5.020  4.746  4.473  4.200 
25.884 25.574 25.264 24.955 24.646 24.339 24.032 23.726 23.420 23.115 22.811 22.508 22.205 21.903 21.602 21.301 21.001 20.702 20.403 20.105 19.808 19.511 19.215 18.920 18.625 18.331 18.037 17.744 17.452 17.160 16.869 16.579 16.289 16.000 15.711 15.422 15.135 14.848 14.561 14.275 13.989 13.704 13.419 13.135 12.851 12.567 12.284 12.002 11.719 11.437 11.156 10.875 10.594 10.314 10.034  9.754  9.474  9.195  8.916  8.637  8.359  8.081  7.803  7.525  7.247  6.969  6.692  6.415  6.138  5.861  5.584  5.307  5.030  4.753  4.477  4.200 
26.037 25.726 25.416 25.107 24.798 24.490 24.183 23.876 23.570 23.265 22.960 22.656 22.353 22.050 21.748 21.446 21.145 20.845 20.545 20.246 19.947 19.649 19.352 19.055 18.759 18.463 18.168 17.873 17.579 17.286 16.993 16.700 16.409 16.117 15.826 15.536 15.246 14.957 14.668 14.379 14.091 13.803 13.516 13.229 12.943 12.657 12.371 12.086 11.801 11.517 11.232 10.948 10.665 10.382 10.099  9.816  9.533  9.251  8.969  8.688  8.406  8.125  7.844  7.563  7.282  7.001  6.721  6.440  6.160  5.880  5.600  5.320  5.040  4.760  4.480  4.200 
26.175 25.864 25.554 25.245 24.936 24.628 24.320 24.013 23.707 23.401 23.096 22.791 22.487 22.183 21.880 21.577 21.276 20.974 20.673 20.373 20.073 19.774 19.476 19.177 18.880 18.583 18.286 17.990 17.694 17.399 17.105 16.811 16.517 16.224 15.931 15.639 15.347 15.055 14.764 14.474 14.184 13.894 13.604 13.315 13.027 12.738 12.450 12.163 11.875 11.588 11.302 11.015 10.729 10.443 10.158  9.872  9.587  9.302  9.018  8.733  8.449  8.165  7.881  7.597  7.313  7.030  6.747  6.463  6.180  5.897  5.614  5.331  5.048  4.766  4.483  4.200 
26.300 25.990 25.680 25.370 25.061 24.753 24.445 24.137 23.830 23.524 23.218 22.913 22.608 22.304 22.000 21.697 21.394 21.092 20.790 20.489 20.188 19.888 19.588 19.288 18.990 18.691 18.393 18.096 17.799 17.502 17.206 16.910 16.615 16.320 16.026 15.732 15.438 15.145 14.852 14.560 14.267 13.976 13.684 13.393 13.102 12.812 12.522 12.232 11.942 11.653 11.364 11.075 10.787 10.499 10.211  9.923  9.636  9.348  9.061  8.774  8.488  8.201  7.915  7.628  7.342  7.056  6.770  6.484  6.199  5.913  5.627  5.342  5.056  4.771  4.485  4.200 
26.414 26.103 25.793 25.484 25.174 24.866 24.557 24.250 23.942 23.636 23.329 23.023 22.718 22.413 22.109 21.805 21.501 21.198 20.896 20.593 20.292 19.990 19.690 19.389 19.089 18.790 18.491 18.192 17.894 17.596 17.298 17.001 16.704 16.408 16.112 15.816 15.521 15.226 14.932 14.637 14.343 14.050 13.757 13.464 13.171 12.879 12.587 12.295 12.003 11.712 11.421 11.130 10.840 10.549 10.259  9.969  9.680  9.390  9.101  8.812  8.523  8.234  7.945  7.657  7.368  7.080  6.791  6.503  6.215  5.927  5.639  5.351  5.063  4.776  4.488  4.200 
26.517 26.206 25.896 25.586 25.277 24.968 24.660 24.352 24.044 23.737 23.430 23.124 22.818 22.512 22.207 21.903 21.599 21.295 20.991 20.688 20.386 20.084 19.782 19.481 19.180 18.879 18.579 18.279 17.979 17.680 17.381 17.083 16.785 16.487 16.190 15.893 15.596 15.300 15.004 14.708 14.412 14.117 13.822 13.528 13.233 12.939 12.645 12.352 12.059 11.765 11.473 11.180 10.887 10.595 10.303 10.011  9.720  9.428  9.137  8.846  8.555  8.264  7.973  7.682  7.392  7.101  6.811  6.520  6.230  5.940  5.650  5.360  5.070  4.780  4.490  4.200 
26.610 26.300 25.990 25.680 25.370 25.061 24.752 24.444 24.136 23.829 23.521 23.215 22.908 22.602 22.297 21.992 21.687 21.382 21.078 20.775 20.471 20.168 19.866 19.563 19.261 18.960 18.659 18.358 18.057 17.757 17.457 17.157 16.858 16.559 16.261 15.962 15.664 15.366 15.069 14.772 14.475 14.178 13.882 13.586 13.290 12.994 12.699 12.404 12.109 11.814 11.519 11.225 10.931 10.637 10.343 10.049  9.756  9.462  9.169  8.876  8.583  8.291  7.998  7.705  7.413  7.121  6.828  6.536  6.244  5.952  5.660  5.368  5.076  4.784  4.492  4.200 
26.695 26.384 26.074 25.764 25.455 25.145 24.836 24.528 24.220 23.912 23.604 23.297 22.990 22.684 22.378 22.072 21.767 21.462 21.157 20.853 20.549 20.245 19.941 19.638 19.336 19.033 18.731 18.429 18.128 17.826 17.526 17.225 16.925 16.624 16.325 16.025 15.726 15.427 15.128 14.830 14.532 14.234 13.936 13.638 13.341 13.044 12.747 12.450 12.154 11.858 11.562 11.266 10.970 10.674 10.379 10.084  9.789  9.494  9.199  8.904  8.610  8.315  8.021  7.726  7.432  7.138  6.844  6.550  6.256  5.962  5.669  5.375  5.081  4.787  4.494  4.200 
26.772 26.461 26.151 25.841 25.531 25.222 24.912 24.604 24.295 23.987 23.679 23.372 23.065 22.758 22.451 22.145 21.839 21.534 21.228 20.923 20.619 20.314 20.010 19.706 19.403 19.100 18.797 18.494 18.192 17.889 17.588 17.286 16.985 16.684 16.383 16.082 15.782 15.482 15.182 14.882 14.583 14.284 13.985 13.686 13.387 13.089 12.791 12.493 12.195 11.897 11.600 11.303 11.005 10.708 10.412 10.115  9.818  9.522  9.226  8.929  8.633  8.337  8.041  7.746  7.450  7.154  6.858  6.563  6.267  5.972  5.677  5.381  5.086  4.791  4.495  4.200 
26.841 26.531 26.220 25.910 25.600 25.291 24.982 24.673 24.364 24.055 23.747 23.440 23.132 22.825 22.518 22.211 21.905 21.599 21.293 20.987 20.682 20.377 20.072 19.768 19.464 19.160 18.856 18.553 18.250 17.947 17.644 17.341 17.039 16.737 16.435 16.134 15.833 15.531 15.231 14.930 14.629 14.329 14.029 13.729 13.429 13.130 12.831 12.531 12.232 11.933 11.635 11.336 11.038 10.739 10.441 10.143  9.845  9.548  9.250  8.952  8.655  8.357  8.060  7.763  7.466  7.169  6.872  6.575  6.278  5.981  5.684  5.387  5.090  4.794  4.497  4.200 
