24.616 24.305 23.994 23.683 23.373 23.062 22.751 22.440 22.129 21.818 21.507 21.196 20.885 20.574 20.264 19.953 19.642 19.331 19.020 18.709 18.398 18.087 17.776 17.465 17.154 16.843 16.532 16.221 15.910 15.599 15.288 14.976 14.665 14.354 14.042 13.731 13.419 13.108 12.796 12.484 12.173 11.861 11.549 11.236 10.924 10.611 10.299  9.986  9.672  9.359  9.045  8.731  8.417  8.102  7.787  7.472  7.156  6.840  6.523  6.206  5.888  5.570  5.251  4.932  4.611  4.290  3.969  3.646  3.323  2.998  2.673  2.347  2.020  1.691  1.362  1.031 
24.614 24.303 23.992 23.681 23.370 23.059 22.748 22.437 22.126 21.814 21.503 21.192 20.881 20.569 20.258 19.947 19.635 19.324 19.012 18.700 18.388 18.077 17.765 17.453 17.141 16.828 16.516 16.204 15.891 15.578 15.265 14.952 14.639 14.326 14.012 13.698 13.384 13.070 12.756 12.441 12.126 11.810 11.495 11.179 10.863 10.546 10.229  9.912  9.594  9.275  8.957  8.637  8.318  7.997  7.677  7.355  7.033  6.711  6.387  6.063  5.739  5.413  5.087  4.760  4.432  4.103  3.774  3.443  3.112  2.780  2.446  2.112  1.776  1.440  1.102  0.763 
24.600 24.289 23.978 23.667 23.356 23.044 22.733 22.421 22.110 21.798 21.486 21.174 20.862 20.550 20.237 19.925 19.612 19.300 18.987 18.674 18.360 18.047 17.733 17.420 17.106 16.791 16.477 16.162 15.848 15.532 15.217 14.901 14.586 14.269 13.953 13.636 13.319 13.001 12.684 12.365 12.047 11.728 11.408 11.088 10.768 10.447 10.126  9.804  9.481  9.158  8.835  8.511  8.186  7.861  7.535  7.208  6.881  6.552  6.223  5.894  5.563  5.232  4.900  4.567  4.233  3.898  3.563  3.226  2.888  2.549  2.210  1.869  1.527  1.184  0.840  0.494 
24.569 24.258 23.946 23.635 23.324 23.012 22.700 22.388 22.076 21.763 21.450 21.138 20.825 20.511 20.198 19.884 19.570 19.256 18.941 18.627 18.312 17.997 17.681 17.365 17.049 16.733 16.416 16.099 15.782 15.464 15.146 14.828 14.509 14.190 13.871 13.551 13.231 12.910 12.589 12.267 11.945 11.622 11.299 10.975 10.651 10.326 10.001  9.675  9.348  9.021  8.693  8.364  8.035  7.705  7.375  7.043  6.711  6.378  6.044  5.710  5.374  5.038  4.701  4.362  4.023  3.683  3.342  3.000  2.657  2.313  1.968  1.622  1.275  0.926  0.577  0.226 
24.518 24.207 23.895 23.584 23.272 22.960 22.648 22.335 22.022 21.709 21.395 21.081 20.767 20.453 20.138 19.823 19.508 19.192 18.876 18.560 18.243 17.926 17.609 17.291 16.973 16.655 16.336 16.017 15.697 15.377 15.056 14.736 14.414 14.092 13.770 13.447 13.124 12.800 12.476 12.151 11.825 11.499 11.172 10.845 10.517 10.189  9.860  9.530  9.200  8.868  8.537  8.204  7.871  7.537  7.202  6.866  6.530  6.192  5.854  5.515  5.175  4.834  4.493  4.150  3.806  3.462  3.116  2.770  2.422  2.073  1.723  1.372  1.020  0.667  0.313 -0.043 
24.448 24.137 23.825 23.513 23.201 22.889 22.576 22.263 21.949 21.635 21.321 21.006 20.691 20.376 20.060 19.744 19.427 19.110 18.793 18.475 18.157 17.838 17.519 17.199 16.879 16.559 16.238 15.917 15.595 15.272 14.950 14.626 14.302 13.978 13.653 13.327 13.001 12.675 12.347 12.019 11.691 11.362 11.032 10.702 10.371 10.039  9.706  9.373  9.040  8.705  8.370  8.034  7.697  7.359  7.021  6.682  6.342  6.001  5.659  5.316  4.972  4.627  4.281  3.934  3.585  3.234  2.882  2.528  2.172  1.814  1.453  1.090  0.726  0.359 -0.009 -0.311 
24.359 24.048 23.737 23.425 23.112 22.800 22.486 22.173 21.858 21.544 21.229 20.913 20.597 20.281 19.964 19.647 19.329 19.010 18.692 18.372 18.053 17.732 17.411 17.090 16.768 16.446 16.123 15.799 15.475 15.150 14.825 14.499 14.173 13.845 13.518 13.189 12.860 12.530 12.200 11.868 11.536 11.204 10.870 10.536 10.201  9.865  9.529  9.191  8.853  8.514  8.174  7.833  7.492  7.149  6.806  6.462  6.117  5.771  5.424  5.076  4.728  4.378  4.028  3.677  3.325  2.973  2.620  2.266  1.912  1.557  1.201  0.845  0.488  0.131 -0.199 -0.580 
24.253 23.942 23.630 23.318 23.005 22.692 22.378 22.064 21.749 21.434 21.118 20.802 20.485 20.168 19.850 19.531 19.212 18.893 18.573 18.252 17.931 17.609 17.286 16.963 16.640 16.315 15.991 15.665 15.339 15.012 14.685 14.357 14.028 13.699 13.369 13.038 12.707 12.375 12.042 11.708 11.374 11.038 10.702 10.365 10.027  9.689  9.349  9.009  8.667  8.324  7.981  7.636  7.291  6.944  6.596  6.247  5.897  5.545  5.193  4.839  4.484  4.128  3.771  3.413  3.053  2.693  2.332  1.969  1.606  1.243  0.878  0.514  0.148 -0.167 -0.507 -0.849 
24.130 23.819 23.507 23.195 22.882 22.568 22.254 21.939 21.624 21.308 20.992 20.675 20.357 20.038 19.720 19.400 19.080 18.759 18.438 18.115 17.793 17.469 17.145 16.821 16.495 16.169 15.843 15.515 15.187 14.859 14.529 14.199 13.868 13.537 13.204 12.871 12.538 12.203 11.868 11.532 11.196 10.858 10.520 10.181  9.842  9.501  9.160  8.818  8.475  8.131  7.787  7.442  7.095  6.748  6.400  6.050  5.699  5.347  4.994  4.639  4.282  3.923  3.562  3.199  2.834  2.466  2.096  1.722  1.347  0.968  0.587  0.204 -0.182 -0.492 -0.804 -1.117 
23.992 23.680 23.368 23.056 22.743 22.429 22.115 21.799 21.484 21.167 20.850 20.532 20.214 19.895 19.575 19.254 18.933 18.611 18.289 17.966 17.642 17.317 16.992 16.666 16.339 16.011 15.683 15.354 15.024 14.693 14.362 14.030 13.697 13.363 13.028 12.693 12.357 12.020 11.682 11.343 11.004 10.663 10.322  9.980  9.637  9.294  8.949  8.604  8.258  7.911  7.563  7.214  6.864  6.514  6.163  5.811  5.459  5.105  4.751  4.396  4.041  3.684  3.327  2.970  2.612  2.253  1.893  1.533  1.173  0.812  0.450  0.088 -0.246 -0.625 -1.005 -1.386 
23.839 23.528 23.216 22.903 22.590 22.276 21.961 21.645 21.329 21.012 20.695 20.376 20.057 19.737 19.417 19.096 18.774 18.451 18.127 17.803 17.478 17.152 16.826 16.499 16.171 15.842 15.512 15.182 14.850 14.518 14.185 13.852 13.517 13.181 12.845 12.508 12.170 11.831 11.491 11.150 10.808 10.465 10.121  9.776  9.431  9.084  8.736  8.388  8.038  7.687  7.336  6.983  6.629  6.275  5.919  5.563  5.205  4.847  4.488  4.128  3.767  3.405  3.043  2.680  2.316  1.952  1.587  1.221  0.855  0.488  0.121 -0.205 -0.567 -0.929 -1.291 -1.654 
23.674 23.363 23.051 22.738 22.424 22.110 21.795 21.479 21.162 20.845 20.527 20.208 19.888 19.568 19.246 18.924 18.601 18.278 17.953 17.628 17.302 16.975 16.648 16.319 15.990 15.660 15.329 14.998 14.665 14.332 13.998 13.663 13.327 12.990 12.653 12.314 11.975 11.635 11.293 10.951 10.608 10.264  9.919  9.573  9.226  8.877  8.528  8.177  7.825  7.472  7.118  6.762  6.406  6.047  5.688  5.327  4.964  4.601  4.236  3.869  3.502  3.133  2.763  2.392  2.020  1.647  1.273  0.898  0.523  0.148 -0.177 -0.525 -0.874 -1.223 -1.573 -1.923 
23.498 23.186 22.874 22.561 22.248 21.933 21.618 21.302 20.985 20.667 20.348 20.029 19.708 19.387 19.065 18.742 18.419 18.094 17.769 17.443 17.116 16.788 16.459 16.130 15.799 15.468 15.136 14.802 14.468 14.134 13.798 13.461 13.124 12.785 12.446 12.106 11.765 11.423 11.080 10.737 10.392 10.047  9.700  9.353  9.005  8.656  8.307  7.956  7.605  7.252  6.899  6.545  6.190  5.835  5.478  5.121  4.762  4.403  4.042  3.680  3.317  2.951  2.584  2.215  1.842  1.466  1.085  0.698  0.303 -0.100 -0.432 -0.774 -1.123 -1.477 -1.833 -2.191 
23.311 23.000 22.688 22.375 22.061 21.746 21.430 21.114 20.797 20.478 20.159 19.840 19.519 19.197 18.875 18.551 18.227 17.902 17.576 17.249 16.921 16.592 16.262 15.932 15.600 15.268 14.935 14.600 14.265 13.929 13.592 13.254 12.915 12.575 12.234 11.892 11.549 11.205 10.860 10.514 10.167  9.819  9.470  9.121  8.770  8.418  8.065  7.712  7.357  7.001  6.645  6.288  5.929  5.570  5.210  4.850  4.488  4.126  3.763  3.399  3.034  2.669  2.303  1.937  1.570  1.202  0.834  0.465  0.096 -0.236 -0.605 -0.975 -1.345 -1.716 -2.088 -2.460 
23.115 22.803 22.491 22.178 21.864 21.549 21.233 20.917 20.599 20.280 19.961 19.641 19.320 18.998 18.675 18.351 18.026 17.700 17.373 17.046 16.717 16.388 16.058 15.726 15.394 15.061 14.727 14.392 14.056 13.718 13.380 13.041 12.701 12.360 12.018 11.675 11.331 10.985 10.639 10.292  9.943  9.593  9.243  8.891  8.538  8.183  7.828  7.471  7.114  6.755  6.395  6.034  5.672  5.309  4.944  4.579  4.212  3.845  3.477  3.108  2.738  2.367  1.996  1.624  1.251  0.878  0.504  0.130 -0.200 -0.560 -0.920 -1.281 -1.642 -2.003 -2.366 -2.729 
22.910 22.599 22.286 21.973 21.659 21.344 21.028 20.711 20.393 20.074 19.754 19.433 19.112 18.789 18.466 18.141 17.816 17.489 17.162 16.834 16.505 16.174 15.843 15.511 15.178 14.845 14.510 14.174 13.838 13.500 13.162 12.823 12.483 12.142 11.800 11.458 11.115 10.771 10.426 10.081  9.736  9.390  9.043  8.696  8.349  8.001  7.653  7.305  6.957  6.609  6.261  5.913  5.565  5.218  4.871  4.524  4.178  3.832  3.487  3.143  2.799  2.457  2.115  1.773  1.433  1.093  0.755  0.417  0.080 -0.112 -0.217 -0.315 -0.412 -0.506 -0.600 -0.691 
22.706 22.394 22.082 21.769 21.455 21.141 20.825 20.509 20.191 19.873 19.555 19.235 18.915 18.593 18.271 17.949 17.625 17.301 16.976 16.650 16.324 15.997 15.670 15.342 15.013 14.684 14.354 14.024 13.693 13.362 13.031 12.699 12.367 12.035 11.703 11.370 11.038 10.705 10.373 10.040  9.708  9.376  9.044  8.713  8.382  8.051  7.721  7.392  7.063  6.735  6.408  6.081  5.756  5.431  5.108  4.785  4.464  4.144  3.825  3.507  3.190  2.874  2.560  2.246  1.935  1.625  1.319  1.019  0.731  0.459  0.204 -0.038 -0.159 -0.237 -0.310 -0.382 
22.544 22.233 21.921 21.609 21.296 20.982 20.668 20.354 20.039 19.723 19.407 19.090 18.773 18.455 18.137 17.818 17.500 17.180 16.860 16.540 16.220 15.899 15.578 15.257 14.935 14.614 14.292 13.970 13.648 13.326 13.004 12.682 12.360 12.039 11.717 11.396 11.075 10.754 10.434 10.114  9.795  9.476  9.158  8.840  8.524  8.207  7.892  7.578  7.264  6.952  6.640  6.329  6.020  5.712  5.405  5.099  4.794  4.491  4.189  3.888  3.589  3.292  2.997  2.704  2.414  2.128  1.844  1.565  1.290  1.020  0.754  0.492  0.233 -0.024 -0.147 -0.214 
22.449 22.138 21.827 21.515 21.204 20.891 20.579 20.267 19.954 19.641 19.327 19.014 18.700 18.387 18.073 17.758 17.444 17.130 16.815 16.501 16.186 15.872 15.557 15.243 14.929 14.614 14.300 13.986 13.673 13.359 13.046 12.733 12.420 12.108 11.796 11.485 11.174 10.864 10.554 10.245  9.937  9.629  9.322  9.016  8.711  8.406  8.103  7.801  7.499  7.199  6.899  6.601  6.304  6.009  5.714  5.421  5.129  4.839  4.550  4.264  3.979  3.696  3.416  3.140  2.866  2.598  2.333  2.075  1.822  1.576  1.337  1.104  0.877  0.657  0.441  0.229 
22.421 22.110 21.799 21.489 21.178 20.867 20.556 20.246 19.935 19.624 19.314 19.003 18.693 18.383 18.073 17.763 17.453 17.143 16.834 16.525 16.216 15.907 15.598 15.290 14.983 14.675 14.368 14.062 13.756 13.450 13.145 12.841 12.537 12.234 11.931 11.629 11.328 11.028 10.728 10.429 10.131  9.834  9.538  9.243  8.949  8.655  8.363  8.072  7.781  7.492  7.204  6.917  6.631  6.346  6.062  5.779  5.497  5.217  4.937  4.658  4.380  4.103  3.828  3.552  3.278  3.005  2.732  2.460  2.188  1.917  1.647  1.377  1.107  0.838  0.569  0.300 
22.454 22.144 21.833 21.523 21.213 20.903 20.594 20.285 19.976 19.667 19.359 19.051 18.743 18.436 18.129 17.822 17.516 17.210 16.904 16.599 16.294 15.989 15.685 15.382 15.078 14.776 14.473 14.171 13.870 13.569 13.269 12.969 12.669 12.371 12.072 11.775 11.478 11.181 10.885 10.590 10.295 10.001  9.707  9.414  9.122  8.830  8.539  8.249  7.959  7.669  7.381  7.092  6.805  6.518  6.231  5.946  5.660  5.375  5.091  4.807  4.524  4.241  3.958  3.676  3.394  3.113  2.832  2.551  2.271  1.990  1.710  1.431  1.151  0.871  0.592  0.313 
22.527 22.217 21.906 21.596 21.287 20.978 20.669 20.360 20.052 19.745 19.437 19.130 18.824 18.518 18.212 17.906 17.602 17.297 16.993 16.689 16.386 16.083 15.780 15.478 15.176 14.875 14.574 14.274 13.974 13.675 13.376 13.077 12.779 12.481 12.184 11.887 11.590 11.294 10.999 10.704 10.409 10.115  9.821  9.528  9.235  8.943  8.650  8.359  8.068  7.777  7.486  7.196  6.906  6.617  6.328  6.040  5.751  5.463  5.176  4.888  4.601  4.314  4.028  3.742  3.456  3.170  2.884  2.599  2.313  2.028  1.743  1.458  1.173  0.889  0.604  0.319 
22.615 22.304 21.994 21.684 21.374 21.065 20.756 20.448 20.140 19.833 19.526 19.219 18.913 18.607 18.301 17.996 17.692 17.387 17.083 16.780 16.477 16.174 15.872 15.570 15.268 14.967 14.667 14.366 14.066 13.767 13.468 13.169 12.870 12.572 12.275 11.977 11.680 11.384 11.088 10.792 10.496 10.201  9.907  9.612  9.318  9.024  8.731  8.438  8.145  7.852  7.560  7.268  6.977  6.685  6.394  6.103  5.813  5.522  5.232  4.942  4.652  4.363  4.074  3.784  3.495  3.206  2.918  2.629  2.341  2.052  1.764  1.476  1.188  0.899  0.611  0.323 
22.703 22.392 22.082 21.772 21.463 21.154 20.845 20.537 20.229 19.921 19.614 19.307 19.001 18.694 18.389 18.084 17.779 17.474 17.170 16.866 16.563 16.260 15.957 15.655 15.353 15.051 14.750 14.449 14.149 13.848 13.549 13.249 12.950 12.651 12.353 12.055 11.757 11.459 11.162 10.865 10.569 10.272  9.976  9.681  9.385  9.090  8.795  8.500  8.206  7.912  7.618  7.325  7.031  6.738  6.445  6.152  5.860  5.567  5.275  4.983  4.691  4.399  4.108  3.816  3.525  3.234  2.943  2.652  2.361  2.070  1.779  1.489  1.198  0.908  0.617  0.326 
22.788 22.477 22.167 21.857 21.547 21.238 20.929 20.620 20.312 20.004 19.697 19.390 19.083 18.777 18.471 18.165 17.860 17.555 17.250 16.946 16.642 16.339 16.035 15.732 15.430 15.128 14.826 14.524 14.223 13.922 13.621 13.321 13.021 12.721 12.422 12.123 11.824 11.525 11.227 10.929 10.631 10.334 10.036  9.739  9.443  9.146  8.850  8.554  8.258  7.962  7.667  7.372  7.077  6.782  6.487  6.193  5.899  5.604  5.310  5.017  4.723  4.429  4.136  3.843  3.549  3.256  2.963  2.670  2.377  2.085  1.792  1.499  1.207  0.914  0.622  0.329 
22.866 22.555 22.245 21.935 21.625 21.316 21.007 20.698 20.390 20.082 19.774 19.467 19.160 18.853 18.547 18.241 17.935 17.629 17.324 17.019 16.715 16.411 16.107 15.803 15.500 15.197 14.895 14.592 14.290 13.988 13.687 13.386 13.085 12.784 12.484 12.183 11.884 11.584 11.285 10.985 10.686 10.388 10.089  9.791  9.493  9.195  8.898  8.600  8.303  8.006  7.710  7.413  7.116  6.820  6.524  6.228  5.932  5.637  5.341  5.046  4.750  4.455  4.160  3.865  3.570  3.276  2.981  2.686  2.392  2.097  1.803  1.508  1.214  0.920  0.625  0.331 
22.938 22.628 22.317 22.007 21.697 21.388 21.079 20.770 20.461 20.153 19.845 19.537 19.230 18.923 18.616 18.309 18.003 17.697 17.392 17.086 16.781 16.477 16.172 15.868 15.564 15.261 14.957 14.654 14.351 14.049 13.746 13.444 13.142 12.841 12.540 12.238 11.938 11.637 11.337 11.036 10.736 10.437 10.137  9.838  9.539  9.240  8.941  8.642  8.344  8.046  7.748  7.450  7.152  6.854  6.557  6.260  5.962  5.665  5.368  5.071  4.775  4.478  4.182  3.885  3.589  3.293  2.996  2.700  2.404  2.108  1.812  1.516  1.220  0.925  0.629  0.333 
23.004 22.693 22.383 22.073 21.763 21.453 21.144 20.835 20.526 20.218 19.909 19.601 19.294 18.986 18.679 18.372 18.066 17.759 17.453 17.148 16.842 16.537 16.232 15.927 15.622 15.318 15.014 14.710 14.407 14.103 13.800 13.497 13.195 12.892 12.590 12.288 11.986 11.685 11.384 11.082 10.782 10.481 10.180  9.880  9.580  9.280  8.980  8.680  8.380  8.081  7.782  7.483  7.184  6.885  6.586  6.288  5.989  5.691  5.393  5.095  4.797  4.499  4.201  3.903  3.606  3.308  3.010  2.713  2.416  2.118  1.821  1.524  1.226  0.929  0.632  0.335 
23.064 22.753 22.443 22.133 21.823 21.513 21.203 20.894 20.585 20.277 19.968 19.660 19.352 19.044 18.737 18.430 18.123 17.816 17.509 17.203 16.897 16.591 16.286 15.980 15.675 15.370 15.066 14.761 14.457 14.153 13.849 13.546 13.242 12.939 12.636 12.333 12.031 11.728 11.426 11.124 10.822 10.521 10.219  9.918  9.617  9.316  9.015  8.714  8.414  8.113  7.813  7.513  7.213  6.913  6.613  6.313  6.014  5.714  5.415  5.116  4.817  4.517  4.218  3.919  3.621  3.322  3.023  2.724  2.426  2.127  1.829  1.530  1.231  0.933  0.635  0.336 
23.119 22.808 22.498 22.187 21.877 21.567 21.258 20.948 20.639 20.330 20.022 19.713 19.405 19.097 18.789 18.482 18.174 17.867 17.560 17.254 16.947 16.641 16.335 16.029 15.723 15.418 15.113 14.808 14.503 14.198 13.894 13.590 13.286 12.982 12.678 12.375 12.071 11.768 11.465 11.162 10.860 10.557 10.255  9.953  9.650  9.349  9.047  8.745  8.444  8.142  7.841  7.540  7.239  6.938  6.637  6.337  6.036  5.735  5.435  5.135  4.834  4.534  4.234  3.934  3.634  3.334  3.034  2.735  2.435  2.135  1.835  1.536  1.236  0.937  0.637  0.337 
23.169 22.858 22.547 22.237 21.927 21.617 21.307 20.998 20.688 20.379 20.070 19.762 19.453 19.145 18.837 18.529 18.221 17.914 17.607 17.300 16.993 16.686 16.380 16.073 15.767 15.461 15.156 14.850 14.545 14.239 13.934 13.630 13.325 13.020 12.716 12.412 12.108 11.804 11.500 11.197 10.893 10.590 10.287  9.984  9.681  9.378  9.076  8.773  8.471  8.169  7.867  7.565  7.263  6.961  6.659  6.358  6.056  5.755  5.453  5.152  4.851  4.550  4.249  3.948  3.647  3.346  3.045  2.744  2.443  2.143  1.842  1.541  1.240  0.940  0.639  0.339 
23.214 22.903 22.592 22.282 21.972 21.662 21.352 21.042 20.733 20.424 20.115 19.806 19.497 19.188 18.880 18.572 18.264 17.956 17.649 17.341 17.034 16.727 16.420 16.113 15.807 15.501 15.194 14.888 14.583 14.277 13.971 13.666 13.361 13.056 12.751 12.446 12.141 11.837 11.532 11.228 10.924 10.620 10.316 10.013  9.709  9.406  9.102  8.799  8.496  8.193  7.890  7.587  7.284  6.982  6.679  6.377  6.074  5.772  5.470  5.168  4.866  4.564  4.262  3.960  3.658  3.356  3.054  2.753  2.451  2.149  1.848  1.546  1.244  0.943  0.641  0.340 
23.255 22.944 22.633 22.323 22.013 21.703 21.393 21.083 20.773 20.464 20.155 19.846 19.537 19.228 18.920 18.611 18.303 17.995 17.687 17.379 17.072 16.764 16.457 16.150 15.843 15.536 15.230 14.923 14.617 14.311 14.005 13.699 13.393 13.088 12.782 12.477 12.172 11.866 11.561 11.257 10.952 10.647 10.343 10.039  9.734  9.430  9.126  8.822  8.518  8.215  7.911  7.607  7.304  7.001  6.697  6.394  6.091  5.788  5.485  5.182  4.879  4.576  4.273  3.971  3.668  3.365  3.063  2.760  2.458  2.155  1.853  1.550  1.248  0.945  0.643  0.341 
23.292 22.981 22.671 22.360 22.050 21.740 21.430 21.120 20.810 20.501 20.191 19.882 19.573 19.264 18.955 18.647 18.338 18.030 17.722 17.414 17.106 16.798 16.491 16.183 15.876 15.569 15.262 14.955 14.648 14.342 14.035 13.729 13.423 13.117 12.811 12.505 12.199 11.893 11.588 11.283 10.977 10.672 10.367 10.062  9.757  9.453  9.148  8.843  8.539  8.235  7.930  7.626  7.322  7.018  6.714  6.410  6.106  5.802  5.499  5.195  4.891  4.588  4.284  3.981  3.677  3.374  3.071  2.767  2.464  2.161  1.857  1.554  1.251  0.948  0.645  0.342 
23.326 23.015 22.705 22.394 22.084 21.774 21.464 21.154 20.844 20.534 20.225 19.915 19.606 19.297 18.988 18.679 18.370 18.062 17.754 17.445 17.137 16.829 16.521 16.214 15.906 15.598 15.291 14.984 14.677 14.370 14.063 13.756 13.450 13.143 12.837 12.530 12.224 11.918 11.612 11.306 11.000 10.695 10.389 10.084  9.778  9.473  9.168  8.863  8.558  8.253  7.948  7.643  7.338  7.033  6.729  6.424  6.120  5.815  5.511  5.207  4.902  4.598  4.294  3.990  3.686  3.382  3.078  2.774  2.470  2.166  1.862  1.558  1.254  0.950  0.646  0.342 
23.357 23.046 22.736 22.425 22.115 21.804 21.494 21.184 20.874 20.565 20.255 19.945 19.636 19.327 19.018 18.709 18.400 18.091 17.782 17.474 17.165 16.857 16.549 16.241 15.933 15.625 15.318 15.010 14.703 14.395 14.088 13.781 13.474 13.167 12.860 12.553 12.247 11.940 11.634 11.328 11.021 10.715 10.409 10.103  9.797  9.491  9.186  8.880  8.575  8.269  7.964  7.658  7.353  7.048  6.742  6.437  6.132  5.827  5.522  5.217  4.912  4.608  4.303  3.998  3.693  3.389  3.084  2.779  2.475  2.170  1.866  1.561  1.257  0.952  0.648  0.343 
23.385 23.074 22.764 22.453 22.143 21.832 21.522 21.212 20.902 20.592 20.282 19.973 19.663 19.354 19.045 18.735 18.426 18.117 17.809 17.500 17.191 16.883 16.574 16.266 15.958 15.650 15.342 15.034 14.726 14.419 14.111 13.803 13.496 13.189 12.882 12.575 12.268 11.961 11.654 11.347 11.040 10.734 10.427 10.121  9.815  9.508  9.202  8.896  8.590  8.284  7.978  7.672  7.366  7.061  6.755  6.449  6.144  5.838  5.533  5.227  4.922  4.616  4.311  4.006  3.700  3.395  3.090  2.785  2.480  2.174  1.869  1.564  1.259  0.954  0.649  0.344 
23.411 23.100 22.789 22.479 22.168 21.858 21.547 21.237 20.927 20.617 20.307 19.998 19.688 19.378 19.069 18.760 18.450 18.141 17.832 17.523 17.215 16.906 16.597 16.289 15.980 15.672 15.364 15.056 14.748 14.440 14.132 13.824 13.516 13.209 12.901 12.594 12.286 11.979 11.672 11.365 11.058 10.751 10.444 10.137  9.830  9.524  9.217  8.910  8.604  8.297  7.991  7.685  7.379  7.072  6.766  6.460  6.154  5.848  5.542  5.236  4.930  4.624  4.318  4.012  3.707  3.401  3.095  2.789  2.484  2.178  1.872  1.567  1.261  0.956  0.650  0.344 
23.434 23.123 22.812 22.502 22.191 21.881 21.570 21.260 20.950 20.640 20.330 20.020 19.711 19.401 19.091 18.782 18.472 18.163 17.854 17.545 17.236 16.927 16.618 16.309 16.001 15.692 15.384 15.075 14.767 14.459 14.151 13.843 13.535 13.227 12.919 12.611 12.303 11.996 11.688 11.381 11.074 10.766 10.459 10.152  9.845  9.538  9.231  8.924  8.617  8.310  8.003  7.696  7.390  7.083  6.776  6.470  6.163  5.857  5.550  5.244  4.938  4.631  4.325  4.019  3.712  3.406  3.100  2.794  2.488  2.182  1.875  1.569  1.263  0.957  0.651  0.345 
23.455 23.144 22.834 22.523 22.212 21.902 21.591 21.281 20.971 20.661 20.351 20.041 19.731 19.421 19.112 18.802 18.492 18.183 17.874 17.564 17.255 16.946 16.637 16.328 16.019 15.711 15.402 15.093 14.785 14.476 14.168 13.860 13.551 13.243 12.935 12.627 12.319 12.011 11.703 11.396 11.088 10.780 10.473 10.165  9.858  9.550  9.243  8.936  8.628  8.321  8.014  7.707  7.400  7.093  6.786  6.479  6.172  5.865  5.558  5.251  4.944  4.638  4.331  4.024  3.718  3.411  3.104  2.798  2.491  2.185  1.878  1.572  1.265  0.958  0.652  0.345 
23.474 23.163 22.853 22.542 22.231 21.921 21.610 21.300 20.990 20.680 20.370 20.060 19.750 19.440 19.130 18.820 18.511 18.201 17.892 17.582 17.273 16.964 16.654 16.345 16.036 15.727 15.418 15.110 14.801 14.492 14.184 13.875 13.566 13.258 12.950 12.641 12.333 12.025 11.717 11.409 11.101 10.793 10.485 10.177  9.869  9.562  9.254  8.946  8.639  8.331  8.024  7.716  7.409  7.101  6.794  6.487  6.180  5.872  5.565  5.258  4.951  4.644  4.337  4.029  3.722  3.415  3.108  2.801  2.494  2.187  1.880  1.574  1.267  0.960  0.653  0.346 
23.492 23.181 22.870 22.559 22.249 21.938 21.628 21.317 21.007 20.697 20.387 20.077 19.767 19.457 19.147 18.837 18.527 18.217 17.908 17.598 17.289 16.979 16.670 16.361 16.052 15.742 15.433 15.124 14.815 14.507 14.198 13.889 13.580 13.272 12.963 12.655 12.346 12.038 11.729 11.421 11.113 10.804 10.496 10.188  9.880  9.572  9.264  8.956  8.648  8.340  8.033  7.725  7.417  7.109  6.802  6.494  6.187  5.879  5.571  5.264  4.956  4.649  4.342  4.034  3.727  3.419  3.112  2.805  2.497  2.190  1.883  1.575  1.268  0.961  0.653  0.346 
23.508 23.197 22.886 22.575 22.265 21.954 21.644 21.333 21.023 20.712 20.402 20.092 19.782 19.472 19.162 18.852 18.542 18.232 17.923 17.613 17.303 16.994 16.684 16.375 16.066 15.756 15.447 15.138 14.829 14.520 14.211 13.902 13.593 13.284 12.975 12.666 12.358 12.049 11.740 11.432 11.123 10.815 10.507 10.198  9.890  9.582  9.273  8.965  8.657  8.349  8.041  7.733  7.425  7.117  6.809  6.501  6.193  5.885  5.577  5.269  4.962  4.654  4.346  4.038  3.731  3.423  3.115  2.808  2.500  2.192  1.885  1.577  1.269  0.962  0.654  0.347 
23.522 23.211 22.900 22.590 22.279 21.968 21.658 21.347 21.037 20.727 20.416 20.106 19.796 19.486 19.176 18.866 18.556 18.246 17.936 17.626 17.317 17.007 16.697 16.388 16.078 15.769 15.459 15.150 14.841 14.532 14.222 13.913 13.604 13.295 12.986 12.677 12.368 12.059 11.751 11.442 11.133 10.825 10.516 10.207  9.899  9.590  9.282  8.973  8.665  8.357  8.048  7.740  7.432  7.123  6.815  6.507  6.199  5.891  5.583  5.274  4.966  4.658  4.350  4.042  3.734  3.426  3.118  2.810  2.502  2.194  1.886  1.579  1.271  0.963  0.655  0.347 
23.535 23.224 22.914 22.603 22.292 21.981 21.671 21.360 21.050 20.739 20.429 20.119 19.809 19.498 19.188 18.878 18.568 18.258 17.948 17.638 17.329 17.019 16.709 16.399 16.090 15.780 15.471 15.161 14.852 14.542 14.233 13.924 13.615 13.305 12.996 12.687 12.378 12.069 11.760 11.451 11.142 10.833 10.524 10.216  9.907  9.598  9.289  8.981  8.672  8.364  8.055  7.746  7.438  7.129  6.821  6.512  6.204  5.896  5.587  5.279  4.971  4.662  4.354  4.046  3.737  3.429  3.121  2.813  2.505  2.196  1.888  1.580  1.272  0.964  0.655  0.347 
23.547 23.236 22.925 22.615 22.304 21.993 21.683 21.372 21.062 20.751 20.441 20.130 19.820 19.510 19.200 18.890 18.579 18.269 17.959 17.649 17.339 17.030 16.720 16.410 16.100 15.791 15.481 15.171 14.862 14.552 14.243 13.933 13.624 13.315 13.005 12.696 12.387 12.078 11.768 11.459 11.150 10.841 10.532 10.223  9.914  9.605  9.296  8.987  8.679  8.370  8.061  7.752  7.444  7.135  6.826  6.518  6.209  5.900  5.592  5.283  4.974  4.666  4.357  4.049  3.740  3.432  3.123  2.815  2.506  2.198  1.890  1.581  1.273  0.964  0.656  0.347 
23.558 23.247 22.936 22.625 22.315 22.004 21.693 21.383 21.072 20.762 20.451 20.141 19.831 19.520 19.210 18.900 18.590 18.280 17.969 17.659 17.349 17.039 16.730 16.420 16.110 15.800 15.490 15.181 14.871 14.561 14.252 13.942 13.633 13.323 13.014 12.704 12.395 12.085 11.776 11.467 11.158 10.848 10.539 10.230  9.921  9.612  9.303  8.994  8.685  8.376  8.067  7.758  7.449  7.140  6.831  6.522  6.213  5.904  5.596  5.287  4.978  4.669  4.361  4.052  3.743  3.434  3.126  2.817  2.508  2.200  1.891  1.582  1.274  0.965  0.656  0.348 
23.568 23.257 22.946 22.635 22.325 22.014 21.703 21.393 21.082 20.772 20.461 20.151 19.840 19.530 19.220 18.909 18.599 18.289 17.979 17.668 17.358 17.048 16.738 16.428 16.118 15.809 15.499 15.189 14.879 14.569 14.260 13.950 13.640 13.331 13.021 12.712 12.402 12.093 11.783 11.474 11.164 10.855 10.545 10.236  9.927  9.618  9.308  8.999  8.690  8.381  8.072  7.763  7.453  7.144  6.835  6.526  6.217  5.908  5.599  5.290  4.981  4.672  4.363  4.054  3.745  3.437  3.128  2.819  2.510  2.201  1.892  1.583  1.274  0.966  0.657  0.348 
23.577 23.266 22.955 22.644 22.333 22.023 21.712 21.401 21.091 20.780 20.470 20.159 19.849 19.538 19.228 18.918 18.607 18.297 17.987 17.677 17.367 17.056 16.746 16.436 16.126 15.816 15.506 15.196 14.887 14.577 14.267 13.957 13.647 13.338 13.028 12.718 12.409 12.099 11.789 11.480 11.170 10.861 10.551 10.242  9.932  9.623  9.314  9.004  8.695  8.386  8.076  7.767  7.458  7.148  6.839  6.530  6.221  5.912  5.602  5.293  4.984  4.675  4.366  4.057  3.748  3.439  3.130  2.820  2.511  2.202  1.893  1.584  1.275  0.966  0.657  0.348 
23.585 23.274 22.963 22.652 22.342 22.031 21.720 21.410 21.099 20.788 20.478 20.167 19.857 19.546 19.236 18.926 18.615 18.305 17.995 17.684 17.374 17.064 16.754 16.444 16.133 15.823 15.513 15.203 14.893 14.583 14.274 13.964 13.654 13.344 13.034 12.724 12.415 12.105 11.795 11.485 11.176 10.866 10.557 10.247  9.937  9.628  9.318  9.009  8.699  8.390  8.080  7.771  7.462  7.152  6.843  6.533  6.224  5.915  5.605  5.296  4.987  4.677  4.368  4.059  3.750  3.440  3.131  2.822  2.513  2.204  1.894  1.585  1.276  0.967  0.657  0.348 
23.592 23.281 22.971 22.660 22.349 22.038 21.728 21.417 21.106 20.796 20.485 20.174 19.864 19.553 19.243 18.933 18.622 18.312 18.001 17.691 17.381 17.071 16.760 16.450 16.140 15.830 15.520 15.210 14.900 14.590 14.280 13.970 13.660 13.350 13.040 12.730 12.420 12.110 11.800 11.491 11.181 10.871 10.561 10.252  9.942  9.632  9.323  9.013  8.703  8.394  8.084  7.775  7.465  7.156  6.846  6.537  6.227  5.918  5.608  5.299  4.989  4.680  4.370  4.061  3.752  3.442  3.133  2.823  2.514  2.205  1.895  1.586  1.276  0.967  0.658  0.348 
23.599 23.288 22.977 22.666 22.356 22.045 21.734 21.423 21.113 20.802 20.492 20.181 19.870 19.560 19.249 18.939 18.628 18.318 18.008 17.697 17.387 17.077 16.766 16.456 16.146 15.836 15.526 15.215 14.905 14.595 14.285 13.975 13.665 13.355 13.045 12.735 12.425 12.115 11.805 11.495 11.185 10.876 10.566 10.256  9.946  9.636  9.327  9.017  8.707  8.397  8.088  7.778  7.468  7.159  6.849  6.539  6.230  5.920  5.611  5.301  4.991  4.682  4.372  4.063  3.753  3.444  3.134  2.825  2.515  2.206  1.896  1.587  1.277  0.968  0.658  0.349 
23.605 23.294 22.983 22.673 22.362 22.051 21.740 21.430 21.119 20.808 20.498 20.187 19.876 19.566 19.255 18.945 18.634 18.324 18.013 17.703 17.393 17.082 16.772 16.462 16.151 15.841 15.531 15.221 14.910 14.600 14.290 13.980 13.670 13.360 13.050 12.739 12.429 12.119 11.809 11.499 11.189 10.880 10.570 10.260  9.950  9.640  9.330  9.020  8.710  8.401  8.091  7.781  7.471  7.161  6.852  6.542  6.232  5.922  5.613  5.303  4.993  4.684  4.374  4.064  3.755  3.445  3.135  2.826  2.516  2.206  1.897  1.587  1.278  0.968  0.658  0.349 
23.611 23.300 22.989 22.678 22.367 22.057 21.746 21.435 21.124 20.814 20.503 20.192 19.882 19.571 19.261 18.950 18.640 18.329 18.019 17.708 17.398 17.087 16.777 16.467 16.156 15.846 15.536 15.225 14.915 14.605 14.295 13.984 13.674 13.364 13.054 12.744 12.434 12.123 11.813 11.503 11.193 10.883 10.573 10.263  9.953  9.643  9.333  9.023  8.713  8.403  8.094  7.784  7.474  7.164  6.854  6.544  6.234  5.925  5.615  5.305  4.995  4.685  4.376  4.066  3.756  3.446  3.136  2.827  2.517  2.207  1.897  1.588  1.278  0.968  0.658  0.349 
23.616 23.305 22.994 22.683 22.372 22.062 21.751 21.440 21.129 20.819 20.508 20.197 19.887 19.576 19.265 18.955 18.644 18.334 18.023 17.713 17.402 17.092 16.781 16.471 16.161 15.850 15.540 15.230 14.919 14.609 14.299 13.988 13.678 13.368 13.058 12.747 12.437 12.127 11.817 11.507 11.197 10.887 10.576 10.266  9.956  9.646  9.336  9.026  8.716  8.406  8.096  7.786  7.476  7.166  6.856  6.546  6.236  5.927  5.617  5.307  4.997  4.687  4.377  4.067  3.757  3.447  3.137  2.828  2.518  2.208  1.898  1.588  1.278  0.969  0.659  0.349 
23.620 23.309 22.999 22.688 22.377 22.066 21.755 21.445 21.134 20.823 20.512 20.202 19.891 19.580 19.270 18.959 18.649 18.338 18.028 17.717 17.406 17.096 16.786 16.475 16.165 15.854 15.544 15.233 14.923 14.613 14.302 13.992 13.682 13.371 13.061 12.751 12.441 12.130 11.820 11.510 11.200 10.890 10.579 10.269  9.959  9.649  9.339  9.029  8.719  8.409  8.099  7.788  7.478  7.168  6.858  6.548  6.238  5.928  5.618  5.308  4.998  4.688  4.378  4.068  3.758  3.448  3.138  2.828  2.519  2.209  1.899  1.589  1.279  0.969  0.659  0.349 
23.624 23.314 23.003 22.692 22.381 22.070 21.759 21.449 21.138 20.827 20.516 20.206 19.895 19.584 19.274 18.963 18.653 18.342 18.031 17.721 17.410 17.100 16.789 16.479 16.168 15.858 15.547 15.237 14.927 14.616 14.306 13.995 13.685 13.375 13.064 12.754 12.444 12.133 11.823 11.513 11.203 10.892 10.582 10.272  9.962  9.651  9.341  9.031  8.721  8.411  8.101  7.791  7.480  7.170  6.860  6.550  6.240  5.930  5.620  5.310  5.000  4.690  4.379  4.069  3.759  3.449  3.139  2.829  2.519  2.209  1.899  1.589  1.279  0.969  0.659  0.349 
23.628 23.317 23.006 22.696 22.385 22.074 21.763 21.452 21.142 20.831 20.520 20.209 19.899 19.588 19.277 18.967 18.656 18.346 18.035 17.724 17.414 17.103 16.793 16.482 16.172 15.861 15.551 15.240 14.930 14.619 14.309 13.998 13.688 13.378 13.067 12.757 12.446 12.136 11.826 11.515 11.205 10.895 10.585 10.274  9.964  9.654  9.343  9.033  8.723  8.413  8.103  7.792  7.482  7.172  6.862  6.552  6.241  5.931  5.621  5.311  5.001  4.691  4.381  4.070  3.760  3.450  3.140  2.830  2.520  2.210  1.900  1.589  1.279  0.969  0.659  0.349 
23.632 23.321 23.010 22.699 22.388 22.077 21.767 21.456 21.145 20.834 20.524 20.213 19.902 19.591 19.281 18.970 18.659 18.349 18.038 17.728 17.417 17.106 16.796 16.485 16.175 15.864 15.554 15.243 14.933 14.622 14.312 14.001 13.691 13.380 13.070 12.759 12.449 12.139 11.828 11.518 11.207 10.897 10.587 10.276  9.966  9.656  9.345  9.035  8.725  8.415  8.104  7.794  7.484  7.174  6.863  6.553  6.243  5.933  5.622  5.312  5.002  4.692  4.382  4.071  3.761  3.451  3.141  2.831  2.520  2.210  1.900  1.590  1.280  0.969  0.659  0.349 
23.635 23.324 23.013 22.702 22.391 22.081 21.770 21.459 21.148 20.837 20.527 20.216 19.905 19.594 19.284 18.973 18.662 18.352 18.041 17.730 17.420 17.109 16.799 16.488 16.177 15.867 15.556 15.246 14.935 14.625 14.314 14.004 13.693 13.383 13.072 12.762 12.451 12.141 11.830 11.520 11.210 10.899 10.589 10.278  9.968  9.658  9.347  9.037  8.727  8.416  8.106  7.796  7.485  7.175  6.865  6.554  6.244  5.934  5.623  5.313  5.003  4.693  4.382  4.072  3.762  3.452  3.141  2.831  2.521  2.211  1.900  1.590  1.280  0.970  0.659  0.349 
23.638 23.327 23.016 22.705 22.394 22.083 21.773 21.462 21.151 20.840 20.529 20.219 19.908 19.597 19.286 18.976 18.665 18.354 18.044 17.733 17.422 17.112 16.801 16.490 16.180 15.869 15.559 15.248 14.938 14.627 14.316 14.006 13.695 13.385 13.074 12.764 12.453 12.143 11.832 11.522 11.212 10.901 10.591 10.280  9.970  9.659  9.349  9.039  8.728  8.418  8.107  7.797  7.487  7.176  6.866  6.556  6.245  5.935  5.625  5.314  5.004  4.694  4.383  4.073  3.763  3.452  3.142  2.832  2.521  2.211  1.901  1.590  1.280  0.970  0.660  0.349 
23.640 23.329 23.018 22.708 22.397 22.086 21.775 21.464 21.153 20.843 20.532 20.221 19.910 19.600 19.289 18.978 18.667 18.357 18.046 17.735 17.425 17.114 16.803 16.493 16.182 15.872 15.561 15.250 14.940 14.629 14.319 14.008 13.697 13.387 13.076 12.766 12.455 12.145 11.834 11.524 11.213 10.903 10.592 10.282  9.971  9.661  9.350  9.040  8.730  8.419  8.109  7.798  7.488  7.177  6.867  6.557  6.246  5.936  5.625  5.315  5.005  4.694  4.384  4.074  3.763  3.453  3.142  2.832  2.522  2.211  1.901  1.591  1.280  0.970  0.660  0.349 
23.643 23.332 23.021 22.710 22.399 22.088 21.777 21.467 21.156 20.845 20.534 20.223 19.913 19.602 19.291 18.980 18.670 18.359 18.048 17.738 17.427 17.116 16.806 16.495 16.184 15.874 15.563 15.252 14.942 14.631 14.320 14.010 13.699 13.389 13.078 12.768 12.457 12.146 11.836 11.525 11.215 10.904 10.594 10.283  9.973  9.662  9.352  9.041  8.731  8.420  8.110  7.799  7.489  7.178  6.868  6.558  6.247  5.937  5.626  5.316  5.005  4.695  4.385  4.074  3.764  3.453  3.143  2.833  2.522  2.212  1.901  1.591  1.280  0.970  0.660  0.349 
23.645 23.334 23.023 22.712 22.401 22.090 21.780 21.469 21.158 20.847 20.536 20.226 19.915 19.604 19.293 18.982 18.672 18.361 18.050 17.740 17.429 17.118 16.807 16.497 16.186 15.875 15.565 15.254 14.943 14.633 14.322 14.012 13.701 13.390 13.080 12.769 12.459 12.148 11.837 11.527 11.216 10.906 10.595 10.285  9.974  9.664  9.353  9.042  8.732  8.421  8.111  7.800  7.490  7.179  6.869  6.558  6.248  5.938  5.627  5.317  5.006  4.696  4.385  4.075  3.764  3.454  3.143  2.833  2.522  2.212  1.902  1.591  1.281  0.970  0.660  0.349 
23.647 23.336 23.025 22.714 22.403 22.092 21.781 21.471 21.160 20.849 20.538 20.227 19.917 19.606 19.295 18.984 18.674 18.363 18.052 17.741 17.431 17.120 16.809 16.498 16.188 15.877 15.566 15.256 14.945 14.634 14.324 14.013 13.702 13.392 13.081 12.771 12.460 12.149 11.839 11.528 11.218 10.907 10.596 10.286  9.975  9.665  9.354  9.044  8.733  8.422  8.112  7.801  7.491  7.180  6.870  6.559  6.249  5.938  5.628  5.317  5.007  4.696  4.386  4.075  3.765  3.454  3.144  2.833  2.523  2.212  1.902  1.591  1.281  0.970  0.660  0.349 
23.648 23.337 23.027 22.716 22.405 22.094 21.783 21.472 21.162 20.851 20.540 20.229 19.918 19.608 19.297 18.986 18.675 18.364 18.054 17.743 17.432 17.121 16.811 16.500 16.189 15.879 15.568 15.257 14.947 14.636 14.325 14.014 13.704 13.393 13.083 12.772 12.461 12.151 11.840 11.529 11.219 10.908 10.598 10.287  9.976  9.666  9.355  9.045  8.734  8.423  8.113  7.802  7.492  7.181  6.871  6.560  6.249  5.939  5.628  5.318  5.007  4.697  4.386  4.076  3.765  3.455  3.144  2.834  2.523  2.212  1.902  1.591  1.281  0.970  0.660  0.349 
23.650 23.339 23.028 22.717 22.406 22.096 21.785 21.474 21.163 20.852 20.541 20.231 19.920 19.609 19.298 18.987 18.677 18.366 18.055 17.744 17.434 17.123 16.812 16.501 16.191 15.880 15.569 15.259 14.948 14.637 14.326 14.016 13.705 13.394 13.084 12.773 12.462 12.152 11.841 11.530 11.220 10.909 10.599 10.288  9.977  9.667  9.356  9.045  8.735  8.424  8.114  7.803  7.492  7.182  6.871  6.561  6.250  5.940  5.629  5.318  5.008  4.697  4.387  4.076  3.766  3.455  3.144  2.834  2.523  2.213  1.902  1.592  1.281  0.970  0.660  0.349 
23.651 23.341 23.030 22.719 22.408 22.097 21.786 21.475 21.165 20.854 20.543 20.232 19.921 19.610 19.300 18.989 18.678 18.367 18.057 17.746 17.435 17.124 16.813 16.503 16.192 15.881 15.571 15.260 14.949 14.638 14.328 14.017 13.706 13.396 13.085 12.774 12.463 12.153 11.842 11.531 11.221 10.910 10.599 10.289  9.978  9.668  9.357  9.046  8.736  8.425  8.114  7.804  7.493  7.182  6.872  6.561  6.251  5.940  5.629  5.319  5.008  4.698  4.387  4.076  3.766  3.455  3.145  2.834  2.523  2.213  1.902  1.592  1.281  0.971  0.660  0.349 
23.653 23.342 23.031 22.720 22.409 22.098 21.788 21.477 21.166 20.855 20.544 20.233 19.923 19.612 19.301 18.990 18.679 18.369 18.058 17.747 17.436 17.125 16.815 16.504 16.193 15.882 15.572 15.261 14.950 14.639 14.329 14.018 13.707 13.397 13.086 12.775 12.464 12.154 11.843 11.532 11.222 10.911 10.600 10.290  9.979  9.668  9.358  9.047  8.736  8.426  8.115  7.804  7.494  7.183  6.872  6.562  6.251  5.941  5.630  5.319  5.009  4.698  4.387  4.077  3.766  3.456  3.145  2.834  2.524  2.213  1.902  1.592  1.281  0.971  0.660  0.349 
23.654 23.343 23.032 22.721 22.410 22.100 21.789 21.478 21.167 20.856 20.545 20.234 19.924 19.613 19.302 18.991 18.680 18.370 18.059 17.748 17.437 17.126 16.816 16.505 16.194 15.883 15.573 15.262 14.951 14.640 14.330 14.019 13.708 13.397 13.087 12.776 12.465 12.155 11.844 11.533 11.222 10.912 10.601 10.290  9.980  9.669  9.358  9.048  8.737  8.426  8.116  7.805  7.494  7.184  6.873  6.562  6.252  5.941  5.630  5.320  5.009  4.698  4.388  4.077  3.766  3.456  3.145  2.835  2.524  2.213  1.903  1.592  1.281  0.971  0.660  0.349 
23.655 23.344 23.033 22.722 22.411 22.101 21.790 21.479 21.168 20.857 20.546 20.236 19.925 19.614 19.303 18.992 18.681 18.371 18.060 17.749 17.438 17.127 16.817 16.506 16.195 15.884 15.574 15.263 14.952 14.641 14.331 14.020 13.709 13.398 13.088 12.777 12.466 12.155 11.845 11.534 11.223 10.912 10.602 10.291  9.980  9.670  9.359  9.048  8.738  8.427  8.116  7.805  7.495  7.184  6.873  6.563  6.252  5.941  5.631  5.320  5.009  4.699  4.388  4.077  3.767  3.456  3.145  2.835  2.524  2.213  1.903  1.592  1.281  0.971  0.660  0.349 
23.656 23.345 23.034 22.723 22.412 22.102 21.791 21.480 21.169 20.858 20.547 20.237 19.926 19.615 19.304 18.993 18.682 18.372 18.061 17.750 17.439 17.128 16.818 16.507 16.196 15.885 15.574 15.264 14.953 14.642 14.331 14.021 13.710 13.399 13.088 12.778 12.467 12.156 11.845 11.535 11.224 10.913 10.602 10.292  9.981  9.670  9.360  9.049  8.738  8.427  8.117  7.806  7.495  7.185  6.874  6.563  6.252  5.942  5.631  5.320  5.010  4.699  4.388  4.078  3.767  3.456  3.146  2.835  2.524  2.213  1.903  1.592  1.281  0.971  0.660  0.349 
23.657 23.346 23.035 22.724 22.413 22.102 21.792 21.481 21.170 20.859 20.548 20.237 19.927 19.616 19.305 18.994 18.683 18.372 18.062 17.751 17.440 17.129 16.818 16.508 16.197 15.886 15.575 15.264 14.954 14.643 14.332 14.021 13.711 13.400 13.089 12.778 12.467 12.157 11.846 11.535 11.224 10.914 10.603 10.292  9.981  9.671  9.360  9.049  8.739  8.428  8.117  7.806  7.496  7.185  6.874  6.563  6.253  5.942  5.631  5.321  5.010  4.699  4.389  4.078  3.767  3.456  3.146  2.835  2.524  2.214  1.903  1.592  1.281  0.971  0.660  0.349 
23.658 23.347 23.036 22.725 22.414 22.103 21.792 21.482 21.171 20.860 20.549 20.238 19.927 19.616 19.306 18.995 18.684 18.373 18.062 17.752 17.441 17.130 16.819 16.508 16.197 15.887 15.576 15.265 14.954 14.643 14.333 14.022 13.711 13.400 13.090 12.779 12.468 12.157 11.847 11.536 11.225 10.914 10.603 10.293  9.982  9.671  9.360  9.050  8.739  8.428  8.117  7.807  7.496  7.185  6.875  6.564  6.253  5.942  5.632  5.321  5.010  4.699  4.389  4.078  3.767  3.457  3.146  2.835  2.524  2.214  1.903  1.592  1.281  0.971  0.660  0.349 
23.658 23.347 23.037 22.726 22.415 22.104 21.793 21.482 21.171 20.861 20.550 20.239 19.928 19.617 19.306 18.995 18.685 18.374 18.063 17.752 17.441 17.131 16.820 16.509 16.198 15.887 15.576 15.266 14.955 14.644 14.333 14.022 13.712 13.401 13.090 12.779 12.469 12.158 11.847 11.536 11.225 10.915 10.604 10.293  9.982  9.672  9.361  9.050  8.739  8.429  8.118  7.807  7.496  7.186  6.875  6.564  6.253  5.943  5.632  5.321  5.010  4.700  4.389  4.078  3.767  3.457  3.146  2.835  2.524  2.214  1.903  1.592  1.282  0.971  0.660  0.349 
23.659 23.348 23.037 22.726 22.416 22.105 21.794 21.483 21.172 20.861 20.550 20.240 19.929 19.618 19.307 18.996 18.685 18.374 18.064 17.753 17.442 17.131 16.820 16.509 16.199 15.888 15.577 15.266 14.955 14.645 14.334 14.023 13.712 13.401 13.091 12.780 12.469 12.158 11.847 11.537 11.226 10.915 10.604 10.294  9.983  9.672  9.361  9.050  8.740  8.429  8.118  7.807  7.497  7.186  6.875  6.564  6.254  5.943  5.632  5.321  5.011  4.700  4.389  4.078  3.768  3.457  3.146  2.835  2.525  2.214  1.903  1.592  1.282  0.971  0.660  0.349 
23.660 23.349 23.038 22.727 22.416 22.105 21.794 21.484 21.173 20.862 20.551 20.240 19.929 19.618 19.308 18.997 18.686 18.375 18.064 17.753 17.442 17.132 16.821 16.510 16.199 15.888 15.578 15.267 14.956 14.645 14.334 14.023 13.713 13.402 13.091 12.780 12.469 12.159 11.848 11.537 11.226 10.915 10.605 10.294  9.983  9.672  9.362  9.051  8.740  8.429  8.118  7.808  7.497  7.186  6.875  6.565  6.254  5.943  5.632  5.322  5.011  4.700  4.389  4.078  3.768  3.457  3.146  2.835  2.525  2.214  1.903  1.592  1.282  0.971  0.660  0.349 
23.660 23.349 23.038 22.728 22.417 22.106 21.795 21.484 21.173 20.862 20.551 20.241 19.930 19.619 19.308 18.997 18.686 18.376 18.065 17.754 17.443 17.132 16.821 16.510 16.200 15.889 15.578 15.267 14.956 14.645 14.335 14.024 13.713 13.402 13.091 12.780 12.468 12.157 11.846 11.534 11.222 10.910 10.597 10.284  9.970  9.655  9.339  9.022  8.703  8.383  8.061  7.736  7.408  7.077  6.742  6.403  6.060  5.711  5.356  4.996  4.628  4.253  3.869  3.476  3.071  2.652  2.216  1.760  1.283  0.787  0.278 -0.297 -0.839 -1.380 -1.921 -2.460 
23.653 23.342 23.031 22.719 22.408 22.096 21.785 21.473 21.161 20.848 20.536 20.223 19.910 19.597 19.283 18.969 18.655 18.340 18.025 17.710 17.393 17.077 16.760 16.442 16.123 15.804 15.484 15.164 14.842 14.520 14.196 13.872 13.546 13.219 12.891 12.562 12.232 11.900 11.567 11.232 10.896 10.558 10.218  9.877  9.535  9.190  8.844  8.496  8.147  7.795  7.442  7.087  6.730  6.372  6.012  5.651  5.287  4.923  4.557  4.190  3.821  3.451  3.081  2.709  2.337  1.965  1.592  1.219  0.846  0.473  0.100 -0.125 -0.255 -0.368 -0.476 -0.580 
23.575 23.264 22.952 22.640 22.327 22.014 21.700 21.386 21.071 20.756 20.440 20.124 19.807 19.489 19.171 18.852 18.533 18.213 17.892 17.571 17.250 16.927 16.604 16.280 15.956 15.631 15.306 14.979 14.653 14.325 13.997 13.669 13.340 13.010 12.680 12.350 12.019 11.688 11.357 11.026 10.694 10.363 10.033  9.703  9.373  9.045  8.717  8.391  8.067  7.745  7.425  7.108  6.794  6.483  6.177  5.874  5.577  5.285  4.998  4.717  4.443  4.176  3.916  3.664  3.420  3.184  2.956  2.737  2.527  2.325  2.132  1.948  1.773  1.607  1.449  1.300 
23.461 23.150 22.839 22.527 22.215 21.902 21.589 21.276 20.962 20.649 20.334 20.020 19.705 19.390 19.075 18.760 18.444 18.129 17.813 17.497 17.182 16.866 16.551 16.235 15.920 15.605 15.291 14.977 14.663 14.350 14.037 13.725 13.414 13.103 12.793 12.485 12.177 11.870 11.564 11.260 10.957 10.655 10.354 10.055  9.757  9.461  9.167  8.874  8.582  8.293  8.005  7.719  7.435  7.152  6.871  6.592  6.315  6.039  5.765  5.493  5.222  4.953  4.685  4.419  4.154  3.891  3.628  3.367  3.106  2.847  2.588  2.329  2.072  1.814  1.557  1.300 
23.429 23.118 22.807 22.497 22.186 21.876 21.565 21.255 20.945 20.634 20.324 20.015 19.705 19.395 19.086 18.777 18.468 18.160 17.851 17.543 17.236 16.928 16.621 16.315 16.009 15.703 15.398 15.093 14.789 14.486 14.183 13.880 13.578 13.277 12.977 12.677 12.378 12.080 11.782 11.486 11.190 10.895 10.600 10.307 10.014  9.722  9.431  9.141  8.852  8.564  8.276  7.989  7.703  7.418  7.134  6.851  6.568  6.286  6.005  5.724  5.444  5.165  4.886  4.608  4.330  4.053  3.777  3.500  3.224  2.949  2.674  2.399  2.124  1.849  1.575  1.300 
23.475 23.165 22.854 22.544 22.234 21.925 21.616 21.307 20.998 20.690 20.382 20.075 19.767 19.461 19.154 18.848 18.542 18.237 17.932 17.627 17.323 17.019 16.716 16.413 16.110 15.808 15.507 15.205 14.905 14.605 14.305 14.006 13.707 13.409 13.111 12.814 12.517 12.221 11.925 11.630 11.335 11.041 10.748 10.455 10.162  9.870  9.579  9.288  8.997  8.707  8.418  8.129  7.841  7.553  7.265  6.978  6.691  6.405  6.119  5.833  5.548  5.263  4.979  4.695  4.411  4.127  3.844  3.561  3.278  2.995  2.712  2.429  2.147  1.865  1.582  1.300 
23.555 23.244 22.934 22.624 22.314 22.005 21.696 21.388 21.080 20.772 20.465 20.158 19.852 19.546 19.240 18.935 18.630 18.326 18.022 17.718 17.415 17.112 16.810 16.508 16.206 15.905 15.604 15.304 15.004 14.704 14.405 14.106 13.808 13.510 13.213 12.916 12.619 12.323 12.027 11.732 11.437 11.142 10.848 10.554 10.260  9.967  9.674  9.382  9.090  8.798  8.507  8.216  7.925  7.635  7.344  7.055  6.765  6.476  6.187  5.898  5.609  5.321  5.033  4.745  4.457  4.170  3.882  3.595  3.308  3.021  2.734  2.447  2.160  1.873  1.587  1.300 
23.643 23.332 23.022 22.712 22.402 22.093 21.784 21.476 21.168 20.861 20.553 20.247 19.940 19.634 19.329 19.024 18.719 18.414 18.110 17.807 17.503 17.200 16.898 16.596 16.294 15.993 15.692 15.391 15.091 14.791 14.491 14.192 13.893 13.595 13.297 12.999 12.702 12.405 12.108 11.811 11.515 11.220 10.924 10.629 10.334 10.040  9.745  9.451  9.158  8.864  8.571  8.278  7.985  7.693  7.401  7.109  6.817  6.525  6.234  5.943  5.652  5.361  5.070  4.780  4.489  4.199  3.909  3.619  3.328  3.039  2.749  2.459  2.169  1.879  1.590  1.300 
23.729 23.418 23.108 22.798 22.488 22.179 21.870 21.562 21.254 20.946 20.639 20.332 20.025 19.719 19.413 19.108 18.802 18.498 18.193 17.889 17.586 17.282 16.979 16.677 16.374 16.072 15.771 15.469 15.168 14.868 14.567 14.267 13.968 13.668 13.369 13.071 12.772 12.474 12.176 11.879 11.581 11.284 10.988 10.691 10.395 10.099  9.803  9.508  9.212  8.917  8.622  8.328  8.033  7.739  7.445  7.151  6.858  6.564  6.271  5.978  5.685  5.392  5.099  4.806  4.514  4.221  3.929  3.637  3.344  3.052  2.760  2.468  2.176  1.884  1.592  1.300 
23.810 23.499 23.189 22.879 22.569 22.260 21.951 21.642 21.334 21.026 20.718 20.411 20.104 19.798 19.491 19.186 18.880 18.575 18.270 17.965 17.661 17.357 17.053 16.750 16.447 16.144 15.842 15.540 15.238 14.937 14.636 14.335 14.034 13.734 13.434 13.134 12.834 12.535 12.236 11.937 11.639 11.341 11.043 10.745 10.447 10.150  9.853  9.556  9.259  8.963  8.666  8.370  8.074  7.779  7.483  7.187  6.892  6.597  6.302  6.007  5.712  5.418  5.123  4.829  4.534  4.240  3.946  3.652  3.357  3.063  2.769  2.476  2.182  1.888  1.594  1.300 
23.884 23.574 23.263 22.953 22.643 22.334 22.025 21.716 21.408 21.099 20.791 20.484 20.177 19.870 19.563 19.257 18.951 18.645 18.340 18.034 17.730 17.425 17.121 16.817 16.513 16.210 15.907 15.604 15.301 14.999 14.697 14.395 14.094 13.792 13.491 13.191 12.890 12.590 12.290 11.990 11.690 11.391 11.092 10.793 10.494 10.195  9.897  9.599  9.301  9.003  8.705  8.408  8.110  7.813  7.516  7.219  6.922  6.626  6.329  6.033  5.736  5.440  5.144  4.848  4.552  4.256  3.960  3.665  3.369  3.073  2.778  2.482  2.187  1.891  1.596  1.300 
23.952 23.642 23.331 23.021 22.711 22.402 22.092 21.783 21.475 21.166 20.858 20.550 20.243 19.935 19.628 19.322 19.015 18.709 18.403 18.097 17.792 17.487 17.182 16.878 16.573 16.269 15.965 15.662 15.358 15.055 14.752 14.450 14.147 13.845 13.543 13.242 12.940 12.639 12.338 12.037 11.736 11.436 11.136 10.836 10.536 10.236  9.936  9.637  9.338  9.039  8.740  8.441  8.142  7.844  7.546  7.247  6.949  6.651  6.353  6.056  5.758  5.460  5.163  4.865  4.568  4.271  3.973  3.676  3.379  3.082  2.785  2.488  2.191  1.894  1.597  1.300 
24.014 23.704 23.393 23.083 22.773 22.463 22.154 21.845 21.536 21.227 20.919 20.611 20.303 19.995 19.688 19.381 19.074 18.767 18.461 18.155 17.849 17.543 17.238 16.933 16.628 16.323 16.018 15.714 15.410 15.106 14.803 14.499 14.196 13.893 13.590 13.288 12.986 12.683 12.381 12.080 11.778 11.477 11.175 10.874 10.573 10.273  9.972  9.672  9.371  9.071  8.771  8.471  8.171  7.872  7.572  7.273  6.973  6.674  6.375  6.076  5.777  5.478  5.180  4.881  4.582  4.284  3.985  3.687  3.388  3.090  2.791  2.493  2.195  1.897  1.598  1.300 
24.071 23.760 23.449 23.139 22.829 22.519 22.210 21.900 21.591 21.282 20.974 20.665 20.357 20.049 19.742 19.434 19.127 18.820 18.513 18.206 17.900 17.594 17.288 16.982 16.677 16.372 16.067 15.762 15.457 15.153 14.848 14.544 14.240 13.937 13.633 13.330 13.027 12.724 12.421 12.118 11.816 11.513 11.211 10.909 10.607 10.306 10.004  9.703  9.401  9.100  8.799  8.498  8.197  7.897  7.596  7.296  6.995  6.695  6.395  6.095  5.795  5.495  5.195  4.895  4.595  4.295  3.996  3.696  3.396  3.097  2.797  2.498  2.198  1.899  1.599  1.300 
24.122 23.811 23.500 23.190 22.880 22.570 22.260 21.951 21.641 21.332 21.024 20.715 20.407 20.098 19.790 19.483 19.175 18.868 18.560 18.253 17.947 17.640 17.334 17.028 16.722 16.416 16.110 15.805 15.499 15.194 14.890 14.585 14.280 13.976 13.672 13.368 13.064 12.760 12.457 12.153 11.850 11.547 11.244 10.941 10.638 10.336 10.033  9.731  9.429  9.127  8.825  8.523  8.221  7.919  7.618  7.316  7.015  6.714  6.413  6.111  5.810  5.509  5.208  4.908  4.607  4.306  4.005  3.705  3.404  3.103  2.803  2.502  2.202  1.901  1.601  1.300 
24.168 23.857 23.546 23.236 22.926 22.616 22.306 21.996 21.687 21.378 21.069 20.760 20.451 20.143 19.835 19.527 19.219 18.911 18.603 18.296 17.989 17.682 17.375 17.069 16.762 16.456 16.150 15.844 15.538 15.232 14.927 14.622 14.317 14.012 13.707 13.402 13.098 12.793 12.489 12.185 11.881 11.577 11.273 10.970 10.666 10.363 10.060  9.757  9.454  9.151  8.848  8.545  8.243  7.940  7.638  7.335  7.033  6.731  6.429  6.127  5.825  5.523  5.221  4.919  4.617  4.316  4.014  3.712  3.411  3.109  2.808  2.506  2.204  1.903  1.601  1.300 
24.210 23.899 23.588 23.278 22.968 22.658 22.348 22.038 21.728 21.419 21.110 20.801 20.492 20.183 19.875 19.566 19.258 18.950 18.642 18.335 18.027 17.720 17.413 17.106 16.799 16.492 16.186 15.879 15.573 15.267 14.961 14.655 14.349 14.044 13.738 13.433 13.128 12.823 12.518 12.214 11.909 11.604 11.300 10.996 10.692 10.388 10.084  9.780  9.476  9.172  8.869  8.565  8.262  7.959  7.655  7.352  7.049  6.746  6.443  6.140  5.838  5.535  5.232  4.930  4.627  4.324  4.022  3.719  3.417  3.114  2.812  2.510  2.207  1.905  1.602  1.300 
24.248 23.937 23.626 23.316 23.005 22.695 22.385 22.075 21.766 21.456 21.147 20.838 20.529 20.220 19.911 19.602 19.294 18.986 18.678 18.370 18.062 17.754 17.447 17.139 16.832 16.525 16.218 15.911 15.605 15.298 14.992 14.685 14.379 14.073 13.767 13.461 13.156 12.850 12.545 12.240 11.934 11.629 11.324 11.019 10.715 10.410 10.105  9.801  9.496  9.192  8.888  8.584  8.280  7.976  7.672  7.368  7.064  6.760  6.457  6.153  5.849  5.546  5.242  4.939  4.636  4.332  4.029  3.726  3.422  3.119  2.816  2.513  2.210  1.906  1.603  1.300 
24.282 23.971 23.661 23.350 23.040 22.730 22.419 22.110 21.800 21.490 21.181 20.871 20.562 20.253 19.944 19.635 19.327 19.018 18.710 18.401 18.093 17.785 17.478 17.170 16.862 16.555 16.248 15.940 15.633 15.326 15.019 14.713 14.406 14.100 13.793 13.487 13.181 12.875 12.569 12.263 11.957 11.652 11.346 11.041 10.735 10.430 10.125  9.820  9.515  9.210  8.905  8.600  8.296  7.991  7.686  7.382  7.077  6.773  6.469  6.164  5.860  5.556  5.252  4.948  4.643  4.339  4.035  3.731  3.427  3.123  2.819  2.516  2.212  1.908  1.604  1.300 
24.313 24.003 23.692 23.381 23.071 22.761 22.450 22.140 21.831 21.521 21.211 20.902 20.592 20.283 19.974 19.665 19.356 19.047 18.739 18.430 18.122 17.814 17.506 17.198 16.890 16.582 16.274 15.967 15.659 15.352 15.045 14.738 14.431 14.124 13.817 13.510 13.204 12.897 12.591 12.284 11.978 11.672 11.366 11.060 10.754 10.448 10.143  9.837  9.532  9.226  8.921  8.615  8.310  8.005  7.700  7.394  7.089  6.784  6.479  6.175  5.870  5.565  5.260  4.955  4.651  4.346  4.041  3.737  3.432  3.127  2.823  2.518  2.214  1.909  1.605  1.300 
24.342 24.031 23.720 23.410 23.099 22.789 22.479 22.168 21.858 21.549 21.239 20.929 20.620 20.310 20.001 19.692 19.383 19.074 18.765 18.456 18.148 17.839 17.531 17.223 16.914 16.606 16.298 15.991 15.683 15.375 15.068 14.760 14.453 14.146 13.838 13.531 13.224 12.917 12.611 12.304 11.997 11.691 11.384 11.078 10.771 10.465 10.159  9.853  9.547  9.241  8.935  8.629  8.323  8.017  7.712  7.406  7.100  6.795  6.489  6.184  5.878  5.573  5.268  4.962  4.657  4.352  4.047  3.741  3.436  3.131  2.826  2.521  2.215  1.910  1.605  1.300 
24.367 24.056 23.746 23.435 23.125 22.814 22.504 22.194 21.884 21.574 21.264 20.954 20.645 20.335 20.026 19.716 19.407 19.098 18.789 18.480 18.171 17.862 17.554 17.245 16.937 16.629 16.320 16.012 15.704 15.396 15.088 14.781 14.473 14.165 13.858 13.550 13.243 12.936 12.629 12.321 12.014 11.707 11.400 11.094 10.787 10.480 10.174  9.867  9.560  9.254  8.948  8.641  8.335  8.029  7.723  7.416  7.110  6.804  6.498  6.192  5.886  5.580  5.275  4.969  4.663  4.357  4.051  3.746  3.440  3.134  2.828  2.523  2.217  1.911  1.606  1.300 
24.391 24.080 23.769 23.458 23.148 22.837 22.527 22.217 21.907 21.597 21.287 20.977 20.667 20.357 20.048 19.738 19.429 19.120 18.811 18.501 18.192 17.884 17.575 17.266 16.957 16.649 16.340 16.032 15.724 15.415 15.107 14.799 14.491 14.183 13.875 13.568 13.260 12.952 12.645 12.337 12.030 11.723 11.415 11.108 10.801 10.494 10.187  9.880  9.573  9.266  8.959  8.652  8.346  8.039  7.732  7.426  7.119  6.813  6.506  6.200  5.894  5.587  5.281  4.974  4.668  4.362  4.056  3.749  3.443  3.137  2.831  2.525  2.218  1.912  1.606  1.300 
