31.716 31.405 31.094 30.783 30.473 30.162 29.851 29.540 29.229 28.918 28.607 28.296 27.985 27.674 27.364 27.053 26.742 26.431 26.120 25.809 25.498 25.187 24.876 24.565 24.254 23.943 23.632 23.321 23.010 22.699 22.388 22.077 21.766 21.454 21.143 20.832 20.520 20.209 19.897 19.586 19.274 18.962 18.651 18.339 18.026 17.714 17.402 17.089 16.776 16.464 16.150 15.837 15.523 15.209 14.895 14.581 14.266 13.951 13.635 13.319 13.003 12.686 12.368 12.050 11.732 11.413 11.093 10.773 10.452 10.130  9.808  9.485  9.160  8.835  8.510  8.183 
31.714 31.403 31.092 30.781 30.470 30.159 29.848 29.537 29.226 28.915 28.604 28.293 27.982 27.670 27.359 27.048 26.736 26.425 26.113 25.802 25.490 25.179 24.867 24.555 24.243 23.931 23.619 23.307 22.995 22.682 22.370 22.057 21.745 21.432 21.119 20.805 20.492 20.178 19.865 19.551 19.236 18.922 18.607 18.292 17.977 17.661 17.346 17.029 16.713 16.396 16.079 15.761 15.443 15.125 14.806 14.486 14.166 13.846 13.525 13.204 12.882 12.559 12.236 11.912 11.587 11.262 10.936 10.609 10.282  9.953  9.624  9.294  8.964  8.632  8.299  7.966 
31.703 31.392 31.081 30.770 30.459 30.148 29.836 29.525 29.213 28.902 28.590 28.278 27.966 27.655 27.342 27.030 26.718 26.406 26.093 25.780 25.468 25.155 24.842 24.528 24.215 23.901 23.588 23.274 22.960 22.645 22.331 22.016 21.701 21.386 21.071 20.755 20.439 20.123 19.806 19.490 19.172 18.855 18.537 18.219 17.900 17.581 17.262 16.942 16.622 16.301 15.980 15.659 15.337 15.014 14.691 14.367 14.043 13.718 13.393 13.067 12.740 12.413 12.085 11.756 11.426 11.096 10.765 10.433 10.101  9.767  9.433  9.098  8.762  8.425  8.087  7.749 
31.678 31.367 31.056 30.744 30.433 30.121 29.810 29.498 29.186 28.874 28.561 28.249 27.936 27.623 27.310 26.997 26.684 26.370 26.056 25.742 25.428 25.114 24.799 24.485 24.169 23.854 23.539 23.223 22.907 22.590 22.274 21.957 21.640 21.322 21.004 20.686 20.368 20.049 19.730 19.410 19.090 18.770 18.449 18.127 17.806 17.484 17.161 16.838 16.514 16.190 15.866 15.540 15.215 14.888 14.562 14.234 13.906 13.577 13.248 12.918 12.587 12.255 11.923 11.590 11.257 10.922 10.587 10.251  9.914  9.576  9.238  8.898  8.558  8.217  7.875  7.531 
31.637 31.326 31.014 30.703 30.391 30.079 29.767 29.455 29.142 28.830 28.517 28.203 27.890 27.576 27.262 26.948 26.634 26.319 26.004 25.689 25.373 25.057 24.741 24.425 24.108 23.791 23.474 23.156 22.838 22.520 22.201 21.882 21.563 21.243 20.923 20.602 20.281 19.960 19.638 19.316 18.993 18.670 18.347 18.022 17.698 17.373 17.047 16.721 16.394 16.067 15.739 15.411 15.082 14.752 14.422 14.091 13.759 13.427 13.094 12.761 12.426 12.091 11.755 11.419 11.081 10.743 10.404 10.064  9.724  9.382  9.040  8.697  8.352  8.007  7.661  7.314 
31.580 31.269 30.958 30.646 30.334 30.022 29.709 29.397 29.084 28.770 28.457 28.143 27.828 27.514 27.199 26.884 26.568 26.252 25.936 25.620 25.303 24.986 24.668 24.350 24.032 23.714 23.395 23.075 22.755 22.435 22.115 21.794 21.472 21.150 20.828 20.505 20.182 19.858 19.534 19.210 18.885 18.559 18.233 17.906 17.579 17.251 16.923 16.594 16.264 15.934 15.603 15.272 14.940 14.607 14.274 13.940 13.605 13.270 12.934 12.597 12.259 11.921 11.582 11.242 10.901 10.560 10.218  9.874  9.530  9.186  8.840  8.493  8.146  7.797  7.448  7.097 
31.509 31.198 30.886 30.574 30.262 29.950 29.637 29.324 29.010 28.696 28.382 28.068 27.753 27.437 27.122 26.805 26.489 26.172 25.855 25.537 25.219 24.901 24.582 24.263 23.943 23.623 23.302 22.981 22.660 22.338 22.016 21.693 21.370 21.046 20.722 20.397 20.072 19.746 19.420 19.093 18.765 18.438 18.109 17.780 17.450 17.120 16.789 16.458 16.126 15.793 15.460 15.126 14.791 14.455 14.119 13.783 13.445 13.107 12.768 12.428 12.088 11.746 11.404 11.062 10.718 10.373 10.028  9.682  9.335  8.987  8.638  8.288  7.938  7.586  7.233  6.880 
31.424 31.113 30.801 30.489 30.177 29.864 29.551 29.238 28.924 28.609 28.295 27.979 27.664 27.348 27.031 26.714 26.397 26.079 25.761 25.442 25.123 24.804 24.483 24.163 23.842 23.521 23.199 22.876 22.553 22.230 21.906 21.581 21.256 20.931 20.605 20.278 19.951 19.624 19.295 18.966 18.637 18.307 17.976 17.645 17.313 16.981 16.648 16.314 15.980 15.645 15.309 14.972 14.635 14.297 13.959 13.619 13.279 12.939 12.597 12.255 11.912 11.568 11.223 10.877 10.531 10.184  9.836  9.487  9.137  8.786  8.435  8.082  7.729  7.374  7.019  6.663 
31.327 31.016 30.704 30.392 30.079 29.767 29.453 29.139 28.825 28.510 28.195 27.879 27.563 27.246 26.929 26.611 26.293 25.974 25.655 25.336 25.016 24.695 24.374 24.052 23.730 23.407 23.084 22.760 22.436 22.111 21.786 21.460 21.133 20.806 20.479 20.151 19.822 19.492 19.162 18.832 18.500 18.168 17.836 17.503 17.169 16.834 16.499 16.163 15.827 15.490 15.152 14.813 14.474 14.134 13.793 13.451 13.109 12.766 12.422 12.077 11.732 11.385 11.038 10.690 10.341  9.992  9.641  9.290  8.937  8.584  8.230  7.875  7.519  7.162  6.805  6.446 
31.218 30.907 30.596 30.283 29.971 29.658 29.344 29.030 28.715 28.400 28.084 27.768 27.451 27.134 26.816 26.498 26.179 25.859 25.539 25.219 24.898 24.576 24.254 23.932 23.608 23.285 22.960 22.635 22.310 21.984 21.657 21.330 21.002 20.673 20.344 20.014 19.684 19.353 19.021 18.689 18.356 18.022 17.688 17.353 17.018 16.681 16.344 16.007 15.668 15.329 14.989 14.648 14.307 13.965 13.622 13.278 12.934 12.589 12.243 11.896 11.548 11.200 10.850 10.500 10.149  9.797  9.444  9.091  8.736  8.381  8.024  7.667  7.309  6.950  6.590  6.229 
31.100 30.789 30.477 30.165 29.852 29.539 29.225 28.910 28.595 28.280 27.963 27.647 27.330 27.012 26.693 26.374 26.055 25.735 25.414 25.093 24.771 24.448 24.125 23.802 23.478 23.153 22.827 22.501 22.175 21.847 21.520 21.191 20.862 20.532 20.202 19.870 19.539 19.206 18.873 18.539 18.205 17.870 17.534 17.197 16.860 16.522 16.183 15.844 15.504 15.163 14.821 14.479 14.136 13.792 13.447 13.101 12.755 12.408 12.060 11.711 11.361 11.011 10.660 10.308  9.954  9.601  9.246  8.890  8.533  8.176  7.818  7.458  7.098  6.737  6.375  6.011 
30.972 30.661 30.349 30.037 29.724 29.410 29.096 28.782 28.466 28.150 27.834 27.517 27.199 26.881 26.562 26.242 25.922 25.601 25.280 24.958 24.636 24.312 23.988 23.664 23.339 23.013 22.687 22.360 22.032 21.704 21.375 21.045 20.715 20.384 20.052 19.720 19.387 19.053 18.719 18.383 18.048 17.711 17.374 17.036 16.697 16.358 16.017 15.676 15.335 14.992 14.649 14.305 13.960 13.614 13.268 12.921 12.573 12.224 11.874 11.523 11.172 10.820 10.467 10.113  9.758  9.402  9.045  8.688  8.329  7.970  7.610  7.249  6.886  6.523  6.159  5.794 
30.836 30.525 30.213 29.901 29.588 29.274 28.960 28.645 28.329 28.013 27.696 27.379 27.060 26.742 26.422 26.102 25.782 25.460 25.138 24.816 24.492 24.169 23.844 23.519 23.193 22.866 22.539 22.211 21.882 21.553 21.223 20.893 20.561 20.229 19.896 19.563 19.229 18.894 18.558 18.222 17.885 17.547 17.208 16.869 16.529 16.188 15.847 15.504 15.161 14.817 14.472 14.127 13.780 13.433 13.085 12.736 12.387 12.036 11.685 11.333 10.980 10.626 10.271  9.916  9.559  9.202  8.843  8.484  8.124  7.763  7.401  7.038  6.674  6.310  5.944  5.577 
30.693 30.381 30.069 29.757 29.444 29.130 28.815 28.500 28.184 27.868 27.551 27.233 26.914 26.595 26.276 25.955 25.634 25.312 24.990 24.666 24.342 24.018 23.693 23.367 23.040 22.713 22.385 22.056 21.727 21.396 21.066 20.734 20.402 20.069 19.735 19.400 19.065 18.729 18.393 18.055 17.717 17.378 17.038 16.698 16.356 16.014 15.671 15.328 14.983 14.638 14.292 13.945 13.597 13.249 12.899 12.549 12.198 11.846 11.494 11.140 10.785 10.430 10.074  9.717  9.359  9.000  8.640  8.279  7.918  7.555  7.192  6.827  6.462  6.096  5.728  5.360 
30.542 30.231 29.919 29.606 29.293 28.979 28.664 28.349 28.033 27.716 27.399 27.081 26.762 26.442 26.122 25.801 25.480 25.157 24.834 24.511 24.186 23.861 23.535 23.209 22.881 22.553 22.225 21.895 21.565 21.234 20.902 20.570 20.237 19.903 19.568 19.233 18.897 18.560 18.222 17.884 17.544 17.204 16.863 16.522 16.179 15.836 15.492 15.147 14.802 14.455 14.108 13.760 13.411 13.061 12.711 12.359 12.007 11.654 11.300 10.945 10.589 10.232  9.875  9.516  9.157  8.797  8.435  8.073  7.710  7.346  6.981  6.616  6.249  5.881  5.513  5.143 
30.385 30.074 29.762 29.449 29.136 28.822 28.507 28.192 27.875 27.558 27.241 26.922 26.603 26.283 25.963 25.642 25.320 24.997 24.673 24.349 24.024 23.699 23.372 23.045 22.717 22.388 22.059 21.729 21.398 21.066 20.734 20.401 20.067 19.732 19.397 19.061 18.724 18.386 18.047 17.708 17.368 17.027 16.685 16.342 15.999 15.655 15.310 14.964 14.617 14.269 13.921 13.572 13.222 12.871 12.519 12.167 11.813 11.459 11.104 10.747 10.390 10.033  9.674  9.314  8.954  8.592  8.230  7.866  7.502  7.137  6.771  6.404  6.036  5.667  5.297  4.926 
30.223 29.912 29.600 29.287 28.973 28.659 28.344 28.029 27.712 27.395 27.077 26.759 26.439 26.119 25.798 25.477 25.154 24.831 24.507 24.183 23.857 23.531 23.204 22.876 22.548 22.219 21.889 21.558 21.227 20.894 20.561 20.227 19.893 19.557 19.221 18.884 18.546 18.208 17.868 17.528 17.187 16.845 16.503 16.159 15.815 15.470 15.124 14.777 14.429 14.081 13.731 13.381 13.030 12.678 12.325 11.972 11.617 11.262 10.905 10.548 10.190  9.831  9.471  9.111  8.749  8.386  8.023  7.658  7.293  6.927  6.559  6.191  5.822  5.452  5.081  4.709 
30.055 29.744 29.432 29.119 28.806 28.492 28.176 27.861 27.544 27.227 26.909 26.590 26.270 25.950 25.629 25.307 24.984 24.660 24.336 24.011 23.685 23.359 23.031 22.703 22.374 22.045 21.714 21.383 21.051 20.718 20.384 20.050 19.714 19.378 19.042 18.704 18.365 18.026 17.686 17.345 17.003 16.660 16.317 15.973 15.628 15.282 14.935 14.587 14.239 13.889 13.539 13.188 12.836 12.483 12.129 11.775 11.419 11.063 10.706 10.347  9.988  9.628  9.268  8.906  8.543  8.179  7.815  7.449  7.083  6.716  6.347  5.978  5.608  5.237  4.865  4.491 
29.883 29.572 29.260 28.947 28.634 28.319 28.004 27.688 27.371 27.054 26.735 26.416 26.097 25.776 25.454 25.132 24.809 24.485 24.161 23.835 23.509 23.182 22.855 22.526 22.197 21.866 21.535 21.204 20.871 20.538 20.203 19.868 19.533 19.196 18.858 18.520 18.181 17.841 17.500 17.159 16.816 16.473 16.129 15.784 15.438 15.091 14.743 14.395 14.046 13.695 13.344 12.992 12.640 12.286 11.931 11.576 11.220 10.862 10.504 10.145  9.785  9.424  9.063  8.700  8.336  7.972  7.606  7.240  6.872  6.504  6.135  5.765  5.394  5.021  4.648  4.274 
29.707 29.396 29.084 28.771 28.457 28.143 27.827 27.511 27.194 26.877 26.558 26.239 25.919 25.598 25.276 24.954 24.631 24.307 23.982 23.656 23.329 23.002 22.674 22.345 22.015 21.685 21.353 21.021 20.688 20.354 20.019 19.684 19.347 19.010 18.672 18.333 17.994 17.653 17.312 16.969 16.626 16.282 15.937 15.592 15.245 14.898 14.550 14.200 13.850 13.499 13.148 12.795 12.441 12.087 11.732 11.375 11.018 10.660 10.301  9.941  9.581  9.219  8.856  8.493  8.128  7.763  7.397  7.029  6.661  6.292  5.922  5.551  5.179  4.806  4.432  4.057 
29.527 29.215 28.903 28.590 28.277 27.962 27.647 27.331 27.014 26.696 26.377 26.058 25.738 25.417 25.095 24.772 24.448 24.124 23.799 23.473 23.146 22.818 22.490 22.161 21.830 21.500 21.168 20.835 20.502 20.167 19.832 19.496 19.159 18.822 18.483 18.144 17.803 17.462 17.120 16.778 16.434 16.089 15.744 15.398 15.050 14.702 14.353 14.004 13.653 13.301 12.949 12.596 12.241 11.886 11.530 11.173 10.815 10.457 10.097  9.736  9.375  9.013  8.649  8.285  7.920  7.554  7.186  6.818  6.449  6.080  5.709  5.337  4.964  4.590  4.216  3.840 
29.343 29.032 28.720 28.407 28.093 27.778 27.463 27.147 26.830 26.512 26.193 25.873 25.553 25.232 24.910 24.587 24.263 23.938 23.613 23.287 22.960 22.632 22.303 21.973 21.643 21.311 20.979 20.646 20.312 19.978 19.642 19.306 18.968 18.630 18.291 17.951 17.611 17.269 16.927 16.583 16.239 15.894 15.548 15.201 14.854 14.505 14.155 13.805 13.454 13.102 12.749 12.395 12.040 11.684 11.327 10.970 10.611 10.252  9.892  9.530  9.168  8.805  8.441  8.076  7.710  7.343  6.976  6.607  6.237  5.867  5.495  5.123  4.749  4.375  3.999  3.623 
29.156 28.845 28.533 28.220 27.906 27.591 27.276 26.960 26.642 26.324 26.005 25.686 25.365 25.044 24.722 24.398 24.074 23.750 23.424 23.098 22.770 22.442 22.113 21.783 21.452 21.121 20.788 20.455 20.121 19.785 19.450 19.113 18.775 18.437 18.097 17.757 17.416 17.074 16.731 16.387 16.042 15.697 15.350 15.003 14.655 14.306 13.956 13.605 13.253 12.900 12.547 12.192 11.837 11.480 11.123 10.765 10.406 10.046  9.685  9.323  8.960  8.597  8.232  7.866  7.500  7.133  6.764  6.395  6.025  5.653  5.281  4.908  4.534  4.159  3.783  3.406 
28.967 28.655 28.343 28.030 27.716 27.402 27.086 26.770 26.452 26.134 25.815 25.495 25.175 24.853 24.531 24.207 23.883 23.558 23.232 22.906 22.578 22.250 21.920 21.590 21.259 20.927 20.595 20.261 19.926 19.591 19.255 18.918 18.580 18.241 17.901 17.560 17.219 16.876 16.533 16.189 15.844 15.498 15.151 14.803 14.454 14.105 13.754 13.403 13.051 12.697 12.343 11.988 11.632 11.276 10.918 10.559 10.199  9.839  9.477  9.115  8.752  8.388  8.022  7.656  7.289  6.921  6.552  6.182  5.811  5.440  5.067  4.693  4.318  3.943  3.566  3.189 
28.775 28.463 28.151 27.838 27.524 27.209 26.894 26.577 26.260 25.942 25.623 25.303 24.982 24.660 24.338 24.014 23.690 23.365 23.039 22.712 22.384 22.055 21.726 21.395 21.064 20.732 20.399 20.065 19.730 19.394 19.058 18.720 18.382 18.043 17.703 17.362 17.020 16.677 16.333 15.989 15.643 15.297 14.950 14.601 14.252 13.902 13.551 13.200 12.847 12.493 12.139 11.783 11.427 11.069 10.711 10.352  9.992  9.631  9.269  8.906  8.542  8.178  7.812  7.445  7.078  6.709  6.340  5.969  5.598  5.226  4.852  4.478  4.103  3.727  3.350  2.971 
28.580 28.269 27.957 27.644 27.330 27.015 26.699 26.383 26.065 25.747 25.428 25.108 24.787 24.465 24.142 23.818 23.494 23.169 22.842 22.515 22.187 21.859 21.529 21.198 20.867 20.534 20.201 19.867 19.532 19.196 18.859 18.521 18.183 17.843 17.503 17.161 16.819 16.476 16.132 15.787 15.441 15.094 14.747 14.398 14.049 13.698 13.347 12.995 12.642 12.288 11.933 11.577 11.220 10.862 10.504 10.144  9.784  9.422  9.060  8.696  8.332  7.967  7.601  7.234  6.866  6.497  6.127  5.756  5.384  5.011  4.638  4.263  3.887  3.510  3.133  2.754 
28.383 28.072 27.760 27.447 27.133 26.818 26.502 26.186 25.868 25.550 25.230 24.910 24.589 24.267 23.945 23.621 23.296 22.971 22.644 22.317 21.989 21.660 21.330 20.999 20.667 20.335 20.001 19.667 19.332 18.995 18.658 18.320 17.981 17.642 17.301 16.959 16.617 16.273 15.929 15.584 15.238 14.891 14.543 14.194 13.844 13.493 13.142 12.789 12.436 12.081 11.726 11.370 11.012 10.654 10.295  9.935  9.574  9.213  8.850  8.486  8.121  7.756  7.389  7.022  6.653  6.284  5.914  5.542  5.170  4.797  4.423  4.047  3.671  3.294  2.916  2.537 
28.185 27.874 27.561 27.248 26.934 26.619 26.304 25.987 25.669 25.351 25.032 24.711 24.390 24.068 23.745 23.421 23.097 22.771 22.445 22.117 21.789 21.460 21.130 20.799 20.467 20.134 19.800 19.466 19.130 18.794 18.456 18.118 17.779 17.439 17.098 16.756 16.413 16.070 15.725 15.379 15.033 14.686 14.337 13.988 13.638 13.287 12.935 12.582 12.228 11.874 11.518 11.161 10.804 10.446 10.086  9.726  9.365  9.002  8.639  8.275  7.910  7.544  7.177  6.809  6.440  6.071  5.700  5.328  4.956  4.582  4.207  3.832  3.455  3.078  2.699  2.320 
27.985 27.673 27.361 27.048 26.734 26.419 26.103 25.786 25.469 25.150 24.831 24.511 24.189 23.867 23.544 23.220 22.895 22.570 22.243 21.916 21.587 21.258 20.927 20.596 20.264 19.931 19.597 19.263 18.927 18.590 18.253 17.914 17.575 17.235 16.894 16.551 16.208 15.865 15.520 15.174 14.827 14.480 14.131 13.782 13.431 13.080 12.728 12.374 12.020 11.665 11.309 10.952 10.595 10.236  9.876  9.515  9.154  8.791  8.428  8.063  7.698  7.332  6.964  6.596  6.227  5.857  5.486  5.114  4.741  4.367  3.992  3.616  3.239  2.861  2.483  2.103 
27.783 27.471 27.159 26.846 26.532 26.217 25.901 25.584 25.267 24.948 24.629 24.308 23.987 23.665 23.342 23.018 22.693 22.367 22.040 21.712 21.384 21.054 20.724 20.393 20.061 19.727 19.393 19.058 18.723 18.386 18.048 17.709 17.370 17.029 16.688 16.346 16.002 15.658 15.313 14.967 14.620 14.272 13.924 13.574 13.223 12.872 12.519 12.166 11.811 11.456 11.100 10.743 10.385 10.026  9.666  9.305  8.943  8.580  8.216  7.851  7.486  7.119  6.751  6.383  6.013  5.643  5.272  4.899  4.526  4.152  3.776  3.400  3.023  2.645  2.266  1.886 
27.580 27.268 26.956 26.643 26.329 26.014 25.698 25.381 25.063 24.745 24.425 24.105 23.783 23.461 23.138 22.814 22.489 22.163 21.836 21.508 21.179 20.850 20.519 20.188 19.856 19.522 19.188 18.853 18.517 18.180 17.842 17.503 17.164 16.823 16.481 16.139 15.795 15.451 15.106 14.760 14.412 14.064 13.715 13.365 13.015 12.663 12.310 11.956 11.602 11.246 10.890 10.532 10.174  9.815  9.454  9.093  8.731  8.368  8.004  7.639  7.273  6.906  6.538  6.169  5.799  5.429  5.057  4.684  4.311  3.936  3.561  3.184  2.807  2.428  2.049  1.669 
27.375 27.064 26.751 26.438 26.124 25.809 25.493 25.176 24.859 24.540 24.220 23.900 23.578 23.256 22.933 22.609 22.283 21.957 21.630 21.303 20.974 20.644 20.313 19.982 19.649 19.316 18.982 18.646 18.310 17.973 17.635 17.296 16.956 16.615 16.274 15.931 15.587 15.243 14.897 14.551 14.204 13.855 13.506 13.156 12.805 12.453 12.100 11.746 11.391 11.036 10.679 10.321  9.963  9.603  9.242  8.881  8.519  8.155  7.791  7.426  7.060  6.692  6.324  5.955  5.585  5.214  4.842  4.469  4.095  3.721  3.345  2.968  2.590  2.212  1.832  1.451 
27.169 26.858 26.546 26.232 25.918 25.603 25.287 24.970 24.653 24.334 24.014 23.694 23.372 23.050 22.726 22.402 22.077 21.751 21.424 21.096 20.767 20.437 20.106 19.775 19.442 19.109 18.774 18.439 18.103 17.765 17.427 17.088 16.748 16.407 16.065 15.722 15.379 15.034 14.688 14.342 13.994 13.646 13.296 12.946 12.595 12.243 11.889 11.535 11.180 10.824 10.467 10.109  9.751  9.391  9.030  8.669  8.306  7.942  7.578  7.212  6.846  6.479  6.110  5.741  5.371  4.999  4.627  4.254  3.880  3.505  3.129  2.752  2.374  1.995  1.615  1.234 
26.962 26.651 26.339 26.026 25.711 25.396 25.080 24.763 24.446 24.127 23.807 23.487 23.165 22.843 22.519 22.195 21.870 21.543 21.216 20.888 20.559 20.229 19.899 19.567 19.234 18.900 18.566 18.230 17.894 17.557 17.218 16.879 16.539 16.198 15.856 15.513 15.169 14.824 14.478 14.132 13.784 13.435 13.086 12.735 12.384 12.031 11.678 11.324 10.969 10.612 10.255  9.897  9.538  9.178  8.817  8.456  8.093  7.729  7.364  6.999  6.632  6.264  5.896  5.526  5.156  4.784  4.412  4.039  3.664  3.289  2.913  2.536  2.157  1.778  1.398  1.017 
26.755 26.443 26.131 25.818 25.504 25.189 24.873 24.556 24.238 23.919 23.599 23.279 22.957 22.634 22.311 21.987 21.661 21.335 21.008 20.680 20.351 20.021 19.690 19.358 19.025 18.691 18.357 18.021 17.685 17.347 17.009 16.669 16.329 15.988 15.646 15.303 14.959 14.614 14.268 13.921 13.573 13.224 12.875 12.524 12.172 11.820 11.466 11.112 10.757 10.400 10.043  9.685  9.325  8.965  8.604  8.242  7.879  7.515  7.150  6.785  6.418  6.050  5.681  5.311  4.941  4.569  4.197  3.823  3.449  3.073  2.697  2.319  1.941  1.562  1.181  0.800 
26.546 26.235 25.922 25.609 25.295 24.980 24.664 24.347 24.029 23.710 23.390 23.070 22.748 22.425 22.102 21.778 21.452 21.126 20.799 20.470 20.141 19.811 19.480 19.148 18.815 18.482 18.147 17.811 17.475 17.137 16.799 16.459 16.119 15.777 15.435 15.092 14.748 14.403 14.057 13.710 13.362 13.013 12.663 12.312 11.960 11.608 11.254 10.899 10.544 10.187  9.830  9.472  9.112  8.752  8.391  8.029  7.665  7.301  6.936  6.570  6.203  5.835  5.466  5.096  4.726  4.354  3.981  3.607  3.233  2.857  2.480  2.103  1.724  1.345  0.964  0.583 
26.336 26.025 25.713 25.400 25.085 24.770 24.454 24.137 23.819 23.501 23.181 22.860 22.538 22.216 21.892 21.568 21.242 20.916 20.589 20.260 19.931 19.601 19.270 18.938 18.605 18.271 17.936 17.601 17.264 16.926 16.588 16.248 15.908 15.566 15.224 14.880 14.536 14.191 13.845 13.498 13.150 12.801 12.451 12.100 11.748 11.395 11.041 10.687 10.331  9.974  9.617  9.258  8.899  8.538  8.177  7.815  7.451  7.087  6.722  6.356  5.988  5.620  5.251  4.881  4.510  4.138  3.765  3.392  3.017  2.641  2.264  1.886  1.508  1.128  0.747  0.366 
26.126 25.815 25.503 25.189 24.875 24.560 24.244 23.927 23.609 23.290 22.970 22.650 22.328 22.005 21.682 21.357 21.032 20.705 20.378 20.050 19.720 19.390 19.059 18.727 18.394 18.060 17.725 17.389 17.053 16.715 16.376 16.036 15.696 15.354 15.012 14.668 14.324 13.979 13.632 13.285 12.937 12.588 12.238 11.887 11.535 11.182 10.828 10.473 10.117  9.761  9.403  9.044  8.685  8.324  7.963  7.600  7.237  6.872  6.507  6.141  5.773  5.405  5.036  4.666  4.295  3.923  3.550  3.176  2.801  2.425  2.048  1.670  1.291  0.911  0.530  0.149 
25.915 25.604 25.292 24.979 24.664 24.349 24.033 23.716 23.398 23.079 22.759 22.439 22.117 21.794 21.471 21.146 20.821 20.494 20.167 19.838 19.509 19.179 18.848 18.516 18.182 17.848 17.513 17.178 16.841 16.503 16.164 15.824 15.484 15.142 14.800 14.456 14.112 13.766 13.420 13.072 12.724 12.375 12.025 11.674 11.322 10.969 10.615 10.260  9.904  9.547  9.189  8.830  8.471  8.110  7.748  7.386  7.022  6.658  6.292  5.926  5.558  5.190  4.821  4.450  4.079  3.707  3.334  2.959  2.584  2.208  1.831  1.453  1.074  0.694  0.313 -0.069 
25.704 25.393 25.080 24.767 24.453 24.138 23.822 23.505 23.187 22.868 22.548 22.227 21.905 21.583 21.259 20.934 20.609 20.282 19.955 19.626 19.297 18.967 18.636 18.303 17.970 17.636 17.301 16.965 16.628 16.290 15.952 15.612 15.271 14.929 14.587 14.243 13.899 13.553 13.207 12.859 12.511 12.162 11.811 11.460 11.108 10.755 10.401 10.046  9.690  9.333  8.975  8.616  8.256  7.895  7.534  7.171  6.807  6.443  6.077  5.711  5.343  4.975  4.605  4.235  3.864  3.491  3.118  2.744  2.369  1.993  1.615  1.237  0.858  0.478  0.097 -0.286 
25.492 25.181 24.868 24.555 24.241 23.926 23.610 23.293 22.975 22.656 22.336 22.015 21.693 21.370 21.047 20.722 20.396 20.070 19.742 19.414 19.084 18.754 18.422 18.090 17.757 17.422 17.087 16.751 16.414 16.076 15.736 15.396 15.055 14.713 14.370 14.026 13.681 13.335 12.988 12.639 12.290 11.940 11.589 11.237 10.884 10.530 10.174  9.818  9.461  9.102  8.743  8.383  8.021  7.659  7.295  6.930  6.565  6.198  5.830  5.461  5.092  4.721  4.349  3.976  3.602  3.227  2.851  2.474  2.095  1.716  1.336  0.954  0.571  0.186 -0.187 -0.503 
25.278 24.967 24.654 24.341 24.027 23.711 23.395 23.078 22.760 22.441 22.121 21.800 21.478 21.155 20.831 20.506 20.180 19.853 19.526 19.197 18.867 18.536 18.205 17.872 17.538 17.204 16.868 16.532 16.194 15.856 15.516 15.176 14.834 14.492 14.149 13.804 13.459 13.113 12.765 12.417 12.068 11.718 11.367 11.015 10.662 10.309  9.954  9.598  9.242  8.884  8.526  8.167  7.806  7.445  7.083  6.721  6.357  5.992  5.626  5.259  4.891  4.522  4.151  3.779  3.405  3.030  2.652  2.272  1.890  1.505  1.116  0.723  0.327 -0.072 -0.395 -0.720 
25.062 24.750 24.438 24.124 23.810 23.495 23.179 22.862 22.543 22.224 21.904 21.583 21.261 20.938 20.614 20.289 19.963 19.636 19.308 18.979 18.649 18.319 17.987 17.654 17.320 16.985 16.649 16.312 15.975 15.636 15.296 14.955 14.613 14.270 13.926 13.581 13.235 12.888 12.540 12.191 11.841 11.490 11.138 10.784 10.430 10.075  9.718  9.361  9.002  8.643  8.282  7.921  7.558  7.195  6.830  6.465  6.099  5.731  5.363  4.994  4.624  4.254  3.882  3.510  3.137  2.764  2.390  2.015  1.640  1.264  0.887  0.511  0.134 -0.200 -0.568 -0.937 
24.843 24.531 24.219 23.905 23.591 23.276 22.960 22.642 22.324 22.005 21.685 21.363 21.041 20.718 20.394 20.069 19.743 19.415 19.087 18.758 18.428 18.097 17.765 17.432 17.098 16.763 16.427 16.090 15.753 15.414 15.074 14.733 14.391 14.049 13.705 13.360 13.015 12.668 12.320 11.972 11.622 11.272 10.920 10.567 10.214  9.859  9.503  9.147  8.789  8.429  8.069  7.708  7.345  6.981  6.616  6.249  5.881  5.511  5.140  4.768  4.394  4.019  3.642  3.263  2.883  2.501  2.118  1.733  1.346  0.957  0.567  0.175 -0.177 -0.503 -0.829 -1.154 
24.622 24.311 23.998 23.685 23.371 23.055 22.739 22.422 22.103 21.784 21.464 21.143 20.820 20.497 20.173 19.847 19.521 19.194 18.866 18.536 18.206 17.875 17.542 17.209 16.875 16.539 16.203 15.866 15.527 15.188 14.847 14.506 14.163 13.820 13.476 13.130 12.784 12.436 12.088 11.738 11.388 11.036 10.684 10.330  9.976  9.620  9.264  8.907  8.549  8.190  7.830  7.469  7.107  6.745  6.381  6.017  5.652  5.286  4.920  4.552  4.184  3.816  3.446  3.076  2.706  2.334  1.963  1.590  1.218  0.844  0.470  0.096 -0.241 -0.617 -0.994 -1.371 
24.399 24.088 23.776 23.462 23.148 22.833 22.516 22.199 21.881 21.561 21.241 20.920 20.597 20.274 19.950 19.624 19.298 18.971 18.643 18.313 17.983 17.652 17.319 16.986 16.652 16.317 15.980 15.643 15.305 14.965 14.625 14.284 13.941 13.598 13.253 12.908 12.561 12.214 11.865 11.515 11.164 10.812 10.459 10.105  9.749  9.393  9.035  8.676  8.316  7.955  7.593  7.230  6.865  6.499  6.133  5.765  5.396  5.026  4.655  4.283  3.910  3.536  3.162  2.787  2.411  2.034  1.656  1.279  0.900  0.521  0.142 -0.184 -0.534 -0.885 -1.237 -1.589 
24.176 23.864 23.552 23.239 22.924 22.609 22.292 21.975 21.656 21.337 21.017 20.695 20.373 20.049 19.725 19.399 19.073 18.745 18.417 18.087 17.757 17.425 17.092 16.759 16.424 16.089 15.752 15.415 15.076 14.736 14.396 14.054 13.712 13.368 13.024 12.678 12.332 11.985 11.636 11.287 10.937 10.586 10.234  9.881  9.527  9.172  8.816  8.460  8.102  7.744  7.385  7.025  6.664  6.303  5.940  5.577  5.212  4.847  4.481  4.113  3.744  3.373  3.001  2.627  2.251  1.872  1.489  1.102  0.710  0.312 -0.093 -0.425 -0.765 -1.109 -1.456 -1.806 
23.951 23.639 23.327 23.014 22.699 22.384 22.067 21.750 21.432 21.112 20.792 20.470 20.148 19.824 19.500 19.174 18.848 18.520 18.192 17.862 17.531 17.200 16.867 16.534 16.199 15.863 15.526 15.189 14.850 14.510 14.169 13.827 13.484 13.140 12.795 12.448 12.101 11.753 11.403 11.053 10.702 10.349  9.996  9.641  9.285  8.929  8.571  8.213  7.853  7.492  7.131  6.768  6.405  6.041  5.676  5.310  4.943  4.575  4.207  3.838  3.468  3.098  2.726  2.355  1.982  1.610  1.236  0.863  0.488  0.114 -0.216 -0.576 -0.937 -1.299 -1.660 -2.023 
23.724 23.413 23.100 22.787 22.472 22.157 21.841 21.523 21.205 20.885 20.565 20.243 19.921 19.597 19.272 18.947 18.620 18.293 17.964 17.635 17.304 16.972 16.640 16.306 15.972 15.636 15.300 14.962 14.624 14.284 13.943 13.602 13.259 12.916 12.571 12.226 11.879 11.531 11.183 10.833 10.482 10.130  9.777  9.423  9.068  8.711  8.353  7.994  7.634  7.273  6.910  6.545  6.180  5.812  5.444  5.074  4.703  4.330  3.956  3.580  3.204  2.826  2.446  2.066  1.685  1.303  0.921  0.537  0.154 -0.173 -0.517 -0.861 -1.205 -1.549 -1.894 -2.240 
23.497 23.186 22.874 22.560 22.246 21.930 21.614 21.296 20.978 20.658 20.338 20.016 19.693 19.370 19.045 18.719 18.393 18.065 17.736 17.406 17.075 16.743 16.411 16.077 15.742 15.406 15.069 14.731 14.391 14.051 13.710 13.368 13.025 12.681 12.336 11.989 11.642 11.294 10.945 10.595 10.244  9.892  9.539  9.185  8.830  8.474  8.117  7.760  7.401  7.042  6.682  6.321  5.959  5.597  5.233  4.869  4.505  4.139  3.773  3.406  3.039  2.671  2.302  1.933  1.564  1.193  0.823  0.452  0.080 -0.251 -0.618 -0.985 -1.352 -1.720 -2.088 -2.457 
23.269 22.958 22.645 22.332 22.017 21.702 21.385 21.068 20.749 20.430 20.109 19.788 19.465 19.142 18.817 18.492 18.165 17.837 17.509 17.179 16.848 16.516 16.184 15.850 15.515 15.179 14.842 14.504 14.165 13.825 13.484 13.142 12.798 12.454 12.108 11.762 11.414 11.065 10.716 10.365 10.013  9.659  9.305  8.950  8.593  8.235  7.877  7.517  7.156  6.794  6.431  6.067  5.702  5.336  4.969  4.601  4.232  3.862  3.492  3.121  2.749  2.376  2.003  1.629  1.254  0.880  0.504  0.129 -0.198 -0.550 -0.903 -1.257 -1.610 -1.965 -2.319 -2.674 
23.040 22.729 22.416 22.103 21.788 21.473 21.156 20.839 20.520 20.201 19.880 19.558 19.236 18.912 18.587 18.261 17.934 17.607 17.278 16.948 16.617 16.285 15.952 15.618 15.283 14.947 14.611 14.273 13.934 13.594 13.253 12.911 12.568 12.224 11.880 11.534 11.187 10.839 10.491 10.141  9.791  9.439  9.087  8.734  8.380  8.024  7.668  7.311  6.952  6.593  6.232  5.870  5.507  5.142  4.776  4.408  4.037  3.665  3.290  2.913  2.533  2.150  1.764  1.375  0.983  0.587  0.190 -0.191 -0.529 -0.866 -1.202 -1.539 -1.876 -2.214 -2.552 -2.891 
22.811 22.500 22.187 21.874 21.559 21.244 20.927 20.610 20.291 19.972 19.651 19.329 19.006 18.683 18.358 18.032 17.705 17.377 17.048 16.718 16.387 16.055 15.722 15.388 15.053 14.717 14.379 14.041 13.702 13.361 13.020 12.677 12.333 11.989 11.643 11.296 10.948 10.600 10.250  9.899  9.547  9.194  8.840  8.485  8.130  7.773  7.415  7.056  6.697  6.336  5.975  5.613  5.250  4.886  4.522  4.157  3.791  3.424  3.057  2.689  2.320  1.951  1.582  1.212  0.841  0.470  0.099 -0.229 -0.588 -0.946 -1.306 -1.665 -2.025 -2.386 -2.747 -3.109 
22.580 22.269 21.956 21.643 21.329 21.013 20.697 20.379 20.060 19.741 19.420 19.099 18.776 18.452 18.128 17.802 17.475 17.147 16.819 16.489 16.158 15.826 15.493 15.159 14.824 14.489 14.152 13.814 13.475 13.134 12.793 12.451 12.108 11.764 11.418 11.072 10.724 10.375 10.025  9.674  9.322  8.969  8.614  8.258  7.901  7.543  7.184  6.823  6.461  6.098  5.733  5.368  5.001  4.633  4.263  3.893  3.522  3.149  2.776  2.402  2.027  1.651  1.275  0.898  0.521  0.143 -0.183 -0.530 -0.879 -1.227 -1.576 -1.925 -2.274 -2.624 -2.975 -3.326 
22.350 22.039 21.726 21.413 21.098 20.783 20.466 20.148 19.830 19.510 19.189 18.868 18.545 18.221 17.896 17.570 17.243 16.915 16.586 16.256 15.925 15.593 15.259 14.925 14.590 14.254 13.916 13.578 13.239 12.899 12.557 12.215 11.872 11.527 11.182 10.836 10.488 10.140  9.791  9.441  9.090  8.738  8.385  8.032  7.677  7.322  6.966  6.609  6.251  5.892  5.533  5.172  4.812  4.450  4.088  3.725  3.361  2.997  2.632  2.267  1.901  1.535  1.168  0.801  0.433  0.064 -0.264 -0.627 -0.990 -1.353 -1.717 -2.081 -2.446 -2.811 -3.177 -3.543 
22.119 21.808 21.495 21.182 20.867 20.552 20.235 19.918 19.599 19.279 18.959 18.637 18.314 17.991 17.666 17.340 17.013 16.685 16.356 16.026 15.695 15.363 15.030 14.695 14.360 14.024 13.686 13.348 13.008 12.667 12.326 11.983 11.639 11.294 10.948 10.601 10.252  9.903  9.553  9.201  8.849  8.495  8.140  7.785  7.428  7.070  6.711  6.352  5.991  5.629  5.267  4.903  4.539  4.174  3.808  3.442  3.074  2.706  2.338  1.968  1.599  1.228  0.857  0.486  0.115 -0.211 -0.564 -0.917 -1.271 -1.626 -1.980 -2.335 -2.691 -3.047 -3.403 -3.760 
21.887 21.575 21.263 20.950 20.635 20.320 20.003 19.685 19.367 19.047 18.726 18.405 18.082 17.758 17.433 17.107 16.780 16.452 16.124 15.794 15.463 15.131 14.798 14.464 14.129 13.793 13.456 13.118 12.779 12.439 12.098 11.756 11.413 11.069 10.724 10.378 10.031  9.683  9.333  8.983  8.632  8.279  7.925  7.570  7.213  6.856  6.497  6.136  5.774  5.410  5.045  4.678  4.310  3.939  3.568  3.194  2.819  2.442  2.064  1.685  1.304  0.923  0.540  0.157 -0.173 -0.518 -0.863 -1.208 -1.553 -1.899 -2.244 -2.590 -2.936 -3.283 -3.630 -3.977 
21.656 21.344 21.032 20.718 20.404 20.088 19.772 19.454 19.135 18.815 18.495 18.173 17.850 17.526 17.201 16.875 16.548 16.220 15.891 15.560 15.229 14.897 14.563 14.229 13.893 13.557 13.219 12.881 12.541 12.200 11.859 11.516 11.172 10.828 10.482 10.135  9.787  9.438  9.089  8.738  8.386  8.034  7.680  7.326  6.971  6.615  6.258  5.900  5.541  5.182  4.822  4.461  4.099  3.737  3.374  3.010  2.646  2.281  1.916  1.550  1.184  0.817  0.450  0.082 -0.244 -0.601 -0.958 -1.316 -1.675 -2.033 -2.392 -2.752 -3.112 -3.472 -3.833 -4.194 
21.423 21.112 20.799 20.486 20.171 19.856 19.539 19.222 18.903 18.583 18.263 17.941 17.618 17.294 16.970 16.644 16.317 15.989 15.660 15.330 14.999 14.667 14.334 13.999 13.664 13.328 12.990 12.652 12.312 11.971 11.630 11.287 10.943 10.598 10.251  9.904  9.555  9.206  8.855  8.503  8.150  7.795  7.440  7.083  6.726  6.367  6.007  5.646  5.284  4.921  4.557  4.192  3.827  3.460  3.092  2.724  2.355  1.985  1.615  1.244  0.872  0.500  0.128 -0.196 -0.545 -0.895 -1.245 -1.595 -1.945 -2.296 -2.648 -3.000 -3.352 -3.704 -4.058 -4.411 
21.190 20.879 20.566 20.253 19.938 19.623 19.306 18.988 18.669 18.350 18.029 17.707 17.384 17.060 16.735 16.409 16.082 15.754 15.425 15.095 14.764 14.432 14.098 13.764 13.429 13.093 12.756 12.417 12.078 11.738 11.397 11.055 10.712 10.368 10.023  9.677  9.330  8.982  8.634  8.284  7.933  7.582  7.230  6.876  6.522  6.167  5.810  5.453  5.094  4.734  4.372  4.009  3.644  3.277  2.907  2.535  2.160  1.782  1.400  1.014  0.623  0.228 -0.172 -0.497 -0.827 -1.161 -1.498 -1.838 -2.180 -2.525 -2.872 -3.220 -3.571 -3.922 -4.275 -4.629 
20.958 20.646 20.334 20.020 19.706 19.390 19.074 18.756 18.437 18.118 17.797 17.475 17.152 16.828 16.503 16.177 15.850 15.522 15.192 14.862 14.531 14.198 13.865 13.530 13.194 12.858 12.520 12.181 11.841 11.500 11.158 10.815 10.471 10.126  9.780  9.432  9.084  8.735  8.385  8.033  7.681  7.328  6.974  6.619  6.262  5.906  5.548  5.189  4.830  4.469  4.108  3.746  3.384  3.020  2.657  2.292  1.927  1.562  1.196  0.830  0.463  0.097 -0.174 -0.397 -0.618 -0.836 -1.051 -1.261 -1.466 -1.667 -1.862 -2.051 -2.233 -2.408 -2.575 -2.734 
20.724 20.413 20.100 19.787 19.472 19.157 18.841 18.523 18.205 17.885 17.565 17.243 16.921 16.597 16.273 15.948 15.621 15.294 14.966 14.637 14.307 13.977 13.645 13.313 12.980 12.646 12.311 11.976 11.640 11.303 10.966 10.628 10.290  9.951  9.612  9.272  8.932  8.592  8.251  7.910  7.569  7.228  6.887  6.545  6.204  5.863  5.522  5.182  4.842  4.503  4.165  3.828  3.493  3.159  2.828  2.500  2.176  1.855  1.537  1.223  0.913  0.606  0.301 -0.002 -0.181 -0.301 -0.420 -0.538 -0.654 -0.769 -0.882 -0.992 -1.101 -1.208 -1.313 -1.417 
20.521 20.209 19.897 19.584 19.271 18.957 18.642 18.326 18.009 17.692 17.374 17.055 16.736 16.416 16.095 15.774 15.452 15.130 14.807 14.483 14.159 13.835 13.510 13.185 12.859 12.533 12.207 11.880 11.554 11.227 10.900 10.573 10.246  9.919  9.592  9.266  8.939  8.613  8.287  7.962  7.637  7.313  6.989  6.666  6.343  6.021  5.700  5.380  5.061  4.742  4.424  4.108  3.792  3.477  3.164  2.851  2.540  2.229  1.919  1.611  1.303  0.996  0.691  0.386  0.082 -0.090 -0.186 -0.277 -0.367 -0.456 -0.545 -0.632 -0.718 -0.803 -0.887 -0.969 
20.388 20.076 19.765 19.453 19.141 18.828 18.515 18.201 17.887 17.573 17.259 16.944 16.628 16.313 15.997 15.681 15.364 15.048 14.731 14.414 14.097 13.780 13.462 13.145 12.828 12.510 12.193 11.876 11.559 11.242 10.926 10.609 10.293  9.978  9.662  9.348  9.033  8.720  8.407  8.094  7.783  7.472  7.162  6.853  6.545  6.237  5.931  5.626  5.322  5.019  4.718  4.417  4.118  3.820  3.524  3.229  2.934  2.642  2.350  2.060  1.771  1.483  1.196  0.910  0.625  0.342  0.059 -0.097 -0.178 -0.256 -0.332 -0.408 -0.482 -0.556 -0.628 -0.700 
20.332 20.021 19.710 19.399 19.088 18.777 18.465 18.154 17.843 17.531 17.220 16.908 16.597 16.285 15.974 15.662 15.351 15.039 14.728 14.417 14.106 13.796 13.485 13.175 12.865 12.555 12.246 11.937 11.628 11.320 11.012 10.705 10.398 10.092  9.786  9.481  9.177  8.873  8.571  8.269  7.968  7.667  7.368  7.070  6.773  6.477  6.182  5.888  5.596  5.305  5.015  4.727  4.440  4.154  3.870  3.587  3.306  3.027  2.748  2.471  2.196  1.922  1.649  1.378  1.108  0.839  0.571  0.304  0.038 -0.105 -0.178 -0.246 -0.314 -0.380 -0.446 -0.511 
20.345 20.034 19.724 19.413 19.103 18.793 18.483 18.174 17.864 17.555 17.246 16.938 16.629 16.321 16.013 15.706 15.399 15.092 14.785 14.479 14.173 13.868 13.563 13.259 12.955 12.651 12.348 12.046 11.744 11.443 11.142 10.842 10.543 10.244  9.946  9.649  9.353  9.058  8.763  8.470  8.177  7.885  7.595  7.305  7.016  6.729  6.443  6.158  5.874  5.591  5.310  5.031  4.753  4.476  4.201  3.927  3.655  3.385  3.116  2.850  2.584  2.321  2.059  1.798  1.540  1.282  1.026  0.772  0.518  0.266  0.015 -0.118 -0.184 -0.245 -0.306 -0.365 
20.414 20.104 19.793 19.483 19.174 18.865 18.557 18.248 17.941 17.633 17.327 17.020 16.715 16.409 16.104 15.800 15.496 15.193 14.890 14.588 14.286 13.985 13.685 13.385 13.086 12.787 12.489 12.192 11.896 11.600 11.305 11.011 10.718 10.425 10.134  9.843  9.554  9.265  8.977  8.690  8.404  8.119  7.836  7.553  7.271  6.991  6.712  6.434  6.157  5.881  5.607  5.334  5.063  4.793  4.524  4.257  3.992  3.728  3.466  3.206  2.948  2.692  2.438  2.185  1.935  1.686  1.440  1.195  0.952  0.711  0.471  0.233 -0.005 -0.126 -0.185 -0.241 
20.529 20.218 19.908 19.599 19.290 18.982 18.674 18.367 18.061 17.755 17.450 17.146 16.842 16.539 16.236 15.934 15.633 15.333 15.033 14.734 14.436 14.138 13.841 13.545 13.250 12.955 12.662 12.369 12.077 11.786 11.496 11.206 10.918 10.630 10.344 10.058  9.774  9.490  9.208  8.927  8.646  8.367  8.089  7.812  7.536  7.262  6.988  6.716  6.445  6.176  5.907  5.640  5.374  5.110  4.847  4.585  4.324  4.065  3.807  3.550  3.295  3.042  2.790  2.540  2.292  2.046  1.802  1.562  1.324  1.090  0.858  0.630  0.404  0.181 -0.040 -0.134 
20.680 20.369 20.059 19.750 19.442 19.134 18.828 18.522 18.216 17.912 17.608 17.305 17.003 16.702 16.401 16.101 15.802 15.504 15.207 14.910 14.615 14.320 14.026 13.733 13.441 13.150 12.859 12.570 12.282 11.994 11.708 11.422 11.138 10.855 10.572 10.291 10.011  9.733  9.455  9.179  8.903  8.630  8.357  8.086  7.816  7.548  7.281  7.016  6.752  6.490  6.229  5.970  5.713  5.457  5.204  4.952  4.702  4.453  4.207  3.962  3.719  3.478  3.239  3.001  2.765  2.530  2.297  2.066  1.835  1.606  1.378  1.151  0.925  0.699  0.474  0.249 
20.861 20.551 20.241 19.933 19.625 19.318 19.012 18.707 18.403 18.099 17.797 17.495 17.195 16.895 16.596 16.299 16.002 15.706 15.411 15.117 14.824 14.532 14.241 13.951 13.662 13.374 13.087 12.801 12.516 12.232 11.949 11.668 11.387 11.108 10.829 10.552 10.276 10.001  9.727  9.454  9.182  8.912  8.642  8.374  8.107  7.841  7.576  7.312  7.049  6.787  6.527  6.267  6.008  5.751  5.494  5.238  4.984  4.730  4.477  4.225  3.973  3.723  3.473  3.224  2.976  2.728  2.480  2.234  1.988  1.742  1.496  1.251  1.006  0.762  0.517  0.273 
21.069 20.759 20.450 20.141 19.834 19.527 19.221 18.917 18.613 18.310 18.009 17.708 17.408 17.109 16.811 16.514 16.219 15.924 15.630 15.337 15.045 14.753 14.463 14.174 13.886 13.599 13.313 13.027 12.743 12.460 12.177 11.896 11.616 11.336 11.058 10.780 10.503 10.227  9.953  9.679  9.406  9.134  8.862  8.592  8.322  8.054  7.786  7.519  7.253  6.987  6.722  6.459  6.195  5.933  5.671  5.410  5.149  4.889  4.630  4.371  4.113  3.855  3.598  3.341  3.085  2.829  2.574  2.318  2.063  1.809  1.554  1.300  1.046  0.792  0.539  0.285 
21.284 20.974 20.664 20.356 20.048 19.741 19.435 19.130 18.827 18.523 18.221 17.920 17.619 17.320 17.021 16.723 16.426 16.130 15.834 15.539 15.245 14.951 14.658 14.365 14.073 13.782 13.490 13.199 12.909 12.618 12.327 12.036 11.745 11.454 11.162 10.869 10.576 10.282  9.987  9.690  9.392  9.092  8.791  8.487  8.181  7.872  7.561  7.247  6.929  6.608  6.284  5.955  5.623  5.286  4.946  4.600  4.251  3.896  3.538  3.175  2.808  2.437  2.062  1.683  1.301  0.917  0.530  0.140 -0.278 -0.779 -1.281 -1.781 -2.279 -2.776 -3.270 -3.760 
21.440 21.129 20.819 20.509 20.199 19.890 19.581 19.273 18.964 18.656 18.349 18.041 17.734 17.427 17.120 16.813 16.506 16.199 15.892 15.584 15.277 14.970 14.662 14.354 14.045 13.736 13.427 13.116 12.806 12.494 12.182 11.868 11.554 11.239 10.923 10.606 10.287  9.968  9.647  9.325  9.001  8.676  8.349  8.021  7.692  7.361  7.028  6.694  6.358  6.021  5.682  5.342  5.000  4.657  4.313  3.967  3.620  3.271  2.922  2.571  2.220  1.867  1.514  1.161  0.806  0.452  0.097 -0.183 -0.447 -0.710 -0.971 -1.230 -1.487 -1.741 -1.992 -2.240 
21.457 21.146 20.835 20.524 20.213 19.901 19.589 19.277 18.965 18.653 18.340 18.027 17.714 17.401 17.088 16.774 16.460 16.145 15.831 15.515 15.200 14.884 14.568 14.251 13.934 13.617 13.299 12.980 12.661 12.342 12.022 11.701 11.381 11.059 10.737 10.415 10.092  9.769  9.445  9.121  8.797  8.472  8.147  7.822  7.497  7.171  6.845  6.520  6.194  5.868  5.542  5.217  4.891  4.566  4.241  3.916  3.592  3.268  2.945  2.622  2.300  1.978  1.657  1.336  1.016  0.697  0.379  0.061 -0.125 -0.228 -0.319 -0.406 -0.491 -0.572 -0.648 -0.720 
21.403 21.092 20.781 20.469 20.157 19.845 19.533 19.220 18.907 18.594 18.281 17.967 17.653 17.339 17.025 16.710 16.395 16.080 15.765 15.449 15.134 14.818 14.502 14.186 13.869 13.553 13.236 12.920 12.603 12.286 11.970 11.653 11.336 11.020 10.704 10.387 10.071  9.756  9.440  9.125  8.810  8.496  8.182  7.869  7.557  7.245  6.934  6.624  6.314  6.006  5.699  5.393  5.088  4.784  4.482  4.181  3.882  3.585  3.290  2.998  2.708  2.421  2.137  1.856  1.579  1.305  1.034  0.767  0.502  0.240 -0.019 -0.105 -0.099  0.035  0.415  0.800 
21.358 21.047 20.736 20.425 20.114 19.803 19.492 19.180 18.869 18.557 18.246 17.934 17.623 17.311 17.000 16.689 16.377 16.066 15.755 15.445 15.134 14.824 14.515 14.205 13.896 13.588 13.281 12.974 12.668 12.363 12.059 11.756 11.454 11.154 10.855 10.558 10.263  9.969  9.678  9.390  9.104  8.821  8.540  8.263  7.990  7.720  7.454  7.192  6.935  6.682  6.434  6.192  5.954  5.722  5.496  5.276  5.062  4.855  4.654  4.460  4.272  4.092  3.918  3.752  3.593  3.441  3.297  3.159  3.030  2.907  2.791  2.683  2.582  2.488  2.400  2.320 
21.403 21.092 20.782 20.473 20.164 19.855 19.548 19.241 18.934 18.629 18.324 18.020 17.716 17.414 17.112 16.811 16.511 16.213 15.915 15.618 15.323 15.029 14.737 14.445 14.156 13.868 13.582 13.297 13.014 12.734 12.455 12.179 11.904 11.633 11.363 11.097 10.833 10.571 10.313 10.058  9.806  9.557  9.312  9.070  8.831  8.597  8.366  8.139  7.917  7.698  7.484  7.275  7.069  6.869  6.673  6.482  6.296  6.116  5.940  5.770  5.605  5.445  5.291  5.143  5.001  4.864  4.733  4.609  4.490  4.378  4.272  4.173  4.080  3.993  3.913  3.840 
21.618 21.308 20.999 20.691 20.385 20.080 19.777 19.475 19.174 18.875 18.577 18.281 17.986 17.693 17.401 17.111 16.823 16.536 16.251 15.968 15.687 15.408 15.130 14.855 14.582 14.311 14.042 13.775 13.511 13.250 12.990 12.734 12.480 12.229 11.980 11.735 11.493 11.253 11.017 10.784 10.555 10.329 10.106  9.887  9.672  9.460  9.253  9.049  8.850  8.654  8.463  8.277  8.094  7.917  7.744  7.576  7.412  7.254  7.100  6.952  6.809  6.672  6.539  6.413  6.292  6.176  6.067  5.963  5.866  5.775  5.689  5.610  5.538  5.472  5.413  5.360 
21.987 21.677 21.369 21.063 20.759 20.456 20.156 19.858 19.562 19.268 18.976 18.686 18.398 18.112 17.828 17.547 17.267 16.990 16.715 16.443 16.173 15.905 15.640 15.377 15.117 14.859 14.604 14.352 14.102 13.856 13.612 13.371 13.134 12.899 12.667 12.439 12.214 11.993 11.774 11.560 11.349 11.141 10.938 10.738 10.542 10.350 10.162  9.979  9.799  9.624  9.453  9.287  9.126  8.969  8.816  8.669  8.527  8.389  8.257  8.130  8.008  7.892  7.781  7.675  7.576  7.482  7.394  7.312  7.236  7.166  7.102  7.045  6.994  6.949  6.911  6.880 
22.477 22.168 21.860 21.556 21.253 20.953 20.656 20.361 20.069 19.779 19.491 19.206 18.924 18.644 18.367 18.092 17.820 17.551 17.285 17.021 16.760 16.502 16.247 15.994 15.745 15.499 15.255 15.015 14.778 14.544 14.313 14.086 13.862 13.642 13.425 13.211 13.001 12.795 12.592 12.394 12.199 12.008 11.821 11.638 11.459 11.285 11.115 10.949 10.787 10.630 10.478 10.330 10.187 10.049  9.916  9.788  9.665  9.547  9.434  9.326  9.224  9.128  9.037  8.951  8.872  8.798  8.730  8.668  8.613  8.563  8.520  8.483  8.452  8.428  8.411  8.400 
23.070 22.761 22.454 22.151 21.850 21.552 21.257 20.964 20.675 20.389 20.105 19.824 19.547 19.272 19.000 18.732 18.466 18.203 17.944 17.687 17.434 17.184 16.937 16.693 16.452 16.215 15.981 15.750 15.522 15.298 15.078 14.860 14.646 14.436 14.229 14.025 13.825 13.629 13.436 13.246 13.060 12.878 12.699 12.523 12.351 12.183 12.017 11.856 11.697 11.543 11.391 11.242 11.097 10.955 10.816 10.680 10.546 10.416 10.288 10.163 10.040  9.920  9.801  9.685  9.571  9.459  9.348  9.239  9.131  9.024  8.919  8.814  8.710  8.606  8.503  8.400 
23.739 23.429 23.123 22.820 22.520 22.223 21.929 21.638 21.350 21.065 20.783 20.505 20.229 19.957 19.687 19.421 19.158 18.898 18.641 18.387 18.136 17.888 17.644 17.402 17.164 16.928 16.696 16.466 16.240 16.017 15.797 15.580 15.365 15.154 14.946 14.741 14.538 14.339 14.142 13.949 13.758 13.569 13.384 13.201 13.021 12.844 12.669 12.496 12.327 12.159 11.994 11.831 11.670 11.512 11.355 11.201 11.048 10.898 10.749 10.602 10.456 10.312 10.169 10.028  9.888  9.749  9.611  9.474  9.338  9.203  9.068  8.934  8.800  8.666  8.533  8.400 
24.423 24.114 23.807 23.504 23.204 22.907 22.612 22.321 22.033 21.747 21.465 21.186 20.909 20.636 20.366 20.098 19.834 19.572 19.313 19.058 18.805 18.555 18.308 18.063 17.822 17.583 17.347 17.114 16.884 16.656 16.431 16.209 15.990 15.773 15.558 15.346 15.137 14.930 14.726 14.524 14.324 14.127 13.931 13.739 13.548 13.359 13.173 12.989 12.806 12.626 12.447 12.270 12.095 11.922 11.750 11.580 11.412 11.245 11.079 10.914 10.751 10.589 10.428 10.268 10.109  9.951  9.794  9.637  9.481  9.325  9.170  9.016  8.862  8.708  8.554  8.400 
25.079 24.770 24.463 24.159 23.859 23.560 23.265 22.973 22.683 22.396 22.112 21.831 21.552 21.276 21.003 20.733 20.466 20.201 19.939 19.679 19.422 19.168 18.917 18.668 18.422 18.178 17.937 17.698 17.462 17.228 16.996 16.767 16.541 16.316 16.094 15.874 15.657 15.442 15.228 15.017 14.808 14.601 14.396 14.193 13.992 13.792 13.595 13.399 13.205 13.012 12.821 12.632 12.444 12.258 12.073 11.889 11.706 11.525 11.345 11.166 10.988 10.811 10.635 10.460 10.285 10.112  9.939  9.766  9.594  9.423  9.252  9.081  8.911  8.740  8.570  8.400 
25.689 25.380 25.073 24.768 24.467 24.167 23.871 23.577 23.286 22.997 22.711 22.427 22.146 21.867 21.591 21.318 21.047 20.778 20.512 20.248 19.987 19.728 19.472 19.218 18.966 18.717 18.470 18.225 17.982 17.742 17.504 17.268 17.034 16.802 16.572 16.345 16.119 15.895 15.673 15.453 15.235 15.018 14.804 14.591 14.380 14.170 13.962 13.756 13.551 13.347 13.145 12.944 12.745 12.547 12.350 12.154 11.959 11.766 11.573 11.382 11.191 11.001 10.812 10.623 10.436 10.249 10.062  9.876  9.691  9.506  9.321  9.136  8.952  8.768  8.584  8.400 
26.248 25.939 25.631 25.326 25.024 24.724 24.426 24.130 23.837 23.547 23.258 22.972 22.689 22.407 22.128 21.851 21.577 21.305 21.034 20.767 20.501 20.238 19.976 19.717 19.460 19.206 18.953 18.702 18.453 18.207 17.962 17.719 17.478 17.239 17.002 16.767 16.533 16.302 16.072 15.843 15.617 15.392 15.168 14.946 14.726 14.507 14.289 14.073 13.858 13.645 13.433 13.222 13.012 12.803 12.595 12.389 12.183 11.978 11.775 11.572 11.369 11.168 10.967 10.767 10.568 10.369 10.171  9.973  9.775  9.578  9.381  9.185  8.988  8.792  8.596  8.400 
26.758 26.448 26.140 25.835 25.531 25.230 24.931 24.635 24.340 24.047 23.757 23.469 23.182 22.898 22.616 22.337 22.059 21.783 21.509 21.237 20.968 20.700 20.434 20.170 19.909 19.649 19.390 19.134 18.880 18.627 18.376 18.127 17.880 17.635 17.391 17.148 16.908 16.669 16.431 16.195 15.961 15.728 15.496 15.266 15.037 14.810 14.583 14.358 14.135 13.912 13.691 13.470 13.251 13.032 12.815 12.599 12.383 12.169 11.955 11.742 11.529 11.318 11.107 10.896 10.686 10.477 10.268 10.059  9.851  9.643  9.435  9.228  9.021  8.814  8.607  8.400 
27.220 26.911 26.603 26.297 25.993 25.691 25.391 25.092 24.796 24.502 24.210 23.919 23.631 23.344 23.060 22.777 22.496 22.217 21.940 21.665 21.391 21.119 20.849 20.581 20.315 20.050 19.787 19.526 19.266 19.008 18.752 18.497 18.244 17.992 17.742 17.493 17.246 17.001 16.756 16.513 16.272 16.031 15.792 15.555 15.318 15.083 14.849 14.616 14.384 14.153 13.923 13.694 13.467 13.240 13.013 12.788 12.564 12.340 12.117 11.895 11.673 11.452 11.232 11.012 10.793 10.574 10.355 10.137  9.919  9.702  9.484  9.267  9.050  8.833  8.617  8.400 
27.640 27.330 27.022 26.716 26.411 26.108 25.807 25.508 25.210 24.915 24.621 24.328 24.038 23.749 23.462 23.177 22.893 22.611 22.331 22.052 21.775 21.500 21.226 20.954 20.683 20.414 20.147 19.881 19.616 19.354 19.092 18.832 18.573 18.316 18.061 17.806 17.553 17.301 17.051 16.801 16.553 16.306 16.061 15.816 15.573 15.330 15.089 14.849 14.610 14.371 14.134 13.897 13.662 13.427 13.193 12.960 12.727 12.495 12.264 12.033 11.803 11.574 11.345 11.117 10.889 10.661 10.434 10.207  9.981  9.754  9.528  9.302  9.077  8.851  8.626  8.400 
28.021 27.711 27.403 27.096 26.791 26.487 26.185 25.885 25.586 25.289 24.993 24.699 24.407 24.116 23.827 23.539 23.253 22.968 22.685 22.403 22.123 21.844 21.567 21.291 21.017 20.744 20.473 20.203 19.934 19.666 19.400 19.136 18.872 18.610 18.349 18.089 17.831 17.574 17.317 17.062 16.808 16.556 16.304 16.053 15.803 15.555 15.307 15.060 14.814 14.569 14.324 14.081 13.838 13.596 13.355 13.115 12.875 12.636 12.397 12.159 11.921 11.684 11.448 11.212 10.976 10.741 10.506 10.271 10.036  9.802  9.568  9.334  9.101  8.867  8.633  8.400 
28.367 28.057 27.748 27.441 27.135 26.831 26.528 26.226 25.927 25.628 25.331 25.035 24.741 24.449 24.157 23.867 23.579 23.292 23.006 22.722 22.439 22.157 21.877 21.598 21.320 21.043 20.768 20.494 20.222 19.950 19.680 19.411 19.143 18.876 18.611 18.346 18.083 17.820 17.559 17.299 17.040 16.781 16.524 16.268 16.012 15.758 15.504 15.251 14.999 14.748 14.497 14.247 13.998 13.750 13.502 13.255 13.009 12.763 12.517 12.273 12.028 11.784 11.541 11.298 11.055 10.812 10.570 10.328 10.087  9.845  9.604  9.363  9.122  8.881  8.641  8.400 
28.680 28.370 28.061 27.753 27.447 27.142 26.838 26.536 26.235 25.936 25.637 25.340 25.045 24.750 24.457 24.165 23.875 23.585 23.297 23.010 22.725 22.440 22.157 21.875 21.594 21.315 21.036 20.759 20.482 20.207 19.933 19.660 19.388 19.117 18.848 18.579 18.311 18.044 17.778 17.513 17.249 16.986 16.724 16.462 16.202 15.942 15.683 15.424 15.167 14.910 14.654 14.398 14.144 13.889 13.636 13.383 13.130 12.878 12.627 12.376 12.125 11.875 11.625 11.375 11.126 10.878 10.629 10.381 10.133  9.885  9.637  9.389  9.142  8.895  8.647  8.400 
28.964 28.653 28.344 28.036 27.730 27.424 27.120 26.817 26.515 26.214 25.915 25.617 25.320 25.024 24.729 24.435 24.143 23.851 23.561 23.272 22.984 22.697 22.411 22.127 21.843 21.560 21.279 20.998 20.719 20.440 20.163 19.886 19.611 19.336 19.063 18.790 18.518 18.247 17.977 17.708 17.439 17.171 16.905 16.639 16.373 16.109 15.845 15.581 15.319 15.057 14.796 14.535 14.275 14.016 13.757 13.498 13.240 12.983 12.726 12.469 12.213 11.957 11.701 11.446 11.191 10.937 10.682 10.428 10.174  9.920  9.667  9.413  9.160  8.907  8.653  8.400 
29.221 28.911 28.601 28.293 27.986 27.680 27.375 27.072 26.769 26.467 26.167 25.867 25.569 25.271 24.975 24.680 24.386 24.092 23.800 23.509 23.219 22.930 22.642 22.355 22.068 21.783 21.499 21.216 20.933 20.652 20.371 20.091 19.812 19.534 19.257 18.981 18.706 18.431 18.157 17.884 17.611 17.340 17.069 16.798 16.529 16.260 15.992 15.724 15.457 15.190 14.924 14.659 14.394 14.130 13.866 13.603 13.340 13.077 12.815 12.554 12.292 12.031 11.770 11.510 11.250 10.990 10.730 10.471 10.212  9.953  9.694  9.435  9.176  8.917  8.659  8.400 
29.454 29.144 28.834 28.526 28.219 27.912 27.607 27.302 26.999 26.696 26.395 26.094 25.795 25.496 25.198 24.902 24.606 24.311 24.017 23.724 23.432 23.141 22.851 22.561 22.273 21.985 21.698 21.413 21.127 20.843 20.560 20.277 19.995 19.714 19.434 19.154 18.876 18.597 18.320 18.043 17.767 17.492 17.217 16.943 16.670 16.397 16.125 15.853 15.582 15.311 15.041 14.771 14.502 14.234 13.965 13.698 13.430 13.163 12.897 12.630 12.364 12.099 11.833 11.568 11.303 11.039 10.774 10.510 10.246  9.982  9.718  9.454  9.191  8.927  8.664  8.400 
29.666 29.355 29.046 28.737 28.429 28.123 27.817 27.512 27.207 26.904 26.602 26.300 26.000 25.700 25.401 25.103 24.806 24.509 24.214 23.919 23.625 23.332 23.040 22.749 22.458 22.168 21.879 21.591 21.304 21.017 20.731 20.446 20.161 19.877 19.594 19.312 19.030 18.749 18.468 18.188 17.909 17.630 17.352 17.075 16.798 16.521 16.245 15.970 15.695 15.421 15.147 14.873 14.600 14.328 14.055 13.784 13.512 13.241 12.970 12.700 12.430 12.160 11.890 11.621 11.351 11.083 10.814 10.545 10.277 10.008  9.740  9.472  9.204  8.936  8.668  8.400 
29.857 29.547 29.237 28.928 28.620 28.313 28.007 27.701 27.396 27.092 26.789 26.487 26.185 25.884 25.584 25.285 24.987 24.689 24.392 24.096 23.800 23.506 23.212 22.919 22.626 22.334 22.043 21.753 21.463 21.174 20.886 20.598 20.311 20.025 19.739 19.454 19.169 18.885 18.602 18.319 18.037 17.755 17.474 17.194 16.914 16.634 16.355 16.076 15.798 15.520 15.243 14.966 14.689 14.413 14.137 13.862 13.586 13.312 13.037 12.763 12.489 12.215 11.942 11.668 11.395 11.122 10.850 10.577 10.305 10.032  9.760  9.488  9.216  8.944  8.672  8.400 
30.031 29.721 29.411 29.102 28.794 28.486 28.179 27.873 27.568 27.263 26.959 26.656 26.354 26.052 25.751 25.450 25.151 24.852 24.554 24.256 23.959 23.663 23.367 23.073 22.778 22.485 22.192 21.900 21.608 21.317 21.027 20.737 20.447 20.159 19.871 19.583 19.296 19.010 18.724 18.438 18.153 17.869 17.585 17.302 17.019 16.736 16.454 16.172 15.891 15.610 15.330 15.049 14.770 14.490 14.211 13.932 13.654 13.376 13.098 12.820 12.543 12.265 11.988 11.712 11.435 11.158 10.882 10.606 10.330 10.054  9.778  9.503  9.227  8.951  8.676  8.400 
30.189 29.878 29.568 29.259 28.951 28.643 28.335 28.029 27.723 27.418 27.113 26.809 26.506 26.203 25.902 25.600 25.300 24.999 24.700 24.401 24.103 23.806 23.509 23.212 22.916 22.621 22.327 22.033 21.739 21.446 21.154 20.862 20.571 20.280 19.990 19.700 19.411 19.122 18.834 18.546 18.259 17.972 17.685 17.399 17.114 16.829 16.544 16.259 15.975 15.692 15.408 15.125 14.843 14.560 14.278 13.996 13.715 13.434 13.153 12.872 12.591 12.311 12.031 11.751 11.471 11.191 10.912 10.632 10.353 10.074  9.795  9.516  9.237  8.958  8.679  8.400 
30.331 30.021 29.711 29.402 29.093 28.785 28.477 28.170 27.864 27.558 27.253 26.948 26.644 26.341 26.038 25.736 25.434 25.133 24.833 24.533 24.234 23.935 23.636 23.339 23.042 22.745 22.449 22.153 21.858 21.564 21.269 20.976 20.683 20.390 20.098 19.806 19.515 19.224 18.934 18.644 18.354 18.065 17.776 17.488 17.200 16.913 16.625 16.338 16.052 15.766 15.480 15.194 14.909 14.624 14.339 14.054 13.770 13.486 13.202 12.919 12.635 12.352 12.069 11.786 11.504 11.221 10.938 10.656 10.374 10.092  9.810  9.528  9.246  8.964  8.682  8.400 
