31.016 30.705 30.394 30.083 29.773 29.462 29.151 28.840 28.529 28.218 27.907 27.596 27.285 26.974 26.664 26.353 26.042 25.731 25.420 25.109 24.798 24.487 24.176 23.865 23.554 23.243 22.932 22.621 22.310 21.999 21.688 21.377 21.065 20.754 20.443 20.131 19.820 19.508 19.197 18.885 18.573 18.262 17.950 17.638 17.325 17.013 16.700 16.388 16.075 15.761 15.448 15.134 14.820 14.506 14.192 13.877 13.561 13.246 12.930 12.613 12.296 11.978 11.660 11.342 11.022 10.702 10.382 10.060  9.738  9.415  9.091  8.767  8.441  8.115  7.787  7.459 
31.014 30.703 30.392 30.081 29.770 29.459 29.148 28.837 28.526 28.215 27.904 27.592 27.281 26.970 26.659 26.347 26.036 25.724 25.413 25.101 24.789 24.478 24.166 23.854 23.542 23.230 22.918 22.605 22.293 21.980 21.668 21.355 21.042 20.729 20.416 20.102 19.788 19.474 19.160 18.846 18.531 18.216 17.901 17.586 17.270 16.954 16.638 16.321 16.004 15.686 15.368 15.050 14.731 14.412 14.092 13.772 13.451 13.129 12.807 12.485 12.161 11.837 11.513 11.187 10.861 10.534 10.207  9.878  9.549  9.219  8.887  8.555  8.222  7.888  7.553  7.217 
31.002 30.691 30.380 30.068 29.757 29.446 29.135 28.823 28.512 28.200 27.888 27.576 27.264 26.952 26.640 26.328 26.015 25.703 25.390 25.077 24.764 24.451 24.138 23.824 23.511 23.197 22.883 22.568 22.254 21.939 21.624 21.309 20.994 20.678 20.362 20.046 19.730 19.413 19.096 18.778 18.460 18.142 17.823 17.504 17.185 16.865 16.545 16.224 15.903 15.581 15.259 14.936 14.613 14.289 13.964 13.639 13.313 12.987 12.660 12.332 12.004 11.675 11.345 11.014 10.682 10.350 10.017  9.683  9.348  9.012  8.675  8.337  7.998  7.658  7.318  6.976 
30.973 30.662 30.351 30.040 29.729 29.417 29.105 28.793 28.481 28.169 27.856 27.544 27.231 26.918 26.604 26.291 25.977 25.663 25.349 25.035 24.720 24.406 24.091 23.775 23.460 23.144 22.828 22.512 22.195 21.878 21.561 21.243 20.925 20.607 20.289 19.970 19.650 19.330 19.010 18.690 18.369 18.047 17.725 17.403 17.080 16.756 16.433 16.108 15.783 15.458 15.131 14.805 14.477 14.149 13.820 13.491 13.161 12.830 12.499 12.167 11.834 11.500 11.165 10.830 10.494 10.157  9.819  9.480  9.140  8.799  8.458  8.115  7.771  7.427  7.081  6.734 
30.928 30.617 30.305 29.994 29.682 29.370 29.058 28.746 28.433 28.120 27.807 27.493 27.179 26.865 26.551 26.236 25.921 25.606 25.291 24.975 24.659 24.343 24.026 23.709 23.392 23.074 22.756 22.438 22.119 21.800 21.480 21.160 20.840 20.519 20.198 19.876 19.554 19.232 18.909 18.585 18.261 17.937 17.612 17.286 16.960 16.633 16.306 15.978 15.650 15.320 14.991 14.660 14.329 13.998 13.665 13.332 12.998 12.663 12.328 11.992 11.655 11.317 10.979 10.639 10.299  9.958  9.615  9.272  8.928  8.583  8.238  7.891  7.543  7.194  6.844  6.493 
30.865 30.554 30.242 29.931 29.619 29.306 28.994 28.681 28.367 28.054 27.740 27.425 27.111 26.796 26.481 26.165 25.849 25.532 25.216 24.899 24.581 24.263 23.945 23.626 23.307 22.988 22.668 22.348 22.027 21.706 21.384 21.062 20.739 20.416 20.093 19.768 19.444 19.119 18.793 18.467 18.140 17.813 17.485 17.157 16.828 16.498 16.168 15.837 15.505 15.173 14.840 14.506 14.172 13.837 13.501 13.164 12.827 12.489 12.150 11.810 11.470 11.128 10.786 10.443 10.099  9.754  9.408  9.061  8.713  8.365  8.015  7.664  7.313  6.960  6.606  6.251 
30.785 30.474 30.163 29.851 29.539 29.226 28.913 28.600 28.286 27.972 27.657 27.342 27.027 26.711 26.394 26.078 25.761 25.443 25.125 24.807 24.488 24.169 23.849 23.529 23.208 22.887 22.565 22.243 21.921 21.598 21.274 20.950 20.625 20.300 19.974 19.648 19.321 18.994 18.666 18.337 18.008 17.678 17.348 17.016 16.685 16.352 16.019 15.685 15.351 15.016 14.680 14.343 14.006 13.668 13.329 12.989 12.649 12.307 11.965 11.622 11.279 10.934 10.588 10.242  9.895  9.546  9.197  8.847  8.496  8.144  7.791  7.437  7.082  6.725  6.368  6.010 
30.691 30.380 30.068 29.756 29.444 29.131 28.818 28.504 28.190 27.875 27.560 27.244 26.928 26.611 26.294 25.976 25.658 25.340 25.021 24.701 24.381 24.061 23.739 23.418 23.096 22.773 22.450 22.126 21.802 21.477 21.152 20.826 20.499 20.172 19.844 19.516 19.187 18.858 18.527 18.197 17.865 17.533 17.200 16.867 16.532 16.198 15.862 15.526 15.189 14.851 14.512 14.173 13.833 13.492 13.150 12.808 12.465 12.120 11.775 11.430 11.083 10.735 10.387 10.037  9.687  9.336  8.983  8.630  8.276  7.921  7.565  7.208  6.849  6.490  6.130  5.769 
30.583 30.272 29.960 29.648 29.336 29.022 28.709 28.394 28.080 27.764 27.449 27.132 26.816 26.498 26.180 25.862 25.543 25.223 24.903 24.583 24.262 23.940 23.618 23.295 22.971 22.647 22.323 21.998 21.672 21.345 21.018 20.691 20.363 20.034 19.704 19.374 19.043 18.712 18.379 18.047 17.713 17.379 17.044 16.708 16.372 16.035 15.697 15.358 15.019 14.679 14.338 13.996 13.653 13.310 12.966 12.621 12.275 11.928 11.581 11.232 10.883 10.532 10.181  9.829  9.476  9.122  8.767  8.411  8.054  7.696  7.337  6.977  6.616  6.254  5.891  5.527 
30.463 30.152 29.840 29.528 29.215 28.901 28.587 28.273 27.958 27.642 27.326 27.009 26.691 26.373 26.055 25.736 25.416 25.095 24.774 24.453 24.131 23.808 23.485 23.161 22.836 22.511 22.185 21.858 21.531 21.203 20.875 20.546 20.216 19.885 19.554 19.222 18.890 18.557 18.223 17.888 17.553 17.216 16.880 16.542 16.204 15.864 15.524 15.184 14.842 14.500 14.157 13.813 13.468 13.122 12.776 12.429 12.080 11.731 11.381 11.030 10.679 10.326  9.972  9.618  9.262  8.906  8.548  8.190  7.830  7.470  7.109  6.746  6.383  6.018  5.652  5.286 
30.331 30.020 29.708 29.396 29.083 28.769 28.455 28.140 27.824 27.508 27.191 26.874 26.556 26.238 25.918 25.598 25.278 24.957 24.635 24.313 23.990 23.666 23.341 23.016 22.691 22.364 22.037 21.710 21.381 21.052 20.722 20.392 20.061 19.729 19.396 19.063 18.728 18.394 18.058 17.722 17.385 17.047 16.708 16.369 16.028 15.687 15.346 15.003 14.660 14.315 13.970 13.624 13.277 12.930 12.581 12.232 11.881 11.530 11.178 10.825 10.471 10.116  9.760  9.404  9.046  8.687  8.327  7.967  7.605  7.242  6.879  6.514  6.148  5.781  5.413  5.044 
30.189 29.878 29.566 29.253 28.940 28.626 28.312 27.997 27.681 27.364 27.047 26.730 26.411 26.092 25.772 25.452 25.130 24.809 24.486 24.163 23.839 23.514 23.189 22.863 22.536 22.209 21.881 21.552 21.223 20.892 20.561 20.230 19.897 19.564 19.230 18.895 18.560 18.223 17.886 17.548 17.210 16.870 16.530 16.189 15.847 15.504 15.161 14.817 14.471 14.125 13.779 13.431 13.082 12.733 12.382 12.031 11.679 11.325 10.971 10.616 10.260  9.904  9.546  9.187  8.827  8.466  8.105  7.742  7.378  7.013  6.648  6.281  5.913  5.544  5.174  4.803 
30.038 29.727 29.415 29.102 28.789 28.475 28.160 27.845 27.528 27.212 26.894 26.576 26.257 25.937 25.617 25.296 24.974 24.652 24.329 24.005 23.680 23.355 23.028 22.702 22.374 22.046 21.717 21.387 21.056 20.725 20.393 20.060 19.726 19.392 19.057 18.721 18.384 18.046 17.708 17.369 17.029 16.688 16.346 16.004 15.660 15.316 14.971 14.625 14.278 13.931 13.582 13.233 12.882 12.531 12.179 11.826 11.472 11.117 10.761 10.405 10.047  9.688  9.329  8.968  8.606  8.244  7.880  7.516  7.150  6.783  6.416  6.047  5.677  5.306  4.934  4.561 
29.878 29.567 29.255 28.942 28.629 28.315 28.000 27.684 27.368 27.050 26.733 26.414 26.095 25.775 25.454 25.132 24.810 24.487 24.163 23.838 23.513 23.187 22.860 22.533 22.204 21.875 21.545 21.214 20.883 20.551 20.217 19.884 19.549 19.213 18.877 18.540 18.202 17.863 17.524 17.183 16.842 16.500 16.157 15.813 15.468 15.123 14.776 14.429 14.081 13.732 13.382 13.031 12.679 12.326 11.972 11.618 11.262 10.906 10.548 10.190  9.831  9.470  9.109  8.747  8.384  8.019  7.654  7.288  6.920  6.552  6.183  5.812  5.441  5.068  4.695  4.320 
29.711 29.399 29.087 28.775 28.461 28.147 27.832 27.516 27.199 26.882 26.564 26.245 25.925 25.605 25.283 24.961 24.638 24.315 23.991 23.665 23.339 23.013 22.685 22.357 22.028 21.698 21.367 21.036 20.703 20.370 20.036 19.701 19.366 19.029 18.692 18.354 18.015 17.675 17.334 16.992 16.650 16.307 15.963 15.618 15.272 14.925 14.577 14.228 13.879 13.529 13.177 12.825 12.472 12.118 11.763 11.407 11.050 10.692 10.333  9.973  9.612  9.250  8.888  8.524  8.159  7.793  7.426  7.059  6.690  6.320  5.949  5.577  5.204  4.830  4.455  4.079 
29.536 29.225 28.913 28.600 28.287 27.972 27.657 27.341 27.024 26.706 26.388 26.069 25.749 25.428 25.106 24.784 24.460 24.136 23.812 23.486 23.159 22.832 22.504 22.175 21.845 21.515 21.183 20.851 20.518 20.184 19.849 19.513 19.177 18.839 18.501 18.162 17.822 17.481 17.140 16.797 16.454 16.109 15.764 15.418 15.071 14.723 14.374 14.024 13.674 13.322 12.969 12.616 12.261 11.906 11.550 11.192 10.834 10.475 10.115  9.754  9.392  9.028  8.664  8.299  7.933  7.566  7.198  6.828  6.458  6.087  5.715  5.341  4.967  4.591  4.215  3.837 
29.356 29.045 28.733 28.420 28.106 27.791 27.476 27.160 26.843 26.525 26.206 25.887 25.566 25.245 24.923 24.600 24.277 23.952 23.627 23.301 22.974 22.646 22.317 21.987 21.657 21.326 20.994 20.661 20.327 19.992 19.657 19.320 18.983 18.645 18.306 17.966 17.625 17.283 16.941 16.597 16.253 15.908 15.561 15.214 14.866 14.517 14.167 13.816 13.465 13.112 12.758 12.404 12.048 11.692 11.334 10.976 10.616 10.256  9.895  9.532  9.169  8.805  8.439  8.073  7.705  7.337  6.968  6.597  6.226  5.853  5.480  5.105  4.729  4.352  3.975  3.596 
29.170 28.858 28.546 28.233 27.919 27.605 27.289 26.973 26.656 26.338 26.019 25.699 25.378 25.057 24.734 24.411 24.087 23.762 23.437 23.110 22.783 22.454 22.125 21.795 21.464 21.132 20.799 20.466 20.131 19.796 19.460 19.123 18.785 18.446 18.106 17.765 17.424 17.081 16.738 16.394 16.048 15.702 15.355 15.007 14.658 14.308 13.957 13.606 13.253 12.899 12.545 12.189 11.832 11.475 11.116 10.757 10.396 10.035  9.672  9.309  8.945  8.579  8.213  7.845  7.477  7.107  6.737  6.365  5.992  5.619  5.244  4.868  4.491  4.113  3.734  3.354 
28.978 28.667 28.355 28.042 27.728 27.413 27.097 26.781 26.464 26.145 25.826 25.506 25.185 24.864 24.541 24.217 23.893 23.568 23.242 22.915 22.587 22.258 21.928 21.598 21.266 20.934 20.601 20.267 19.932 19.596 19.259 18.921 18.583 18.243 17.903 17.561 17.219 16.876 16.532 16.186 15.840 15.493 15.146 14.797 14.447 14.096 13.745 13.392 13.038 12.684 12.328 11.972 11.614 11.256 10.896 10.536 10.174  9.812  9.448  9.084  8.719  8.352  7.985  7.616  7.247  6.876  6.504  6.132  5.758  5.383  5.008  4.631  4.253  3.874  3.494  3.113 
28.782 28.471 28.159 27.846 27.532 27.217 26.901 26.584 26.267 25.948 25.629 25.309 24.988 24.666 24.343 24.019 23.694 23.369 23.042 22.715 22.387 22.058 21.728 21.397 21.065 20.732 20.398 20.064 19.728 19.392 19.054 18.716 18.377 18.037 17.696 17.353 17.011 16.667 16.322 15.976 15.629 15.282 14.933 14.583 14.233 13.881 13.529 13.176 12.821 12.466 12.109 11.752 11.394 11.034 10.674 10.313  9.950  9.587  9.223  8.858  8.491  8.124  7.755  7.386  7.016  6.644  6.272  5.898  5.523  5.148  4.771  4.393  4.014  3.634  3.253  2.871 
28.582 28.271 27.958 27.645 27.331 27.016 26.700 26.384 26.066 25.747 25.428 25.107 24.786 24.464 24.141 23.817 23.492 23.166 22.839 22.512 22.183 21.853 21.523 21.192 20.859 20.526 20.192 19.857 19.521 19.184 18.846 18.507 18.168 17.827 17.485 17.143 16.799 16.455 16.109 15.763 15.415 15.067 14.718 14.368 14.016 13.664 13.311 12.957 12.602 12.246 11.889 11.530 11.171 10.811 10.450 10.088  9.725  9.361  8.996  8.630  8.262  7.894  7.525  7.155  6.783  6.411  6.038  5.663  5.288  4.911  4.534  4.155  3.776  3.395  3.013  2.630 
28.378 28.066 27.754 27.441 27.127 26.812 26.496 26.179 25.861 25.543 25.223 24.902 24.581 24.258 23.935 23.611 23.286 22.960 22.632 22.304 21.976 21.646 21.315 20.983 20.651 20.317 19.982 19.647 19.311 18.973 18.635 18.296 17.955 17.614 17.272 16.929 16.585 16.240 15.894 15.547 15.199 14.850 14.500 14.149 13.797 13.445 13.091 12.736 12.380 12.023 11.666 11.307 10.947 10.586 10.225  9.862  9.498  9.133  8.767  8.400  8.033  7.664  7.294  6.923  6.551  6.177  5.803  5.428  5.052  4.675  4.296  3.917  3.536  3.155  2.772  2.389 
28.170 27.859 27.546 27.233 26.919 26.604 26.288 25.971 25.653 25.334 25.014 24.694 24.372 24.050 23.726 23.402 23.076 22.750 22.422 22.094 21.765 21.435 21.104 20.772 20.439 20.105 19.770 19.434 19.097 18.759 18.421 18.081 17.740 17.399 17.056 16.713 16.368 16.023 15.676 15.329 14.980 14.631 14.280 13.929 13.576 13.223 12.869 12.513 12.157 11.800 11.441 11.082 10.721 10.360  9.998  9.634  9.270  8.904  8.538  8.170  7.802  7.432  7.061  6.690  6.317  5.943  5.568  5.192  4.815  4.437  4.058  3.678  3.297  2.915  2.532  2.147 
27.959 27.648 27.336 27.022 26.708 26.393 26.077 25.760 25.442 25.123 24.803 24.482 24.160 23.838 23.514 23.189 22.864 22.537 22.210 21.881 21.552 21.221 20.890 20.557 20.224 19.890 19.555 19.218 18.881 18.543 18.204 17.864 17.523 17.181 16.838 16.494 16.149 15.803 15.456 15.108 14.759 14.409 14.058 13.706 13.354 13.000 12.645 12.289 11.932 11.574 11.215 10.855 10.494 10.132  9.769  9.405  9.040  8.674  8.307  7.939  7.570  7.199  6.828  6.456  6.082  5.708  5.333  4.956  4.579  4.200  3.820  3.439  3.058  2.675  2.291  1.906 
27.746 27.434 27.122 26.809 26.494 26.179 25.863 25.546 25.228 24.909 24.589 24.268 23.946 23.623 23.299 22.974 22.648 22.322 21.994 21.665 21.336 21.005 20.673 20.341 20.007 19.673 19.337 19.000 18.663 18.325 17.985 17.645 17.303 16.961 16.617 16.273 15.928 15.581 15.234 14.886 14.536 14.186 13.835 13.482 13.129 12.775 12.419 12.063 11.705 11.347 10.988 10.627 10.266  9.903  9.540  9.175  8.809  8.443  8.075  7.706  7.337  6.966  6.594  6.221  5.847  5.472  5.096  4.719  4.341  3.962  3.582  3.200  2.818  2.434  2.050  1.664 
27.529 27.218 26.906 26.592 26.278 25.963 25.647 25.329 25.011 24.692 24.372 24.051 23.729 23.406 23.082 22.757 22.431 22.104 21.776 21.447 21.117 20.786 20.454 20.122 19.788 19.453 19.117 18.780 18.443 18.104 17.764 17.423 17.082 16.739 16.395 16.050 15.705 15.358 15.010 14.661 14.312 13.961 13.609 13.256 12.903 12.548 12.192 11.835 11.477 11.119 10.759 10.398 10.036  9.673  9.309  8.944  8.578  8.211  7.842  7.473  7.103  6.732  6.359  5.986  5.612  5.236  4.860  4.482  4.103  3.724  3.343  2.961  2.578  2.194  1.809  1.423 
27.311 26.999 26.687 26.374 26.059 25.744 25.428 25.111 24.792 24.473 24.153 23.832 23.509 23.186 22.862 22.537 22.211 21.884 21.556 21.227 20.896 20.565 20.233 19.900 19.566 19.231 18.895 18.558 18.220 17.881 17.541 17.200 16.858 16.515 16.171 15.826 15.480 15.133 14.785 14.436 14.086 13.734 13.382 13.029 12.675 12.320 11.964 11.606 11.248 10.889 10.529 10.167  9.805  9.442  9.077  8.712  8.345  7.978  7.609  7.239  6.869  6.497  6.124  5.750  5.375  4.999  4.622  4.244  3.865  3.485  3.104  2.721  2.338  1.954  1.568  1.181 
27.090 26.779 26.466 26.153 25.839 25.523 25.207 24.890 24.571 24.252 23.932 23.610 23.288 22.965 22.641 22.315 21.989 21.662 21.333 21.004 20.674 20.343 20.010 19.677 19.343 19.008 18.671 18.334 17.996 17.657 17.316 16.975 16.633 16.289 15.945 15.600 15.254 14.906 14.558 14.208 13.858 13.507 13.154 12.801 12.446 12.091 11.734 11.376 11.018 10.658 10.298  9.936  9.573  9.209  8.845  8.479  8.112  7.744  7.375  7.005  6.634  6.262  5.888  5.514  5.139  4.762  4.385  4.006  3.627  3.246  2.865  2.482  2.098  1.713  1.327  0.940 
26.867 26.556 26.244 25.930 25.616 25.300 24.984 24.667 24.348 24.029 23.709 23.387 23.065 22.741 22.417 22.092 21.765 21.438 21.109 20.780 20.450 20.118 19.786 19.452 19.118 18.782 18.446 18.109 17.770 17.431 17.090 16.749 16.406 16.063 15.718 15.372 15.026 14.678 14.329 13.980 13.629 13.277 12.925 12.571 12.216 11.860 11.503 11.145 10.787 10.427 10.066  9.703  9.340  8.976  8.611  8.245  7.878  7.509  7.140  6.769  6.398  6.026  5.652  5.277  4.902  4.525  4.147  3.768  3.388  3.007  2.625  2.242  1.858  1.472  1.086  0.699 
26.643 26.332 26.019 25.706 25.391 25.076 24.759 24.442 24.124 23.804 23.484 23.162 22.840 22.516 22.192 21.866 21.540 21.212 20.884 20.554 20.224 19.892 19.560 19.226 18.891 18.556 18.219 17.882 17.543 17.203 16.862 16.521 16.178 15.834 15.489 15.144 14.797 14.449 14.100 13.750 13.399 13.047 12.694 12.340 11.985 11.629 11.272 10.913 10.554 10.194  9.833  9.470  9.107  8.742  8.377  8.010  7.643  7.274  6.904  6.534  6.162  5.789  5.415  5.040  4.664  4.287  3.909  3.530  3.149  2.768  2.385  2.002  1.617  1.232  0.845  0.457 
26.417 26.105 25.793 25.480 25.165 24.850 24.533 24.216 23.897 23.578 23.257 22.936 22.613 22.290 21.965 21.640 21.313 20.985 20.657 20.327 19.996 19.665 19.332 18.998 18.663 18.328 17.991 17.653 17.314 16.974 16.633 16.292 15.949 15.605 15.260 14.914 14.567 14.218 13.869 13.519 13.168 12.816 12.462 12.108 11.753 11.396 11.039 10.681 10.321  9.960  9.599  9.236  8.873  8.508  8.142  7.775  7.407  7.038  6.668  6.297  5.925  5.552  5.178  4.802  4.426  4.049  3.670  3.291  2.910  2.528  2.146  1.762  1.377  0.991  0.604  0.216 
26.189 25.878 25.566 25.252 24.938 24.622 24.306 23.988 23.670 23.350 23.030 22.708 22.385 22.062 21.737 21.411 21.085 20.757 20.428 20.099 19.768 19.436 19.103 18.769 18.434 18.098 17.761 17.423 17.084 16.744 16.403 16.061 15.718 15.374 15.029 14.683 14.335 13.987 13.638 13.287 12.936 12.583 12.230 11.875 11.520 11.163 10.806 10.447 10.087  9.726  9.364  9.002  8.638  8.273  7.907  7.539  7.171  6.802  6.432  6.060  5.688  5.315  4.940  4.565  4.188  3.810  3.431  3.052  2.671  2.289  1.906  1.522  1.136  0.750  0.363 -0.026 
25.961 25.649 25.337 25.023 24.709 24.393 24.077 23.759 23.441 23.121 22.801 22.479 22.156 21.833 21.508 21.182 20.855 20.527 20.199 19.869 19.538 19.206 18.873 18.539 18.204 17.868 17.531 17.193 16.854 16.513 16.172 15.830 15.487 15.142 14.797 14.451 14.103 13.755 13.405 13.054 12.703 12.350 11.997 11.642 11.286 10.929 10.571 10.212  9.852  9.491  9.129  8.766  8.402  8.037  7.671  7.303  6.935  6.566  6.195  5.824  5.451  5.078  4.703  4.328  3.951  3.573  3.194  2.815  2.434  2.052  1.669  1.285  0.900  0.514  0.127 -0.267 
25.731 25.419 25.107 24.793 24.479 24.163 23.847 23.529 23.211 22.891 22.570 22.249 21.926 21.602 21.277 20.951 20.625 20.297 19.968 19.638 19.307 18.975 18.641 18.307 17.972 17.636 17.298 16.960 16.621 16.280 15.939 15.596 15.252 14.907 14.562 14.215 13.867 13.518 13.167 12.816 12.464 12.110 11.756 11.400 11.043 10.685 10.326  9.966  9.605  9.242  8.878  8.514  8.148  7.781  7.412  7.043  6.673  6.301  5.928  5.554  5.179  4.802  4.425  4.046  3.666  3.285  2.903  2.520  2.135  1.750  1.363  0.975  0.587  0.197 -0.194 -0.509 
25.498 25.187 24.874 24.561 24.246 23.931 23.614 23.296 22.978 22.658 22.337 22.015 21.692 21.368 21.043 20.717 20.390 20.062 19.733 19.402 19.071 18.738 18.405 18.070 17.735 17.398 17.060 16.722 16.382 16.041 15.699 15.356 15.012 14.667 14.320 13.973 13.625 13.275 12.925 12.574 12.221 11.868 11.513 11.157 10.801 10.443 10.085  9.725  9.364  9.003  8.640  8.276  7.912  7.546  7.179  6.811  6.442  6.072  5.701  5.328  4.954  4.578  4.200  3.821  3.440  3.056  2.670  2.282  1.891  1.498  1.102  0.704  0.303 -0.100 -0.424 -0.750 
25.263 24.952 24.639 24.326 24.011 23.695 23.379 23.061 22.742 22.422 22.101 21.779 21.456 21.132 20.807 20.481 20.153 19.825 19.496 19.165 18.834 18.501 18.167 17.832 17.496 17.159 16.821 16.482 16.142 15.801 15.458 15.115 14.770 14.424 14.077 13.729 13.380 13.030 12.679 12.326 11.972 11.618 11.262 10.905 10.547 10.188  9.827  9.466  9.104  8.740  8.375  8.010  7.643  7.275  6.906  6.537  6.166  5.794  5.422  5.048  4.674  4.298  3.922  3.546  3.168  2.790  2.411  2.031  1.651  1.270  0.889  0.507  0.125 -0.219 -0.605 -0.991 
25.025 24.713 24.401 24.087 23.773 23.457 23.140 22.822 22.503 22.183 21.862 21.540 21.217 20.893 20.567 20.241 19.914 19.585 19.255 18.925 18.593 18.260 17.926 17.591 17.255 16.918 16.580 16.241 15.901 15.559 15.217 14.873 14.529 14.183 13.836 13.488 13.139 12.789 12.438 12.085 11.732 11.377 11.021 10.664 10.306  9.946  9.586  9.224  8.860  8.496  8.130  7.763  7.394  7.024  6.653  6.281  5.907  5.531  5.155  4.777  4.397  4.017  3.635  3.252  2.868  2.483  2.097  1.710  1.322  0.934  0.545  0.156 -0.175 -0.527 -0.880 -1.233 
24.784 24.473 24.160 23.847 23.532 23.216 22.900 22.582 22.263 21.942 21.621 21.299 20.976 20.651 20.326 19.999 19.671 19.343 19.013 18.682 18.350 18.017 17.682 17.347 17.011 16.673 16.334 15.995 15.654 15.312 14.969 14.625 14.280 13.934 13.586 13.238 12.889 12.538 12.186 11.834 11.480 11.125 10.770 10.413 10.055  9.697  9.337  8.976  8.614  8.252  7.888  7.524  7.158  6.792  6.425  6.057  5.688  5.318  4.948  4.576  4.204  3.830  3.456  3.080  2.703  2.323  1.942  1.558  1.171  0.780  0.386 -0.011 -0.357 -0.727 -1.100 -1.474 
24.542 24.230 23.918 23.604 23.289 22.974 22.657 22.339 22.020 21.700 21.378 21.056 20.733 20.408 20.083 19.756 19.428 19.099 18.769 18.438 18.106 17.773 17.439 17.103 16.767 16.429 16.090 15.750 15.409 15.067 14.723 14.379 14.033 13.687 13.339 12.990 12.640 12.288 11.936 11.582 11.228 10.872 10.515 10.157  9.797  9.437  9.075  8.713  8.349  7.984  7.619  7.252  6.884  6.515  6.145  5.774  5.402  5.030  4.656  4.282  3.907  3.531  3.154  2.776  2.398  2.020  1.640  1.261  0.880  0.499  0.118 -0.220 -0.593 -0.967 -1.341 -1.716 
24.297 23.985 23.673 23.359 23.044 22.729 22.412 22.094 21.775 21.454 21.133 20.811 20.487 20.163 19.837 19.510 19.182 18.853 18.523 18.192 17.860 17.527 17.192 16.857 16.520 16.183 15.844 15.504 15.163 14.821 14.478 14.134 13.788 13.442 13.094 12.746 12.396 12.045 11.693 11.340 10.985 10.630 10.273  9.915  9.555  9.195  8.833  8.470  8.105  7.739  7.372  7.003  6.633  6.262  5.889  5.514  5.139  4.762  4.383  4.004  3.623  3.241  2.858  2.474  2.088  1.702  1.316  0.928  0.541  0.152 -0.180 -0.535 -0.890 -1.245 -1.601 -1.957 
24.051 23.739 23.427 23.113 22.799 22.483 22.166 21.848 21.528 21.208 20.887 20.564 20.241 19.916 19.590 19.263 18.935 18.606 18.276 17.944 17.612 17.278 16.943 16.608 16.271 15.933 15.593 15.253 14.912 14.569 14.226 13.881 13.535 13.188 12.840 12.491 12.141 11.790 11.438 11.084 10.730 10.375 10.018  9.661  9.303  8.943  8.583  8.221  7.859  7.496  7.132  6.767  6.401  6.034  5.667  5.298  4.929  4.559  4.188  3.817  3.444  3.071  2.697  2.321  1.944  1.564  1.181  0.795  0.405  0.010 -0.332 -0.700 -1.071 -1.445 -1.821 -2.199 
23.803 23.492 23.179 22.866 22.551 22.235 21.918 21.600 21.281 20.961 20.639 20.317 19.993 19.668 19.343 19.016 18.688 18.358 18.028 17.697 17.364 17.030 16.696 16.360 16.023 15.685 15.345 15.005 14.663 14.320 13.976 13.631 13.285 12.938 12.589 12.240 11.889 11.537 11.184 10.829 10.474 10.117  9.759  9.400  9.040  8.679  8.317  7.954  7.589  7.224  6.857  6.490  6.121  5.752  5.381  5.010  4.638  4.264  3.891  3.516  3.140  2.764  2.387  2.010  1.632  1.253  0.874  0.494  0.114 -0.222 -0.590 -0.959 -1.329 -1.699 -2.069 -2.440 
23.554 23.243 22.930 22.617 22.302 21.986 21.669 21.351 21.032 20.711 20.390 20.067 19.744 19.419 19.093 18.766 18.438 18.109 17.778 17.447 17.114 16.781 16.446 16.110 15.773 15.435 15.096 14.756 14.414 14.072 13.728 13.384 13.038 12.691 12.343 11.994 11.643 11.292 10.939 10.585 10.230  9.873  9.516  9.157  8.796  8.435  8.072  7.708  7.342  6.975  6.606  6.237  5.865  5.493  5.119  4.743  4.366  3.988  3.609  3.228  2.847  2.464  2.080  1.695  1.310  0.924  0.538  0.151 -0.183 -0.539 -0.895 -1.251 -1.608 -1.965 -2.323 -2.681 
23.305 22.993 22.681 22.367 22.052 21.736 21.419 21.101 20.782 20.461 20.140 19.817 19.493 19.168 18.842 18.515 18.187 17.857 17.527 17.195 16.862 16.528 16.193 15.857 15.520 15.181 14.842 14.501 14.160 13.817 13.473 13.128 12.781 12.434 12.086 11.736 11.386 11.034 10.682 10.328  9.973  9.617  9.261  8.903  8.544  8.185  7.824  7.462  7.100  6.736  6.372  6.007  5.641  5.274  4.907  4.538  4.169  3.799  3.428  3.057  2.684  2.311  1.935  1.558  1.178  0.794  0.406  0.014 -0.324 -0.687 -1.054 -1.424 -1.796 -2.170 -2.546 -2.923 
23.054 22.743 22.430 22.116 21.802 21.486 21.169 20.850 20.531 20.211 19.889 19.567 19.243 18.918 18.592 18.265 17.936 17.607 17.276 16.945 16.612 16.278 15.943 15.607 15.269 14.931 14.591 14.250 13.908 13.565 13.220 12.875 12.528 12.180 11.831 11.481 11.130 10.777 10.424 10.069  9.713  9.356  8.997  8.638  8.278  7.916  7.553  7.190  6.825  6.459  6.092  5.724  5.355  4.986  4.615  4.244  3.871  3.498  3.124  2.750  2.374  1.999  1.622  1.245  0.868  0.490  0.111 -0.223 -0.589 -0.956 -1.323 -1.690 -2.058 -2.426 -2.795 -3.164 
22.802 22.490 22.178 21.864 21.549 21.233 20.916 20.598 20.279 19.958 19.637 19.314 18.990 18.665 18.339 18.012 17.684 17.355 17.024 16.692 16.360 16.026 15.691 15.355 15.018 14.679 14.340 13.999 13.658 13.315 12.971 12.626 12.280 11.932 11.584 11.234 10.883 10.531 10.178  9.823  9.467  9.110  8.751  8.392  8.030  7.668  7.304  6.939  6.572  6.204  5.835  5.464  5.091  4.718  4.343  3.967  3.589  3.211  2.831  2.450  2.068  1.685  1.302  0.918  0.533  0.148 -0.185 -0.541 -0.898 -1.255 -1.612 -1.970 -2.328 -2.687 -3.046 -3.406 
22.550 22.238 21.926 21.612 21.297 20.981 20.664 20.346 20.026 19.706 19.384 19.061 18.737 18.412 18.086 17.759 17.430 17.101 16.770 16.438 16.105 15.771 15.435 15.099 14.761 14.423 14.083 13.742 13.400 13.057 12.713 12.367 12.021 11.673 11.325 10.975 10.624 10.273  9.920  9.566  9.211  8.855  8.498  8.141  7.782  7.422  7.062  6.700  6.338  5.974  5.610  5.245  4.879  4.513  4.145  3.777  3.408  3.037  2.665  2.292  1.917  1.539  1.159  0.776  0.389 -0.001 -0.337 -0.696 -1.058 -1.423 -1.790 -2.158 -2.529 -2.900 -3.273 -3.647 
22.297 21.985 21.673 21.359 21.044 20.728 20.411 20.093 19.773 19.453 19.131 18.808 18.485 18.160 17.833 17.506 17.178 16.848 16.517 16.185 15.852 15.518 15.183 14.846 14.508 14.169 13.829 13.488 13.146 12.802 12.458 12.112 11.765 11.417 11.067 10.717 10.365 10.012  9.658  9.303  8.947  8.589  8.231  7.871  7.510  7.148  6.786  6.422  6.057  5.691  5.324  4.956  4.588  4.218  3.848  3.477  3.105  2.732  2.359  1.985  1.610  1.235  0.860  0.484  0.107 -0.225 -0.590 -0.955 -1.320 -1.685 -2.051 -2.418 -2.785 -3.152 -3.520 -3.889 
22.042 21.731 21.418 21.104 20.790 20.474 20.156 19.838 19.519 19.198 18.877 18.554 18.230 17.905 17.579 17.252 16.923 16.594 16.263 15.931 15.598 15.264 14.929 14.593 14.256 13.917 13.577 13.237 12.895 12.552 12.207 11.862 11.515 11.168 10.819 10.468 10.117  9.764  9.410  9.055  8.698  8.340  7.981  7.621  7.259  6.895  6.531  6.164  5.797  5.428  5.058  4.687  4.314  3.940  3.565  3.188  2.811  2.432  2.053  1.673  1.292  0.910  0.528  0.145 -0.187 -0.543 -0.900 -1.257 -1.615 -1.973 -2.331 -2.690 -3.049 -3.409 -3.769 -4.130 
21.788 21.476 21.164 20.850 20.535 20.219 19.902 19.584 19.264 18.944 18.622 18.299 17.975 17.650 17.323 16.996 16.667 16.338 16.007 15.675 15.341 15.007 14.672 14.335 13.997 13.659 13.319 12.978 12.636 12.292 11.948 11.603 11.256 10.908 10.560 10.210  9.859  9.508  9.155  8.801  8.446  8.091  7.734  7.376  7.018  6.658  6.298  5.937  5.574  5.211  4.847  4.482  4.116  3.749  3.381  3.011  2.640  2.267  1.892  1.514  1.134  0.752  0.367 -0.022 -0.355 -0.712 -1.070 -1.431 -1.794 -2.158 -2.524 -2.891 -3.260 -3.629 -4.000 -4.371 
21.533 21.222 20.909 20.595 20.281 19.965 19.647 19.329 19.010 18.689 18.367 18.045 17.721 17.395 17.069 16.742 16.413 16.083 15.752 15.420 15.087 14.753 14.417 14.080 13.742 13.403 13.063 12.722 12.379 12.035 11.690 11.344 10.997 10.648 10.299  9.948  9.596  9.243  8.889  8.534  8.177  7.820  7.461  7.102  6.741  6.379  6.017  5.653  5.288  4.923  4.556  4.189  3.821  3.452  3.082  2.712  2.341  1.969  1.597  1.224  0.851  0.477  0.103 -0.228 -0.591 -0.955 -1.319 -1.683 -2.048 -2.413 -2.778 -3.144 -3.510 -3.877 -4.245 -4.613 
21.277 20.966 20.653 20.340 20.025 19.709 19.392 19.073 18.754 18.433 18.112 17.789 17.465 17.140 16.814 16.487 16.159 15.829 15.499 15.167 14.834 14.501 14.166 13.830 13.493 13.155 12.816 12.476 12.135 11.793 11.450 11.106 10.762 10.416 10.070  9.722  9.375  9.026  8.677  8.327  7.977  7.627  7.276  6.926  6.575  6.224  5.874  5.523  5.174  4.825  4.476  4.129  3.782  3.437  3.092  2.749  2.406  2.065  1.726  1.387  1.049  0.712  0.377  0.042 -0.160 -0.292 -0.423 -0.552 -0.680 -0.806 -0.931 -1.053 -1.173 -1.292 -1.408 -1.523 
21.037 20.726 20.413 20.100 19.786 19.471 19.154 18.837 18.519 18.200 17.880 17.560 17.238 16.915 16.592 16.268 15.943 15.617 15.290 14.963 14.635 14.306 13.977 13.647 13.316 12.985 12.654 12.321 11.989 11.656 11.323 10.989 10.656 10.322  9.988  9.653  9.319  8.985  8.651  8.317  7.984  7.651  7.318  6.985  6.654  6.323  5.993  5.664  5.336  5.009  4.683  4.359  4.037  3.716  3.397  3.080  2.765  2.452  2.141  1.832  1.526  1.220  0.917  0.615  0.315  0.016 -0.150 -0.248 -0.342 -0.435 -0.528 -0.620 -0.710 -0.800 -0.888 -0.975 
20.858 20.547 20.235 19.923 19.610 19.296 18.982 18.667 18.351 18.035 17.719 17.402 17.084 16.766 16.448 16.129 15.809 15.489 15.169 14.848 14.528 14.206 13.885 13.563 13.241 12.919 12.597 12.275 11.953 11.631 11.309 10.987 10.665 10.343 10.022  9.701  9.380  9.060  8.740  8.421  8.103  7.785  7.467  7.151  6.835  6.520  6.206  5.893  5.581  5.271  4.962  4.654  4.348  4.044  3.741  3.441  3.143  2.846  2.552  2.261  1.971  1.684  1.399  1.117  0.836  0.557  0.280  0.003 -0.145 -0.228 -0.305 -0.382 -0.458 -0.533 -0.607 -0.681 
20.760 20.449 20.138 19.826 19.515 19.203 18.890 18.578 18.265 17.952 17.639 17.326 17.012 16.699 16.385 16.071 15.757 15.443 15.129 14.815 14.501 14.186 13.872 13.559 13.245 12.931 12.618 12.305 11.992 11.679 11.367 11.055 10.743 10.432 10.122  9.812  9.502  9.194  8.886  8.578  8.272  7.966  7.661  7.357  7.054  6.751  6.450  6.150  5.851  5.553  5.256  4.961  4.667  4.374  4.083  3.793  3.506  3.220  2.936  2.655  2.377  2.101  1.827  1.557  1.289  1.024  0.761  0.501  0.242 -0.015 -0.147 -0.218 -0.285 -0.352 -0.418 -0.484 
20.738 20.427 20.116 19.805 19.495 19.184 18.873 18.563 18.252 17.942 17.632 17.322 17.012 16.702 16.392 16.082 15.773 15.464 15.155 14.846 14.538 14.230 13.922 13.614 13.307 13.000 12.694 12.388 12.083 11.778 11.474 11.170 10.867 10.564 10.262  9.961  9.661  9.361  9.062  8.764  8.467  8.171  7.876  7.581  7.288  6.996  6.705  6.415  6.126  5.839  5.552  5.267  4.983  4.700  4.418  4.138  3.859  3.581  3.305  3.030  2.756  2.484  2.213  1.945  1.680  1.418  1.161  0.909  0.663  0.423  0.188 -0.044 -0.146 -0.208 -0.270 -0.331 
20.777 20.467 20.156 19.846 19.536 19.227 18.918 18.609 18.300 17.992 17.684 17.376 17.069 16.762 16.456 16.150 15.844 15.539 15.234 14.930 14.626 14.322 14.020 13.717 13.415 13.114 12.813 12.513 12.214 11.915 11.617 11.320 11.023 10.728 10.433 10.138  9.845  9.552  9.261  8.970  8.681  8.392  8.104  7.818  7.532  7.248  6.965  6.683  6.402  6.123  5.845  5.568  5.292  5.018  4.745  4.474  4.203  3.935  3.667  3.401  3.137  2.874  2.612  2.351  2.092  1.834  1.577  1.321  1.067  0.813  0.561  0.309  0.059 -0.076 -0.144 -0.207 
20.867 20.556 20.246 19.937 19.628 19.319 19.011 18.703 18.396 18.090 17.783 17.478 17.173 16.869 16.565 16.262 15.959 15.657 15.355 15.054 14.754 14.455 14.156 13.858 13.560 13.263 12.967 12.672 12.377 12.084 11.791 11.499 11.207 10.917 10.628 10.339 10.051  9.765  9.479  9.195  8.911  8.628  8.347  8.067  7.787  7.509  7.233  6.957  6.683  6.410  6.138  5.868  5.599  5.331  5.065  4.800  4.537  4.275  4.015  3.756  3.498  3.243  2.988  2.735  2.484  2.233  1.985  1.737  1.491  1.246  1.002  0.760  0.518  0.278  0.038 -0.085 
20.997 20.687 20.377 20.068 19.759 19.451 19.144 18.837 18.531 18.226 17.922 17.618 17.315 17.012 16.711 16.410 16.110 15.810 15.512 15.214 14.917 14.620 14.325 14.030 13.737 13.444 13.152 12.861 12.571 12.282 11.994 11.706 11.420 11.135 10.851 10.568 10.287 10.006  9.726  9.448  9.171  8.895  8.621  8.348  8.076  7.805  7.536  7.268  7.001  6.736  6.472  6.210  5.949  5.689  5.431  5.174  4.919  4.664  4.411  4.160  3.910  3.660  3.412  3.165  2.920  2.675  2.431  2.188  1.946  1.704  1.463  1.223  0.983  0.744  0.505  0.266 
21.163 20.853 20.543 20.234 19.926 19.619 19.313 19.007 18.702 18.398 18.095 17.793 17.492 17.191 16.891 16.593 16.295 15.997 15.701 15.406 15.111 14.818 14.525 14.234 13.943 13.653 13.364 13.076 12.789 12.503 12.218 11.933 11.650 11.368 11.087 10.806 10.527 10.249  9.971  9.695  9.419  9.145  8.871  8.599  8.327  8.057  7.787  7.518  7.250  6.983  6.717  6.452  6.188  5.924  5.662  5.400  5.139  4.878  4.618  4.360  4.101  3.844  3.586  3.330  3.074  2.819  2.564  2.309  2.055  1.801  1.547  1.294  1.041  0.788  0.535  0.283 
21.354 21.043 20.734 20.425 20.117 19.810 19.504 19.199 18.895 18.591 18.288 17.987 17.686 17.386 17.087 16.789 16.491 16.195 15.899 15.604 15.311 15.018 14.725 14.434 14.144 13.854 13.566 13.278 12.991 12.705 12.420 12.135 11.852 11.569 11.287 11.006 10.726 10.446 10.168  9.890  9.613  9.337  9.061  8.787  8.513  8.239  7.967  7.695  7.424  7.153  6.884  6.614  6.346  6.078  5.811  5.544  5.278  5.012  4.747  4.482  4.218  3.954  3.691  3.428  3.165  2.903  2.641  2.379  2.118  1.856  1.595  1.334  1.074  0.813  0.553  0.292 
21.548 21.237 20.928 20.619 20.311 20.004 19.698 19.392 19.088 18.784 18.481 18.179 17.878 17.578 17.279 16.980 16.682 16.385 16.089 15.794 15.499 15.206 14.913 14.621 14.330 14.039 13.749 13.460 13.172 12.885 12.598 12.313 12.028 11.743 11.460 11.177 10.895 10.613 10.332 10.052  9.773  9.494  9.216  8.938  8.661  8.385  8.110  7.834  7.560  7.286  7.013  6.740  6.467  6.195  5.924  5.653  5.382  5.112  4.842  4.573  4.304  4.036  3.767  3.499  3.231  2.964  2.697  2.430  2.163  1.896  1.630  1.364  1.097  0.831  0.565  0.299 
21.733 21.423 21.113 20.804 20.496 20.189 19.882 19.577 19.272 18.968 18.664 18.362 18.060 17.759 17.459 17.160 16.861 16.563 16.266 15.970 15.674 15.379 15.085 14.792 14.499 14.207 13.916 13.626 13.336 13.047 12.759 12.471 12.184 11.898 11.612 11.327 11.042 10.759 10.475 10.193  9.911  9.629  9.348  9.068  8.788  8.509  8.230  7.952  7.674  7.397  7.120  6.844  6.568  6.293  6.018  5.743  5.469  5.195  4.921  4.648  4.375  4.102  3.830  3.557  3.285  3.014  2.742  2.471  2.200  1.929  1.658  1.387  1.116  0.846  0.575  0.305 
21.906 21.595 21.285 20.976 20.668 20.361 20.054 19.748 19.442 19.138 18.834 18.531 18.228 17.927 17.626 17.325 17.026 16.727 16.429 16.131 15.834 15.538 15.243 14.948 14.654 14.361 14.068 13.776 13.484 13.193 12.903 12.614 12.324 12.036 11.748 11.461 11.174 10.888 10.603 10.318 10.033  9.749  9.466  9.183  8.900  8.618  8.336  8.055  7.775  7.494  7.215  6.935  6.656  6.377  6.099  5.821  5.543  5.266  4.989  4.712  4.435  4.159  3.883  3.607  3.332  3.056  2.781  2.506  2.231  1.956  1.682  1.407  1.133  0.858  0.584  0.309 
22.064 21.754 21.444 21.135 20.826 20.519 20.211 19.905 19.599 19.294 18.989 18.686 18.383 18.080 17.778 17.477 17.176 16.877 16.577 16.279 15.981 15.683 15.387 15.090 14.795 14.500 14.206 13.912 13.619 13.326 13.034 12.743 12.452 12.161 11.871 11.582 11.293 11.005 10.717 10.430 10.143  9.857  9.571  9.285  9.000  8.716  8.431  8.148  7.864  7.581  7.298  7.016  6.734  6.453  6.171  5.890  5.609  5.329  5.049  4.769  4.489  4.210  3.931  3.652  3.373  3.094  2.815  2.537  2.259  1.981  1.703  1.425  1.147  0.869  0.591  0.314 
22.210 21.899 21.589 21.280 20.971 20.663 20.355 20.048 19.742 19.437 19.132 18.827 18.523 18.220 17.917 17.615 17.314 17.013 16.713 16.413 16.114 15.815 15.517 15.220 14.923 14.627 14.331 14.036 13.741 13.447 13.153 12.860 12.567 12.275 11.983 11.692 11.401 11.111 10.821 10.531 10.242  9.954  9.666  9.378  9.091  8.804  8.517  8.231  7.945  7.659  7.374  7.089  6.804  6.520  6.236  5.952  5.669  5.386  5.103  4.820  4.538  4.255  3.973  3.691  3.409  3.128  2.846  2.565  2.284  2.002  1.721  1.440  1.160  0.879  0.598  0.317 
22.342 22.031 21.721 21.412 21.103 20.794 20.487 20.179 19.873 19.567 19.261 18.956 18.652 18.348 18.044 17.741 17.439 17.137 16.836 16.535 16.235 15.936 15.636 15.338 15.040 14.742 14.445 14.148 13.852 13.556 13.261 12.966 12.672 12.378 12.084 11.791 11.499 11.207 10.915 10.624 10.333 10.042  9.752  9.462  9.172  8.883  8.594  8.306  8.018  7.730  7.442  7.155  6.868  6.581  6.295  6.009  5.723  5.437  5.151  4.866  4.581  4.296  4.011  3.727  3.442  3.158  2.874  2.590  2.306  2.022  1.738  1.455  1.171  0.887  0.604  0.320 
22.462 22.151 21.841 21.532 21.223 20.914 20.606 20.298 19.991 19.685 19.379 19.073 18.768 18.464 18.160 17.856 17.553 17.250 16.948 16.647 16.346 16.045 15.745 15.445 15.146 14.847 14.548 14.250 13.953 13.656 13.359 13.063 12.767 12.472 12.177 11.882 11.588 11.294 11.000 10.707 10.414 10.122  9.830  9.538  9.247  8.955  8.665  8.374  8.084  7.794  7.504  7.215  6.926  6.637  6.348  6.060  5.771  5.483  5.196  4.908  4.621  4.333  4.046  3.759  3.472  3.186  2.899  2.612  2.326  2.040  1.754  1.467  1.181  0.895  0.609  0.323 
22.572 22.261 21.951 21.641 21.332 21.023 20.715 20.407 20.099 19.792 19.486 19.180 18.874 18.569 18.265 17.960 17.657 17.353 17.050 16.748 16.446 16.144 15.843 15.542 15.242 14.942 14.643 14.343 14.045 13.746 13.448 13.151 12.854 12.557 12.260 11.964 11.668 11.373 11.078 10.783 10.489 10.195  9.901  9.607  9.314  9.021  8.729  8.436  8.144  7.852  7.561  7.269  6.978  6.687  6.397  6.106  5.816  5.526  5.236  4.946  4.656  4.367  4.078  3.789  3.499  3.211  2.922  2.633  2.344  2.056  1.767  1.479  1.191  0.902  0.614  0.326 
22.671 22.360 22.050 21.740 21.431 21.122 20.813 20.505 20.198 19.890 19.583 19.277 18.971 18.665 18.360 18.055 17.751 17.447 17.143 16.840 16.537 16.235 15.933 15.631 15.330 15.029 14.728 14.428 14.128 13.829 13.529 13.231 12.932 12.634 12.336 12.039 11.742 11.445 11.148 10.852 10.556 10.261  9.965  9.670  9.375  9.081  8.787  8.493  8.199  7.905  7.612  7.319  7.026  6.733  6.440  6.148  5.856  5.564  5.272  4.980  4.689  4.398  4.106  3.815  3.524  3.233  2.942  2.652  2.361  2.071  1.780  1.490  1.199  0.909  0.618  0.328 
22.762 22.451 22.141 21.831 21.521 21.212 20.903 20.595 20.287 19.979 19.672 19.365 19.059 18.753 18.447 18.141 17.836 17.532 17.227 16.924 16.620 16.317 16.014 15.711 15.409 15.107 14.806 14.505 14.204 13.903 13.603 13.303 13.004 12.704 12.405 12.107 11.808 11.510 11.213 10.915 10.618 10.321 10.024  9.727  9.431  9.135  8.839  8.544  8.248  7.953  7.658  7.364  7.069  6.775  6.480  6.186  5.893  5.599  5.305  5.012  4.719  4.425  4.132  3.839  3.547  3.254  2.961  2.669  2.376  2.084  1.791  1.499  1.207  0.915  0.622  0.330 
22.844 22.533 22.223 21.913 21.603 21.294 20.985 20.676 20.368 20.060 19.753 19.445 19.138 18.832 18.526 18.220 17.914 17.609 17.304 17.000 16.695 16.391 16.088 15.785 15.482 15.179 14.877 14.575 14.273 13.971 13.670 13.369 13.069 12.768 12.468 12.169 11.869 11.570 11.271 10.972 10.674 10.375 10.077  9.779  9.482  9.184  8.887  8.590  8.294  7.997  7.701  7.404  7.108  6.812  6.517  6.221  5.926  5.630  5.335  5.040  4.745  4.451  4.156  3.862  3.567  3.273  2.978  2.684  2.390  2.096  1.802  1.508  1.214  0.920  0.626  0.332 
22.919 22.608 22.298 21.987 21.678 21.368 21.059 20.750 20.442 20.134 19.826 19.518 19.211 18.904 18.597 18.291 17.985 17.679 17.374 17.069 16.764 16.459 16.155 15.851 15.547 15.243 14.940 14.637 14.334 14.031 13.728 13.425 13.123 12.820 12.517 12.214 11.911 11.607 11.302 10.997 10.691 10.384 10.076  9.766  9.454  9.140  8.824  8.505  8.182  7.856  7.526  7.191  6.852  6.507  6.156  5.799  5.435  5.063  4.682  4.292  3.892  3.480  3.056  2.619  2.169  1.707  1.234  0.752  0.263 -0.314 -0.954 -1.594 -2.231 -2.867 -3.501 -4.130 
22.968 22.657 22.346 22.035 21.724 21.413 21.102 20.791 20.480 20.169 19.857 19.546 19.234 18.922 18.609 18.297 17.984 17.671 17.357 17.042 16.727 16.412 16.096 15.778 15.461 15.142 14.822 14.501 14.179 13.855 13.531 13.205 12.877 12.548 12.217 11.884 11.550 11.213 10.875 10.534 10.192  9.847  9.500  9.150  8.798  8.444  8.087  7.728  7.366  7.002  6.636  6.267  5.895  5.521  5.145  4.767  4.387  4.004  3.619  3.233  2.845  2.455  2.064  1.672  1.278  0.884  0.489  0.093 -0.234 -0.555 -0.875 -1.193 -1.510 -1.823 -2.134 -2.440 
22.892 22.581 22.269 21.957 21.644 21.330 21.016 20.701 20.385 20.069 19.752 19.434 19.116 18.797 18.477 18.156 17.835 17.512 17.189 16.865 16.540 16.214 15.888 15.560 15.231 14.902 14.571 14.239 13.906 13.572 13.237 12.901 12.564 12.225 11.886 11.545 11.203 10.860 10.516 10.170  9.824  9.477  9.128  8.779  8.428  8.077  7.725  7.373  7.020  6.667  6.313  5.959  5.606  5.252  4.899  4.546  4.193  3.842  3.491  3.141  2.792  2.444  2.097  1.752  1.407  1.063  0.721  0.379  0.038 -0.158 -0.264 -0.369 -0.470 -0.568 -0.662 -0.750 
22.727 22.415 22.103 21.791 21.477 21.162 20.847 20.531 20.215 19.897 19.579 19.260 18.940 18.619 18.298 17.976 17.653 17.329 17.005 16.680 16.354 16.028 15.701 15.373 15.045 14.716 14.386 14.056 13.725 13.394 13.062 12.730 12.398 12.065 11.732 11.398 11.064 10.731 10.397 10.063  9.729  9.395  9.061  8.728  8.395  8.062  7.730  7.399  7.068  6.738  6.409  6.081  5.754  5.428  5.103  4.780  4.458  4.138  3.821  3.505  3.192  2.882  2.575  2.271  1.970  1.674  1.381  1.093  0.808  0.527  0.249 -0.026 -0.096  0.077  0.506  0.940 
22.570 22.259 21.947 21.635 21.322 21.009 20.695 20.380 20.066 19.750 19.435 19.118 18.802 18.485 18.168 17.850 17.532 17.214 16.896 16.578 16.259 15.941 15.623 15.305 14.987 14.669 14.352 14.036 13.720 13.404 13.090 12.777 12.465 12.154 11.844 11.536 11.230 10.926 10.623 10.323 10.026  9.731  9.439  9.150  8.864  8.581  8.303  8.028  7.757  7.491  7.229  6.971  6.719  6.472  6.230  5.993  5.762  5.537  5.318  5.105  4.899  4.699  4.505  4.318  4.138  3.965  3.799  3.640  3.488  3.343  3.206  3.076  2.953  2.838  2.730  2.630 
22.527 22.217 21.906 21.596 21.286 20.976 20.666 20.357 20.048 19.740 19.431 19.124 18.816 18.510 18.203 17.898 17.593 17.289 16.985 16.682 16.381 16.080 15.780 15.482 15.185 14.889 14.594 14.301 14.010 13.720 13.432 13.146 12.862 12.581 12.301 12.024 11.749 11.477 11.207 10.941 10.677 10.416 10.159  9.905  9.654  9.408  9.164  8.925  8.690  8.458  8.231  8.009  7.791  7.577  7.368  7.165  6.966  6.773  6.584  6.402  6.224  6.053  5.887  5.727  5.574  5.426  5.285  5.150  5.022  4.901  4.786  4.679  4.578  4.485  4.399  4.320 
22.671 22.361 22.051 21.743 21.436 21.130 20.825 20.521 20.218 19.916 19.616 19.316 19.018 18.721 18.426 18.131 17.839 17.547 17.257 16.969 16.682 16.397 16.114 15.833 15.553 15.276 15.000 14.726 14.455 14.186 13.919 13.655 13.393 13.134 12.878 12.624 12.373 12.125 11.881 11.639 11.401 11.166 10.934 10.707 10.483 10.262 10.046  9.834  9.626  9.422  9.222  9.027  8.837  8.651  8.471  8.295  8.124  7.959  7.798  7.644  7.495  7.351  7.214  7.082  6.956  6.837  6.724  6.617  6.517  6.423  6.337  6.257  6.184  6.119  6.061  6.010 
22.981 22.671 22.362 22.056 21.751 21.448 21.146 20.847 20.549 20.253 19.958 19.666 19.376 19.087 18.800 18.516 18.233 17.952 17.674 17.397 17.123 16.851 16.582 16.314 16.049 15.787 15.527 15.270 15.015 14.764 14.515 14.269 14.025 13.785 13.548 13.315 13.084 12.857 12.633 12.413 12.197 11.984 11.775 11.570 11.369 11.172 10.979 10.791 10.607 10.427 10.253 10.082  9.917  9.757  9.601  9.451  9.306  9.167  9.032  8.904  8.781  8.664  8.553  8.448  8.349  8.256  8.170  8.090  8.017  7.951  7.891  7.838  7.793  7.755  7.724  7.700 
23.429 23.119 22.812 22.506 22.203 21.903 21.605 21.309 21.015 20.724 20.435 20.148 19.864 19.582 19.303 19.026 18.752 18.480 18.211 17.945 17.681 17.420 17.161 16.906 16.653 16.403 16.155 15.911 15.670 15.431 15.196 14.964 14.735 14.509 14.286 14.066 13.850 13.637 13.427 13.220 13.017 12.817 12.620 12.427 12.237 12.050 11.867 11.687 11.510 11.336 11.166 10.999 10.835 10.674 10.516 10.360 10.208 10.059  9.912  9.768  9.626  9.486  9.349  9.214  9.080  8.949  8.819  8.691  8.564  8.438  8.314  8.190  8.067  7.944  7.822  7.700 
23.982 23.672 23.365 23.061 22.759 22.460 22.163 21.869 21.578 21.289 21.003 20.720 20.439 20.161 19.885 19.613 19.342 19.075 18.810 18.548 18.289 18.032 17.778 17.526 17.278 17.032 16.789 16.548 16.310 16.075 15.843 15.613 15.386 15.162 14.941 14.722 14.505 14.292 14.081 13.872 13.667 13.463 13.263 13.064 12.868 12.675 12.484 12.295 12.109 11.925 11.743 11.563 11.385 11.210 11.036 10.864 10.694 10.526 10.359 10.194 10.031  9.869  9.708  9.548  9.390  9.233  9.077  8.922  8.767  8.613  8.460  8.308  8.155  8.003  7.852  7.700 
24.571 24.261 23.954 23.650 23.348 23.049 22.753 22.459 22.167 21.879 21.593 21.309 21.029 20.750 20.475 20.202 19.931 19.663 19.398 19.135 18.875 18.617 18.362 18.110 17.859 17.612 17.367 17.124 16.884 16.646 16.410 16.177 15.946 15.718 15.492 15.268 15.046 14.827 14.610 14.395 14.182 13.971 13.762 13.556 13.351 13.148 12.947 12.748 12.551 12.355 12.162 11.970 11.779 11.590 11.403 11.217 11.032 10.849 10.667 10.486 10.306 10.127  9.950  9.773  9.597  9.422  9.248  9.074  8.901  8.729  8.556  8.385  8.213  8.042  7.871  7.700 
25.145 24.835 24.528 24.223 23.921 23.621 23.324 23.029 22.737 22.447 22.160 21.875 21.593 21.313 21.035 20.760 20.487 20.217 19.949 19.683 19.420 19.159 18.900 18.644 18.390 18.138 17.889 17.641 17.396 17.153 16.912 16.674 16.437 16.203 15.970 15.740 15.511 15.285 15.060 14.837 14.616 14.397 14.180 13.964 13.750 13.538 13.327 13.118 12.911 12.705 12.500 12.297 12.095 11.894 11.695 11.497 11.300 11.104 10.909 10.715 10.522 10.330 10.138  9.948  9.758  9.569  9.380  9.192  9.005  8.817  8.631  8.444  8.258  8.072  7.886  7.700 
25.682 25.372 25.064 24.759 24.456 24.156 23.858 23.562 23.268 22.977 22.688 22.401 22.116 21.834 21.554 21.276 21.000 20.727 20.455 20.186 19.919 19.654 19.391 19.131 18.872 18.616 18.361 18.109 17.858 17.609 17.363 17.118 16.875 16.634 16.395 16.158 15.922 15.688 15.456 15.225 14.997 14.769 14.544 14.319 14.097 13.876 13.656 13.437 13.220 13.004 12.790 12.576 12.364 12.153 11.943 11.734 11.526 11.319 11.113 10.908 10.704 10.500 10.297 10.095  9.893  9.692  9.491  9.291  9.091  8.892  8.693  8.494  8.295  8.097  7.898  7.700 
26.175 25.866 25.558 25.252 24.949 24.647 24.348 24.051 23.756 23.463 23.172 22.883 22.596 22.311 22.028 21.748 21.469 21.192 20.917 20.645 20.374 20.105 19.838 19.573 19.310 19.048 18.789 18.531 18.275 18.021 17.769 17.518 17.269 17.022 16.776 16.532 16.290 16.049 15.810 15.572 15.336 15.101 14.867 14.635 14.404 14.175 13.947 13.720 13.494 13.269 13.045 12.823 12.602 12.381 12.162 11.943 11.725 11.509 11.293 11.077 10.863 10.649 10.436 10.223 10.011  9.799  9.588  9.377  9.167  8.957  8.747  8.537  8.328  8.118  7.909  7.700 
26.626 26.316 26.008 25.702 25.398 25.095 24.795 24.497 24.200 23.905 23.613 23.322 23.033 22.746 22.460 22.177 21.895 21.615 21.337 21.061 20.787 20.514 20.243 19.974 19.706 19.441 19.176 18.914 18.653 18.394 18.136 17.880 17.625 17.372 17.121 16.870 16.622 16.374 16.129 15.884 15.641 15.399 15.158 14.919 14.680 14.443 14.207 13.973 13.739 13.506 13.274 13.044 12.814 12.585 12.357 12.130 11.903 11.678 11.453 11.228 11.005 10.782 10.559 10.337 10.116  9.895  9.674  9.454  9.234  9.014  8.795  8.576  8.357  8.138  7.919  7.700 
27.035 26.725 26.417 26.111 25.806 25.503 25.202 24.902 24.604 24.308 24.014 23.721 23.430 23.140 22.853 22.567 22.283 22.000 21.719 21.439 21.162 20.885 20.611 20.338 20.066 19.796 19.528 19.261 18.995 18.731 18.469 18.207 17.947 17.689 17.432 17.176 16.922 16.668 16.417 16.166 15.916 15.668 15.421 15.175 14.930 14.686 14.443 14.201 13.960 13.720 13.481 13.242 13.005 12.768 12.533 12.298 12.063 11.830 11.597 11.364 11.132 10.901 10.670 10.440 10.210  9.981  9.752  9.523  9.294  9.066  8.838  8.610  8.383  8.155  7.927  7.700 
27.407 27.097 26.789 26.482 26.176 25.873 25.570 25.270 24.971 24.673 24.377 24.083 23.790 23.499 23.209 22.921 22.634 22.349 22.065 21.782 21.501 21.222 20.944 20.667 20.392 20.119 19.846 19.575 19.305 19.037 18.770 18.504 18.239 17.976 17.714 17.453 17.193 16.935 16.677 16.421 16.166 15.911 15.658 15.406 15.155 14.905 14.656 14.407 14.160 13.913 13.667 13.422 13.178 12.934 12.692 12.449 12.208 11.967 11.727 11.487 11.248 11.009 10.771 10.533 10.295 10.058  9.822  9.585  9.349  9.113  8.877  8.641  8.406  8.171  7.935  7.700 
27.745 27.434 27.126 26.818 26.512 26.208 25.905 25.603 25.303 25.005 24.707 24.411 24.117 23.824 23.532 23.241 22.952 22.665 22.378 22.093 21.810 21.527 21.246 20.966 20.688 20.411 20.135 19.860 19.586 19.314 19.043 18.773 18.504 18.236 17.969 17.704 17.439 17.176 16.913 16.652 16.392 16.132 15.874 15.616 15.359 15.103 14.848 14.594 14.341 14.088 13.836 13.585 13.334 13.085 12.835 12.587 12.339 12.091 11.844 11.598 11.352 11.107 10.862 10.617 10.373 10.129  9.885  9.641  9.398  9.155  8.912  8.670  8.427  8.185  7.942  7.700 
28.050 27.740 27.431 27.124 26.817 26.512 26.208 25.906 25.605 25.305 25.006 24.709 24.413 24.118 23.825 23.532 23.241 22.951 22.663 22.375 22.089 21.804 21.520 21.238 20.956 20.676 20.396 20.118 19.841 19.565 19.290 19.016 18.744 18.472 18.201 17.931 17.662 17.394 17.128 16.861 16.596 16.332 16.069 15.806 15.544 15.283 15.023 14.763 14.505 14.246 13.989 13.732 13.476 13.221 12.966 12.711 12.457 12.204 11.951 11.699 11.447 11.195 10.944 10.693 10.442 10.192  9.942  9.692  9.443  9.194  8.944  8.695  8.446  8.198  7.949  7.700 
28.328 28.017 27.708 27.400 27.093 26.788 26.483 26.180 25.878 25.577 25.278 24.979 24.681 24.385 24.090 23.796 23.503 23.211 22.921 22.631 22.342 22.055 21.769 21.483 21.199 20.916 20.634 20.352 20.072 19.793 19.515 19.237 18.961 18.685 18.411 18.137 17.865 17.593 17.322 17.051 16.782 16.513 16.245 15.978 15.712 15.446 15.181 14.917 14.653 14.390 14.128 13.866 13.605 13.344 13.084 12.824 12.565 12.306 12.048 11.790 11.532 11.275 11.018 10.762 10.506 10.250  9.994  9.739  9.483  9.228  8.973  8.719  8.464  8.209  7.955  7.700 
28.579 28.269 27.959 27.651 27.344 27.038 26.733 26.429 26.126 25.824 25.523 25.224 24.925 24.627 24.331 24.035 23.740 23.447 23.154 22.863 22.572 22.282 21.994 21.706 21.419 21.133 20.849 20.565 20.281 19.999 19.718 19.437 19.158 18.879 18.601 18.324 18.048 17.772 17.497 17.223 16.950 16.677 16.406 16.134 15.864 15.594 15.325 15.056 14.788 14.520 14.253 13.987 13.721 13.456 13.191 12.926 12.662 12.399 12.135 11.873 11.610 11.348 11.086 10.824 10.563 10.302 10.041  9.781  9.520  9.260  9.000  8.740  8.480  8.220  7.960  7.700 
28.807 28.496 28.187 27.878 27.571 27.264 26.959 26.654 26.351 26.048 25.746 25.445 25.146 24.847 24.549 24.252 23.956 23.660 23.366 23.073 22.780 22.489 22.198 21.908 21.619 21.331 21.043 20.757 20.471 20.186 19.902 19.619 19.336 19.055 18.774 18.493 18.214 17.935 17.657 17.379 17.103 16.826 16.551 16.276 16.002 15.728 15.455 15.182 14.910 14.638 14.367 14.097 13.827 13.557 13.288 13.019 12.751 12.483 12.215 11.948 11.680 11.414 11.147 10.881 10.615 10.349 10.084  9.819  9.553  9.288  9.023  8.759  8.494  8.229  7.965  7.700 
29.013 28.703 28.393 28.085 27.777 27.470 27.164 26.859 26.554 26.251 25.948 25.647 25.346 25.046 24.746 24.448 24.151 23.854 23.558 23.263 22.969 22.675 22.383 22.091 21.800 21.510 21.220 20.931 20.643 20.356 20.069 19.783 19.498 19.214 18.930 18.647 18.364 18.083 17.801 17.521 17.241 16.961 16.682 16.404 16.126 15.849 15.573 15.296 15.021 14.745 14.471 14.196 13.922 13.649 13.376 13.103 12.831 12.559 12.287 12.015 11.744 11.473 11.203 10.933 10.662 10.392 10.123  9.853  9.584  9.314  9.045  8.776  8.507  8.238  7.969  7.700 
29.201 28.890 28.580 28.271 27.963 27.656 27.350 27.044 26.739 26.435 26.131 25.829 25.527 25.226 24.926 24.626 24.327 24.029 23.732 23.436 23.140 22.845 22.551 22.257 21.964 21.672 21.380 21.089 20.799 20.510 20.221 19.933 19.645 19.358 19.072 18.786 18.501 18.216 17.932 17.649 17.366 17.084 16.802 16.520 16.240 15.959 15.679 15.400 15.121 14.842 14.564 14.287 14.009 13.732 13.455 13.179 12.903 12.628 12.352 12.077 11.802 11.528 11.253 10.979 10.705 10.431 10.158  9.884  9.611  9.338  9.065  8.792  8.519  8.246  7.973  7.700 
29.370 29.060 28.750 28.441 28.133 27.825 27.518 27.212 26.906 26.602 26.297 25.994 25.691 25.389 25.088 24.788 24.488 24.189 23.890 23.592 23.295 22.998 22.703 22.407 22.113 21.819 21.525 21.233 20.941 20.649 20.358 20.068 19.778 19.489 19.200 18.912 18.625 18.338 18.051 17.765 17.480 17.195 16.910 16.626 16.342 16.059 15.776 15.494 15.212 14.930 14.649 14.368 14.088 13.808 13.528 13.248 12.969 12.690 12.411 12.133 11.855 11.577 11.299 11.021 10.744 10.467 10.190  9.913  9.636  9.359  9.082  8.806  8.529  8.253  7.976  7.700 
29.524 29.214 28.904 28.594 28.286 27.978 27.671 27.364 27.058 26.753 26.448 26.144 25.840 25.538 25.235 24.934 24.633 24.333 24.033 23.734 23.436 23.138 22.840 22.544 22.248 21.952 21.657 21.363 21.069 20.775 20.483 20.190 19.899 19.607 19.317 19.027 18.737 18.448 18.159 17.870 17.583 17.295 17.008 16.721 16.435 16.149 15.864 15.579 15.294 15.010 14.726 14.442 14.159 13.876 13.593 13.311 13.029 12.747 12.465 12.183 11.902 11.621 11.340 11.060 10.779 10.499 10.218  9.938  9.658  9.378  9.098  8.819  8.539  8.259  7.980  7.700 
29.664 29.353 29.043 28.734 28.425 28.117 27.809 27.502 27.196 26.890 26.584 26.280 25.976 25.672 25.369 25.067 24.765 24.463 24.163 23.863 23.563 23.264 22.965 22.667 22.370 22.073 21.776 21.480 21.185 20.890 20.595 20.301 20.008 19.715 19.422 19.130 18.838 18.547 18.256 17.966 17.676 17.386 17.097 16.808 16.520 16.231 15.944 15.656 15.369 15.082 14.796 14.510 14.224 13.938 13.653 13.368 13.083 12.798 12.514 12.229 11.945 11.661 11.378 11.094 10.811 10.528 10.245  9.962  9.679  9.396  9.113  8.830  8.548  8.265  7.983  7.700 
29.790 29.479 29.169 28.860 28.551 28.242 27.934 27.627 27.320 27.014 26.708 26.403 26.098 25.794 25.490 25.187 24.884 24.582 24.280 23.979 23.678 23.378 23.079 22.779 22.481 22.182 21.884 21.587 21.290 20.994 20.698 20.402 20.107 19.812 19.518 19.224 18.931 18.638 18.345 18.052 17.760 17.469 17.178 16.887 16.596 16.306 16.016 15.726 15.437 15.148 14.859 14.571 14.282 13.994 13.706 13.419 13.132 12.845 12.558 12.271 11.984 11.698 11.412 11.126 10.840 10.554 10.268  9.983  9.697  9.412  9.126  8.841  8.556  8.270  7.985  7.700 
