28.916 28.605 28.294 27.983 27.673 27.362 27.051 26.740 26.429 26.118 25.807 25.496 25.185 24.874 24.564 24.253 23.942 23.631 23.320 23.009 22.698 22.387 22.076 21.765 21.454 21.143 20.832 20.521 20.210 19.899 19.588 19.276 18.965 18.654 18.343 18.031 17.720 17.408 17.097 16.785 16.473 16.161 15.849 15.537 15.225 14.912 14.599 14.287 13.974 13.660 13.347 13.033 12.719 12.404 12.090 11.774 11.459 11.143 10.827 10.510 10.192  9.874  9.556  9.237  8.917  8.597  8.275  7.953  7.631  7.307  6.983  6.657  6.331  6.004  5.675  5.346 
28.914 28.603 28.292 27.981 27.670 27.359 27.048 26.737 26.426 26.115 25.803 25.492 25.181 24.870 24.558 24.247 23.935 23.624 23.312 23.001 22.689 22.377 22.065 21.753 21.441 21.129 20.817 20.505 20.192 19.879 19.567 19.254 18.941 18.627 18.314 18.000 17.686 17.372 17.058 16.744 16.429 16.114 15.798 15.483 15.167 14.850 14.534 14.216 13.899 13.581 13.263 12.944 12.625 12.305 11.985 11.664 11.342 11.020 10.698 10.374 10.051  9.726  9.400  9.074  8.747  8.420  8.091  7.762  7.431  7.100  6.768  6.435  6.100  5.765  5.429  5.091 
28.901 28.590 28.279 27.968 27.656 27.345 27.034 26.722 26.411 26.099 25.787 25.475 25.163 24.851 24.539 24.226 23.914 23.601 23.288 22.975 22.662 22.349 22.036 21.722 21.408 21.094 20.780 20.466 20.151 19.836 19.521 19.206 18.890 18.574 18.258 17.941 17.625 17.307 16.990 16.672 16.354 16.035 15.716 15.397 15.077 14.757 14.436 14.114 13.793 13.470 13.148 12.824 12.500 12.176 11.850 11.524 11.198 10.871 10.543 10.214  9.885  9.554  9.223  8.892  8.559  8.225  7.891  7.556  7.219  6.882  6.544  6.205  5.864  5.523  5.181  4.837 
28.871 28.560 28.249 27.938 27.626 27.315 27.003 26.691 26.378 26.066 25.753 25.441 25.128 24.815 24.501 24.188 23.874 23.560 23.246 22.931 22.616 22.301 21.986 21.671 21.355 21.039 20.723 20.406 20.089 19.772 19.454 19.136 18.818 18.499 18.180 17.861 17.541 17.221 16.900 16.579 16.257 15.935 15.613 15.290 14.966 14.642 14.317 13.992 13.667 13.340 13.013 12.686 12.357 12.028 11.699 11.368 11.037 10.706 10.373 10.040  9.705  9.370  9.035  8.698  8.360  8.022  7.683  7.342  7.001  6.659  6.315  5.971  5.626  5.279  4.932  4.583 
28.823 28.512 28.201 27.889 27.577 27.265 26.953 26.641 26.328 26.015 25.701 25.388 25.074 24.759 24.445 24.130 23.815 23.500 23.184 22.868 22.552 22.235 21.918 21.601 21.283 20.965 20.646 20.328 20.008 19.689 19.369 19.048 18.728 18.406 18.085 17.762 17.440 17.117 16.793 16.469 16.144 15.819 15.493 15.167 14.840 14.512 14.184 13.855 13.526 13.196 12.865 12.534 12.202 11.869 11.535 11.201 10.866 10.530 10.193  9.856  9.517  9.178  8.838  8.497  8.155  7.812  7.468  7.124  6.778  6.431  6.083  5.735  5.385  5.034  4.682  4.329 
28.757 28.446 28.134 27.822 27.510 27.198 26.885 26.572 26.259 25.945 25.631 25.316 25.002 24.686 24.371 24.055 23.739 23.422 23.105 22.787 22.470 22.151 21.833 21.514 21.194 20.874 20.554 20.233 19.912 19.590 19.268 18.945 18.622 18.298 17.974 17.649 17.324 16.998 16.671 16.344 16.017 15.689 15.360 15.030 14.700 14.370 14.038 13.706 13.374 13.040 12.706 12.371 12.036 11.699 11.362 11.024 10.685 10.346 10.005  9.664  9.322  8.979  8.635  8.290  7.944  7.598  7.250  6.901  6.552  6.201  5.849  5.496  5.142  4.788  4.431  4.074 
28.673 28.362 28.051 27.739 27.426 27.114 26.800 26.487 26.173 25.859 25.544 25.228 24.913 24.597 24.280 23.963 23.646 23.328 23.010 22.691 22.371 22.052 21.732 21.411 21.090 20.768 20.446 20.123 19.800 19.476 19.152 18.827 18.502 18.176 17.849 17.522 17.194 16.866 16.537 16.208 15.877 15.546 15.215 14.883 14.550 14.216 13.882 13.547 13.211 12.875 12.538 12.200 11.861 11.521 11.181 10.840 10.498 10.155  9.811  9.466  9.121  8.774  8.427  8.079  7.729  7.379  7.028  6.676  6.322  5.968  5.613  5.256  4.899  4.540  4.181  3.820 
28.574 28.263 27.951 27.639 27.326 27.013 26.700 26.386 26.071 25.756 25.441 25.125 24.809 24.492 24.174 23.856 23.538 23.219 22.899 22.579 22.259 21.938 21.616 21.294 20.971 20.648 20.324 20.000 19.675 19.349 19.023 18.696 18.369 18.041 17.712 17.383 17.053 16.723 16.391 16.060 15.727 15.394 15.060 14.725 14.390 14.053 13.716 13.379 13.040 12.701 12.361 12.020 11.679 11.336 10.993 10.649 10.304  9.958  9.611  9.263  8.915  8.565  8.215  7.863  7.511  7.157  6.803  6.447  6.091  5.733  5.375  5.015  4.654  4.293  3.930  3.566 
28.460 28.149 27.837 27.525 27.212 26.899 26.585 26.271 25.956 25.640 25.324 25.008 24.691 24.373 24.055 23.736 23.416 23.096 22.776 22.455 22.133 21.811 21.488 21.164 20.840 20.516 20.190 19.864 19.538 19.210 18.883 18.554 18.225 17.895 17.565 17.233 16.901 16.569 16.236 15.902 15.567 15.231 14.895 14.558 14.220 13.882 13.543 13.202 12.862 12.520 12.177 11.834 11.490 11.145 10.799 10.452 10.104  9.755  9.406  9.055  8.704  8.351  7.998  7.644  7.288  6.932  6.575  6.217  5.857  5.497  5.135  4.773  4.409  4.044  3.678  3.311 
28.333 28.022 27.710 27.398 27.085 26.771 26.457 26.142 25.827 25.511 25.195 24.877 24.560 24.241 23.922 23.603 23.282 22.962 22.640 22.318 21.995 21.672 21.348 21.023 20.698 20.372 20.045 19.718 19.390 19.061 18.731 18.401 18.071 17.739 17.407 17.074 16.740 16.406 16.071 15.735 15.398 15.060 14.722 14.383 14.043 13.703 13.361 13.019 12.676 12.332 11.987 11.641 11.294 10.947 10.599 10.249  9.899  9.548  9.196  8.843  8.489  8.134  7.778  7.421  7.063  6.704  6.344  5.984  5.621  5.258  4.894  4.529  4.163  3.795  3.427  3.057 
28.195 27.883 27.571 27.259 26.946 26.632 26.318 26.003 25.687 25.370 25.053 24.736 24.417 24.098 23.779 23.458 23.137 22.816 22.493 22.170 21.846 21.522 21.197 20.871 20.545 20.217 19.890 19.561 19.232 18.902 18.571 18.239 17.907 17.574 17.240 16.905 16.570 16.234 15.897 15.559 15.221 14.882 14.541 14.201 13.859 13.516 13.173 12.828 12.483 12.137 11.790 11.442 11.094 10.744 10.393 10.042  9.690  9.336  8.982  8.627  8.270  7.913  7.555  7.196  6.835  6.474  6.112  5.749  5.384  5.019  4.652  4.284  3.916  3.546  3.175  2.803 
28.045 27.734 27.422 27.109 26.796 26.482 26.167 25.852 25.536 25.219 24.902 24.583 24.264 23.945 23.625 23.304 22.982 22.659 22.336 22.012 21.688 21.363 21.037 20.710 20.382 20.054 19.725 19.395 19.065 18.733 18.401 18.068 17.735 17.400 17.065 16.729 16.392 16.055 15.716 15.377 15.037 14.696 14.354 14.011 13.668 13.323 12.978 12.632 12.285 11.937 11.588 11.239 10.888 10.536 10.184  9.830  9.476  9.121  8.764  8.407  8.048  7.689  7.329  6.967  6.605  6.242  5.877  5.512  5.145  4.777  4.409  4.039  3.668  3.296  2.923  2.549 
27.886 27.574 27.262 26.950 26.636 26.322 26.007 25.692 25.375 25.058 24.740 24.422 24.102 23.782 23.461 23.140 22.817 22.494 22.170 21.846 21.520 21.194 20.867 20.540 20.211 19.882 19.552 19.221 18.889 18.557 18.224 17.890 17.555 17.219 16.883 16.545 16.207 15.868 15.528 15.188 14.846 14.504 14.160 13.816 13.471 13.125 12.778 12.430 12.082 11.732 11.382 11.030 10.678 10.324  9.970  9.615  9.258  8.901  8.543  8.184  7.824  7.462  7.100  6.737  6.372  6.007  5.641  5.273  4.905  4.535  4.164  3.793  3.420  3.046  2.671  2.294 
27.717 27.406 27.094 26.781 26.468 26.153 25.838 25.522 25.206 24.888 24.570 24.251 23.931 23.611 23.289 22.967 22.644 22.321 21.996 21.671 21.345 21.018 20.690 20.362 20.032 19.702 19.371 19.039 18.707 18.373 18.039 17.704 17.368 17.031 16.694 16.355 16.016 15.675 15.334 14.992 14.649 14.305 13.961 13.615 13.269 12.921 12.573 12.224 11.873 11.522 11.170 10.817 10.463 10.108  9.752  9.395  9.038  8.679  8.319  7.958  7.596  7.233  6.869  6.504  6.138  5.771  5.403  5.033  4.663  4.292  3.919  3.546  3.171  2.795  2.418  2.040 
27.541 27.230 26.918 26.605 26.291 25.977 25.661 25.345 25.028 24.711 24.392 24.073 23.753 23.432 23.110 22.787 22.464 22.139 21.814 21.488 21.162 20.834 20.506 20.176 19.846 19.515 19.184 18.851 18.517 18.183 17.848 17.512 17.175 16.837 16.498 16.159 15.818 15.477 15.135 14.791 14.447 14.102 13.756 13.409 13.062 12.713 12.363 12.013 11.661 11.308 10.955 10.601 10.245  9.889  9.531  9.173  8.813  8.453  8.092  7.729  7.366  7.001  6.636  6.269  5.901  5.533  5.163  4.792  4.420  4.047  3.673  3.298  2.921  2.544  2.165  1.786 
27.358 27.046 26.734 26.421 26.107 25.793 25.477 25.161 24.844 24.526 24.207 23.887 23.567 23.245 22.923 22.600 22.276 21.951 21.626 21.299 20.972 20.644 20.315 19.985 19.654 19.322 18.990 18.656 18.322 17.987 17.651 17.314 16.976 16.637 16.298 15.957 15.615 15.273 14.930 14.585 14.240 13.894 13.547 13.199 12.850 12.500 12.149 11.797 11.445 11.091 10.736 10.380 10.024  9.666  9.307  8.947  8.587  8.225  7.862  7.498  7.133  6.767  6.400  6.032  5.663  5.293  4.922  4.550  4.176  3.802  3.426  3.049  2.672  2.293  1.913  1.531 
27.167 26.856 26.544 26.231 25.917 25.602 25.287 24.970 24.653 24.335 24.015 23.695 23.375 23.053 22.730 22.407 22.083 21.757 21.431 21.104 20.776 20.448 20.118 19.787 19.456 19.124 18.790 18.456 18.121 17.785 17.448 17.111 16.772 16.432 16.092 15.750 15.408 15.065 14.720 14.375 14.029 13.682 13.334 12.985 12.635 12.284 11.932 11.579 11.225 10.870 10.514 10.157  9.799  9.440  9.080  8.719  8.357  7.994  7.630  7.265  6.899  6.532  6.163  5.794  5.424  5.052  4.680  4.306  3.931  3.555  3.178  2.800  2.421  2.041  1.660  1.277 
26.971 26.660 26.348 26.035 25.721 25.406 25.090 24.773 24.456 24.137 23.818 23.498 23.177 22.855 22.532 22.208 21.883 21.558 21.231 20.904 20.575 20.246 19.916 19.585 19.253 18.920 18.586 18.251 17.915 17.579 17.241 16.903 16.563 16.223 15.882 15.539 15.196 14.852 14.507 14.161 13.814 13.465 13.116 12.766 12.415 12.063 11.711 11.357 11.002 10.646 10.289  9.931  9.572  9.212  8.851  8.489  8.125  7.761  7.396  7.030  6.662  6.294  5.925  5.554  5.183  4.810  4.436  4.061  3.685  3.308  2.930  2.551  2.171  1.789  1.407  1.023 
26.770 26.458 26.146 25.833 25.519 25.204 24.888 24.571 24.254 23.935 23.615 23.295 22.973 22.651 22.328 22.004 21.679 21.353 21.026 20.698 20.369 20.039 19.709 19.377 19.045 18.711 18.377 18.041 17.705 17.368 17.030 16.690 16.350 16.009 15.667 15.324 14.980 14.635 14.289 13.942 13.594 13.246 12.896 12.545 12.193 11.840 11.486 11.131 10.776 10.419 10.061  9.702  9.342  8.981  8.619  8.256  7.892  7.526  7.160  6.793  6.424  6.055  5.685  5.313  4.940  4.567  4.192  3.816  3.439  3.061  2.682  2.301  1.920  1.537  1.153  0.769 
26.563 26.252 25.940 25.626 25.312 24.997 24.681 24.364 24.046 23.727 23.408 23.087 22.765 22.443 22.119 21.795 21.469 21.143 20.816 20.488 20.158 19.828 19.497 19.165 18.832 18.498 18.163 17.827 17.491 17.153 16.814 16.474 16.133 15.792 15.449 15.105 14.761 14.415 14.068 13.721 13.372 13.023 12.672 12.320 11.968 11.614 11.259 10.904 10.547 10.189  9.830  9.470  9.110  8.748  8.385  8.021  7.656  7.290  6.922  6.554  6.185  5.815  5.443  5.071  4.697  4.322  3.946  3.570  3.192  2.812  2.432  2.051  1.668  1.285  0.900  0.514 
26.352 26.041 25.729 25.415 25.101 24.786 24.470 24.153 23.835 23.516 23.196 22.875 22.553 22.230 21.906 21.582 21.256 20.929 20.602 20.273 19.944 19.613 19.282 18.949 18.616 18.281 17.946 17.610 17.272 16.934 16.595 16.254 15.913 15.571 15.228 14.883 14.538 14.192 13.844 13.496 13.147 12.797 12.445 12.093 11.740 11.385 11.030 10.673 10.316  9.957  9.598  9.237  8.875  8.513  8.149  7.784  7.418  7.051  6.683  6.314  5.944  5.573  5.200  4.827  4.453  4.077  3.700  3.322  2.944  2.564  2.182  1.800  1.417  1.032  0.647  0.260 
26.137 25.826 25.514 25.200 24.886 24.571 24.254 23.937 23.619 23.300 22.980 22.659 22.337 22.014 21.690 21.365 21.039 20.712 20.384 20.055 19.725 19.394 19.063 18.730 18.396 18.061 17.725 17.388 17.051 16.712 16.372 16.031 15.690 15.347 15.003 14.658 14.312 13.965 13.618 13.269 12.919 12.568 12.216 11.863 11.509 11.154 10.798 10.441 10.083  9.723  9.363  9.002  8.639  8.276  7.911  7.546  7.179  6.811  6.443  6.073  5.702  5.330  4.957  4.583  4.207  3.831  3.453  3.075  2.695  2.314  1.932  1.549  1.165  0.780  0.393  0.006 
25.919 25.607 25.295 24.981 24.667 24.352 24.036 23.718 23.400 23.081 22.760 22.439 22.117 21.794 21.470 21.144 20.818 20.491 20.163 19.834 19.503 19.172 18.840 18.507 18.173 17.838 17.501 17.164 16.826 16.487 16.147 15.805 15.463 15.120 14.776 14.430 14.084 13.737 13.388 13.039 12.688 12.337 11.984 11.631 11.276 10.921 10.564 10.206  9.847  9.487  9.127  8.765  8.402  8.037  7.672  7.306  6.939  6.571  6.201  5.831  5.459  5.087  4.713  4.338  3.962  3.586  3.208  2.829  2.449  2.068  1.686  1.303  0.919  0.533  0.147 -0.249 
25.697 25.385 25.073 24.759 24.445 24.130 23.813 23.496 23.177 22.858 22.538 22.216 21.894 21.571 21.246 20.921 20.594 20.267 19.938 19.609 19.278 18.947 18.614 18.281 17.946 17.611 17.274 16.937 16.598 16.258 15.917 15.576 15.233 14.889 14.544 14.198 13.851 13.502 13.153 12.803 12.451 12.099 11.745 11.390 11.034 10.677 10.319  9.960  9.599  9.238  8.875  8.511  8.146  7.780  7.412  7.043  6.674  6.303  5.930  5.557  5.182  4.806  4.429  4.051  3.671  3.291  2.909  2.526  2.142  1.756  1.370  0.982  0.593  0.203 -0.189 -0.503 
25.470 25.159 24.847 24.533 24.219 23.903 23.587 23.269 22.951 22.631 22.310 21.989 21.666 21.342 21.018 20.692 20.365 20.037 19.708 19.378 19.047 18.715 18.382 18.048 17.713 17.377 17.040 16.701 16.362 16.022 15.680 15.338 14.994 14.650 14.304 13.957 13.610 13.261 12.911 12.560 12.208 11.855 11.501 11.146 10.790 10.433 10.075  9.716  9.356  8.995  8.633  8.269  7.905  7.540  7.174  6.806  6.437  6.068  5.697  5.324  4.950  4.575  4.197  3.818  3.437  3.053  2.667  2.279  1.888  1.494  1.098  0.699  0.298 -0.106 -0.430 -0.757 
25.239 24.928 24.616 24.302 23.988 23.672 23.355 23.038 22.719 22.399 22.079 21.757 21.434 21.110 20.785 20.459 20.132 19.804 19.475 19.144 18.813 18.481 18.147 17.813 17.477 17.140 16.803 16.464 16.124 15.783 15.441 15.097 14.753 14.408 14.061 13.714 13.365 13.015 12.664 12.312 11.959 11.604 11.249 10.892 10.534 10.176  9.816  9.455  9.092  8.729  8.365  8.000  7.633  7.266  6.897  6.528  6.157  5.786  5.414  5.040  4.666  4.291  3.916  3.539  3.162  2.784  2.405  2.026  1.646  1.265  0.884  0.502  0.120 -0.227 -0.619 -1.011 
25.004 24.693 24.380 24.067 23.752 23.436 23.120 22.802 22.483 22.163 21.842 21.520 21.197 20.873 20.548 20.221 19.894 19.566 19.236 18.906 18.574 18.241 17.908 17.573 17.237 16.900 16.562 16.223 15.883 15.542 15.199 14.856 14.511 14.166 13.819 13.471 13.122 12.772 12.421 12.068 11.714 11.360 11.004 10.646 10.288  9.928  9.567  9.205  8.841  8.477  8.111  7.743  7.374  7.004  6.633  6.260  5.887  5.511  5.135  4.757  4.379  3.999  3.618  3.236  2.852  2.469  2.084  1.698  1.312  0.926  0.539  0.151 -0.183 -0.543 -0.904 -1.266 
24.765 24.454 24.141 23.827 23.513 23.197 22.880 22.562 22.243 21.923 21.602 21.280 20.957 20.632 20.307 19.980 19.652 19.324 18.994 18.663 18.331 17.998 17.664 17.328 16.992 16.655 16.316 15.976 15.636 15.294 14.951 14.607 14.262 13.916 13.569 13.220 12.871 12.521 12.169 11.817 11.463 11.109 10.753 10.396 10.039  9.680  9.320  8.959  8.598  8.235  7.871  7.506  7.140  6.773  6.405  6.035  5.664  5.291  4.917  4.541  4.163  3.783  3.400  3.015  2.626  2.235  1.841  1.443  1.041  0.636  0.228 -0.183 -0.515 -0.848 -1.184 -1.520 
24.522 24.211 23.899 23.585 23.270 22.954 22.638 22.320 22.001 21.680 21.359 21.037 20.713 20.389 20.063 19.736 19.409 19.080 18.750 18.418 18.086 17.753 17.418 17.083 16.746 16.408 16.069 15.729 15.388 15.045 14.702 14.357 14.011 13.664 13.316 12.967 12.617 12.265 11.913 11.559 11.204 10.848 10.491 10.133  9.774  9.413  9.052  8.689  8.326  7.961  7.595  7.229  6.861  6.492  6.123  5.752  5.381  5.008  4.635  4.261  3.887  3.511  3.135  2.758  2.380  2.002  1.623  1.244  0.864  0.483  0.102 -0.241 -0.623 -1.006 -1.390 -1.774 
24.277 23.965 23.653 23.339 23.024 22.708 22.391 22.073 21.754 21.434 21.113 20.790 20.467 20.142 19.816 19.489 19.161 18.832 18.502 18.171 17.839 17.505 17.170 16.835 16.498 16.160 15.821 15.481 15.139 14.797 14.453 14.108 13.763 13.415 13.067 12.718 12.367 12.015 11.662 11.308 10.953 10.596 10.238  9.879  9.518  9.157  8.794  8.430  8.064  7.697  7.330  6.960  6.590  6.218  5.845  5.471  5.096  4.720  4.343  3.965  3.585  3.205  2.824  2.442  2.060  1.677  1.293  0.909  0.524  0.138 -0.198 -0.563 -0.929 -1.295 -1.661 -2.029 
24.028 23.717 23.404 23.091 22.776 22.460 22.143 21.825 21.506 21.185 20.864 20.541 20.217 19.892 19.566 19.239 18.911 18.582 18.251 17.920 17.587 17.253 16.918 16.582 16.245 15.907 15.567 15.227 14.885 14.543 14.199 13.854 13.508 13.161 12.813 12.464 12.113 11.762 11.409 11.056 10.701 10.346  9.989  9.631  9.272  8.912  8.550  8.188  7.824  7.459  7.092  6.724  6.355  5.984  5.611  5.236  4.860  4.481  4.100  3.717  3.332  2.945  2.555  2.163  1.768  1.372  0.974  0.574  0.173 -0.180 -0.531 -0.881 -1.231 -1.581 -1.932 -2.283 
23.778 23.467 23.154 22.840 22.525 22.209 21.892 21.574 21.255 20.934 20.613 20.290 19.966 19.641 19.315 18.988 18.659 18.330 17.999 17.667 17.335 17.000 16.665 16.329 15.991 15.653 15.313 14.972 14.630 14.286 13.942 13.596 13.250 12.902 12.553 12.202 11.851 11.499 11.145 10.791 10.435 10.078  9.720  9.361  9.001  8.639  8.277  7.914  7.550  7.184  6.818  6.451  6.083  5.714  5.344  4.973  4.602  4.229  3.856  3.482  3.107  2.732  2.356  1.979  1.602  1.224  0.846  0.467  0.088 -0.253 -0.632 -1.012 -1.393 -1.774 -2.155 -2.537 
23.525 23.213 22.901 22.587 22.272 21.956 21.639 21.321 21.002 20.681 20.360 20.037 19.713 19.388 19.062 18.734 18.406 18.076 17.746 17.414 17.081 16.747 16.412 16.075 15.738 15.399 15.059 14.718 14.375 14.032 13.687 13.342 12.995 12.646 12.297 11.946 11.595 11.242 10.887 10.532 10.175  9.817  9.458  9.097  8.736  8.373  8.009  7.644  7.277  6.909  6.541  6.171  5.800  5.428  5.054  4.680  4.305  3.929  3.552  3.174  2.795  2.416  2.036  1.655  1.274  0.892  0.510  0.127 -0.210 -0.577 -0.945 -1.313 -1.682 -2.051 -2.421 -2.791 
23.270 22.959 22.646 22.332 22.017 21.701 21.384 21.066 20.746 20.426 20.104 19.781 19.457 19.132 18.806 18.478 18.150 17.820 17.489 17.157 16.824 16.490 16.154 15.818 15.480 15.141 14.801 14.460 14.118 13.775 13.430 13.085 12.738 12.390 12.042 11.692 11.340 10.988 10.635 10.280  9.924  9.567  9.208  8.849  8.488  8.125  7.762  7.396  7.030  6.661  6.292  5.920  5.547  5.172  4.796  4.417  4.037  3.656  3.273  2.888  2.501  2.114  1.725  1.335  0.944  0.552  0.159 -0.180 -0.537 -0.894 -1.252 -1.610 -1.968 -2.327 -2.686 -3.046 
23.014 22.702 22.390 22.076 21.761 21.445 21.128 20.809 20.490 20.169 19.847 19.524 19.200 18.875 18.548 18.221 17.892 17.562 17.231 16.899 16.565 16.231 15.895 15.558 15.220 14.881 14.540 14.199 13.856 13.512 13.167 12.821 12.474 12.125 11.776 11.425 11.073 10.720 10.366 10.011  9.655  9.297  8.939  8.580  8.219  7.858  7.496  7.132  6.768  6.403  6.036  5.669  5.301  4.933  4.563  4.193  3.822  3.450  3.077  2.704  2.330  1.955  1.580  1.205  0.828  0.452  0.074 -0.265 -0.643 -1.021 -1.400 -1.779 -2.158 -2.538 -2.919 -3.300 
22.756 22.444 22.132 21.818 21.503 21.187 20.870 20.551 20.232 19.911 19.589 19.266 18.942 18.617 18.290 17.963 17.634 17.304 16.973 16.641 16.307 15.973 15.637 15.300 14.961 14.622 14.281 13.940 13.597 13.253 12.907 12.561 12.213 11.864 11.514 11.162 10.810 10.456 10.101  9.744  9.387  9.028  8.668  8.307  7.945  7.582  7.217  6.852  6.485  6.117  5.749  5.379  5.008  4.636  4.263  3.890  3.515  3.140  2.764  2.388  2.010  1.632  1.254  0.874  0.495  0.115 -0.221 -0.590 -0.959 -1.328 -1.698 -2.068 -2.439 -2.810 -3.182 -3.554 
22.496 22.185 21.872 21.558 21.243 20.927 20.610 20.291 19.972 19.651 19.329 19.006 18.682 18.357 18.030 17.702 17.374 17.044 16.712 16.380 16.047 15.712 15.376 15.040 14.702 14.362 14.022 13.681 13.338 12.994 12.649 12.303 11.955 11.607 11.257 10.906 10.554 10.200  9.845  9.489  9.132  8.773  8.413  8.052  7.689  7.324  6.958  6.591  6.222  5.852  5.481  5.108  4.733  4.357  3.980  3.601  3.222  2.841  2.459  2.075  1.691  1.307  0.921  0.535  0.148 -0.187 -0.548 -0.909 -1.270 -1.631 -1.993 -2.355 -2.717 -3.081 -3.444 -3.809 
22.236 21.924 21.612 21.298 20.983 20.667 20.349 20.031 19.711 19.390 19.068 18.745 18.421 18.095 17.768 17.441 17.111 16.781 16.450 16.117 15.784 15.449 15.113 14.775 14.437 14.097 13.757 13.415 13.072 12.728 12.382 12.036 11.688 11.340 10.990 10.639 10.287  9.934  9.580  9.225  8.869  8.511  8.153  7.794  7.434  7.072  6.710  6.347  5.983  5.618  5.252  4.885  4.517  4.148  3.777  3.405  3.031  2.656  2.279  1.900  1.518  1.134  0.747  0.355 -0.047 -0.384 -0.737 -1.098 -1.463 -1.831 -2.200 -2.570 -2.942 -3.314 -3.688 -4.063 
21.974 21.663 21.350 21.036 20.721 20.405 20.088 19.769 19.450 19.129 18.807 18.484 18.159 17.834 17.507 17.179 16.850 16.519 16.188 15.855 15.521 15.186 14.850 14.513 14.174 13.834 13.493 13.151 12.807 12.462 12.117 11.770 11.421 11.072 10.721 10.369 10.016  9.662  9.306  8.950  8.592  8.233  7.873  7.512  7.150  6.787  6.422  6.057  5.691  5.323  4.955  4.586  4.216  3.846  3.474  3.102  2.730  2.357  1.983  1.609  1.235  0.861  0.487  0.114 -0.138 -0.323 -0.506 -0.687 -0.865 -1.038 -1.208 -1.374 -1.536 -1.693 -1.844 -1.991 
21.712 21.400 21.088 20.774 20.459 20.143 19.826 19.508 19.188 18.868 18.546 18.224 17.900 17.575 17.249 16.922 16.594 16.265 15.934 15.603 15.271 14.938 14.604 14.269 13.933 13.596 13.259 12.920 12.581 12.241 11.901 11.559 11.217 10.875 10.532 10.189  9.845  9.501  9.157  8.812  8.468  8.123  7.779  7.435  7.091  6.747  6.404  6.061  5.719  5.378  5.038  4.698  4.360  4.022  3.686  3.351  3.016  2.684  2.352  2.021  1.692  1.364  1.036  0.710  0.385  0.061 -0.126 -0.236 -0.339 -0.440 -0.540 -0.640 -0.737 -0.834 -0.929 -1.023 
21.483 21.172 20.859 20.546 20.233 19.918 19.602 19.286 18.968 18.650 18.331 18.012 17.691 17.370 17.048 16.725 16.402 16.078 15.753 15.427 15.102 14.775 14.448 14.121 13.793 13.464 13.136 12.807 12.477 12.148 11.818 11.488 11.158 10.828 10.498 10.168  9.839  9.509  9.180  8.851  8.523  8.195  7.867  7.540  7.214  6.889  6.565  6.241  5.919  5.597  5.277  4.958  4.641  4.325  4.010  3.696  3.384  3.074  2.765  2.457  2.151  1.847  1.543  1.241  0.941  0.641  0.343  0.045 -0.119 -0.206 -0.286 -0.366 -0.445 -0.523 -0.600 -0.676 
21.328 21.017 20.706 20.393 20.081 19.768 19.454 19.140 18.825 18.510 18.195 17.879 17.563 17.246 16.929 16.611 16.294 15.976 15.657 15.339 15.020 14.701 14.382 14.062 13.743 13.424 13.104 12.785 12.465 12.146 11.827 11.508 11.189 10.871 10.553 10.235  9.918  9.601  9.285  8.969  8.654  8.340  8.027  7.714  7.402  7.092  6.782  6.473  6.166  5.860  5.555  5.251  4.949  4.648  4.349  4.051  3.755  3.460  3.167  2.876  2.586  2.297  2.011  1.725  1.441  1.159  0.877  0.597  0.318  0.040 -0.110 -0.185 -0.255 -0.324 -0.392 -0.459 
21.254 20.943 20.632 20.320 20.009 19.697 19.385 19.073 18.761 18.449 18.137 17.825 17.512 17.200 16.887 16.574 16.262 15.949 15.637 15.324 15.012 14.699 14.387 14.075 13.763 13.452 13.140 12.829 12.518 12.208 11.898 11.588 11.279 10.970 10.662 10.355 10.048  9.741  9.436  9.131  8.827  8.524  8.221  7.920  7.619  7.320  7.022  6.724  6.428  6.134  5.840  5.548  5.257  4.968  4.680  4.394  4.109  3.826  3.545  3.265  2.987  2.711  2.436  2.163  1.891  1.621  1.352  1.085  0.819  0.554  0.291  0.028 -0.111 -0.178 -0.241 -0.303 
21.249 20.938 20.627 20.317 20.006 19.696 19.386 19.076 18.766 18.456 18.147 17.837 17.528 17.219 16.910 16.601 16.293 15.985 15.677 15.370 15.062 14.755 14.449 14.143 13.837 13.532 13.227 12.923 12.619 12.316 12.013 11.711 11.409 11.108 10.808 10.509 10.210  9.912  9.615  9.318  9.023  8.729  8.435  8.142  7.851  7.560  7.271  6.982  6.695  6.409  6.125  5.841  5.559  5.279  5.000  4.722  4.446  4.172  3.899  3.628  3.359  3.091  2.825  2.561  2.299  2.038  1.780  1.523  1.267  1.013  0.761  0.509  0.259  0.010 -0.119 -0.180 
21.302 20.991 20.681 20.371 20.061 19.752 19.443 19.134 18.826 18.518 18.211 17.904 17.597 17.291 16.985 16.679 16.375 16.070 15.766 15.463 15.160 14.857 14.555 14.254 13.953 13.653 13.353 13.054 12.756 12.458 12.161 11.865 11.570 11.275 10.981 10.688 10.396 10.105  9.814  9.525  9.236  8.949  8.662  8.377  8.092  7.809  7.527  7.246  6.966  6.688  6.411  6.135  5.861  5.588  5.317  5.048  4.781  4.516  4.253  3.992  3.734  3.479  3.227  2.978  2.732  2.489  2.250  2.015  1.783  1.554  1.328  1.105  0.885  0.667  0.451  0.236 
21.401 21.091 20.781 20.471 20.162 19.854 19.546 19.238 18.932 18.625 18.320 18.015 17.710 17.407 17.103 16.801 16.499 16.198 15.897 15.597 15.298 14.999 14.701 14.404 14.108 13.813 13.518 13.224 12.931 12.639 12.347 12.057 11.768 11.479 11.192 10.905 10.619 10.335 10.051  9.769  9.487  9.207  8.928  8.650  8.373  8.097  7.822  7.548  7.276  7.004  6.734  6.465  6.197  5.930  5.665  5.400  5.136  4.874  4.612  4.352  4.092  3.833  3.575  3.318  3.062  2.807  2.552  2.298  2.044  1.791  1.538  1.286  1.034  0.783  0.531  0.280 
21.542 21.231 20.921 20.612 20.304 19.996 19.689 19.383 19.077 18.772 18.468 18.164 17.862 17.560 17.258 16.958 16.658 16.359 16.061 15.763 15.466 15.170 14.875 14.580 14.287 13.994 13.702 13.410 13.120 12.830 12.541 12.253 11.966 11.680 11.394 11.109 10.825 10.542 10.260  9.979  9.698  9.418  9.139  8.861  8.583  8.307  8.031  7.756  7.482  7.208  6.935  6.663  6.392  6.121  5.851  5.582  5.313  5.045  4.777  4.510  4.244  3.978  3.713  3.448  3.183  2.919  2.655  2.392  2.129  1.866  1.603  1.341  1.079  0.817  0.555  0.293 
21.705 21.394 21.084 20.775 20.467 20.160 19.853 19.547 19.241 18.937 18.633 18.330 18.028 17.726 17.425 17.125 16.826 16.527 16.229 15.932 15.636 15.340 15.045 14.751 14.458 14.165 13.873 13.582 13.291 13.002 12.713 12.424 12.137 11.850 11.564 11.278 10.993 10.709 10.426 10.143  9.861  9.579  9.298  9.018  8.739  8.460  8.181  7.904  7.627  7.350  7.074  6.798  6.523  6.249  5.975  5.701  5.428  5.156  4.884  4.612  4.340  4.069  3.799  3.528  3.258  2.988  2.719  2.450  2.181  1.912  1.643  1.374  1.106  0.838  0.569  0.301 
21.870 21.559 21.250 20.940 20.632 20.325 20.018 19.711 19.406 19.101 18.797 18.494 18.191 17.890 17.588 17.288 16.988 16.689 16.391 16.093 15.796 15.500 15.204 14.910 14.615 14.322 14.029 13.737 13.445 13.154 12.864 12.574 12.285 11.997 11.709 11.422 11.136 10.850 10.564 10.280  9.995  9.712  9.429  9.146  8.864  8.583  8.302  8.021  7.741  7.461  7.182  6.904  6.625  6.347  6.070  5.793  5.516  5.240  4.964  4.688  4.413  4.138  3.863  3.588  3.314  3.040  2.766  2.492  2.219  1.945  1.672  1.399  1.126  0.853  0.580  0.307 
22.027 21.717 21.407 21.098 20.789 20.482 20.174 19.868 19.562 19.257 18.953 18.649 18.346 18.043 17.741 17.440 17.140 16.840 16.541 16.242 15.945 15.647 15.351 15.055 14.759 14.464 14.170 13.877 13.584 13.291 13.000 12.708 12.418 12.128 11.838 11.549 11.261 10.973 10.685 10.399 10.112  9.826  9.541  9.256  8.971  8.687  8.404  8.120  7.838  7.555  7.273  6.992  6.711  6.430  6.149  5.869  5.589  5.309  5.030  4.751  4.472  4.194  3.915  3.637  3.359  3.082  2.804  2.527  2.250  1.973  1.696  1.419  1.142  0.865  0.588  0.312 
22.174 21.863 21.553 21.244 20.935 20.627 20.320 20.013 19.707 19.401 19.096 18.792 18.488 18.185 17.883 17.581 17.280 16.979 16.679 16.379 16.080 15.782 15.484 15.187 14.890 14.594 14.299 14.004 13.709 13.416 13.122 12.829 12.537 12.245 11.954 11.663 11.373 11.083 10.793 10.504 10.216  9.928  9.640  9.353  9.066  8.780  8.493  8.208  7.923  7.638  7.353  7.069  6.785  6.501  6.218  5.935  5.652  5.370  5.087  4.805  4.524  4.242  3.961  3.680  3.399  3.118  2.837  2.557  2.276  1.996  1.716  1.436  1.156  0.876  0.596  0.316 
22.309 21.998 21.688 21.379 21.070 20.761 20.454 20.146 19.840 19.534 19.228 18.924 18.619 18.315 18.012 17.710 17.407 17.106 16.805 16.504 16.204 15.905 15.606 15.308 15.010 14.712 14.416 14.119 13.823 13.528 13.233 12.939 12.645 12.351 12.058 11.766 11.473 11.182 10.890 10.599 10.309 10.019  9.729  9.440  9.151  8.862  8.574  8.286  7.998  7.711  7.424  7.137  6.851  6.565  6.279  5.994  5.708  5.423  5.138  4.854  4.569  4.285  4.001  3.717  3.433  3.150  2.866  2.583  2.300  2.017  1.733  1.451  1.168  0.885  0.602  0.319 
22.432 22.121 21.811 21.501 21.192 20.884 20.576 20.268 19.961 19.655 19.349 19.043 18.739 18.434 18.130 17.827 17.524 17.222 16.920 16.618 16.317 16.017 15.717 15.417 15.118 14.820 14.522 14.224 13.927 13.630 13.334 13.038 12.743 12.447 12.153 11.859 11.565 11.271 10.978 10.685 10.393 10.101  9.810  9.518  9.227  8.937  8.646  8.356  8.067  7.777  7.488  7.199  6.911  6.622  6.334  6.046  5.759  5.471  5.184  4.897  4.610  4.323  4.037  3.751  3.464  3.178  2.892  2.606  2.321  2.035  1.749  1.464  1.178  0.893  0.608  0.322 
22.544 22.233 21.923 21.613 21.304 20.995 20.687 20.379 20.072 19.765 19.459 19.153 18.847 18.542 18.238 17.934 17.630 17.327 17.024 16.722 16.420 16.119 15.818 15.517 15.217 14.918 14.618 14.320 14.021 13.723 13.425 13.128 12.831 12.535 12.239 11.943 11.648 11.353 11.058 10.764 10.470 10.176  9.882  9.589  9.297  9.004  8.712  8.420  8.128  7.837  7.546  7.255  6.965  6.674  6.384  6.094  5.804  5.515  5.225  4.936  4.647  4.358  4.069  3.781  3.492  3.204  2.916  2.628  2.340  2.052  1.764  1.476  1.188  0.900  0.613  0.325 
22.646 22.335 22.025 21.715 21.406 21.097 20.788 20.480 20.172 19.865 19.558 19.252 18.946 18.641 18.336 18.031 17.727 17.423 17.119 16.816 16.514 16.211 15.910 15.608 15.307 15.006 14.706 14.406 14.107 13.807 13.509 13.210 12.912 12.614 12.317 12.020 11.723 11.426 11.130 10.834 10.539 10.244  9.949  9.654  9.360  9.065  8.772  8.478  8.185  7.891  7.599  7.306  7.013  6.721  6.429  6.137  5.846  5.554  5.263  4.972  4.681  4.390  4.099  3.808  3.518  3.227  2.937  2.647  2.357  2.067  1.777  1.487  1.197  0.907  0.617  0.327 
22.738 22.428 22.117 21.808 21.498 21.189 20.880 20.572 20.264 19.956 19.649 19.343 19.036 18.730 18.425 18.119 17.814 17.510 17.206 16.902 16.599 16.296 15.993 15.691 15.389 15.087 14.786 14.485 14.184 13.884 13.584 13.285 12.985 12.686 12.388 12.089 11.791 11.494 11.196 10.899 10.602 10.305 10.009  9.713  9.417  9.121  8.826  8.531  8.236  7.941  7.646  7.352  7.058  6.764  6.470  6.176  5.883  5.590  5.297  5.004  4.711  4.418  4.126  3.833  3.541  3.249  2.956  2.664  2.372  2.080  1.788  1.497  1.205  0.913  0.621  0.330 
22.823 22.512 22.202 21.892 21.582 21.273 20.964 20.655 20.347 20.039 19.732 19.425 19.118 18.812 18.505 18.200 17.894 17.589 17.284 16.980 16.676 16.372 16.069 15.766 15.463 15.161 14.858 14.557 14.255 13.954 13.653 13.352 13.052 12.752 12.452 12.153 11.853 11.555 11.256 10.957 10.659 10.361 10.063  9.766  9.469  9.172  8.875  8.578  8.282  7.986  7.690  7.394  7.098  6.803  6.507  6.212  5.917  5.622  5.328  5.033  4.739  4.444  4.150  3.856  3.562  3.268  2.974  2.680  2.386  2.093  1.799  1.506  1.212  0.918  0.625  0.332 
22.899 22.589 22.278 21.968 21.659 21.349 21.040 20.731 20.423 20.115 19.807 19.499 19.192 18.885 18.579 18.273 17.967 17.661 17.356 17.051 16.746 16.442 16.138 15.834 15.531 15.227 14.924 14.622 14.319 14.017 13.716 13.414 13.113 12.812 12.511 12.210 11.910 11.610 11.310 11.011 10.711 10.412 10.113  9.814  9.516  9.218  8.920  8.622  8.324  8.026  7.729  7.432  7.135  6.838  6.541  6.245  5.948  5.652  5.356  5.060  4.764  4.468  4.172  3.876  3.581  3.285  2.990  2.694  2.399  2.104  1.809  1.514  1.219  0.923  0.628  0.333 
22.969 22.659 22.348 22.038 21.728 21.419 21.109 20.800 20.492 20.183 19.875 19.567 19.260 18.953 18.646 18.339 18.033 17.727 17.421 17.115 16.810 16.505 16.201 15.896 15.592 15.288 14.984 14.681 14.378 14.075 13.772 13.470 13.168 12.866 12.564 12.263 11.961 11.660 11.360 11.059 10.759 10.458 10.158  9.859  9.559  9.259  8.960  8.661  8.362  8.063  7.765  7.466  7.168  6.870  6.572  6.274  5.976  5.679  5.381  5.084  4.786  4.489  4.192  3.895  3.598  3.301  3.004  2.708  2.411  2.114  1.818  1.521  1.224  0.928  0.631  0.335 
23.033 22.722 22.411 22.101 21.791 21.482 21.172 20.863 20.554 20.246 19.937 19.629 19.321 19.014 18.707 18.400 18.093 17.786 17.480 17.174 16.868 16.563 16.258 15.953 15.648 15.343 15.039 14.735 14.431 14.127 13.824 13.521 13.218 12.915 12.613 12.310 12.008 11.706 11.404 11.103 10.802 10.500 10.199  9.899  9.598  9.297  8.997  8.697  8.397  8.097  7.797  7.498  7.198  6.899  6.600  6.301  6.002  5.703  5.404  5.106  4.807  4.509  4.210  3.912  3.614  3.316  3.017  2.719  2.421  2.124  1.826  1.528  1.230  0.932  0.634  0.336 
23.090 22.780 22.469 22.159 21.849 21.539 21.229 20.920 20.611 20.302 19.994 19.685 19.377 19.070 18.762 18.455 18.147 17.840 17.534 17.227 16.921 16.615 16.309 16.004 15.699 15.393 15.088 14.784 14.479 14.175 13.871 13.567 13.263 12.960 12.657 12.354 12.051 11.748 11.445 11.143 10.841 10.539 10.237  9.935  9.633  9.332  9.031  8.730  8.429  8.128  7.827  7.526  7.226  6.926  6.625  6.325  6.025  5.725  5.425  5.126  4.826  4.526  4.227  3.927  3.628  3.329  3.029  2.730  2.431  2.132  1.833  1.534  1.235  0.936  0.637  0.338 
23.143 22.832 22.521 22.211 21.901 21.591 21.281 20.972 20.663 20.354 20.045 19.737 19.428 19.120 18.812 18.504 18.197 17.890 17.583 17.276 16.969 16.663 16.357 16.050 15.745 15.439 15.134 14.828 14.523 14.218 13.914 13.609 13.305 13.001 12.697 12.393 12.089 11.786 11.482 11.179 10.876 10.573 10.271  9.968  9.666  9.363  9.061  8.759  8.457  8.156  7.854  7.552  7.251  6.950  6.648  6.347  6.046  5.745  5.445  5.144  4.843  4.542  4.242  3.941  3.641  3.341  3.040  2.740  2.440  2.140  1.840  1.539  1.239  0.939  0.639  0.339 
23.190 22.880 22.569 22.259 21.949 21.639 21.329 21.019 20.710 20.401 20.092 19.783 19.474 19.166 18.858 18.550 18.242 17.934 17.627 17.320 17.013 16.706 16.399 16.093 15.787 15.480 15.175 14.869 14.563 14.258 13.952 13.647 13.342 13.038 12.733 12.429 12.124 11.820 11.516 11.212 10.909 10.605 10.302  9.998  9.695  9.392  9.089  8.786  8.484  8.181  7.878  7.576  7.274  6.972  6.670  6.367  6.066  5.764  5.462  5.160  4.859  4.557  4.256  3.954  3.653  3.352  3.050  2.749  2.448  2.147  1.846  1.544  1.243  0.942  0.641  0.340 
23.234 22.923 22.612 22.302 21.992 21.682 21.372 21.062 20.753 20.443 20.134 19.825 19.516 19.208 18.899 18.591 18.283 17.975 17.667 17.360 17.053 16.745 16.438 16.131 15.825 15.518 15.212 14.906 14.599 14.294 13.988 13.682 13.377 13.071 12.766 12.461 12.156 11.852 11.547 11.242 10.938 10.634 10.330 10.026  9.722  9.418  9.114  8.811  8.507  8.204  7.901  7.598  7.294  6.992  6.689  6.386  6.083  5.780  5.478  5.175  4.873  4.570  4.268  3.966  3.664  3.361  3.059  2.757  2.455  2.153  1.851  1.549  1.247  0.945  0.643  0.341 
23.273 22.962 22.652 22.341 22.031 21.721 21.411 21.101 20.791 20.482 20.173 19.864 19.555 19.246 18.937 18.629 18.320 18.012 17.704 17.396 17.089 16.781 16.474 16.166 15.859 15.552 15.246 14.939 14.632 14.326 14.020 13.714 13.408 13.102 12.796 12.491 12.185 11.880 11.575 11.270 10.965 10.660 10.355 10.051  9.746  9.442  9.137  8.833  8.529  8.225  7.921  7.617  7.313  7.010  6.706  6.402  6.099  5.796  5.492  5.189  4.886  4.583  4.279  3.976  3.673  3.370  3.067  2.765  2.462  2.159  1.856  1.553  1.250  0.948  0.645  0.342 
23.309 22.998 22.688 22.377 22.067 21.756 21.446 21.137 20.827 20.517 20.208 19.898 19.589 19.280 18.971 18.663 18.354 18.046 17.738 17.429 17.121 16.814 16.506 16.198 15.891 15.584 15.276 14.969 14.662 14.356 14.049 13.743 13.436 13.130 12.824 12.518 12.212 11.906 11.600 11.295 10.989 10.684 10.378 10.073  9.768  9.463  9.158  8.853  8.549  8.244  7.939  7.635  7.330  7.026  6.722  6.418  6.113  5.809  5.505  5.201  4.897  4.594  4.290  3.986  3.682  3.379  3.075  2.771  2.468  2.164  1.860  1.557  1.253  0.950  0.646  0.343 
23.342 23.031 22.720 22.410 22.099 21.789 21.479 21.169 20.859 20.549 20.240 19.930 19.621 19.312 19.003 18.694 18.385 18.076 17.768 17.460 17.151 16.843 16.535 16.227 15.920 15.612 15.304 14.997 14.690 14.383 14.076 13.769 13.462 13.155 12.849 12.542 12.236 11.929 11.623 11.317 11.011 10.705 10.399 10.094  9.788  9.483  9.177  8.872  8.566  8.261  7.956  7.651  7.346  7.041  6.736  6.431  6.127  5.822  5.517  5.213  4.908  4.604  4.299  3.995  3.690  3.386  3.082  2.777  2.473  2.169  1.865  1.560  1.256  0.952  0.648  0.344 
23.371 23.060 22.750 22.439 22.129 21.818 21.508 21.198 20.888 20.578 20.269 19.959 19.650 19.340 19.031 18.722 18.413 18.104 17.795 17.487 17.178 16.870 16.562 16.254 15.946 15.638 15.330 15.022 14.715 14.407 14.100 13.792 13.485 13.178 12.871 12.564 12.257 11.951 11.644 11.338 11.031 10.725 10.419 10.112  9.806  9.500  9.194  8.888  8.583  8.277  7.971  7.666  7.360  7.055  6.749  6.444  6.139  5.833  5.528  5.223  4.918  4.613  4.308  4.003  3.698  3.393  3.088  2.783  2.478  2.173  1.868  1.564  1.259  0.954  0.649  0.344 
23.398 23.087 22.777 22.466 22.155 21.845 21.535 21.225 20.915 20.605 20.295 19.985 19.676 19.366 19.057 18.748 18.439 18.129 17.821 17.512 17.203 16.894 16.586 16.278 15.969 15.661 15.353 15.045 14.737 14.429 14.122 13.814 13.506 13.199 12.892 12.584 12.277 11.970 11.663 11.356 11.049 10.743 10.436 10.129  9.823  9.516  9.210  8.904  8.597  8.291  7.985  7.679  7.373  7.067  6.761  6.455  6.149  5.844  5.538  5.232  4.927  4.621  4.315  4.010  3.704  3.399  3.093  2.788  2.483  2.177  1.872  1.566  1.261  0.956  0.650  0.345 
23.423 23.112 22.801 22.490 22.180 21.869 21.559 21.249 20.939 20.629 20.319 20.009 19.699 19.390 19.080 18.771 18.462 18.152 17.843 17.534 17.225 16.917 16.608 16.299 15.991 15.682 15.374 15.066 14.758 14.450 14.142 13.834 13.526 13.218 12.910 12.603 12.295 11.988 11.681 11.373 11.066 10.759 10.452 10.145  9.838  9.531  9.224  8.918  8.611  8.304  7.998  7.691  7.385  7.078  6.772  6.466  6.159  5.853  5.547  5.241  4.935  4.628  4.322  4.016  3.710  3.404  3.098  2.793  2.487  2.181  1.875  1.569  1.263  0.957  0.651  0.346 
23.445 23.134 22.823 22.513 22.202 21.892 21.581 21.271 20.961 20.651 20.341 20.031 19.721 19.411 19.102 18.792 18.483 18.173 17.864 17.555 17.246 16.937 16.628 16.319 16.010 15.702 15.393 15.085 14.776 14.468 14.160 13.851 13.543 13.235 12.927 12.620 12.312 12.004 11.696 11.389 11.081 10.774 10.466 10.159  9.852  9.544  9.237  8.930  8.623  8.316  8.009  7.702  7.395  7.088  6.782  6.475  6.168  5.862  5.555  5.248  4.942  4.635  4.329  4.022  3.716  3.409  3.103  2.797  2.490  2.184  1.878  1.571  1.265  0.959  0.652  0.346 
23.465 23.154 22.843 22.533 22.222 21.912 21.601 21.291 20.981 20.671 20.360 20.051 19.741 19.431 19.121 18.811 18.502 18.192 17.883 17.574 17.264 16.955 16.646 16.337 16.028 15.719 15.411 15.102 14.793 14.485 14.176 13.868 13.559 13.251 12.943 12.635 12.327 12.019 11.711 11.403 11.095 10.787 10.479 10.172  9.864  9.557  9.249  8.942  8.634  8.327  8.019  7.712  7.405  7.098  6.791  6.483  6.176  5.869  5.562  5.255  4.948  4.641  4.335  4.028  3.721  3.414  3.107  2.800  2.494  2.187  1.880  1.573  1.267  0.960  0.653  0.347 
23.483 23.173 22.862 22.551 22.240 21.930 21.620 21.309 20.999 20.689 20.378 20.068 19.758 19.449 19.139 18.829 18.519 18.210 17.900 17.591 17.281 16.972 16.663 16.353 16.044 15.735 15.426 15.117 14.809 14.500 14.191 13.882 13.574 13.265 12.957 12.648 12.340 12.032 11.724 11.415 11.107 10.799 10.491 10.183  9.875  9.568  9.260  8.952  8.644  8.337  8.029  7.721  7.414  7.106  6.799  6.491  6.184  5.876  5.569  5.262  4.954  4.647  4.340  4.033  3.725  3.418  3.111  2.804  2.497  2.190  1.883  1.575  1.268  0.961  0.654  0.347 
23.500 23.189 22.878 22.568 22.257 21.947 21.636 21.326 21.015 20.705 20.395 20.085 19.775 19.465 19.155 18.845 18.535 18.225 17.916 17.606 17.297 16.987 16.678 16.368 16.059 15.750 15.441 15.132 14.823 14.514 14.205 13.896 13.587 13.278 12.970 12.661 12.352 12.044 11.735 11.427 11.119 10.810 10.502 10.194  9.886  9.578  9.269  8.961  8.653  8.345  8.037  7.730  7.422  7.114  6.806  6.498  6.191  5.883  5.575  5.268  4.960  4.652  4.345  4.037  3.730  3.422  3.115  2.807  2.500  2.192  1.885  1.577  1.270  0.962  0.655  0.347 
23.515 23.204 22.894 22.583 22.272 21.962 21.651 21.341 21.030 20.720 20.409 20.099 19.789 19.479 19.169 18.858 18.548 18.238 17.928 17.618 17.308 16.997 16.687 16.377 16.066 15.755 15.444 15.133 14.822 14.510 14.197 13.884 13.571 13.256 12.941 12.625 12.308 11.989 11.669 11.347 11.024 10.699 10.371 10.041  9.708  9.373  9.034  8.692  8.346  7.996  7.642  7.283  6.919  6.550  6.175  5.793  5.406  5.011  4.610  4.201  3.784  3.361  2.929  2.491  2.046  1.596  1.139  0.679  0.215 -0.260 -0.772 -1.283 -1.792 -2.298 -2.801 -3.300 
23.496 23.185 22.874 22.562 22.250 21.937 21.625 21.311 20.998 20.684 20.369 20.054 19.738 19.422 19.106 18.789 18.471 18.152 17.833 17.513 17.192 16.870 16.547 16.224 15.899 15.573 15.246 14.918 14.589 14.258 13.926 13.592 13.257 12.921 12.583 12.243 11.902 11.559 11.214 10.867 10.519 10.168  9.816  9.462  9.106  8.748  8.388  8.026  7.662  7.296  6.929  6.559  6.188  5.815  5.440  5.064  4.686  4.307  3.926  3.544  3.161  2.777  2.392  2.006  1.619  1.232  0.845  0.458  0.070 -0.207 -0.433 -0.657 -0.878 -1.096 -1.310 -1.520 
23.361 23.050 22.738 22.425 22.111 21.797 21.482 21.165 20.848 20.531 20.212 19.893 19.572 19.251 18.929 18.606 18.282 17.958 17.632 17.305 16.978 16.649 16.320 15.989 15.658 15.326 14.992 14.658 14.323 13.986 13.649 13.311 12.972 12.632 12.291 11.949 11.606 11.263 10.919 10.574 10.228  9.881  9.535  9.187  8.839  8.491  8.143  7.794  7.445  7.097  6.749  6.401  6.053  5.707  5.361  5.016  4.672  4.330  3.989  3.650  3.312  2.976  2.642  2.310  1.981  1.653  1.327  1.003  0.681  0.361  0.042 -0.092 -0.107 -0.118 -0.023  0.260 
23.173 22.862 22.550 22.237 21.923 21.609 21.294 20.978 20.661 20.343 20.025 19.706 19.386 19.065 18.744 18.422 18.099 17.776 17.452 17.127 16.802 16.477 16.151 15.824 15.497 15.170 14.842 14.515 14.187 13.859 13.531 13.204 12.876 12.549 12.223 11.897 11.572 11.248 10.925 10.604 10.284  9.966  9.650  9.336  9.024  8.716  8.410  8.108  7.809  7.514  7.223  6.937  6.656  6.379  6.108  5.843  5.584  5.330  5.084  4.844  4.611  4.385  4.166  3.955  3.752  3.556  3.368  3.189  3.017  2.853  2.697  2.550  2.410  2.279  2.155  2.040 
23.045 22.734 22.423 22.112 21.800 21.488 21.176 20.864 20.551 20.239 19.926 19.614 19.301 18.989 18.676 18.364 18.052 17.740 17.428 17.117 16.806 16.496 16.187 15.878 15.570 15.262 14.956 14.651 14.347 14.044 13.742 13.442 13.144 12.847 12.552 12.260 11.969 11.680 11.394 11.111 10.830 10.551 10.276 10.004  9.735  9.469  9.207  8.949  8.694  8.444  8.197  7.955  7.717  7.484  7.256  7.032  6.814  6.600  6.392  6.190  5.993  5.802  5.617  5.438  5.266  5.099  4.940  4.787  4.640  4.501  4.369  4.244  4.127  4.017  3.914  3.820 
23.088 22.777 22.467 22.158 21.849 21.541 21.233 20.927 20.620 20.315 20.010 19.707 19.403 19.101 18.800 18.500 18.200 17.902 17.605 17.309 17.014 16.720 16.428 16.138 15.848 15.561 15.275 14.991 14.708 14.428 14.150 13.873 13.599 13.328 13.058 12.792 12.528 12.266 12.008 11.752 11.500 11.250 11.004 10.762 10.523 10.288 10.056  9.829  9.605  9.386  9.171  8.960  8.754  8.553  8.357  8.165  7.979  7.798  7.623  7.453  7.288  7.130  6.977  6.831  6.690  6.556  6.429  6.308  6.195  6.088  5.988  5.895  5.810  5.732  5.662  5.600 
23.307 22.997 22.688 22.380 22.074 21.769 21.466 21.164 20.863 20.564 20.266 19.970 19.675 19.382 19.090 18.800 18.511 18.224 17.939 17.656 17.375 17.095 16.817 16.542 16.268 15.996 15.727 15.459 15.194 14.932 14.671 14.413 14.157 13.904 13.654 13.406 13.160 12.917 12.677 12.440 12.206 11.974 11.745 11.519 11.296 11.076 10.859 10.645 10.433 10.225 10.019  9.816  9.616  9.419  9.224  9.032  8.843  8.656  8.471  8.289  8.109  7.932  7.756  7.582  7.411  7.240  7.072  6.905  6.739  6.574  6.410  6.247  6.085  5.923  5.761  5.600 
23.664 23.354 23.045 22.739 22.434 22.132 21.831 21.531 21.234 20.938 20.645 20.353 20.063 19.774 19.488 19.204 18.921 18.641 18.362 18.085 17.811 17.538 17.267 16.998 16.731 16.467 16.204 15.943 15.685 15.428 15.174 14.921 14.671 14.423 14.177 13.933 13.691 13.451 13.213 12.978 12.744 12.513 12.283 12.056 11.831 11.607 11.386 11.166 10.949 10.733 10.519 10.307 10.096  9.888  9.681  9.475  9.271  9.069  8.868  8.668  8.470  8.273  8.077  7.882  7.688  7.496  7.304  7.112  6.922  6.732  6.542  6.353  6.165  5.976  5.788  5.600 
24.081 23.771 23.463 23.157 22.853 22.551 22.250 21.952 21.655 21.360 21.068 20.777 20.488 20.201 19.915 19.632 19.351 19.071 18.793 18.518 18.244 17.972 17.702 17.434 17.167 16.903 16.640 16.380 16.121 15.864 15.608 15.355 15.103 14.854 14.606 14.359 14.115 13.872 13.631 13.391 13.153 12.917 12.683 12.450 12.218 11.988 11.760 11.533 11.308 11.084 10.861 10.639 10.419 10.200  9.983  9.766  9.551  9.336  9.123  8.911  8.699  8.489  8.279  8.070  7.861  7.654  7.447  7.240  7.034  6.828  6.623  6.418  6.213  6.009  5.804  5.600 
24.502 24.193 23.884 23.578 23.274 22.971 22.670 22.371 22.074 21.779 21.486 21.194 20.904 20.616 20.330 20.046 19.763 19.483 19.204 18.926 18.651 18.377 18.105 17.835 17.566 17.299 17.034 16.771 16.509 16.249 15.990 15.733 15.478 15.224 14.972 14.721 14.472 14.224 13.978 13.733 13.489 13.247 13.007 12.767 12.529 12.292 12.057 11.823 11.589 11.357 11.126 10.897 10.668 10.440 10.213  9.987  9.762  9.538  9.315  9.092  8.870  8.649  8.429  8.209  7.989  7.771  7.552  7.334  7.117  6.899  6.682  6.466  6.249  6.033  5.816  5.600 
24.902 24.592 24.284 23.977 23.673 23.369 23.068 22.768 22.470 22.174 21.879 21.587 21.295 21.006 20.718 20.432 20.147 19.864 19.583 19.303 19.025 18.749 18.474 18.201 17.929 17.659 17.390 17.123 16.857 16.593 16.331 16.069 15.809 15.551 15.294 15.038 14.784 14.531 14.279 14.029 13.779 13.531 13.284 13.039 12.794 12.551 12.308 12.067 11.827 11.588 11.349 11.112 10.875 10.640 10.405 10.171  9.937  9.705  9.473  9.242  9.011  8.781  8.551  8.322  8.094  7.866  7.638  7.411  7.184  6.957  6.730  6.504  6.278  6.052  5.826  5.600 
25.272 24.962 24.654 24.347 24.041 23.738 23.436 23.135 22.836 22.538 22.242 21.948 21.655 21.364 21.074 20.786 20.499 20.214 19.930 19.648 19.367 19.088 18.810 18.533 18.258 17.985 17.712 17.442 17.172 16.904 16.637 16.371 16.107 15.844 15.582 15.322 15.062 14.804 14.547 14.291 14.036 13.782 13.530 13.278 13.028 12.778 12.529 12.281 12.035 11.789 11.544 11.299 11.056 10.813 10.571 10.330 10.089  9.849  9.609  9.371  9.132  8.895  8.657  8.420  8.184  7.948  7.712  7.477  7.241  7.006  6.772  6.537  6.303  6.068  5.834  5.600 
25.611 25.301 24.992 24.685 24.379 24.074 23.771 23.470 23.170 22.871 22.574 22.278 21.984 21.691 21.399 21.109 20.820 20.532 20.246 19.961 19.678 19.396 19.115 18.835 18.557 18.280 18.004 17.730 17.457 17.184 16.914 16.644 16.375 16.108 15.842 15.577 15.312 15.049 14.787 14.526 14.266 14.008 13.749 13.492 13.236 12.981 12.726 12.473 12.220 11.968 11.717 11.466 11.216 10.967 10.719 10.471 10.223  9.977  9.731  9.485  9.240  8.995  8.751  8.507  8.263  8.020  7.777  7.535  7.292  7.050  6.808  6.566  6.325  6.083  5.842  5.600 
25.919 25.609 25.300 24.992 24.686 24.381 24.077 23.775 23.474 23.174 22.875 22.578 22.282 21.988 21.694 21.402 21.111 20.822 20.533 20.246 19.960 19.675 19.392 19.109 18.828 18.548 18.269 17.991 17.714 17.439 17.164 16.891 16.618 16.347 16.076 15.807 15.539 15.271 15.005 14.739 14.474 14.210 13.947 13.685 13.424 13.164 12.904 12.645 12.387 12.129 11.872 11.616 11.361 11.106 10.851 10.598 10.344 10.092  9.839  9.588  9.336  9.085  8.835  8.585  8.335  8.085  7.836  7.587  7.338  7.089  6.841  6.592  6.344  6.096  5.848  5.600 
26.199 25.888 25.579 25.271 24.965 24.659 24.355 24.052 23.750 23.449 23.149 22.851 22.553 22.257 21.962 21.668 21.376 21.084 20.794 20.504 20.216 19.929 19.643 19.357 19.073 18.791 18.509 18.228 17.948 17.669 17.391 17.114 16.838 16.563 16.289 16.015 15.743 15.472 15.201 14.931 14.662 14.394 14.127 13.860 13.594 13.329 13.064 12.800 12.537 12.275 12.013 11.752 11.491 11.231 10.971 10.712 10.453 10.195  9.937  9.680  9.423  9.167  8.910  8.655  8.399  8.144  7.889  7.634  7.379  7.125  6.870  6.616  6.362  6.108  5.854  5.600 
26.453 26.142 25.833 25.525 25.218 24.912 24.607 24.303 24.000 23.698 23.398 23.098 22.799 22.502 22.205 21.910 21.616 21.322 21.030 20.738 20.448 20.159 19.870 19.583 19.296 19.011 18.726 18.442 18.159 17.878 17.597 17.316 17.037 16.759 16.481 16.204 15.928 15.653 15.379 15.105 14.832 14.560 14.289 14.018 13.748 13.478 13.209 12.941 12.674 12.407 12.140 11.874 11.609 11.344 11.079 10.815 10.552 10.289 10.026  9.764  9.502  9.240  8.979  8.718  8.457  8.197  7.936  7.676  7.416  7.156  6.897  6.637  6.378  6.119  5.859  5.600 
26.683 26.373 26.063 25.755 25.447 25.141 24.835 24.531 24.227 23.925 23.623 23.322 23.022 22.724 22.426 22.129 21.833 21.538 21.244 20.951 20.658 20.367 20.076 19.787 19.498 19.210 18.923 18.637 18.351 18.067 17.783 17.500 17.218 16.936 16.656 16.376 16.096 15.818 15.540 15.263 14.986 14.711 14.436 14.161 13.887 13.614 13.341 13.069 12.797 12.526 12.255 11.985 11.716 11.446 11.178 10.909 10.641 10.374 10.106  9.840  9.573  9.307  9.041  8.775  8.510  8.244  7.979  7.715  7.450  7.185  6.921  6.657  6.392  6.128  5.864  5.600 
26.892 26.581 26.272 25.963 25.655 25.348 25.042 24.737 24.433 24.130 23.827 23.525 23.225 22.925 22.626 22.328 22.030 21.734 21.438 21.143 20.849 20.556 20.263 19.972 19.681 19.391 19.102 18.813 18.525 18.238 17.952 17.666 17.381 17.097 16.814 16.531 16.249 15.967 15.686 15.406 15.126 14.847 14.569 14.291 14.013 13.736 13.460 13.184 12.909 12.634 12.360 12.086 11.812 11.539 11.267 10.994 10.722 10.451 10.179  9.908  9.638  9.367  9.097  8.827  8.557  8.288  8.019  7.749  7.480  7.212  6.943  6.674  6.406  6.137  5.868  5.600 
27.081 26.770 26.461 26.152 25.844 25.537 25.230 24.924 24.620 24.315 24.012 23.710 23.408 23.107 22.807 22.508 22.209 21.911 21.614 21.318 21.022 20.727 20.433 20.139 19.847 19.555 19.263 18.973 18.683 18.394 18.105 17.817 17.530 17.243 16.957 16.671 16.387 16.102 15.819 15.535 15.253 14.971 14.689 14.408 14.128 13.848 13.568 13.289 13.010 12.732 12.454 12.177 11.900 11.623 11.347 11.071 10.796 10.520 10.245  9.971  9.696  9.422  9.148  8.874  8.601  8.327  8.054  7.781  7.508  7.235  6.963  6.690  6.417  6.145  5.872  5.600 
27.252 26.942 26.632 26.323 26.015 25.707 25.400 25.094 24.789 24.484 24.180 23.877 23.574 23.272 22.971 22.671 22.371 22.072 21.773 21.476 21.179 20.882 20.587 20.292 19.997 19.703 19.410 19.118 18.826 18.534 18.244 17.954 17.664 17.375 17.087 16.799 16.512 16.225 15.939 15.653 15.368 15.083 14.799 14.515 14.231 13.949 13.666 13.384 13.102 12.821 12.540 12.260 11.980 11.700 11.420 11.141 10.862 10.583 10.305 10.027  9.749  9.471  9.194  8.917  8.640  8.363  8.086  7.810  7.533  7.257  6.981  6.704  6.428  6.152  5.876  5.600 
27.408 27.097 26.788 26.478 26.170 25.862 25.555 25.248 24.942 24.637 24.332 24.028 23.725 23.422 23.120 22.819 22.518 22.218 21.918 21.619 21.321 21.023 20.726 20.429 20.133 19.838 19.543 19.249 18.955 18.662 18.370 18.078 17.786 17.495 17.205 16.915 16.625 16.336 16.047 15.759 15.472 15.185 14.898 14.611 14.326 14.040 13.755 13.470 13.186 12.902 12.618 12.335 12.052 11.769 11.486 11.204 10.922 10.641 10.359 10.078  9.797  9.516  9.236  8.956  8.675  8.395  8.115  7.836  7.556  7.276  6.997  6.717  6.438  6.159  5.879  5.600 
27.549 27.238 26.928 26.619 26.310 26.002 25.694 25.387 25.081 24.775 24.470 24.165 23.861 23.558 23.255 22.953 22.651 22.350 22.049 21.749 21.450 21.151 20.852 20.554 20.257 19.960 19.664 19.368 19.073 18.778 18.484 18.190 17.897 17.604 17.311 17.019 16.728 16.437 16.146 15.856 15.566 15.277 14.988 14.699 14.411 14.123 13.835 13.548 13.261 12.975 12.688 12.403 12.117 11.832 11.546 11.262 10.977 10.693 10.408 10.125  9.841  9.557  9.274  8.991  8.708  8.425  8.142  7.859  7.576  7.294  7.012  6.729  6.447  6.165  5.882  5.600 
27.677 27.366 27.056 26.747 26.438 26.129 25.821 25.514 25.207 24.901 24.595 24.290 23.985 23.681 23.377 23.074 22.772 22.470 22.168 21.867 21.566 21.266 20.967 20.668 20.369 20.071 19.773 19.476 19.179 18.883 18.587 18.292 17.997 17.702 17.408 17.114 16.821 16.528 16.236 15.943 15.652 15.360 15.069 14.778 14.488 14.198 13.908 13.619 13.330 13.041 12.752 12.464 12.176 11.888 11.601 11.314 11.026 10.740 10.453 10.167  9.880  9.594  9.308  9.022  8.737  8.451  8.166  7.880  7.595  7.310  7.025  6.740  6.455  6.170  5.885  5.600 
27.793 27.482 27.172 26.862 26.553 26.244 25.936 25.629 25.321 25.015 24.708 24.403 24.097 23.793 23.488 23.184 22.881 22.578 22.276 21.974 21.672 21.371 21.070 20.770 20.470 20.171 19.872 19.574 19.276 18.978 18.681 18.384 18.087 17.791 17.496 17.200 16.905 16.611 16.317 16.023 15.729 15.436 15.143 14.850 14.558 14.266 13.974 13.683 13.392 13.101 12.810 12.520 12.230 11.940 11.650 11.361 11.071 10.782 10.493 10.205  9.916  9.628  9.339  9.051  8.763  8.475  8.187  7.900  7.612  7.324  7.037  6.750  6.462  6.175  5.887  5.600 
27.898 27.587 27.277 26.967 26.658 26.349 26.040 25.732 25.425 25.118 24.811 24.505 24.199 23.894 23.589 23.284 22.980 22.677 22.373 22.071 21.768 21.466 21.165 20.863 20.563 20.262 19.962 19.662 19.363 19.064 18.766 18.468 18.170 17.872 17.575 17.278 16.982 16.686 16.390 16.095 15.799 15.505 15.210 14.916 14.622 14.328 14.034 13.741 13.448 13.155 12.863 12.571 12.278 11.987 11.695 11.403 11.112 10.821 10.530 10.239  9.949  9.658  9.368  9.077  8.787  8.497  8.207  7.917  7.627  7.338  7.048  6.758  6.469  6.179  5.890  5.600 
27.993 27.682 27.372 27.062 26.753 26.444 26.135 25.827 25.519 25.211 24.904 24.598 24.291 23.985 23.680 23.375 23.070 22.766 22.462 22.158 21.855 21.552 21.250 20.948 20.646 20.345 20.044 19.743 19.442 19.142 18.843 18.543 18.244 17.946 17.647 17.349 17.051 16.754 16.457 16.160 15.863 15.567 15.271 14.975 14.679 14.384 14.089 13.794 13.499 13.205 12.910 12.616 12.323 12.029 11.735 11.442 11.149 10.856 10.563 10.270  9.978  9.686  9.393  9.101  8.809  8.517  8.225  7.933  7.641  7.350  7.058  6.766  6.475  6.183  5.892  5.600 
