31.516 31.205 30.894 30.583 30.273 29.962 29.651 29.340 29.029 28.718 28.407 28.096 27.785 27.474 27.164 26.853 26.542 26.231 25.920 25.609 25.298 24.987 24.676 24.365 24.054 23.743 23.432 23.121 22.810 22.499 22.188 21.877 21.566 21.254 20.943 20.632 20.320 20.009 19.697 19.386 19.074 18.762 18.450 18.138 17.826 17.514 17.201 16.889 16.576 16.263 15.950 15.636 15.323 15.009 14.694 14.380 14.065 13.749 13.434 13.118 12.801 12.484 12.166 11.848 11.530 11.210 10.891 10.570 10.249  9.927  9.604  9.280  8.956  8.631  8.304  7.977 
31.514 31.203 30.892 30.581 30.270 29.959 29.648 29.337 29.026 28.715 28.404 28.093 27.781 27.470 27.159 26.848 26.536 26.225 25.913 25.602 25.290 24.978 24.667 24.355 24.043 23.731 23.419 23.107 22.794 22.482 22.169 21.857 21.544 21.231 20.918 20.605 20.291 19.977 19.664 19.349 19.035 18.721 18.406 18.091 17.775 17.460 17.144 16.827 16.511 16.194 15.876 15.558 15.240 14.922 14.602 14.283 13.963 13.642 13.321 12.999 12.677 12.354 12.030 11.706 11.381 11.055 10.729 10.402 10.074  9.745  9.416  9.085  8.754  8.422  8.088  7.754 
31.503 31.192 30.881 30.570 30.258 29.947 29.636 29.324 29.013 28.701 28.390 28.078 27.766 27.454 27.142 26.830 26.517 26.205 25.892 25.580 25.267 24.954 24.641 24.327 24.014 23.700 23.387 23.073 22.758 22.444 22.129 21.815 21.500 21.184 20.869 20.553 20.237 19.920 19.604 19.287 18.970 18.652 18.334 18.015 17.697 17.378 17.058 16.738 16.418 16.097 15.775 15.453 15.131 14.808 14.485 14.161 13.836 13.511 13.185 12.859 12.531 12.204 11.875 11.546 11.216 10.885 10.554 10.221  9.888  9.554  9.219  8.884  8.547  8.209  7.871  7.531 
31.477 31.166 30.855 30.543 30.232 29.920 29.609 29.297 28.985 28.673 28.360 28.048 27.735 27.422 27.109 26.796 26.482 26.169 25.855 25.541 25.226 24.912 24.597 24.282 23.967 23.652 23.336 23.020 22.704 22.388 22.071 21.754 21.436 21.119 20.801 20.482 20.164 19.844 19.525 19.205 18.885 18.564 18.243 17.922 17.600 17.277 16.954 16.631 16.307 15.983 15.658 15.332 15.006 14.679 14.352 14.024 13.695 13.366 13.036 12.706 12.374 12.042 11.710 11.376 11.042 10.707 10.371 10.034  9.697  9.358  9.019  8.679  8.338  7.996  7.653  7.309 
31.434 31.124 30.812 30.501 30.189 29.877 29.565 29.253 28.940 28.627 28.314 28.001 27.687 27.374 27.060 26.745 26.431 26.116 25.801 25.485 25.170 24.854 24.538 24.221 23.904 23.587 23.270 22.952 22.634 22.315 21.996 21.677 21.357 21.037 20.717 20.396 20.075 19.753 19.431 19.109 18.786 18.462 18.138 17.814 17.489 17.163 16.837 16.511 16.184 15.856 15.528 15.199 14.869 14.539 14.208 13.877 13.545 13.212 12.879 12.544 12.209 11.874 11.537 11.200 10.862 10.523 10.183  9.843  9.501  9.159  8.816  8.472  8.127  7.781  7.434  7.086 
31.376 31.065 30.754 30.442 30.130 29.818 29.506 29.193 28.880 28.566 28.253 27.939 27.624 27.310 26.995 26.679 26.364 26.048 25.731 25.415 25.098 24.780 24.463 24.145 23.826 23.507 23.188 22.869 22.549 22.228 21.907 21.586 21.264 20.942 20.620 20.297 19.973 19.649 19.325 19.000 18.674 18.348 18.022 17.694 17.367 17.039 16.710 16.380 16.050 15.720 15.388 15.056 14.724 14.391 14.057 13.722 13.387 13.051 12.714 12.377 12.038 11.699 11.359 11.019 10.677 10.335  9.992  9.648  9.303  8.957  8.610  8.263  7.914  7.565  7.214  6.863 
31.303 30.992 30.681 30.369 30.057 29.744 29.431 29.118 28.805 28.491 28.176 27.862 27.546 27.231 26.915 26.599 26.282 25.965 25.648 25.330 25.012 24.693 24.374 24.055 23.735 23.414 23.094 22.772 22.451 22.129 21.806 21.483 21.159 20.835 20.511 20.185 19.860 19.534 19.207 18.880 18.552 18.224 17.895 17.565 17.235 16.904 16.573 16.241 15.908 15.575 15.241 14.906 14.571 14.235 13.898 13.561 13.222 12.883 12.544 12.203 11.862 11.520 11.177 10.833 10.489 10.143  9.797  9.450  9.102  8.753  8.403  8.053  7.701  7.348  6.995  6.640 
31.216 30.905 30.594 30.282 29.969 29.656 29.343 29.030 28.716 28.401 28.086 27.771 27.455 27.139 26.822 26.505 26.188 25.870 25.551 25.233 24.913 24.593 24.273 23.952 23.631 23.309 22.987 22.664 22.341 22.017 21.693 21.368 21.043 20.717 20.391 20.064 19.736 19.408 19.079 18.750 18.420 18.090 17.758 17.427 17.094 16.761 16.428 16.093 15.758 15.423 15.086 14.749 14.411 14.073 13.733 13.393 13.052 12.711 12.368 12.025 11.681 11.337 10.991 10.644 10.297  9.949  9.600  9.250  8.899  8.547  8.195  7.841  7.487  7.131  6.775  6.417 
31.116 30.805 30.494 30.182 29.869 29.556 29.243 28.929 28.614 28.299 27.984 27.668 27.352 27.035 26.717 26.400 26.081 25.762 25.443 25.123 24.803 24.482 24.161 23.839 23.516 23.193 22.870 22.546 22.221 21.896 21.570 21.244 20.917 20.589 20.261 19.932 19.603 19.273 18.943 18.612 18.280 17.947 17.614 17.280 16.946 16.611 16.275 15.939 15.601 15.264 14.925 14.586 14.245 13.905 13.563 13.221 12.877 12.533 12.189 11.843 11.497 11.149 10.801 10.452 10.102  9.752  9.400  9.048  8.694  8.340  7.985  7.629  7.271  6.913  6.554  6.194 
31.005 30.694 30.382 30.070 29.758 29.444 29.131 28.816 28.502 28.186 27.870 27.554 27.237 26.920 26.602 26.283 25.964 25.644 25.324 25.003 24.682 24.360 24.038 23.715 23.391 23.067 22.742 22.417 22.091 21.765 21.438 21.110 20.781 20.453 20.123 19.793 19.462 19.130 18.798 18.465 18.132 17.798 17.463 17.127 16.791 16.454 16.116 15.778 15.438 15.099 14.758 14.417 14.074 13.731 13.388 13.043 12.698 12.352 12.005 11.657 11.308 10.959 10.608 10.257  9.905  9.552  9.198  8.843  8.488  8.131  7.774  7.415  7.056  6.695  6.334  5.971 
30.884 30.573 30.261 29.949 29.636 29.322 29.008 28.694 28.379 28.063 27.747 27.430 27.112 26.794 26.476 26.156 25.837 25.516 25.195 24.874 24.552 24.229 23.906 23.582 23.257 22.932 22.606 22.280 21.953 21.625 21.297 20.968 20.638 20.308 19.977 19.645 19.313 18.980 18.646 18.312 17.977 17.641 17.304 16.967 16.629 16.290 15.951 15.611 15.270 14.928 14.586 14.242 13.898 13.554 13.208 12.861 12.514 12.166 11.817 11.467 11.117 10.765 10.413 10.060  9.705  9.350  8.994  8.638  8.280  7.921  7.561  7.201  6.839  6.477  6.113  5.749 
30.753 30.441 30.130 29.817 29.504 29.191 28.876 28.562 28.246 27.930 27.613 27.296 26.978 26.660 26.341 26.021 25.701 25.380 25.058 24.736 24.413 24.089 23.765 23.440 23.115 22.789 22.462 22.134 21.806 21.478 21.148 20.818 20.487 20.156 19.823 19.490 19.157 18.823 18.487 18.152 17.815 17.478 17.140 16.801 16.462 16.122 15.781 15.439 15.096 14.753 14.409 14.064 13.718 13.372 13.024 12.676 12.327 11.977 11.626 11.275 10.922 10.569 10.215  9.860  9.504  9.147  8.789  8.430  8.070  7.710  7.348  6.986  6.622  6.258  5.892  5.526 
30.613 30.302 29.990 29.677 29.364 29.051 28.736 28.421 28.105 27.789 27.472 27.154 26.836 26.517 26.198 25.877 25.556 25.235 24.912 24.590 24.266 23.942 23.617 23.291 22.965 22.638 22.310 21.982 21.653 21.323 20.993 20.661 20.329 19.997 19.664 19.329 18.995 18.659 18.323 17.986 17.648 17.309 16.970 16.630 16.289 15.948 15.605 15.262 14.918 14.573 14.228 13.881 13.534 13.186 12.837 12.487 12.136 11.785 11.432 11.079 10.725 10.370 10.014  9.657  9.300  8.941  8.581  8.221  7.860  7.497  7.134  6.770  6.404  6.038  5.671  5.303 
30.466 30.154 29.842 29.530 29.217 28.903 28.588 28.273 27.957 27.640 27.323 27.005 26.686 26.367 26.047 25.726 25.405 25.083 24.760 24.436 24.112 23.787 23.461 23.135 22.808 22.480 22.152 21.823 21.493 21.162 20.831 20.499 20.166 19.832 19.498 19.163 18.827 18.490 18.153 17.815 17.476 17.136 16.795 16.454 16.112 15.769 15.425 15.081 14.736 14.389 14.042 13.695 13.346 12.996 12.646 12.295 11.943 11.590 11.236 10.881 10.526 10.169  9.812  9.453  9.094  8.734  8.373  8.011  7.648  7.284  6.919  6.553  6.186  5.819  5.450  5.080 
30.311 30.000 29.688 29.375 29.062 28.748 28.433 28.118 27.801 27.485 27.167 26.849 26.530 26.210 25.889 25.568 25.246 24.924 24.601 24.276 23.952 23.626 23.300 22.973 22.645 22.317 21.988 21.658 21.327 20.995 20.663 20.330 19.996 19.662 19.327 18.991 18.654 18.316 17.978 17.639 17.299 16.958 16.616 16.274 15.931 15.586 15.242 14.896 14.549 14.202 13.854 13.505 13.155 12.804 12.452 12.100 11.746 11.392 11.037 10.681 10.324  9.966  9.607  9.247  8.887  8.525  8.163  7.799  7.435  7.070  6.703  6.336  5.968  5.599  5.228  4.857 
30.150 29.839 29.527 29.214 28.901 28.587 28.272 27.956 27.640 27.323 27.005 26.686 26.367 26.047 25.726 25.404 25.082 24.759 24.435 24.111 23.785 23.459 23.133 22.805 22.477 22.148 21.818 21.487 21.156 20.823 20.490 20.157 19.822 19.487 19.151 18.814 18.476 18.138 17.798 17.458 17.117 16.775 16.433 16.089 15.745 15.400 15.054 14.707 14.360 14.011 13.662 13.312 12.961 12.609 12.256 11.902 11.548 11.192 10.836 10.478 10.120  9.761  9.401  9.040  8.678  8.315  7.951  7.587  7.221  6.854  6.487  6.118  5.749  5.378  5.007  4.634 
29.984 29.672 29.360 29.048 28.734 28.420 28.105 27.789 27.472 27.155 26.837 26.518 26.198 25.878 25.557 25.235 24.912 24.589 24.265 23.940 23.614 23.287 22.960 22.632 22.303 21.973 21.643 21.312 20.980 20.647 20.313 19.979 19.643 19.307 18.970 18.633 18.294 17.955 17.615 17.274 16.932 16.589 16.246 15.901 15.556 15.210 14.863 14.516 14.167 13.817 13.467 13.116 12.764 12.411 12.057 11.702 11.346 10.990 10.632 10.274  9.915  9.554  9.193  8.831  8.468  8.104  7.739  7.373  7.006  6.639  6.270  5.900  5.529  5.158  4.785  4.411 
29.812 29.500 29.188 28.876 28.562 28.248 27.932 27.616 27.300 26.982 26.664 26.345 26.025 25.704 25.383 25.061 24.738 24.414 24.089 23.764 23.438 23.111 22.783 22.454 22.125 21.795 21.464 21.132 20.799 20.466 20.131 19.796 19.460 19.124 18.786 18.448 18.109 17.768 17.428 17.086 16.743 16.400 16.055 15.710 15.364 15.017 14.670 14.321 13.971 13.621 13.270 12.918 12.565 12.211 11.856 11.500 11.143 10.786 10.427 10.068  9.708  9.346  8.984  8.621  8.257  7.892  7.526  7.159  6.791  6.422  6.052  5.682  5.310  4.937  4.563  4.189 
29.635 29.324 29.012 28.699 28.385 28.071 27.755 27.439 27.122 26.805 26.486 26.167 25.847 25.526 25.204 24.882 24.558 24.234 23.909 23.584 23.257 22.930 22.601 22.272 21.942 21.612 21.280 20.948 20.615 20.281 19.946 19.610 19.274 18.936 18.598 18.259 17.919 17.579 17.237 16.895 16.551 16.207 15.862 15.516 15.169 14.822 14.473 14.124 13.773 13.422 13.070 12.717 12.363 12.008 11.653 11.296 10.938 10.580 10.220  9.860  9.499  9.137  8.774  8.410  8.045  7.679  7.312  6.944  6.575  6.205  5.834  5.463  5.090  4.716  4.341  3.966 
29.454 29.143 28.831 28.518 28.204 27.889 27.574 27.258 26.941 26.623 26.304 25.985 25.665 25.343 25.021 24.699 24.375 24.051 23.725 23.399 23.072 22.745 22.416 22.087 21.756 21.425 21.093 20.760 20.427 20.092 19.757 19.421 19.084 18.746 18.407 18.067 17.727 17.386 17.043 16.700 16.356 16.012 15.666 15.319 14.972 14.623 14.274 13.924 13.573 13.221 12.868 12.514 12.160 11.804 11.448 11.090 10.732 10.372 10.012  9.651  9.289  8.926  8.562  8.197  7.831  7.464  7.097  6.728  6.358  5.988  5.616  5.243  4.870  4.495  4.119  3.743 
29.269 28.958 28.646 28.333 28.019 27.704 27.389 27.073 26.755 26.437 26.119 25.799 25.478 25.157 24.835 24.512 24.188 23.863 23.538 23.211 22.884 22.556 22.227 21.897 21.567 21.235 20.903 20.570 20.236 19.901 19.565 19.228 18.891 18.552 18.213 17.873 17.532 17.190 16.847 16.503 16.159 15.813 15.467 15.120 14.772 14.423 14.073 13.722 13.370 13.018 12.664 12.310 11.954 11.598 11.241 10.883 10.524 10.164  9.803  9.441  9.078  8.714  8.349  7.984  7.617  7.249  6.881  6.511  6.141  5.769  5.397  5.024  4.649  4.274  3.897  3.520 
29.081 28.769 28.457 28.144 27.830 27.516 27.200 26.884 26.566 26.248 25.929 25.610 25.289 24.967 24.645 24.322 23.998 23.673 23.347 23.020 22.693 22.364 22.035 21.705 21.374 21.042 20.709 20.376 20.041 19.706 19.370 19.033 18.695 18.356 18.016 17.676 17.334 16.992 16.648 16.304 15.959 15.613 15.266 14.918 14.570 14.220 13.870 13.518 13.166 12.813 12.459 12.103 11.747 11.390 11.033 10.674 10.314  9.953  9.592  9.229  8.866  8.501  8.136  7.769  7.402  7.034  6.664  6.294  5.923  5.551  5.178  4.804  4.428  4.052  3.675  3.297 
28.889 28.578 28.266 27.952 27.639 27.324 27.008 26.692 26.374 26.056 25.737 25.417 25.096 24.775 24.452 24.129 23.804 23.479 23.153 22.826 22.498 22.170 21.840 21.510 21.178 20.846 20.513 20.179 19.844 19.509 19.172 18.835 18.496 18.157 17.817 17.476 17.134 16.791 16.447 16.103 15.757 15.411 15.063 14.715 14.366 14.016 13.665 13.313 12.960 12.606 12.251 11.896 11.539 11.181 10.823 10.464 10.103  9.742  9.380  9.017  8.652  8.287  7.921  7.554  7.186  6.817  6.447  6.077  5.705  5.332  4.958  4.583  4.208  3.831  3.453  3.074 
28.694 28.383 28.071 27.758 27.444 27.129 26.813 26.497 26.179 25.861 25.542 25.222 24.901 24.579 24.256 23.933 23.608 23.283 22.956 22.629 22.301 21.972 21.643 21.312 20.980 20.648 20.315 19.980 19.645 19.309 18.972 18.634 18.296 17.956 17.615 17.274 16.932 16.588 16.244 15.899 15.553 15.206 14.858 14.510 14.160 13.809 13.458 13.105 12.752 12.398 12.043 11.686 11.329 10.971 10.612 10.252  9.891  9.530  9.167  8.803  8.438  8.073  7.706  7.338  6.970  6.600  6.230  5.858  5.486  5.113  4.738  4.363  3.986  3.609  3.231  2.851 
28.497 28.186 27.874 27.561 27.247 26.932 26.616 26.299 25.982 25.663 25.344 25.024 24.703 24.381 24.058 23.734 23.409 23.084 22.757 22.430 22.102 21.773 21.443 21.112 20.780 20.447 20.114 19.779 19.444 19.107 18.770 18.432 18.093 17.753 17.412 17.070 16.727 16.384 16.039 15.694 15.347 15.000 14.652 14.303 13.953 13.602 13.250 12.897 12.543 12.188 11.832 11.476 11.118 10.760 10.400 10.040  9.678  9.316  8.953  8.589  8.223  7.857  7.490  7.122  6.753  6.383  6.012  5.640  5.267  4.893  4.518  4.142  3.765  3.387  3.008  2.629 
28.298 27.986 27.674 27.361 27.047 26.732 26.416 26.099 25.782 25.463 25.144 24.824 24.502 24.180 23.857 23.533 23.209 22.883 22.556 22.229 21.900 21.571 21.241 20.910 20.577 20.245 19.911 19.576 19.240 18.904 18.566 18.228 17.888 17.548 17.207 16.865 16.522 16.178 15.833 15.487 15.140 14.792 14.444 14.094 13.744 13.392 13.040 12.687 12.333 11.977 11.621 11.264 10.906 10.547 10.187  9.826  9.465  9.102  8.738  8.373  8.008  7.641  7.273  6.905  6.535  6.165  5.793  5.421  5.047  4.673  4.298  3.921  3.544  3.165  2.786  2.406 
28.096 27.784 27.472 27.159 26.845 26.530 26.214 25.897 25.580 25.261 24.942 24.621 24.300 23.978 23.655 23.331 23.006 22.680 22.353 22.025 21.697 21.367 21.037 20.705 20.373 20.040 19.706 19.371 19.035 18.698 18.360 18.021 17.682 17.341 17.000 16.657 16.314 15.970 15.625 15.278 14.931 14.583 14.234 13.885 13.534 13.182 12.829 12.476 12.121 11.765 11.409 11.051 10.693 10.334  9.973  9.612  9.250  8.887  8.523  8.157  7.791  7.424  7.056  6.687  6.317  5.946  5.574  5.202  4.828  4.453  4.077  3.700  3.322  2.943  2.564  2.183 
27.892 27.581 27.268 26.955 26.641 26.326 26.010 25.693 25.376 25.057 24.737 24.417 24.096 23.773 23.450 23.126 22.801 22.475 22.148 21.820 21.491 21.162 20.831 20.499 20.167 19.834 19.499 19.164 18.828 18.491 18.153 17.814 17.474 17.133 16.791 16.449 16.105 15.761 15.415 15.069 14.721 14.373 14.024 13.674 13.322 12.970 12.617 12.263 11.908 11.552 11.196 10.838 10.479 10.119  9.759  9.397  9.034  8.671  8.306  7.941  7.574  7.207  6.839  6.469  6.099  5.727  5.355  4.982  4.608  4.232  3.856  3.479  3.101  2.721  2.341  1.960 
27.686 27.375 27.063 26.750 26.436 26.121 25.805 25.488 25.170 24.851 24.532 24.211 23.889 23.567 23.244 22.919 22.594 22.268 21.941 21.613 21.284 20.954 20.624 20.292 19.959 19.626 19.291 18.956 18.619 18.282 17.944 17.605 17.265 16.924 16.582 16.239 15.895 15.550 15.204 14.858 14.510 14.161 13.812 13.461 13.110 12.758 12.404 12.050 11.695 11.339 10.981 10.623 10.264  9.904  9.543  9.181  8.818  8.454  8.090  7.724  7.357  6.989  6.620  6.251  5.880  5.508  5.136  4.762  4.387  4.012  3.635  3.257  2.879  2.499  2.119  1.737 
27.479 27.168 26.856 26.542 26.228 25.913 25.597 25.280 24.963 24.644 24.324 24.003 23.682 23.359 23.036 22.711 22.386 22.060 21.733 21.405 21.076 20.746 20.415 20.083 19.750 19.416 19.082 18.746 18.410 18.072 17.734 17.394 17.054 16.713 16.371 16.028 15.683 15.338 14.992 14.646 14.298 13.949 13.599 13.248 12.897 12.544 12.190 11.836 11.480 11.124 10.766 10.408 10.049  9.688  9.327  8.965  8.602  8.237  7.872  7.506  7.139  6.771  6.402  6.032  5.661  5.289  4.916  4.542  4.167  3.791  3.414  3.036  2.657  2.277  1.896  1.514 
27.271 26.959 26.647 26.334 26.020 25.705 25.389 25.072 24.754 24.435 24.115 23.794 23.473 23.150 22.827 22.502 22.177 21.850 21.523 21.195 20.866 20.536 20.205 19.873 19.540 19.206 18.871 18.535 18.199 17.861 17.522 17.183 16.842 16.501 16.159 15.815 15.471 15.126 14.780 14.432 14.084 13.735 13.385 13.034 12.682 12.329 11.976 11.621 11.265 10.908 10.551 10.192  9.832  9.472  9.110  8.748  8.384  8.020  7.654  7.288  6.920  6.552  6.183  5.812  5.441  5.069  4.695  4.321  3.946  3.570  3.192  2.814  2.435  2.055  1.674  1.291 
27.061 26.749 26.437 26.124 25.810 25.495 25.178 24.861 24.544 24.225 23.905 23.584 23.262 22.940 22.616 22.292 21.966 21.640 21.312 20.984 20.655 20.324 19.993 19.661 19.328 18.994 18.659 18.323 17.987 17.649 17.310 16.970 16.630 16.288 15.945 15.602 15.258 14.912 14.566 14.218 13.870 13.521 13.171 12.819 12.467 12.114 11.760 11.405 11.049 10.692 10.334  9.975  9.615  9.255  8.893  8.530  8.166  7.802  7.436  7.069  6.702  6.333  5.963  5.593  5.221  4.849  4.475  4.100  3.725  3.348  2.971  2.592  2.213  1.832  1.451  1.069 
26.850 26.538 26.226 25.913 25.598 25.283 24.967 24.650 24.332 24.013 23.693 23.373 23.051 22.728 22.404 22.080 21.754 21.428 21.100 20.772 20.443 20.112 19.781 19.449 19.116 18.781 18.446 18.110 17.773 17.435 17.097 16.757 16.416 16.074 15.731 15.388 15.043 14.698 14.351 14.004 13.655 13.306 12.955 12.604 12.252 11.898 11.544 11.189 10.833 10.475 10.117  9.758  9.398  9.037  8.675  8.312  7.948  7.583  7.217  6.850  6.482  6.113  5.744  5.373  5.001  4.628  4.254  3.880  3.504  3.127  2.749  2.371  1.991  1.610  1.228  0.846 
26.637 26.326 26.014 25.700 25.386 25.071 24.755 24.438 24.120 23.801 23.481 23.160 22.838 22.515 22.192 21.867 21.541 21.215 20.887 20.559 20.229 19.899 19.568 19.235 18.902 18.568 18.233 17.896 17.559 17.221 16.882 16.542 16.201 15.859 15.517 15.173 14.828 14.482 14.136 13.788 13.439 13.090 12.739 12.388 12.035 11.682 11.327 10.972 10.615 10.258  9.900  9.540  9.180  8.819  8.457  8.093  7.729  7.364  6.998  6.631  6.263  5.894  5.524  5.153  4.780  4.407  4.033  3.658  3.282  2.906  2.528  2.149  1.769  1.388  1.006  0.623 
26.424 26.113 25.800 25.487 25.173 24.858 24.542 24.224 23.906 23.587 23.267 22.947 22.625 22.302 21.978 21.653 21.328 21.001 20.673 20.345 20.015 19.685 19.353 19.021 18.688 18.353 18.018 17.682 17.344 17.006 16.667 16.327 15.986 15.644 15.301 14.957 14.612 14.266 13.919 13.572 13.223 12.873 12.522 12.171 11.818 11.464 11.110 10.754 10.398 10.040  9.682  9.322  8.962  8.600  8.238  7.874  7.510  7.145  6.778  6.411  6.043  5.674  5.303  4.932  4.560  4.187  3.812  3.437  3.061  2.684  2.306  1.927  1.546  1.165  0.783  0.400 
26.210 25.898 25.586 25.273 24.959 24.643 24.327 24.010 23.692 23.373 23.053 22.732 22.410 22.087 21.764 21.439 21.113 20.786 20.459 20.130 19.800 19.470 19.138 18.806 18.472 18.138 17.803 17.466 17.129 16.791 16.451 16.111 15.770 15.428 15.085 14.741 14.396 14.050 13.703 13.355 13.006 12.656 12.305 11.953 11.600 11.247 10.892 10.536 10.179  9.822  9.463  9.103  8.743  8.381  8.019  7.655  7.291  6.925  6.559  6.191  5.823  5.453  5.083  4.711  4.339  3.966  3.591  3.216  2.839  2.462  2.084  1.704  1.324  0.943  0.560  0.177 
25.995 25.684 25.371 25.058 24.744 24.428 24.112 23.795 23.477 23.158 22.838 22.517 22.195 21.872 21.548 21.223 20.898 20.571 20.243 19.914 19.585 19.254 18.922 18.590 18.256 17.922 17.586 17.250 16.913 16.574 16.235 15.895 15.553 15.211 14.868 14.524 14.179 13.832 13.485 13.137 12.788 12.438 12.087 11.735 11.382 11.028 10.674 10.318  9.961  9.603  9.244  8.884  8.524  8.162  7.799  7.435  7.071  6.705  6.338  5.971  5.602  5.233  4.862  4.490  4.118  3.744  3.370  2.994  2.618  2.240  1.862  1.482  1.102  0.720  0.338 -0.046 
25.779 25.468 25.155 24.842 24.528 24.213 23.897 23.579 23.261 22.942 22.622 22.301 21.979 21.656 21.332 21.007 20.681 20.355 20.027 19.698 19.368 19.038 18.706 18.373 18.040 17.705 17.370 17.033 16.696 16.357 16.018 15.677 15.336 14.994 14.650 14.306 13.961 13.615 13.267 12.919 12.570 12.220 11.869 11.517 11.164 10.810 10.455 10.099  9.742  9.384  9.025  8.665  8.304  7.942  7.579  7.216  6.851  6.485  6.118  5.751  5.382  5.012  4.642  4.270  3.897  3.524  3.149  2.774  2.397  2.020  1.641  1.262  0.881  0.500  0.117 -0.269 
25.563 25.251 24.939 24.626 24.312 23.996 23.680 23.363 23.045 22.726 22.406 22.084 21.762 21.439 21.115 20.790 20.465 20.138 19.810 19.481 19.151 18.820 18.488 18.156 17.822 17.487 17.151 16.815 16.477 16.138 15.799 15.458 15.116 14.773 14.430 14.085 13.739 13.392 13.045 12.696 12.346 11.995 11.643 11.290 10.936 10.581 10.225  9.868  9.509  9.150  8.790  8.428  8.066  7.702  7.337  6.972  6.605  6.237  5.868  5.498  5.127  4.754  4.381  4.007  3.631  3.255  2.877  2.498  2.119  1.738  1.356  0.973  0.589  0.204 -0.182 -0.491 
25.344 25.033 24.721 24.407 24.093 23.778 23.461 23.144 22.826 22.507 22.186 21.865 21.543 21.220 20.896 20.570 20.244 19.917 19.589 19.260 18.930 18.598 18.266 17.933 17.599 17.264 16.928 16.591 16.253 15.914 15.573 15.232 14.890 14.547 14.203 13.858 13.512 13.165 12.817 12.468 12.118 11.767 11.415 11.062 10.708 10.354  9.998  9.641  9.283  8.925  8.565  8.205  7.844  7.482  7.119  6.755  6.390  6.024  5.658  5.290  4.922  4.552  4.182  3.810  3.437  3.062  2.685  2.307  1.925  1.542  1.155  0.765  0.373 -0.023 -0.360 -0.714 
25.123 24.812 24.500 24.186 23.872 23.557 23.240 22.923 22.605 22.285 21.965 21.644 21.321 20.998 20.674 20.349 20.022 19.695 19.367 19.038 18.707 18.376 18.044 17.710 17.376 17.041 16.704 16.367 16.029 15.689 15.349 15.007 14.665 14.321 13.977 13.631 13.284 12.936 12.588 12.238 11.887 11.535 11.182 10.828 10.472 10.116  9.759  9.400  9.041  8.680  8.318  7.956  7.592  7.227  6.861  6.495  6.127  5.758  5.389  5.018  4.647  4.275  3.902  3.528  3.154  2.778  2.403  2.026  1.649  1.272  0.894  0.515  0.137 -0.198 -0.567 -0.937 
24.900 24.589 24.276 23.963 23.648 23.333 23.017 22.699 22.381 22.061 21.741 21.419 21.097 20.774 20.449 20.124 19.797 19.470 19.141 18.812 18.481 18.150 17.817 17.484 17.149 16.814 16.477 16.140 15.801 15.462 15.122 14.780 14.438 14.094 13.750 13.404 13.058 12.711 12.362 12.013 11.663 11.311 10.959 10.605 10.251  9.895  9.538  9.181  8.822  8.462  8.100  7.738  7.374  7.009  6.643  6.275  5.906  5.535  5.163  4.789  4.414  4.037  3.659  3.279  2.897  2.513  2.128  1.741  1.353  0.963  0.571  0.177 -0.178 -0.506 -0.833 -1.160 
24.675 24.363 24.051 23.738 23.423 23.108 22.791 22.474 22.155 21.836 21.515 21.194 20.871 20.548 20.223 19.898 19.571 19.243 18.915 18.585 18.254 17.923 17.590 17.256 16.921 16.585 16.248 15.910 15.571 15.231 14.890 14.548 14.205 13.861 13.516 13.170 12.822 12.474 12.125 11.774 11.423 11.071 10.717 10.363 10.008  9.651  9.294  8.936  8.577  8.217  7.855  7.494  7.131  6.767  6.402  6.037  5.671  5.304  4.936  4.568  4.198  3.829  3.458  3.087  2.715  2.342  1.969  1.596  1.221  0.847  0.471  0.096 -0.243 -0.623 -1.002 -1.383 
24.447 24.136 23.823 23.510 23.196 22.880 22.564 22.246 21.928 21.608 21.288 20.966 20.644 20.320 19.995 19.670 19.343 19.015 18.687 18.357 18.026 17.695 17.362 17.028 16.693 16.358 16.021 15.683 15.344 15.004 14.663 14.321 13.978 13.634 13.288 12.942 12.595 12.246 11.896 11.546 11.194 10.841 10.487 10.132  9.775  9.418  9.059  8.699  8.338  7.976  7.613  7.248  6.883  6.516  6.148  5.779  5.409  5.038  4.666  4.293  3.919  3.544  3.169  2.792  2.415  2.038  1.659  1.280  0.901  0.521  0.141 -0.188 -0.541 -0.896 -1.250 -1.606 
24.219 23.907 23.595 23.281 22.967 22.651 22.335 22.017 21.699 21.379 21.058 20.737 20.414 20.090 19.765 19.440 19.113 18.785 18.456 18.126 17.795 17.463 17.130 16.796 16.461 16.125 15.788 15.450 15.110 14.770 14.429 14.087 13.744 13.400 13.054 12.708 12.361 12.013 11.664 11.314 10.963 10.611 10.258  9.904  9.549  9.194  8.837  8.480  8.121  7.762  7.401  7.040  6.678  6.315  5.950  5.585  5.218  4.850  4.481  4.110  3.737  3.362  2.985  2.604  2.221  1.835  1.445  1.051  0.652  0.250 -0.157 -0.486 -0.819 -1.154 -1.491 -1.829 
23.989 23.677 23.365 23.051 22.737 22.421 22.105 21.787 21.469 21.149 20.828 20.507 20.184 19.860 19.535 19.210 18.883 18.555 18.226 17.896 17.565 17.233 16.899 16.565 16.230 15.894 15.556 15.218 14.878 14.538 14.196 13.853 13.510 13.165 12.819 12.472 12.124 11.775 11.425 11.074 10.721 10.368 10.014  9.658  9.302  8.944  8.586  8.226  7.866  7.504  7.142  6.779  6.415  6.049  5.683  5.317  4.949  4.581  4.211  3.841  3.471  3.099  2.727  2.355  1.982  1.608  1.234  0.859  0.484  0.109 -0.223 -0.588 -0.953 -1.319 -1.685 -2.051 
23.757 23.446 23.133 22.820 22.505 22.190 21.873 21.555 21.237 20.917 20.596 20.275 19.952 19.628 19.303 18.977 18.650 18.323 17.994 17.664 17.333 17.001 16.668 16.333 15.998 15.662 15.325 14.987 14.648 14.307 13.966 13.624 13.280 12.936 12.591 12.244 11.896 11.548 11.198 10.847 10.495 10.142  9.787  9.432  9.075  8.717  8.358  7.997  7.635  7.272  6.908  6.542  6.175  5.807  5.437  5.066  4.694  4.321  3.946  3.570  3.194  2.816  2.437  2.057  1.677  1.296  0.914  0.531  0.149 -0.179 -0.527 -0.876 -1.225 -1.574 -1.924 -2.274 
23.525 23.214 22.901 22.588 22.273 21.958 21.641 21.323 21.005 20.685 20.364 20.042 19.719 19.395 19.070 18.744 18.417 18.089 17.760 17.430 17.098 16.766 16.433 16.098 15.763 15.426 15.089 14.750 14.410 14.070 13.728 13.385 13.041 12.697 12.351 12.004 11.656 11.307 10.957 10.607 10.255  9.902  9.548  9.194  8.838  8.482  8.124  7.766  7.407  7.047  6.686  6.324  5.962  5.599  5.235  4.870  4.504  4.138  3.771  3.404  3.036  2.667  2.298  1.928  1.557  1.186  0.815  0.443  0.070 -0.264 -0.635 -1.006 -1.378 -1.751 -2.124 -2.497 
23.292 22.980 22.668 22.354 22.040 21.724 21.408 21.090 20.771 20.452 20.131 19.809 19.486 19.162 18.837 18.511 18.184 17.856 17.527 17.197 16.866 16.533 16.200 15.866 15.530 15.194 14.856 14.517 14.177 13.837 13.495 13.152 12.807 12.462 12.116 11.768 11.420 11.070 10.719 10.368 10.015  9.661  9.305  8.949  8.592  8.233  7.874  7.513  7.152  6.789  6.426  6.061  5.696  5.329  4.962  4.593  4.224  3.854  3.484  3.112  2.740  2.368  1.994  1.620  1.246  0.871  0.496  0.120 -0.209 -0.566 -0.924 -1.282 -1.641 -2.000 -2.360 -2.720 
23.057 22.746 22.433 22.120 21.805 21.490 21.173 20.855 20.537 20.217 19.896 19.574 19.251 18.927 18.602 18.276 17.949 17.621 17.292 16.961 16.630 16.298 15.965 15.630 15.295 14.958 14.621 14.283 13.943 13.603 13.261 12.919 12.575 12.231 11.885 11.539 11.191 10.842 10.493 10.142  9.790  9.437  9.084  8.728  8.372  8.014  7.656  7.296  6.934  6.571  6.207  5.841  5.473  5.104  4.733  4.361  3.986  3.610  3.233  2.853  2.472  2.090  1.706  1.321  0.935  0.548  0.160 -0.173 -0.519 -0.864 -1.210 -1.556 -1.902 -2.248 -2.595 -2.943 
22.823 22.512 22.199 21.886 21.571 21.255 20.939 20.621 20.302 19.982 19.662 19.340 19.017 18.693 18.367 18.041 17.714 17.386 17.056 16.726 16.394 16.062 15.728 15.393 15.058 14.721 14.383 14.044 13.704 13.363 13.021 12.678 12.333 11.988 11.642 11.294 10.946 10.597 10.246  9.895  9.542  9.189  8.834  8.479  8.123  7.766  7.407  7.048  6.688  6.328  5.966  5.604  5.240  4.876  4.511  4.146  3.780  3.413  3.045  2.677  2.308  1.939  1.569  1.199  0.828  0.457  0.085 -0.245 -0.609 -0.973 -1.337 -1.702 -2.067 -2.433 -2.799 -3.166 
22.587 22.276 21.963 21.650 21.335 21.020 20.703 20.385 20.067 19.747 19.426 19.104 18.781 18.457 18.132 17.806 17.479 17.151 16.822 16.491 16.160 15.828 15.494 15.160 14.824 14.488 14.150 13.811 13.471 13.130 12.788 12.445 12.100 11.755 11.408 11.061 10.712 10.362 10.011  9.658  9.305  8.950  8.595  8.238  7.880  7.520  7.160  6.798  6.436  6.072  5.707  5.341  4.975  4.607  4.238  3.868  3.497  3.126  2.754  2.381  2.007  1.633  1.258  0.882  0.507  0.130 -0.197 -0.550 -0.903 -1.257 -1.611 -1.966 -2.321 -2.676 -3.032 -3.389 
22.351 22.040 21.727 21.414 21.099 20.784 20.467 20.149 19.830 19.510 19.189 18.867 18.544 18.220 17.895 17.569 17.242 16.913 16.584 16.253 15.922 15.589 15.256 14.921 14.585 14.249 13.911 13.572 13.233 12.892 12.550 12.207 11.864 11.519 11.173 10.826 10.479 10.130  9.780  9.430  9.078  8.726  8.373  8.018  7.663  7.306  6.949  6.590  6.231  5.870  5.508  5.144  4.779  4.413  4.044  3.674  3.301  2.925  2.547  2.165  1.780  1.391  0.999  0.602  0.201 -0.202 -0.534 -0.867 -1.203 -1.542 -1.883 -2.226 -2.570 -2.916 -3.263 -3.611 
22.115 21.804 21.491 21.178 20.863 20.548 20.231 19.913 19.594 19.274 18.953 18.631 18.308 17.984 17.659 17.333 17.005 16.677 16.347 16.017 15.685 15.352 15.019 14.684 14.348 14.011 13.673 13.333 12.993 12.652 12.309 11.966 11.621 11.275 10.929 10.581 10.232  9.882  9.531  9.179  8.826  8.472  8.117  7.761  7.404  7.046  6.687  6.328  5.967  5.605  5.243  4.880  4.516  4.151  3.785  3.419  3.052  2.685  2.317  1.948  1.579  1.209  0.839  0.468  0.097 -0.231 -0.589 -0.948 -1.307 -1.667 -2.027 -2.388 -2.748 -3.110 -3.472 -3.834 
21.878 21.566 21.254 20.940 20.626 20.310 19.993 19.676 19.357 19.037 18.716 18.394 18.071 17.747 17.422 17.096 16.769 16.440 16.111 15.781 15.449 15.117 14.783 14.449 14.113 13.777 13.439 13.100 12.760 12.419 12.077 11.734 11.389 11.044 10.697 10.350 10.001  9.651  9.299  8.947  8.593  8.238  7.882  7.524  7.166  6.806  6.445  6.082  5.718  5.354  4.987  4.620  4.252  3.882  3.512  3.140  2.768  2.394  2.020  1.645  1.270  0.894  0.517  0.140 -0.186 -0.536 -0.887 -1.238 -1.589 -1.940 -2.292 -2.644 -2.996 -3.349 -3.703 -4.057 
21.640 21.329 21.016 20.703 20.388 20.073 19.756 19.438 19.119 18.799 18.478 18.156 17.833 17.509 17.183 16.857 16.530 16.201 15.871 15.541 15.209 14.876 14.543 14.208 13.872 13.535 13.197 12.858 12.518 12.177 11.835 11.492 11.148 10.803 10.457 10.110  9.762  9.413  9.063  8.712  8.360  8.007  7.654  7.300  6.944  6.588  6.231  5.873  5.515  5.156  4.796  4.435  4.073  3.710  3.346  2.982  2.615  2.248  1.878  1.506  1.132  0.754  0.374 -0.009 -0.337 -0.686 -1.038 -1.392 -1.748 -2.106 -2.465 -2.826 -3.188 -3.551 -3.915 -4.280 
21.403 21.092 20.779 20.466 20.151 19.835 19.519 19.201 18.882 18.562 18.241 17.919 17.596 17.272 16.946 16.620 16.293 15.964 15.635 15.304 14.972 14.639 14.306 13.971 13.634 13.297 12.959 12.620 12.279 11.937 11.595 11.251 10.906 10.560 10.213  9.865  9.515  9.165  8.814  8.461  8.108  7.753  7.397  7.041  6.683  6.325  5.965  5.605  5.243  4.881  4.518  4.154  3.789  3.424  3.058  2.691  2.323  1.955  1.587  1.217  0.848  0.478  0.107 -0.218 -0.573 -0.929 -1.284 -1.640 -1.997 -2.353 -2.710 -3.068 -3.426 -3.784 -4.143 -4.503 
21.164 20.853 20.540 20.227 19.912 19.596 19.280 18.962 18.643 18.323 18.002 17.680 17.357 17.033 16.708 16.382 16.054 15.726 15.397 15.066 14.735 14.402 14.069 13.734 13.399 13.062 12.724 12.385 12.046 11.705 11.363 11.020 10.675 10.330  9.984  9.636  9.287  8.937  8.586  8.234  7.880  7.525  7.169  6.811  6.452  6.092  5.730  5.366  5.002  4.635  4.268  3.899  3.529  3.157  2.785  2.411  2.036  1.660  1.283  0.906  0.528  0.149 -0.178 -0.519 -0.858 -1.194 -1.525 -1.850 -2.166 -2.470 -2.760 -3.033 -3.285 -3.516 -3.722 -3.903 
20.926 20.615 20.302 19.989 19.674 19.358 19.042 18.724 18.405 18.085 17.764 17.442 17.119 16.795 16.470 16.144 15.817 15.489 15.159 14.829 14.498 14.166 13.833 13.499 13.164 12.828 12.492 12.154 11.816 11.477 11.137 10.796 10.455 10.113  9.770  9.427  9.083  8.739  8.394  8.049  7.704  7.358  7.012  6.665  6.319  5.972  5.625  5.278  4.931  4.585  4.238  3.892  3.545  3.199  2.854  2.508  2.164  1.820  1.479  1.143  0.815  0.502  0.207 -0.071 -0.236 -0.363 -0.487 -0.610 -0.732 -0.852 -0.971 -1.088 -1.203 -1.317 -1.429 -1.538 
20.705 20.394 20.082 19.769 19.455 19.140 18.825 18.508 18.191 17.873 17.554 17.234 16.914 16.592 16.270 15.947 15.624 15.300 14.975 14.649 14.323 13.997 13.670 13.342 13.014 12.685 12.356 12.027 11.697 11.367 11.037 10.706 10.376 10.045  9.715  9.384  9.054  8.724  8.394  8.064  7.735  7.406  7.078  6.750  6.423  6.097  5.771  5.447  5.123  4.799  4.477  4.156  3.836  3.517  3.199  2.881  2.565  2.250  1.936  1.623  1.311  1.000  0.690  0.381  0.073 -0.103 -0.203 -0.297 -0.390 -0.482 -0.574 -0.664 -0.753 -0.841 -0.927 -1.013 
20.549 20.238 19.926 19.614 19.301 18.988 18.674 18.360 18.045 17.730 17.414 17.098 16.782 16.465 16.148 15.830 15.512 15.194 14.875 14.556 14.237 13.918 13.598 13.279 12.959 12.639 12.319 12.000 11.680 11.360 11.041 10.721 10.402 10.083  9.765  9.447  9.129  8.812  8.495  8.179  7.864  7.550  7.236  6.923  6.611  6.300  5.990  5.681  5.374  5.067  4.762  4.458  4.155  3.854  3.554  3.255  2.958  2.662  2.367  2.074  1.782  1.491  1.201  0.913  0.625  0.339  0.054 -0.104 -0.187 -0.266 -0.344 -0.421 -0.498 -0.573 -0.647 -0.721 
20.471 20.160 19.849 19.537 19.226 18.914 18.602 18.291 17.978 17.666 17.354 17.041 16.729 16.416 16.103 15.791 15.478 15.165 14.852 14.540 14.227 13.915 13.602 13.290 12.978 12.666 12.355 12.043 11.732 11.422 11.112 10.802 10.493 10.184  9.876  9.568  9.261  8.955  8.649  8.344  8.040  7.737  7.435  7.134  6.834  6.535  6.237  5.940  5.645  5.351  5.058  4.767  4.477  4.188  3.901  3.616  3.332  3.050  2.769  2.490  2.212  1.936  1.661  1.387  1.115  0.844  0.574  0.305  0.037 -0.108 -0.181 -0.251 -0.320 -0.387 -0.454 -0.519 
20.465 20.154 19.844 19.533 19.222 18.912 18.602 18.292 17.982 17.672 17.363 17.053 16.744 16.435 16.126 15.818 15.509 15.201 14.893 14.586 14.279 13.972 13.666 13.360 13.054 12.749 12.444 12.140 11.836 11.533 11.231 10.929 10.628 10.327 10.027  9.728  9.430  9.133  8.836  8.540  8.245  7.952  7.659  7.367  7.076  6.787  6.498  6.211  5.926  5.641  5.358  5.076  4.796  4.517  4.240  3.965  3.691  3.419  3.148  2.879  2.612  2.347  2.083  1.820  1.560  1.300  1.042  0.786  0.530  0.276  0.023 -0.112 -0.179 -0.241 -0.303 -0.364 
20.519 20.209 19.898 19.588 19.279 18.970 18.661 18.352 18.044 17.736 17.429 17.122 16.816 16.510 16.204 15.899 15.594 15.290 14.986 14.683 14.380 14.078 13.777 13.476 13.175 12.876 12.576 12.278 11.980 11.683 11.387 11.092 10.797 10.503 10.210  9.918  9.626  9.336  9.047  8.758  8.471  8.184  7.899  7.614  7.331  7.049  6.768  6.489  6.210  5.933  5.657  5.383  5.110  4.838  4.568  4.300  4.033  3.768  3.504  3.243  2.983  2.725  2.469  2.215  1.962  1.711  1.463  1.215  0.970  0.726  0.483  0.242  0.001 -0.123 -0.183 -0.239 
20.623 20.312 20.002 19.693 19.384 19.075 18.767 18.460 18.154 17.847 17.542 17.237 16.933 16.629 16.326 16.023 15.722 15.420 15.120 14.820 14.521 14.223 13.925 13.628 13.332 13.036 12.742 12.448 12.155 11.862 11.571 11.281 10.991 10.702 10.415 10.128  9.842  9.557  9.273  8.991  8.709  8.428  8.149  7.871  7.593  7.317  7.043  6.769  6.496  6.225  5.955  5.687  5.419  5.153  4.888  4.625  4.363  4.102  3.843  3.585  3.329  3.075  2.822  2.572  2.323  2.077  1.833  1.592  1.353  1.117  0.883  0.652  0.423  0.196 -0.030 -0.133 
20.765 20.454 20.144 19.835 19.527 19.219 18.912 18.606 18.300 17.996 17.691 17.388 17.086 16.784 16.483 16.182 15.883 15.584 15.286 14.989 14.693 14.397 14.103 13.809 13.516 13.224 12.933 12.643 12.353 12.065 11.778 11.491 11.206 10.922 10.639 10.357 10.076  9.796  9.517  9.240  8.964  8.689  8.415  8.143  7.872  7.603  7.335  7.068  6.803  6.540  6.278  6.018  5.760  5.503  5.248  4.995  4.743  4.494  4.246  3.999  3.755  3.512  3.271  3.031  2.793  2.557  2.322  2.088  1.855  1.624  1.394  1.164  0.935  0.707  0.479  0.252 
20.939 20.629 20.319 20.010 19.702 19.395 19.089 18.784 18.480 18.176 17.873 17.571 17.270 16.970 16.671 16.373 16.076 15.779 15.484 15.189 14.896 14.603 14.312 14.021 13.731 13.443 13.155 12.868 12.583 12.298 12.014 11.732 11.450 11.170 10.891 10.612 10.335 10.059  9.784  9.510  9.238  8.966  8.695  8.426  8.157  7.890  7.624  7.359  7.094  6.831  6.569  6.308  6.048  5.789  5.531  5.274  5.018  4.762  4.508  4.254  4.001  3.749  3.498  3.247  2.997  2.747  2.498  2.250  2.002  1.754  1.507  1.260  1.014  0.767  0.521  0.275 
21.141 20.830 20.521 20.212 19.905 19.598 19.292 18.988 18.684 18.381 18.079 17.778 17.478 17.178 16.880 16.583 16.286 15.991 15.696 15.403 15.110 14.819 14.528 14.238 13.949 13.662 13.375 13.089 12.804 12.520 12.236 11.954 11.673 11.392 11.113 10.834 10.557 10.280 10.004  9.729  9.455  9.182  8.910  8.638  8.368  8.098  7.829  7.560  7.293  7.026  6.760  6.495  6.231  5.967  5.704  5.441  5.179  4.918  4.657  4.397  4.137  3.878  3.619  3.361  3.103  2.846  2.589  2.332  2.076  1.820  1.564  1.308  1.052  0.797  0.542  0.286 
21.350 21.039 20.730 20.421 20.114 19.807 19.501 19.196 18.892 18.589 18.287 17.986 17.686 17.386 17.088 16.790 16.493 16.198 15.903 15.609 15.316 15.024 14.732 14.442 14.152 13.864 13.576 13.289 13.003 12.717 12.433 12.149 11.867 11.585 11.303 11.023 10.743 10.465 10.187  9.909  9.633  9.357  9.082  8.807  8.534  8.261  7.988  7.716  7.445  7.175  6.905  6.636  6.367  6.099  5.831  5.564  5.297  5.031  4.765  4.500  4.235  3.970  3.706  3.442  3.179  2.916  2.653  2.390  2.127  1.865  1.603  1.341  1.079  0.817  0.556  0.294 
21.551 21.241 20.931 20.623 20.315 20.008 19.702 19.397 19.092 18.789 18.486 18.184 17.883 17.583 17.284 16.986 16.688 16.392 16.096 15.801 15.507 15.213 14.921 14.629 14.338 14.048 13.758 13.470 13.182 12.895 12.609 12.323 12.038 11.754 11.471 11.188 10.906 10.625 10.344 10.064  9.785  9.506  9.228  8.951  8.674  8.398  8.122  7.847  7.572  7.298  7.025  6.751  6.479  6.207  5.935  5.664  5.393  5.122  4.852  4.583  4.313  4.044  3.775  3.507  3.239  2.971  2.703  2.436  2.168  1.901  1.634  1.367  1.100  0.834  0.567  0.300 
21.740 21.429 21.120 20.811 20.503 20.195 19.889 19.583 19.278 18.974 18.671 18.369 18.067 17.766 17.466 17.167 16.868 16.571 16.274 15.977 15.682 15.387 15.093 14.800 14.507 14.216 13.924 13.634 13.344 13.055 12.767 12.479 12.192 11.906 11.620 11.335 11.051 10.767 10.484 10.201  9.919  9.638  9.357  9.077  8.797  8.517  8.239  7.960  7.683  7.405  7.128  6.852  6.576  6.300  6.025  5.750  5.475  5.201  4.927  4.654  4.380  4.107  3.835  3.562  3.290  3.018  2.746  2.474  2.203  1.932  1.660  1.389  1.118  0.847  0.577  0.306 
21.913 21.603 21.293 20.984 20.676 20.368 20.061 19.755 19.450 19.145 18.841 18.538 18.236 17.934 17.633 17.333 17.033 16.734 16.436 16.139 15.842 15.546 15.250 14.955 14.661 14.367 14.074 13.782 13.490 13.199 12.908 12.617 12.327 12.038 11.748 11.459 11.170 10.880 10.591 10.301 10.011  9.720  9.428  9.135  8.840  8.544  8.245  7.944  7.640  7.333  7.022  6.707  6.387  6.061  5.729  5.390  5.044  4.690  4.328  3.956  3.576  3.185  2.785  2.376  1.958  1.533  1.100  0.661  0.217 -0.327 -0.989 -1.651 -2.312 -2.971 -3.627 -4.280 
22.054 21.743 21.433 21.123 20.813 20.504 20.195 19.887 19.578 19.270 18.963 18.655 18.348 18.041 17.734 17.427 17.120 16.813 16.506 16.199 15.892 15.584 15.277 14.968 14.659 14.350 14.040 13.729 13.418 13.105 12.792 12.477 12.162 11.845 11.526 11.207 10.885 10.562 10.237  9.910  9.582  9.251  8.918  8.582  8.244  7.904  7.561  7.215  6.867  6.516  6.162  5.805  5.445  5.083  4.717  4.349  3.978  3.604  3.228  2.850  2.469  2.087  1.702  1.316  0.929  0.541  0.152 -0.175 -0.499 -0.823 -1.145 -1.465 -1.784 -2.099 -2.411 -2.720 
22.062 21.751 21.440 21.128 20.816 20.504 20.192 19.879 19.566 19.252 18.939 18.624 18.310 17.995 17.679 17.364 17.047 16.730 16.413 16.095 15.776 15.457 15.137 14.816 14.495 14.173 13.850 13.526 13.202 12.877 12.551 12.224 11.896 11.567 11.238 10.907 10.576 10.244  9.911  9.577  9.242  8.907  8.571  8.234  7.896  7.558  7.219  6.880  6.540  6.200  5.859  5.518  5.177  4.835  4.493  4.151  3.809  3.467  3.125  2.783  2.442  2.100  1.759  1.417  1.076  0.736  0.396  0.056 -0.161 -0.313 -0.462 -0.608 -0.752 -0.892 -1.028 -1.160 
21.967 21.655 21.344 21.032 20.719 20.406 20.092 19.778 19.464 19.148 18.833 18.517 18.200 17.883 17.565 17.247 16.928 16.609 16.290 15.970 15.649 15.328 15.006 14.684 14.362 14.039 13.716 13.392 13.068 12.744 12.419 12.094 11.768 11.443 11.117 10.791 10.465 10.138  9.812  9.485  9.159  8.833  8.507  8.181  7.855  7.530  7.205  6.881  6.558  6.235  5.913  5.592  5.272  4.953  4.635  4.319  4.004  3.690  3.378  3.067  2.758  2.451  2.146  1.842  1.540  1.239  0.940  0.643  0.348  0.054 -0.083 -0.107 -0.108 -0.107  0.021  0.400 
21.864 21.553 21.241 20.930 20.617 20.305 19.992 19.679 19.365 19.051 18.737 18.422 18.107 17.792 17.477 17.161 16.845 16.529 16.213 15.896 15.580 15.263 14.946 14.629 14.313 13.996 13.679 13.363 13.047 12.731 12.416 12.101 11.787 11.473 11.160 10.849 10.538 10.228  9.921  9.614  9.310  9.007  8.707  8.410  8.115  7.824  7.535  7.251  6.971  6.695  6.423  6.157  5.896  5.642  5.393  5.150  4.915  4.686  4.465  4.252  4.046  3.849  3.660  3.479  3.307  3.143  2.988  2.841  2.703  2.573  2.451  2.337  2.232  2.134  2.043  1.960 
21.831 21.520 21.210 20.899 20.589 20.279 19.969 19.660 19.351 19.042 18.733 18.425 18.117 17.810 17.503 17.197 16.891 16.586 16.281 15.978 15.675 15.374 15.073 14.773 14.475 14.178 13.882 13.588 13.295 13.004 12.714 12.427 12.141 11.858 11.577 11.298 11.022 10.748 10.477 10.209  9.944  9.682  9.423  9.167  8.915  8.667  8.423  8.182  7.945  7.713  7.485  7.261  7.042  6.828  6.618  6.413  6.214  6.019  5.830  5.646  5.468  5.295  5.128  4.967  4.811  4.662  4.519  4.382  4.251  4.127  4.009  3.898  3.793  3.695  3.604  3.520 
21.965 21.654 21.345 21.037 20.729 20.423 20.118 19.813 19.510 19.208 18.907 18.607 18.309 18.011 17.715 17.420 17.127 16.835 16.544 16.255 15.968 15.682 15.398 15.116 14.835 14.557 14.280 14.005 13.733 13.463 13.195 12.929 12.666 12.406 12.148 11.892 11.640 11.391 11.144 10.901 10.661 10.424 10.191  9.961  9.734  9.512  9.293  9.078  8.867  8.661  8.458  8.260  8.066  7.877  7.693  7.513  7.338  7.168  7.003  6.843  6.689  6.540  6.397  6.259  6.127  6.000  5.880  5.765  5.657  5.555  5.460  5.370  5.288  5.212  5.142  5.080 
22.265 21.955 21.646 21.339 21.034 20.731 20.429 20.129 19.831 19.535 19.240 18.947 18.656 18.367 18.079 17.794 17.510 17.229 16.949 16.672 16.396 16.123 15.852 15.584 15.318 15.054 14.792 14.533 14.277 14.023 13.772 13.524 13.279 13.036 12.797 12.561 12.327 12.097 11.871 11.648 11.428 11.212 10.999 10.790 10.585 10.384 10.187  9.994  9.805  9.620  9.440  9.264  9.093  8.927  8.765  8.608  8.456  8.309  8.167  8.031  7.899  7.773  7.653  7.539  7.430  7.327  7.230  7.138  7.054  6.975  6.903  6.837  6.777  6.725  6.679  6.640 
22.699 22.389 22.081 21.776 21.473 21.172 20.873 20.577 20.282 19.990 19.701 19.413 19.129 18.846 18.566 18.288 18.012 17.740 17.469 17.201 16.936 16.674 16.414 16.157 15.902 15.651 15.402 15.156 14.914 14.674 14.437 14.204 13.974 13.747 13.523 13.303 13.086 12.873 12.663 12.458 12.255 12.057 11.863 11.673 11.486 11.304 11.126 10.953 10.784 10.619 10.459 10.303 10.152 10.007  9.866  9.729  9.599  9.473  9.352  9.237  9.127  9.023  8.925  8.832  8.745  8.664  8.589  8.520  8.457  8.401  8.351  8.307  8.270  8.240  8.217  8.200 
23.245 22.935 22.628 22.324 22.022 21.724 21.427 21.134 20.843 20.555 20.270 19.987 19.707 19.430 19.156 18.885 18.616 18.351 18.088 17.828 17.571 17.317 17.066 16.818 16.574 16.332 16.094 15.858 15.626 15.397 15.171 14.949 14.730 14.514 14.302 14.093 13.887 13.685 13.486 13.290 13.098 12.910 12.725 12.543 12.365 12.190 12.018 11.850 11.685 11.524 11.365 11.210 11.058 10.909 10.763 10.620 10.480 10.343 10.208 10.076  9.946  9.818  9.693  9.570  9.449  9.329  9.212  9.095  8.980  8.867  8.754  8.642  8.531  8.420  8.310  8.200 
23.874 23.565 23.258 22.955 22.654 22.356 22.061 21.769 21.480 21.194 20.911 20.631 20.353 20.079 19.807 19.539 19.273 19.011 18.751 18.494 18.240 17.989 17.742 17.497 17.255 17.016 16.779 16.546 16.316 16.089 15.864 15.643 15.424 15.208 14.995 14.785 14.578 14.374 14.172 13.973 13.777 13.583 13.392 13.204 13.019 12.836 12.655 12.477 12.301 12.127 11.956 11.787 11.621 11.456 11.293 11.133 10.974 10.817 10.661 10.508 10.356 10.205 10.056  9.908  9.761  9.616  9.471  9.328  9.185  9.043  8.901  8.761  8.620  8.480  8.340  8.200 
24.526 24.216 23.909 23.606 23.305 23.007 22.712 22.420 22.130 21.844 21.560 21.280 21.002 20.727 20.454 20.185 19.918 19.655 19.394 19.135 18.880 18.627 18.377 18.130 17.886 17.644 17.405 17.168 16.934 16.703 16.474 16.248 16.025 15.804 15.585 15.369 15.155 14.944 14.735 14.528 14.324 14.122 13.922 13.724 13.529 13.335 13.143 12.954 12.766 12.580 12.396 12.214 12.033 11.855 11.677 11.501 11.327 11.154 10.982 10.812 10.643 10.475 10.308 10.142  9.977  9.813  9.649  9.486  9.324  9.163  9.001  8.841  8.680  8.520  8.360  8.200 
25.153 24.843 24.536 24.232 23.931 23.632 23.336 23.043 22.752 22.464 22.179 21.897 21.617 21.339 21.065 20.793 20.523 20.257 19.993 19.731 19.472 19.215 18.961 18.710 18.461 18.214 17.970 17.728 17.489 17.251 17.017 16.784 16.554 16.326 16.100 15.877 15.655 15.436 15.219 15.003 14.790 14.579 14.369 14.162 13.956 13.752 13.550 13.349 13.150 12.953 12.757 12.563 12.370 12.178 11.988 11.799 11.612 11.425 11.240 11.055 10.872 10.690 10.508 10.327 10.147  9.968  9.789  9.611  9.434  9.257  9.080  8.904  8.728  8.552  8.376  8.200 
25.737 25.427 25.120 24.815 24.513 24.214 23.916 23.622 23.330 23.040 22.753 22.468 22.185 21.906 21.628 21.353 21.080 20.810 20.542 20.276 20.013 19.752 19.494 19.237 18.983 18.731 18.481 18.234 17.988 17.745 17.504 17.265 17.027 16.792 16.559 16.328 16.099 15.871 15.646 15.422 15.200 14.980 14.761 14.544 14.329 14.115 13.903 13.692 13.483 13.275 13.069 12.863 12.659 12.457 12.255 12.054 11.855 11.657 11.459 11.263 11.067 10.872 10.678 10.485 10.292 10.100  9.908  9.717  9.527  9.336  9.146  8.957  8.767  8.578  8.389  8.200 
26.272 25.963 25.655 25.350 25.047 24.747 24.448 24.152 23.858 23.567 23.278 22.991 22.706 22.423 22.143 21.864 21.588 21.315 21.043 20.773 20.506 20.241 19.977 19.716 19.457 19.200 18.944 18.691 18.440 18.191 17.943 17.698 17.454 17.212 16.972 16.733 16.497 16.262 16.028 15.797 15.567 15.338 15.111 14.885 14.661 14.438 14.217 13.997 13.778 13.561 13.345 13.129 12.915 12.702 12.491 12.280 12.070 11.861 11.653 11.445 11.239 11.033 10.828 10.623 10.419 10.216 10.013  9.810  9.608  9.406  9.205  9.003  8.802  8.602  8.401  8.200 
26.761 26.451 26.143 25.838 25.534 25.232 24.933 24.636 24.340 24.047 23.756 23.466 23.179 22.894 22.611 22.330 22.051 21.773 21.498 21.225 20.953 20.684 20.416 20.150 19.887 19.625 19.364 19.106 18.849 18.594 18.341 18.089 17.839 17.591 17.344 17.099 16.856 16.614 16.373 16.134 15.897 15.660 15.426 15.192 14.960 14.729 14.499 14.271 14.043 13.817 13.592 13.368 13.145 12.923 12.702 12.481 12.262 12.043 11.826 11.608 11.392 11.176 10.961 10.747 10.532 10.319 10.106  9.893  9.681  9.469  9.257  9.045  8.834  8.622  8.411  8.200 
27.205 26.895 26.587 26.280 25.976 25.674 25.373 25.075 24.778 24.483 24.190 23.899 23.609 23.322 23.036 22.752 22.470 22.190 21.911 21.634 21.359 21.086 20.814 20.544 20.276 20.010 19.745 19.481 19.220 18.959 18.701 18.444 18.188 17.934 17.682 17.430 17.181 16.932 16.685 16.439 16.195 15.952 15.710 15.469 15.230 14.991 14.754 14.518 14.283 14.048 13.815 13.583 13.352 13.121 12.892 12.663 12.435 12.208 11.981 11.755 11.530 11.305 11.081 10.858 10.635 10.412 10.190  9.968  9.746  9.525  9.303  9.083  8.862  8.641  8.421  8.200 
27.607 27.297 26.989 26.682 26.378 26.074 25.773 25.473 25.175 24.879 24.584 24.291 24.000 23.710 23.422 23.135 22.851 22.567 22.286 22.006 21.728 21.451 21.175 20.902 20.629 20.359 20.090 19.822 19.555 19.291 19.027 18.765 18.504 18.245 17.987 17.730 17.475 17.220 16.967 16.716 16.465 16.216 15.967 15.720 15.474 15.229 14.984 14.741 14.499 14.258 14.017 13.778 13.539 13.301 13.064 12.827 12.592 12.357 12.122 11.888 11.655 11.422 11.190 10.958 10.727 10.496 10.265 10.035  9.805  9.575  9.346  9.116  8.887  8.658  8.429  8.200 
27.973 27.663 27.354 27.047 26.742 26.438 26.135 25.834 25.535 25.237 24.941 24.647 24.353 24.062 23.772 23.483 23.196 22.910 22.626 22.343 22.061 21.781 21.503 21.226 20.950 20.675 20.402 20.130 19.860 19.591 19.323 19.056 18.791 18.527 18.264 18.002 17.741 17.482 17.223 16.966 16.710 16.454 16.200 15.947 15.695 15.443 15.193 14.944 14.695 14.447 14.200 13.954 13.708 13.464 13.220 12.976 12.733 12.491 12.250 12.009 11.768 11.528 11.288 11.049 10.810 10.572 10.334 10.096  9.858  9.621  9.384  9.147  8.910  8.673  8.437  8.200 
28.304 27.994 27.685 27.378 27.072 26.767 26.464 26.162 25.862 25.563 25.265 24.969 24.674 24.381 24.089 23.798 23.508 23.220 22.934 22.648 22.364 22.081 21.799 21.519 21.240 20.962 20.686 20.410 20.136 19.863 19.591 19.320 19.050 18.782 18.514 18.248 17.983 17.718 17.455 17.193 16.931 16.671 16.411 16.153 15.895 15.638 15.382 15.127 14.873 14.619 14.366 14.114 13.862 13.611 13.361 13.111 12.862 12.613 12.365 12.118 11.871 11.624 11.378 11.132 10.886 10.641 10.396 10.151  9.907  9.663  9.419  9.175  8.931  8.687  8.444  8.200 
28.604 28.294 27.985 27.677 27.371 27.066 26.762 26.459 26.158 25.858 25.559 25.261 24.965 24.670 24.376 24.083 23.792 23.502 23.213 22.925 22.638 22.353 22.068 21.785 21.503 21.222 20.942 20.664 20.386 20.109 19.834 19.559 19.286 19.013 18.742 18.471 18.202 17.933 17.665 17.398 17.132 16.867 16.603 16.339 16.077 15.815 15.554 15.293 15.033 14.774 14.516 14.258 14.001 13.745 13.489 13.233 12.978 12.724 12.470 12.216 11.963 11.711 11.458 11.206 10.955 10.703 10.452 10.201  9.951  9.700  9.450  9.200  8.950  8.700  8.450  8.200 
28.876 28.566 28.257 27.949 27.642 27.336 27.032 26.729 26.426 26.125 25.825 25.526 25.229 24.932 24.637 24.342 24.049 23.757 23.466 23.176 22.887 22.599 22.312 22.027 21.742 21.458 21.175 20.894 20.613 20.333 20.054 19.776 19.499 19.223 18.948 18.674 18.400 18.127 17.856 17.585 17.315 17.045 16.776 16.509 16.241 15.975 15.709 15.444 15.179 14.915 14.652 14.389 14.127 13.866 13.605 13.344 13.084 12.824 12.565 12.306 12.048 11.789 11.532 11.274 11.017 10.760 10.503 10.247  9.991  9.734  9.478  9.223  8.967  8.711  8.456  8.200 
29.123 28.813 28.504 28.195 27.888 27.582 27.277 26.973 26.670 26.368 26.067 25.767 25.468 25.170 24.873 24.577 24.282 23.988 23.695 23.403 23.112 22.822 22.533 22.245 21.958 21.672 21.386 21.102 20.818 20.536 20.254 19.973 19.693 19.413 19.135 18.857 18.580 18.304 18.028 17.754 17.480 17.206 16.934 16.662 16.391 16.120 15.850 15.580 15.312 15.043 14.776 14.508 14.242 13.975 13.710 13.444 13.179 12.915 12.651 12.387 12.124 11.861 11.598 11.335 11.073 10.811 10.550 10.288 10.027  9.765  9.504  9.243  8.982  8.722  8.461  8.200 
29.347 29.036 28.727 28.419 28.111 27.804 27.499 27.194 26.890 26.587 26.285 25.985 25.684 25.385 25.087 24.790 24.493 24.198 23.903 23.610 23.317 23.025 22.734 22.443 22.154 21.865 21.578 21.291 21.005 20.719 20.435 20.151 19.868 19.586 19.304 19.023 18.743 18.464 18.185 17.907 17.629 17.353 17.076 16.801 16.526 16.251 15.978 15.704 15.431 15.159 14.887 14.616 14.345 14.075 13.805 13.535 13.266 12.997 12.729 12.461 12.193 11.925 11.658 11.391 11.124 10.858 10.591 10.325 10.059  9.793  9.528  9.262  8.996  8.731  8.465  8.200 
29.550 29.239 28.930 28.621 28.313 28.006 27.700 27.395 27.090 26.787 26.484 26.182 25.881 25.581 25.281 24.983 24.685 24.388 24.092 23.797 23.502 23.208 22.915 22.623 22.332 22.041 21.751 21.462 21.174 20.886 20.599 20.312 20.027 19.742 19.458 19.174 18.891 18.609 18.327 18.046 17.765 17.485 17.206 16.927 16.648 16.371 16.093 15.816 15.540 15.264 14.989 14.714 14.439 14.165 13.891 13.618 13.345 13.072 12.800 12.527 12.256 11.984 11.713 11.442 11.171 10.900 10.629 10.359 10.089  9.819  9.549  9.279  9.009  8.739  8.470  8.200 
29.734 29.423 29.113 28.804 28.496 28.189 27.882 27.576 27.271 26.967 26.664 26.361 26.059 25.758 25.457 25.158 24.859 24.560 24.263 23.966 23.670 23.375 23.080 22.786 22.493 22.200 21.908 21.617 21.327 21.037 20.748 20.459 20.171 19.884 19.597 19.311 19.025 18.740 18.455 18.171 17.888 17.605 17.323 17.041 16.760 16.479 16.198 15.918 15.639 15.359 15.081 14.802 14.524 14.247 13.970 13.693 13.416 13.140 12.864 12.588 12.312 12.037 11.762 11.487 11.213 10.938 10.664 10.390 10.116  9.842  9.568  9.294  9.021  8.747  8.474  8.200 
29.900 29.590 29.280 28.971 28.662 28.355 28.048 27.741 27.436 27.131 26.827 26.523 26.220 25.918 25.617 25.316 25.016 24.717 24.418 24.120 23.822 23.525 23.229 22.934 22.639 22.345 22.051 21.758 21.465 21.174 20.882 20.592 20.302 20.012 19.723 19.434 19.146 18.859 18.572 18.286 18.000 17.714 17.429 17.144 16.860 16.577 16.293 16.010 15.728 15.446 15.164 14.883 14.602 14.321 14.040 13.760 13.481 13.201 12.922 12.643 12.364 12.085 11.807 11.529 11.251 10.973 10.695 10.418 10.140  9.863  9.585  9.308  9.031  8.754  8.477  8.200 
30.051 29.741 29.431 29.121 28.813 28.505 28.198 27.891 27.585 27.279 26.974 26.670 26.367 26.064 25.761 25.460 25.159 24.858 24.558 24.259 23.960 23.662 23.365 23.068 22.771 22.475 22.180 21.885 21.591 21.298 21.005 20.712 20.420 20.128 19.837 19.547 19.257 18.967 18.678 18.389 18.101 17.813 17.525 17.238 16.952 16.665 16.380 16.094 15.809 15.524 15.240 14.955 14.672 14.388 14.105 13.822 13.539 13.257 12.974 12.692 12.411 12.129 11.848 11.566 11.285 11.004 10.723 10.443 10.162  9.882  9.601  9.321  9.041  8.760  8.480  8.200 
30.188 29.878 29.568 29.258 28.949 28.641 28.333 28.026 27.720 27.414 27.108 26.804 26.499 26.196 25.893 25.590 25.288 24.986 24.686 24.385 24.085 23.786 23.487 23.189 22.891 22.594 22.297 22.001 21.705 21.410 21.115 20.821 20.527 20.234 19.941 19.648 19.356 19.065 18.774 18.483 18.192 17.902 17.613 17.323 17.034 16.746 16.458 16.170 15.882 15.595 15.308 15.021 14.735 14.449 14.163 13.878 13.592 13.307 13.022 12.737 12.453 12.169 11.884 11.600 11.316 11.033 10.749 10.466 10.182  9.899  9.616  9.332  9.049  8.766  8.483  8.200 
