24.316 24.005 23.694 23.383 23.073 22.762 22.451 22.140 21.829 21.518 21.207 20.896 20.585 20.274 19.964 19.653 19.342 19.031 18.720 18.409 18.098 17.787 17.476 17.165 16.854 16.543 16.232 15.921 15.610 15.299 14.987 14.676 14.365 14.054 13.742 13.431 13.119 12.808 12.496 12.184 11.873 11.561 11.248 10.936 10.624 10.311  9.998  9.685  9.372  9.059  8.745  8.431  8.117  7.802  7.487  7.172  6.856  6.539  6.223  5.905  5.588  5.269  4.950  4.630  4.310  3.989  3.667  3.344  3.021  2.697  2.371  2.045  1.717  1.389  1.059  0.729 
24.314 24.003 23.692 23.381 23.070 22.759 22.448 22.137 21.825 21.514 21.203 20.892 20.581 20.269 19.958 19.646 19.335 19.023 18.712 18.400 18.088 17.777 17.465 17.153 16.840 16.528 16.216 15.903 15.591 15.278 14.965 14.652 14.339 14.025 13.712 13.398 13.084 12.770 12.455 12.140 11.825 11.510 11.194 10.878 10.562 10.245  9.928  9.611  9.293  8.974  8.655  8.336  8.016  7.696  7.375  7.053  6.731  6.409  6.085  5.761  5.436  5.111  4.784  4.457  4.129  3.800  3.470  3.140  2.808  2.475  2.142  1.807  1.471  1.134  0.796  0.457 
24.300 23.989 23.678 23.367 23.055 22.744 22.433 22.121 21.809 21.498 21.186 20.874 20.562 20.249 19.937 19.625 19.312 18.999 18.686 18.373 18.060 17.746 17.433 17.119 16.805 16.491 16.176 15.862 15.547 15.232 14.916 14.601 14.285 13.968 13.652 13.335 13.018 12.700 12.382 12.064 11.745 11.426 11.107 10.787 10.466 10.145  9.824  9.502  9.179  8.856  8.532  8.208  7.883  7.558  7.232  6.905  6.577  6.249  5.920  5.590  5.259  4.928  4.595  4.262  3.928  3.593  3.257  2.920  2.582  2.243  1.903  1.562  1.219  0.876  0.531  0.186 
24.268 23.957 23.646 23.335 23.023 22.711 22.399 22.087 21.775 21.463 21.150 20.837 20.524 20.211 19.897 19.583 19.269 18.955 18.641 18.326 18.011 17.696 17.380 17.064 16.748 16.432 16.115 15.798 15.481 15.163 14.845 14.527 14.208 13.889 13.569 13.249 12.929 12.608 12.286 11.965 11.642 11.319 10.996 10.672 10.348 10.023  9.697  9.371  9.044  8.717  8.389  8.060  7.731  7.401  7.070  6.738  6.406  6.072  5.738  5.404  5.068  4.731  4.394  4.055  3.716  3.376  3.034  2.692  2.349  2.004  1.659  1.312  0.964  0.616  0.266 -0.086 
24.217 23.906 23.594 23.283 22.971 22.659 22.346 22.034 21.721 21.408 21.094 20.780 20.466 20.152 19.837 19.522 19.207 18.891 18.575 18.258 17.942 17.625 17.307 16.990 16.671 16.353 16.034 15.715 15.395 15.075 14.754 14.433 14.112 13.790 13.467 13.144 12.821 12.497 12.172 11.847 11.522 11.196 10.869 10.542 10.214  9.885  9.556  9.226  8.895  8.564  8.231  7.898  7.565  7.230  6.894  6.558  6.220  5.882  5.542  5.202  4.860  4.517  4.173  3.827  3.480  3.132  2.783  2.432  2.080  1.726  1.371  1.014  0.655  0.295 -0.066 -0.357 
24.146 23.835 23.523 23.212 22.899 22.587 22.274 21.961 21.647 21.333 21.019 20.704 20.389 20.073 19.757 19.441 19.124 18.807 18.490 18.172 17.853 17.534 17.215 16.895 16.575 16.254 15.933 15.611 15.289 14.966 14.643 14.319 13.994 13.669 13.344 13.017 12.691 12.363 12.035 11.706 11.377 11.047 10.716 10.385 10.053  9.720  9.386  9.052  8.717  8.381  8.045  7.708  7.370  7.031  6.692  6.351  6.010  5.668  5.326  4.983  4.639  4.294  3.949  3.603  3.256  2.908  2.560  2.212  1.862  1.512  1.161  0.810  0.458  0.106 -0.231 -0.629 
24.055 23.744 23.432 23.120 22.808 22.495 22.182 21.868 21.553 21.239 20.924 20.608 20.292 19.975 19.658 19.341 19.023 18.704 18.385 18.066 17.746 17.425 17.104 16.782 16.460 16.137 15.814 15.490 15.166 14.841 14.515 14.189 13.862 13.535 13.207 12.878 12.548 12.218 11.887 11.555 11.223 10.889 10.555 10.220  9.885  9.548  9.211  8.872  8.533  8.193  7.852  7.510  7.167  6.824  6.479  6.133  5.787  5.439  5.091  4.741  4.391  4.040  3.688  3.335  2.982  2.628  2.273  1.918  1.562  1.205  0.848  0.490  0.132 -0.187 -0.543 -0.900 
23.946 23.635 23.323 23.011 22.698 22.385 22.071 21.757 21.442 21.126 20.810 20.494 20.177 19.859 19.541 19.222 18.903 18.583 18.263 17.942 17.620 17.298 16.976 16.652 16.328 16.004 15.679 15.353 15.026 14.699 14.372 14.043 13.714 13.385 13.054 12.723 12.392 12.059 11.726 11.392 11.058 10.722 10.386 10.049  9.711  9.372  9.032  8.691  8.350  8.007  7.663  7.318  6.972  6.624  6.276  5.926  5.575  5.222  4.868  4.513  4.156  3.798  3.438  3.077  2.715  2.351  1.987  1.621  1.254  0.887  0.519  0.151 -0.165 -0.500 -0.836 -1.171 
23.820 23.509 23.197 22.884 22.571 22.258 21.944 21.629 21.314 20.998 20.681 20.364 20.046 19.727 19.408 19.088 18.768 18.447 18.125 17.803 17.480 17.156 16.832 16.507 16.182 15.855 15.528 15.200 14.872 14.543 14.213 13.882 13.551 13.219 12.886 12.553 12.219 11.884 11.548 11.211 10.874 10.536 10.197  9.858  9.517  9.176  8.834  8.492  8.148  7.804  7.459  7.114  6.767  6.420  6.073  5.724  5.375  5.024  4.673  4.322  3.969  3.615  3.259  2.902  2.544  2.183  1.820  1.454  1.086  0.713  0.334 -0.057 -0.386 -0.731 -1.085 -1.443 
23.679 23.367 23.056 22.743 22.430 22.116 21.801 21.486 21.170 20.854 20.537 20.219 19.900 19.581 19.261 18.940 18.619 18.297 17.974 17.651 17.327 17.002 16.676 16.350 16.023 15.695 15.366 15.037 14.707 14.376 14.044 13.711 13.378 13.044 12.709 12.373 12.036 11.699 11.360 11.021 10.681 10.340  9.998  9.655  9.312  8.967  8.622  8.276  7.928  7.581  7.232  6.882  6.531  6.180  5.828  5.475  5.121  4.767  4.411  4.055  3.698  3.341  2.983  2.624  2.265  1.905  1.544  1.183  0.822  0.460  0.097 -0.232 -0.602 -0.972 -1.343 -1.714 
23.523 23.212 22.900 22.587 22.274 21.960 21.645 21.330 21.013 20.696 20.378 20.060 19.741 19.421 19.100 18.779 18.457 18.134 17.810 17.485 17.160 16.834 16.508 16.180 15.852 15.523 15.193 14.862 14.530 14.198 13.865 13.531 13.196 12.860 12.523 12.186 11.847 11.508 11.168 10.826 10.484 10.141  9.796  9.451  9.105  8.757  8.409  8.059  7.709  7.357  7.005  6.651  6.296  5.940  5.583  5.226  4.867  4.507  4.146  3.785  3.422  3.059  2.695  2.330  1.964  1.598  1.231  0.864  0.496  0.128 -0.197 -0.554 -0.911 -1.269 -1.627 -1.986 
23.356 23.044 22.732 22.420 22.106 21.792 21.476 21.161 20.844 20.526 20.208 19.889 19.569 19.248 18.927 18.605 18.282 17.958 17.633 17.308 16.981 16.654 16.326 15.998 15.668 15.338 15.007 14.675 14.342 14.008 13.674 13.338 13.002 12.665 12.327 11.988 11.649 11.308 10.967 10.625 10.281  9.937  9.592  9.246  8.898  8.550  8.201  7.850  7.498  7.145  6.791  6.435  6.077  5.719  5.358  4.996  4.633  4.268  3.901  3.532  3.162  2.791  2.418  2.043  1.667  1.290  0.912  0.534  0.154 -0.174 -0.520 -0.867 -1.214 -1.561 -1.909 -2.257 
23.177 22.866 22.553 22.241 21.927 21.612 21.297 20.980 20.663 20.345 20.027 19.707 19.387 19.065 18.743 18.420 18.096 17.772 17.446 17.120 16.792 16.464 16.135 15.805 15.474 15.143 14.810 14.477 14.142 13.807 13.471 13.134 12.796 12.457 12.117 11.777 11.435 11.092 10.749 10.405 10.060  9.713  9.366  9.018  8.670  8.320  7.970  7.618  7.266  6.913  6.559  6.204  5.849  5.492  5.135  4.778  4.419  4.060  3.700  3.339  2.978  2.616  2.254  1.890  1.527  1.162  0.797  0.430  0.052 -0.281 -0.646 -1.019 -1.395 -1.772 -2.150 -2.529 
22.987 22.676 22.364 22.051 21.737 21.422 21.106 20.790 20.473 20.154 19.835 19.515 19.194 18.872 18.550 18.226 17.902 17.576 17.250 16.923 16.595 16.266 15.936 15.605 15.273 14.941 14.607 14.272 13.937 13.600 13.263 12.924 12.585 12.244 11.903 11.560 11.217 10.872 10.527 10.180  9.833  9.484  9.134  8.784  8.432  8.080  7.726  7.371  7.016  6.659  6.302  5.943  5.584  5.224  4.862  4.500  4.137  3.773  3.409  3.043  2.677  2.310  1.943  1.575  1.206  0.837  0.468  0.099 -0.154 -0.327 -0.497 -0.664 -0.825 -0.982 -1.132 -1.277 
22.788 22.477 22.165 21.852 21.538 21.223 20.907 20.590 20.273 19.954 19.635 19.315 18.993 18.671 18.348 18.025 17.700 17.375 17.048 16.721 16.393 16.064 15.735 15.404 15.073 14.741 14.409 14.075 13.741 13.406 13.071 12.735 12.398 12.061 11.723 11.385 11.046 10.707 10.367 10.028  9.688  9.347  9.007  8.667  8.327  7.986  7.647  7.307  6.968  6.629  6.291  5.953  5.616  5.280  4.945  4.611  4.278  3.946  3.615  3.286  2.957  2.630  2.304  1.980  1.656  1.334  1.013  0.693  0.374  0.057 -0.120 -0.212 -0.298 -0.383 -0.466 -0.548 
22.602 22.291 21.979 21.666 21.353 21.039 20.724 20.408 20.092 19.775 19.457 19.139 18.820 18.500 18.180 17.859 17.538 17.215 16.893 16.570 16.246 15.922 15.597 15.272 14.947 14.621 14.295 13.968 13.641 13.314 12.987 12.660 12.332 12.005 11.677 11.350 11.023 10.695 10.368 10.042  9.715  9.389  9.064  8.738  8.414  8.090  7.767  7.444  7.123  6.802  6.483  6.164  5.846  5.530  5.215  4.901  4.588  4.277  3.967  3.658  3.351  3.046  2.741  2.438  2.137  1.836  1.537  1.240  0.943  0.648  0.354  0.060 -0.097 -0.172 -0.244 -0.315 
22.470 22.159 21.848 21.536 21.223 20.910 20.597 20.283 19.969 19.655 19.340 19.025 18.709 18.393 18.077 17.760 17.444 17.126 16.809 16.492 16.174 15.856 15.538 15.220 14.901 14.583 14.265 13.946 13.628 13.310 12.992 12.674 12.356 12.039 11.722 11.405 11.089 10.773 10.457 10.142  9.828  9.514  9.201  8.888  8.577  8.266  7.956  7.647  7.339  7.033  6.727  6.422  6.119  5.817  5.516  5.216  4.918  4.621  4.326  4.032  3.739  3.448  3.159  2.870  2.584  2.298  2.014  1.732  1.450  1.170  0.891  0.613  0.337  0.061 -0.084 -0.152 
22.405 22.094 21.783 21.472 21.161 20.849 20.538 20.226 19.914 19.602 19.290 18.978 18.666 18.353 18.041 17.729 17.416 17.104 16.792 16.479 16.167 15.855 15.543 15.231 14.920 14.609 14.297 13.987 13.676 13.366 13.056 12.746 12.438 12.129 11.821 11.514 11.207 10.901 10.596 10.291  9.987  9.685  9.383  9.082  8.782  8.484  8.187  7.890  7.596  7.303  7.011  6.721  6.432  6.145  5.860  5.577  5.295  5.016  4.738  4.462  4.189  3.917  3.647  3.379  3.113  2.848  2.586  2.325  2.065  1.807  1.550  1.295  1.040  0.786  0.533  0.280 
22.404 22.094 21.783 21.472 21.162 20.852 20.542 20.232 19.922 19.612 19.303 18.994 18.685 18.376 18.067 17.759 17.451 17.143 16.835 16.528 16.221 15.915 15.609 15.303 14.998 14.693 14.388 14.084 13.781 13.478 13.176 12.874 12.573 12.272 11.972 11.673 11.374 11.076 10.779 10.482 10.187  9.892  9.598  9.304  9.012  8.720  8.429  8.139  7.849  7.561  7.273  6.987  6.701  6.415  6.131  5.848  5.565  5.283  5.002  4.721  4.441  4.162  3.884  3.606  3.328  3.052  2.775  2.500  2.224  1.949  1.675  1.400  1.126  0.852  0.579  0.305 
22.459 22.148 21.838 21.528 21.218 20.908 20.599 20.291 19.982 19.674 19.366 19.059 18.752 18.446 18.139 17.833 17.528 17.223 16.918 16.614 16.310 16.006 15.703 15.401 15.098 14.797 14.495 14.195 13.894 13.594 13.295 12.996 12.698 12.400 12.103 11.806 11.509 11.214 10.918 10.624 10.329 10.036  9.743  9.450  9.158  8.866  8.575  8.285  7.995  7.705  7.416  7.128  6.840  6.552  6.265  5.978  5.692  5.406  5.121  4.836  4.551  4.267  3.983  3.700  3.416  3.133  2.851  2.568  2.286  2.004  1.722  1.440  1.159  0.877  0.596  0.315 
22.541 22.231 21.920 21.611 21.301 20.992 20.683 20.375 20.067 19.760 19.452 19.146 18.840 18.534 18.228 17.923 17.618 17.314 17.010 16.707 16.404 16.101 15.799 15.498 15.196 14.895 14.595 14.295 13.995 13.696 13.397 13.099 12.801 12.503 12.206 11.910 11.613 11.317 11.022 10.727 10.432 10.138  9.844  9.551  9.258  8.965  8.673  8.381  8.090  7.798  7.508  7.217  6.927  6.637  6.348  6.058  5.770  5.481  5.193  4.905  4.617  4.329  4.042  3.755  3.468  3.181  2.894  2.608  2.322  2.035  1.749  1.463  1.177  0.892  0.606  0.320 
22.632 22.321 22.011 21.701 21.392 21.083 20.774 20.466 20.158 19.850 19.543 19.237 18.930 18.625 18.319 18.014 17.709 17.405 17.101 16.798 16.495 16.192 15.890 15.588 15.287 14.986 14.685 14.385 14.085 13.785 13.486 13.187 12.889 12.591 12.293 11.995 11.698 11.402 11.106 10.810 10.514 10.219  9.924  9.629  9.335  9.041  8.747  8.454  8.160  7.868  7.575  7.283  6.991  6.699  6.407  6.116  5.825  5.534  5.243  4.953  4.663  4.372  4.083  3.793  3.503  3.214  2.924  2.635  2.346  2.057  1.768  1.479  1.190  0.901  0.613  0.324 
22.721 22.410 22.100 21.790 21.480 21.171 20.862 20.554 20.246 19.938 19.631 19.324 19.018 18.712 18.406 18.101 17.796 17.491 17.187 16.883 16.580 16.277 15.974 15.672 15.370 15.068 14.767 14.466 14.165 13.865 13.565 13.265 12.966 12.667 12.368 12.070 11.772 11.474 11.177 10.880 10.583 10.286  9.990  9.694  9.398  9.103  8.808  8.513  8.218  7.924  7.630  7.336  7.042  6.748  6.455  6.162  5.869  5.576  5.283  4.991  4.699  4.406  4.114  3.823  3.531  3.239  2.948  2.656  2.365  2.073  1.782  1.491  1.200  0.909  0.618  0.327 
22.804 22.494 22.183 21.873 21.564 21.255 20.946 20.637 20.329 20.021 19.714 19.406 19.100 18.793 18.487 18.181 17.876 17.571 17.266 16.962 16.658 16.354 16.051 15.748 15.445 15.143 14.841 14.539 14.238 13.936 13.636 13.335 13.035 12.735 12.435 12.136 11.837 11.538 11.240 10.941 10.643 10.346 10.048  9.751  9.454  9.157  8.861  8.564  8.268  7.972  7.676  7.381  7.086  6.790  6.496  6.201  5.906  5.612  5.317  5.023  4.729  4.435  4.141  3.848  3.554  3.261  2.967  2.674  2.381  2.087  1.794  1.501  1.208  0.915  0.622  0.329 
22.882 22.571 22.261 21.951 21.641 21.331 21.022 20.714 20.405 20.097 19.789 19.482 19.175 18.868 18.562 18.255 17.950 17.644 17.339 17.034 16.729 16.425 16.121 15.817 15.514 15.211 14.908 14.606 14.303 14.002 13.700 13.398 13.097 12.796 12.496 12.195 11.895 11.596 11.296 10.997 10.697 10.399 10.100  9.801  9.503  9.205  8.907  8.610  8.312  8.015  7.718  7.421  7.124  6.828  6.531  6.235  5.939  5.643  5.347  5.051  4.756  4.460  4.165  3.869  3.574  3.279  2.984  2.689  2.394  2.099  1.805  1.510  1.215  0.920  0.626  0.331 
22.953 22.642 22.331 22.021 21.711 21.402 21.093 20.784 20.475 20.167 19.859 19.551 19.244 18.937 18.630 18.323 18.017 17.711 17.405 17.100 16.795 16.490 16.185 15.881 15.577 15.273 14.970 14.666 14.363 14.061 13.758 13.456 13.154 12.852 12.551 12.249 11.948 11.647 11.347 11.046 10.746 10.446 10.146  9.847  9.547  9.248  8.949  8.650  8.352  8.053  7.755  7.457  7.159  6.861  6.563  6.266  5.968  5.671  5.374  5.076  4.779  4.482  4.186  3.889  3.592  3.296  2.999  2.703  2.406  2.110  1.814  1.518  1.221  0.925  0.629  0.333 
23.017 22.706 22.396 22.086 21.776 21.466 21.157 20.848 20.539 20.230 19.922 19.614 19.306 18.999 18.692 18.385 18.078 17.772 17.465 17.160 16.854 16.549 16.243 15.938 15.634 15.329 15.025 14.721 14.418 14.114 13.811 13.508 13.205 12.903 12.600 12.298 11.996 11.694 11.393 11.091 10.790 10.489 10.189  9.888  9.588  9.287  8.987  8.687  8.388  8.088  7.788  7.489  7.190  6.891  6.592  6.293  5.994  5.696  5.397  5.099  4.801  4.503  4.205  3.907  3.609  3.311  3.013  2.715  2.417  2.120  1.822  1.525  1.227  0.930  0.632  0.335 
23.076 22.765 22.455 22.145 21.835 21.525 21.215 20.906 20.597 20.288 19.980 19.671 19.363 19.056 18.748 18.441 18.134 17.827 17.520 17.214 16.908 16.602 16.296 15.991 15.686 15.381 15.076 14.771 14.467 14.163 13.859 13.555 13.252 12.948 12.645 12.342 12.040 11.737 11.435 11.132 10.830 10.529 10.227  9.925  9.624  9.323  9.022  8.721  8.420  8.119  7.819  7.518  7.218  6.918  6.618  6.318  6.018  5.719  5.419  5.120  4.820  4.521  4.222  3.922  3.623  3.324  3.025  2.726  2.427  2.129  1.830  1.531  1.232  0.933  0.635  0.336 
23.130 22.819 22.508 22.198 21.888 21.578 21.268 20.959 20.650 20.341 20.032 19.724 19.415 19.107 18.799 18.492 18.184 17.877 17.570 17.264 16.957 16.651 16.344 16.039 15.733 15.427 15.122 14.817 14.512 14.207 13.903 13.598 13.294 12.990 12.686 12.383 12.079 11.776 11.473 11.170 10.867 10.564 10.262  9.959  9.657  9.355  9.053  8.751  8.449  8.148  7.846  7.545  7.244  6.943  6.642  6.341  6.040  5.739  5.439  5.138  4.838  4.537  4.237  3.937  3.637  3.336  3.036  2.736  2.436  2.136  1.837  1.537  1.237  0.937  0.637  0.337 
23.178 22.868 22.557 22.247 21.936 21.626 21.317 21.007 20.698 20.389 20.080 19.771 19.463 19.154 18.846 18.538 18.231 17.923 17.616 17.309 17.002 16.695 16.388 16.082 15.776 15.470 15.164 14.858 14.553 14.247 13.942 13.637 13.333 13.028 12.723 12.419 12.115 11.811 11.507 11.203 10.900 10.596 10.293  9.990  9.687  9.384  9.081  8.779  8.476  8.174  7.871  7.569  7.267  6.965  6.663  6.361  6.060  5.758  5.457  5.155  4.854  4.552  4.251  3.950  3.649  3.348  3.047  2.746  2.445  2.144  1.843  1.542  1.241  0.940  0.639  0.338 
23.223 22.912 22.601 22.291 21.981 21.671 21.361 21.051 20.742 20.432 20.123 19.814 19.506 19.197 18.889 18.580 18.272 17.965 17.657 17.349 17.042 16.735 16.428 16.121 15.815 15.508 15.202 14.896 14.590 14.284 13.978 13.673 13.368 13.062 12.757 12.452 12.148 11.843 11.539 11.234 10.930 10.626 10.322 10.018  9.714  9.411  9.107  8.804  8.501  8.197  7.894  7.591  7.288  6.986  6.683  6.380  6.078  5.775  5.473  5.170  4.868  4.566  4.264  3.962  3.660  3.358  3.056  2.754  2.452  2.150  1.848  1.547  1.245  0.943  0.641  0.340 
23.263 22.952 22.641 22.331 22.021 21.711 21.401 21.091 20.781 20.472 20.163 19.854 19.545 19.236 18.927 18.619 18.311 18.002 17.694 17.387 17.079 16.772 16.464 16.157 15.850 15.543 15.237 14.930 14.624 14.317 14.011 13.705 13.399 13.094 12.788 12.483 12.177 11.872 11.567 11.262 10.957 10.653 10.348 10.043  9.739  9.435  9.131  8.827  8.523  8.219  7.915  7.611  7.308  7.004  6.701  6.397  6.094  5.791  5.488  5.184  4.881  4.578  4.275  3.973  3.670  3.367  3.064  2.761  2.459  2.156  1.853  1.551  1.248  0.946  0.643  0.341 
23.299 22.989 22.678 22.368 22.057 21.747 21.437 21.127 20.817 20.508 20.198 19.889 19.580 19.271 18.962 18.654 18.345 18.037 17.729 17.421 17.113 16.805 16.497 16.190 15.882 15.575 15.268 14.961 14.654 14.348 14.041 13.735 13.428 13.122 12.816 12.510 12.204 11.899 11.593 11.288 10.982 10.677 10.372 10.067  9.762  9.457  9.152  8.847  8.543  8.238  7.934  7.629  7.325  7.021  6.717  6.413  6.109  5.805  5.501  5.197  4.893  4.590  4.286  3.982  3.679  3.375  3.072  2.768  2.465  2.161  1.858  1.555  1.251  0.948  0.645  0.341 
23.333 23.022 22.711 22.401 22.090 21.780 21.470 21.160 20.850 20.541 20.231 19.922 19.612 19.303 18.994 18.685 18.377 18.068 17.760 17.451 17.143 16.835 16.527 16.219 15.912 15.604 15.297 14.989 14.682 14.375 14.068 13.761 13.455 13.148 12.842 12.535 12.229 11.923 11.617 11.311 11.005 10.699 10.393 10.088  9.782  9.477  9.171  8.866  8.561  8.256  7.951  7.646  7.341  7.036  6.732  6.427  6.122  5.818  5.513  5.209  4.904  4.600  4.296  3.991  3.687  3.383  3.079  2.775  2.470  2.166  1.862  1.558  1.254  0.950  0.646  0.342 
23.363 23.052 22.742 22.431 22.121 21.810 21.500 21.190 20.880 20.570 20.261 19.951 19.642 19.332 19.023 18.714 18.405 18.097 17.788 17.479 17.171 16.863 16.554 16.246 15.938 15.630 15.323 15.015 14.708 14.400 14.093 13.786 13.479 13.172 12.865 12.558 12.251 11.945 11.638 11.332 11.025 10.719 10.413 10.107  9.801  9.495  9.189  8.883  8.578  8.272  7.966  7.661  7.356  7.050  6.745  6.440  6.134  5.829  5.524  5.219  4.914  4.609  4.304  3.999  3.695  3.390  3.085  2.780  2.476  2.171  1.866  1.561  1.257  0.952  0.648  0.343 
23.391 23.080 22.769 22.458 22.148 21.838 21.527 21.217 20.907 20.597 20.288 19.978 19.668 19.359 19.050 18.740 18.431 18.122 17.813 17.505 17.196 16.888 16.579 16.271 15.963 15.654 15.346 15.038 14.731 14.423 14.115 13.808 13.500 13.193 12.886 12.578 12.271 11.964 11.658 11.351 11.044 10.737 10.431 10.124  9.818  9.511  9.205  8.899  8.593  8.287  7.981  7.675  7.369  7.063  6.757  6.451  6.146  5.840  5.534  5.229  4.923  4.618  4.312  4.007  3.701  3.396  3.091  2.785  2.480  2.175  1.870  1.564  1.259  0.954  0.649  0.344 
23.416 23.105 22.794 22.483 22.173 21.863 21.552 21.242 20.932 20.622 20.312 20.002 19.693 19.383 19.074 18.764 18.455 18.146 17.837 17.528 17.219 16.910 16.602 16.293 15.985 15.676 15.368 15.060 14.752 14.444 14.136 13.828 13.520 13.212 12.905 12.597 12.290 11.983 11.675 11.368 11.061 10.754 10.447 10.140  9.833  9.526  9.220  8.913  8.606  8.300  7.993  7.687  7.381  7.074  6.768  6.462  6.156  5.850  5.543  5.237  4.931  4.625  4.319  4.014  3.708  3.402  3.096  2.790  2.484  2.179  1.873  1.567  1.261  0.956  0.650  0.344 
23.438 23.128 22.817 22.506 22.196 21.885 21.575 21.265 20.954 20.644 20.334 20.025 19.715 19.405 19.095 18.786 18.477 18.167 17.858 17.549 17.240 16.931 16.622 16.313 16.005 15.696 15.387 15.079 14.771 14.462 14.154 13.846 13.538 13.230 12.922 12.614 12.307 11.999 11.691 11.384 11.076 10.769 10.462 10.154  9.847  9.540  9.233  8.926  8.619  8.312  8.005  7.698  7.391  7.085  6.778  6.471  6.165  5.858  5.552  5.245  4.939  4.632  4.326  4.020  3.713  3.407  3.101  2.794  2.488  2.182  1.876  1.569  1.263  0.957  0.651  0.345 
23.459 23.148 22.837 22.527 22.216 21.906 21.595 21.285 20.975 20.665 20.355 20.045 19.735 19.425 19.115 18.806 18.496 18.187 17.877 17.568 17.259 16.950 16.641 16.332 16.023 15.714 15.405 15.097 14.788 14.479 14.171 13.863 13.554 13.246 12.938 12.630 12.322 12.014 11.706 11.398 11.090 10.783 10.475 10.167  9.860  9.552  9.245  8.938  8.630  8.323  8.016  7.709  7.401  7.094  6.787  6.480  6.173  5.866  5.559  5.252  4.946  4.639  4.332  4.025  3.718  3.412  3.105  2.798  2.492  2.185  1.878  1.572  1.265  0.958  0.652  0.345 
23.478 23.167 22.856 22.546 22.235 21.924 21.614 21.304 20.993 20.683 20.373 20.063 19.753 19.443 19.133 18.824 18.514 18.204 17.895 17.585 17.276 16.967 16.658 16.348 16.039 15.730 15.421 15.113 14.804 14.495 14.186 13.878 13.569 13.261 12.952 12.644 12.336 12.027 11.719 11.411 11.103 10.795 10.487 10.179  9.871  9.564  9.256  8.948  8.641  8.333  8.025  7.718  7.410  7.103  6.795  6.488  6.181  5.873  5.566  5.259  4.952  4.644  4.337  4.030  3.723  3.416  3.109  2.802  2.495  2.188  1.881  1.574  1.267  0.960  0.653  0.346 
23.495 23.184 22.873 22.563 22.252 21.941 21.631 21.321 21.010 20.700 20.390 20.080 19.770 19.460 19.150 18.840 18.530 18.220 17.911 17.601 17.292 16.982 16.673 16.364 16.054 15.745 15.436 15.127 14.818 14.509 14.200 13.891 13.583 13.274 12.965 12.657 12.348 12.040 11.731 11.423 11.115 10.806 10.498 10.190  9.882  9.574  9.266  8.958  8.650  8.342  8.034  7.726  7.418  7.111  6.803  6.495  6.188  5.880  5.572  5.265  4.957  4.650  4.342  4.035  3.727  3.420  3.112  2.805  2.498  2.190  1.883  1.575  1.268  0.961  0.653  0.346 
23.510 23.200 22.889 22.578 22.267 21.957 21.646 21.336 21.026 20.715 20.405 20.095 19.785 19.475 19.165 18.855 18.545 18.235 17.925 17.616 17.306 16.996 16.687 16.377 16.068 15.759 15.449 15.140 14.831 14.522 14.213 13.904 13.595 13.286 12.977 12.668 12.360 12.051 11.742 11.434 11.125 10.817 10.508 10.200  9.892  9.583  9.275  8.967  8.658  8.350  8.042  7.734  7.426  7.118  6.810  6.502  6.194  5.886  5.578  5.270  4.962  4.654  4.347  4.039  3.731  3.423  3.116  2.808  2.500  2.192  1.885  1.577  1.269  0.962  0.654  0.346 
23.525 23.214 22.903 22.592 22.282 21.971 21.660 21.350 21.039 20.729 20.419 20.109 19.798 19.488 19.178 18.868 18.558 18.248 17.938 17.629 17.319 17.009 16.700 16.390 16.080 15.771 15.462 15.152 14.843 14.534 14.224 13.915 13.606 13.297 12.988 12.679 12.370 12.061 11.752 11.444 11.135 10.826 10.517 10.209  9.900  9.592  9.283  8.975  8.666  8.358  8.049  7.741  7.433  7.124  6.816  6.508  6.200  5.891  5.583  5.275  4.967  4.659  4.351  4.043  3.735  3.427  3.118  2.810  2.502  2.194  1.886  1.578  1.270  0.963  0.655  0.347 
23.537 23.227 22.916 22.605 22.294 21.984 21.673 21.363 21.052 20.742 20.431 20.121 19.811 19.501 19.190 18.880 18.570 18.260 17.950 17.640 17.331 17.021 16.711 16.401 16.092 15.782 15.473 15.163 14.854 14.544 14.235 13.926 13.616 13.307 12.998 12.689 12.380 12.071 11.762 11.453 11.144 10.835 10.526 10.217  9.908  9.599  9.291  8.982  8.673  8.365  8.056  7.747  7.439  7.130  6.822  6.513  6.205  5.896  5.588  5.280  4.971  4.663  4.354  4.046  3.738  3.429  3.121  2.813  2.505  2.196  1.888  1.580  1.272  0.963  0.655  0.347 
23.549 23.238 22.927 22.617 22.306 21.995 21.685 21.374 21.064 20.753 20.443 20.132 19.822 19.512 19.202 18.891 18.581 18.271 17.961 17.651 17.341 17.031 16.722 16.412 16.102 15.792 15.483 15.173 14.863 14.554 14.244 13.935 13.625 13.316 13.007 12.697 12.388 12.079 11.770 11.461 11.151 10.842 10.533 10.224  9.915  9.606  9.297  8.988  8.680  8.371  8.062  7.753  7.444  7.136  6.827  6.518  6.209  5.901  5.592  5.284  4.975  4.666  4.358  4.049  3.741  3.432  3.124  2.815  2.507  2.198  1.890  1.581  1.273  0.964  0.656  0.347 
23.560 23.249 22.938 22.627 22.317 22.006 21.695 21.385 21.074 20.764 20.453 20.143 19.832 19.522 19.212 18.902 18.591 18.281 17.971 17.661 17.351 17.041 16.731 16.421 16.111 15.802 15.492 15.182 14.872 14.563 14.253 13.943 13.634 13.324 13.015 12.705 12.396 12.087 11.777 11.468 11.159 10.849 10.540 10.231  9.922  9.613  9.304  8.994  8.685  8.376  8.067  7.758  7.449  7.140  6.832  6.523  6.214  5.905  5.596  5.287  4.978  4.670  4.361  4.052  3.743  3.434  3.126  2.817  2.508  2.200  1.891  1.582  1.273  0.965  0.656  0.347 
23.569 23.259 22.948 22.637 22.326 22.016 21.705 21.394 21.084 20.773 20.463 20.152 19.842 19.531 19.221 18.911 18.601 18.290 17.980 17.670 17.360 17.050 16.740 16.430 16.120 15.810 15.500 15.190 14.880 14.571 14.261 13.951 13.641 13.332 13.022 12.713 12.403 12.094 11.784 11.475 11.165 10.856 10.546 10.237  9.928  9.618  9.309  9.000  8.691  8.381  8.072  7.763  7.454  7.145  6.836  6.527  6.218  5.909  5.600  5.291  4.982  4.673  4.364  4.055  3.746  3.437  3.128  2.819  2.510  2.201  1.892  1.583  1.274  0.965  0.656  0.348 
23.578 23.267 22.956 22.646 22.335 22.024 21.714 21.403 21.092 20.782 20.471 20.161 19.850 19.540 19.229 18.919 18.609 18.299 17.988 17.678 17.368 17.058 16.748 16.438 16.128 15.818 15.508 15.198 14.888 14.578 14.268 13.958 13.648 13.339 13.029 12.719 12.410 12.100 11.790 11.481 11.171 10.862 10.552 10.243  9.933  9.624  9.314  9.005  8.696  8.386  8.077  7.767  7.458  7.149  6.840  6.530  6.221  5.912  5.603  5.294  4.984  4.675  4.366  4.057  3.748  3.439  3.130  2.820  2.511  2.202  1.893  1.584  1.275  0.966  0.657  0.348 
23.586 23.275 22.964 22.654 22.343 22.032 21.721 21.411 21.100 20.790 20.479 20.168 19.858 19.548 19.237 18.927 18.616 18.306 17.996 17.685 17.375 17.065 16.755 16.445 16.135 15.824 15.514 15.204 14.894 14.584 14.275 13.965 13.655 13.345 13.035 12.725 12.415 12.106 11.796 11.486 11.177 10.867 10.557 10.248  9.938  9.628  9.319  9.009  8.700  8.390  8.081  7.771  7.462  7.153  6.843  6.534  6.224  5.915  5.606  5.296  4.987  4.678  4.368  4.059  3.750  3.440  3.131  2.822  2.513  2.203  1.894  1.585  1.276  0.966  0.657  0.348 
23.593 23.283 22.972 22.661 22.350 22.039 21.729 21.418 21.107 20.797 20.486 20.176 19.865 19.555 19.244 18.934 18.623 18.313 18.002 17.692 17.382 17.072 16.761 16.451 16.141 15.831 15.521 15.211 14.900 14.590 14.280 13.970 13.660 13.350 13.041 12.731 12.421 12.111 11.801 11.491 11.181 10.872 10.562 10.252  9.942  9.633  9.323  9.013  8.704  8.394  8.085  7.775  7.465  7.156  6.846  6.537  6.227  5.918  5.608  5.299  4.989  4.680  4.370  4.061  3.752  3.442  3.133  2.823  2.514  2.204  1.895  1.586  1.276  0.967  0.657  0.348 
23.600 23.289 22.978 22.667 22.357 22.046 21.735 21.424 21.114 20.803 20.493 20.182 19.871 19.561 19.250 18.940 18.629 18.319 18.009 17.698 17.388 17.078 16.767 16.457 16.147 15.837 15.526 15.216 14.906 14.596 14.286 13.976 13.666 13.356 13.046 12.736 12.426 12.116 11.806 11.496 11.186 10.876 10.566 10.256  9.947  9.637  9.327  9.017  8.707  8.398  8.088  7.778  7.469  7.159  6.849  6.540  6.230  5.920  5.611  5.301  4.991  4.682  4.372  4.063  3.753  3.444  3.134  2.824  2.515  2.205  1.896  1.586  1.277  0.967  0.658  0.348 
23.606 23.295 22.984 22.673 22.363 22.052 21.741 21.430 21.120 20.809 20.498 20.188 19.877 19.567 19.256 18.946 18.635 18.325 18.014 17.704 17.393 17.083 16.773 16.462 16.152 15.842 15.531 15.221 14.911 14.601 14.291 13.980 13.670 13.360 13.050 12.740 12.430 12.120 11.810 11.500 11.190 10.880 10.570 10.260  9.950  9.640  9.330  9.021  8.711  8.401  8.091  7.781  7.471  7.162  6.852  6.542  6.232  5.923  5.613  5.303  4.993  4.684  4.374  4.064  3.755  3.445  3.135  2.826  2.516  2.206  1.897  1.587  1.277  0.968  0.658  0.348 
23.611 23.301 22.990 22.679 22.368 22.057 21.747 21.436 21.125 20.814 20.504 20.193 19.882 19.572 19.261 18.951 18.640 18.330 18.019 17.709 17.398 17.088 16.778 16.467 16.157 15.846 15.536 15.226 14.916 14.605 14.295 13.985 13.675 13.364 13.054 12.744 12.434 12.124 11.814 11.504 11.194 10.884 10.574 10.264  9.954  9.644  9.334  9.024  8.714  8.404  8.094  7.784  7.474  7.164  6.854  6.544  6.235  5.925  5.615  5.305  4.995  4.685  4.376  4.066  3.756  3.446  3.136  2.827  2.517  2.207  1.897  1.587  1.278  0.968  0.658  0.348 
23.616 23.305 22.995 22.684 22.373 22.062 21.751 21.441 21.130 20.819 20.509 20.198 19.887 19.577 19.266 18.955 18.645 18.334 18.024 17.713 17.403 17.092 16.782 16.472 16.161 15.851 15.540 15.230 14.920 14.609 14.299 13.989 13.679 13.368 13.058 12.748 12.438 12.127 11.817 11.507 11.197 10.887 10.577 10.267  9.957  9.647  9.336  9.026  8.716  8.406  8.096  7.786  7.476  7.166  6.856  6.546  6.236  5.927  5.617  5.307  4.997  4.687  4.377  4.067  3.757  3.447  3.137  2.827  2.518  2.208  1.898  1.588  1.278  0.968  0.658  0.349 
23.621 23.310 22.999 22.688 22.377 22.067 21.756 21.445 21.134 20.824 20.513 20.202 19.892 19.581 19.270 18.960 18.649 18.339 18.028 17.717 17.407 17.096 16.786 16.476 16.165 15.855 15.544 15.234 14.923 14.613 14.303 13.992 13.682 13.372 13.061 12.751 12.441 12.131 11.820 11.510 11.200 10.890 10.580 10.269  9.959  9.649  9.339  9.029  8.719  8.409  8.099  7.789  7.478  7.168  6.858  6.548  6.238  5.928  5.618  5.308  4.998  4.688  4.378  4.068  3.758  3.448  3.138  2.828  2.518  2.208  1.898  1.588  1.278  0.969  0.659  0.349 
23.625 23.314 23.003 22.692 22.382 22.071 21.760 21.449 21.138 20.828 20.517 20.206 19.896 19.585 19.274 18.964 18.653 18.342 18.032 17.721 17.411 17.100 16.790 16.479 16.169 15.858 15.548 15.237 14.927 14.616 14.306 13.996 13.685 13.375 13.065 12.754 12.444 12.134 11.823 11.513 11.203 10.893 10.582 10.272  9.962  9.652  9.341  9.031  8.721  8.411  8.101  7.791  7.480  7.170  6.860  6.550  6.240  5.930  5.620  5.310  5.000  4.689  4.379  4.069  3.759  3.449  3.139  2.829  2.519  2.209  1.899  1.589  1.279  0.969  0.659  0.349 
23.629 23.318 23.007 22.696 22.385 22.074 21.764 21.453 21.142 20.831 20.521 20.210 19.899 19.588 19.278 18.967 18.657 18.346 18.035 17.725 17.414 17.104 16.793 16.482 16.172 15.861 15.551 15.240 14.930 14.620 14.309 13.999 13.688 13.378 13.067 12.757 12.447 12.136 11.826 11.516 11.205 10.895 10.585 10.274  9.964  9.654  9.344  9.033  8.723  8.413  8.103  7.792  7.482  7.172  6.862  6.552  6.241  5.931  5.621  5.311  5.001  4.691  4.380  4.070  3.760  3.450  3.140  2.830  2.520  2.209  1.899  1.589  1.279  0.969  0.659  0.349 
23.632 23.321 23.010 22.699 22.389 22.078 21.767 21.456 21.145 20.835 20.524 20.213 19.902 19.592 19.281 18.970 18.660 18.349 18.038 17.728 17.417 17.107 16.796 16.485 16.175 15.864 15.554 15.243 14.933 14.622 14.312 14.001 13.691 13.380 13.070 12.760 12.449 12.139 11.828 11.518 11.208 10.897 10.587 10.277  9.966  9.656  9.346  9.035  8.725  8.415  8.104  7.794  7.484  7.174  6.863  6.553  6.243  5.933  5.622  5.312  5.002  4.692  4.381  4.071  3.761  3.451  3.141  2.830  2.520  2.210  1.900  1.590  1.279  0.969  0.659  0.349 
23.635 23.324 23.013 22.702 22.392 22.081 21.770 21.459 21.148 20.838 20.527 20.216 19.905 19.595 19.284 18.973 18.663 18.352 18.041 17.731 17.420 17.109 16.799 16.488 16.178 15.867 15.556 15.246 14.935 14.625 14.314 14.004 13.693 13.383 13.072 12.762 12.451 12.141 11.831 11.520 11.210 10.899 10.589 10.278  9.968  9.658  9.347  9.037  8.727  8.416  8.106  7.796  7.485  7.175  6.865  6.554  6.244  5.934  5.623  5.313  5.003  4.693  4.382  4.072  3.762  3.451  3.141  2.831  2.521  2.210  1.900  1.590  1.280  0.969  0.659  0.349 
23.638 23.327 23.016 22.705 22.394 22.084 21.773 21.462 21.151 20.840 20.530 20.219 19.908 19.597 19.287 18.976 18.665 18.355 18.044 17.733 17.423 17.112 16.801 16.491 16.180 15.869 15.559 15.248 14.938 14.627 14.317 14.006 13.695 13.385 13.074 12.764 12.453 12.143 11.832 11.522 11.212 10.901 10.591 10.280  9.970  9.659  9.349  9.039  8.728  8.418  8.107  7.797  7.487  7.176  6.866  6.555  6.245  5.935  5.624  5.314  5.004  4.693  4.383  4.073  3.762  3.452  3.142  2.831  2.521  2.211  1.900  1.590  1.280  0.970  0.659  0.349 
23.640 23.329 23.019 22.708 22.397 22.086 21.775 21.464 21.154 20.843 20.532 20.221 19.911 19.600 19.289 18.978 18.668 18.357 18.046 17.736 17.425 17.114 16.804 16.493 16.182 15.872 15.561 15.250 14.940 14.629 14.319 14.008 13.697 13.387 13.076 12.766 12.455 12.145 11.834 11.524 11.213 10.903 10.592 10.282  9.971  9.661  9.350  9.040  8.729  8.419  8.109  7.798  7.488  7.177  6.867  6.556  6.246  5.936  5.625  5.315  5.004  4.694  4.384  4.073  3.763  3.453  3.142  2.832  2.521  2.211  1.901  1.590  1.280  0.970  0.659  0.349 
23.643 23.332 23.021 22.710 22.399 22.088 21.778 21.467 21.156 20.845 20.534 20.224 19.913 19.602 19.291 18.981 18.670 18.359 18.048 17.738 17.427 17.116 16.806 16.495 16.184 15.874 15.563 15.252 14.942 14.631 14.320 14.010 13.699 13.389 13.078 12.768 12.457 12.146 11.836 11.525 11.215 10.904 10.594 10.283  9.973  9.662  9.352  9.041  8.731  8.420  8.110  7.799  7.489  7.178  6.868  6.557  6.247  5.937  5.626  5.316  5.005  4.695  4.384  4.074  3.764  3.453  3.143  2.832  2.522  2.211  1.901  1.591  1.280  0.970  0.659  0.349 
23.645 23.334 23.023 22.712 22.401 22.090 21.780 21.469 21.158 20.847 20.536 20.226 19.915 19.604 19.293 18.983 18.672 18.361 18.050 17.740 17.429 17.118 16.807 16.497 16.186 15.875 15.565 15.254 14.943 14.633 14.322 14.012 13.701 13.390 13.080 12.769 12.459 12.148 11.837 11.527 11.216 10.906 10.595 10.285  9.974  9.663  9.353  9.042  8.732  8.421  8.111  7.800  7.490  7.179  6.869  6.558  6.248  5.937  5.627  5.316  5.006  4.695  4.385  4.074  3.764  3.454  3.143  2.833  2.522  2.212  1.901  1.591  1.280  0.970  0.659  0.349 
23.647 23.336 23.025 22.714 22.403 22.092 21.781 21.471 21.160 20.849 20.538 20.227 19.917 19.606 19.295 18.984 18.674 18.363 18.052 17.741 17.431 17.120 16.809 16.498 16.188 15.877 15.566 15.256 14.945 14.634 14.324 14.013 13.702 13.392 13.081 12.771 12.460 12.149 11.839 11.528 11.217 10.907 10.596 10.286  9.975  9.665  9.354  9.043  8.733  8.422  8.112  7.801  7.491  7.180  6.870  6.559  6.249  5.938  5.628  5.317  5.006  4.696  4.385  4.075  3.764  3.454  3.143  2.833  2.522  2.212  1.901  1.591  1.280  0.970  0.659  0.349 
23.648 23.337 23.027 22.716 22.405 22.094 21.783 21.472 21.162 20.851 20.540 20.229 19.918 19.608 19.297 18.986 18.675 18.364 18.054 17.743 17.432 17.121 16.811 16.500 16.189 15.879 15.568 15.257 14.946 14.636 14.325 14.014 13.704 13.393 13.082 12.772 12.461 12.151 11.840 11.529 11.219 10.908 10.597 10.287  9.976  9.666  9.355  9.044  8.734  8.423  8.113  7.802  7.492  7.181  6.870  6.560  6.249  5.939  5.628  5.318  5.007  4.696  4.386  4.075  3.765  3.454  3.144  2.833  2.523  2.212  1.902  1.591  1.281  0.970  0.660  0.349 
23.650 23.339 23.028 22.717 22.406 22.096 21.785 21.474 21.163 20.852 20.541 20.231 19.920 19.609 19.298 18.987 18.677 18.366 18.055 17.744 17.434 17.123 16.812 16.501 16.191 15.880 15.569 15.258 14.948 14.637 14.326 14.016 13.705 13.394 13.084 12.773 12.462 12.152 11.841 11.530 11.220 10.909 10.598 10.288  9.977  9.667  9.356  9.045  8.735  8.424  8.113  7.803  7.492  7.182  6.871  6.560  6.250  5.939  5.629  5.318  5.008  4.697  4.386  4.076  3.765  3.455  3.144  2.834  2.523  2.212  1.902  1.591  1.281  0.970  0.660  0.349 
23.651 23.340 23.030 22.719 22.408 22.097 21.786 21.475 21.164 20.854 20.543 20.232 19.921 19.610 19.300 18.989 18.678 18.367 18.056 17.746 17.435 17.124 16.813 16.503 16.192 15.881 15.570 15.260 14.949 14.638 14.328 14.017 13.706 13.395 13.085 12.774 12.463 12.153 11.842 11.531 11.221 10.910 10.599 10.289  9.978  9.667  9.357  9.046  8.735  8.425  8.114  7.804  7.493  7.182  6.872  6.561  6.250  5.940  5.629  5.319  5.008  4.697  4.387  4.076  3.766  3.455  3.144  2.834  2.523  2.213  1.902  1.591  1.281  0.970  0.660  0.349 
23.653 23.342 23.031 22.720 22.409 22.098 21.787 21.477 21.166 20.855 20.544 20.233 19.922 19.612 19.301 18.990 18.679 18.368 18.058 17.747 17.436 17.125 16.815 16.504 16.193 15.882 15.572 15.261 14.950 14.639 14.329 14.018 13.707 13.396 13.086 12.775 12.464 12.154 11.843 11.532 11.222 10.911 10.600 10.289  9.979  9.668  9.357  9.047  8.736  8.425  8.115  7.804  7.494  7.183  6.872  6.562  6.251  5.940  5.630  5.319  5.008  4.698  4.387  4.077  3.766  3.455  3.145  2.834  2.523  2.213  1.902  1.592  1.281  0.970  0.660  0.349 
23.654 23.343 23.032 22.721 22.410 22.099 21.789 21.478 21.167 20.856 20.545 20.234 19.924 19.613 19.302 18.991 18.680 18.370 18.059 17.748 17.437 17.126 16.816 16.505 16.194 15.883 15.573 15.262 14.951 14.640 14.330 14.019 13.708 13.397 13.087 12.776 12.465 12.154 11.844 11.533 11.222 10.912 10.601 10.290  9.979  9.669  9.358  9.047  8.737  8.426  8.115  7.805  7.494  7.183  6.873  6.562  6.251  5.941  5.630  5.319  5.009  4.698  4.387  4.077  3.766  3.456  3.145  2.834  2.524  2.213  1.902  1.592  1.281  0.970  0.660  0.349 
23.655 23.344 23.033 22.722 22.411 22.100 21.790 21.479 21.168 20.857 20.546 20.235 19.925 19.614 19.303 18.992 18.681 18.371 18.060 17.749 17.438 17.127 16.817 16.506 16.195 15.884 15.573 15.263 14.952 14.641 14.330 14.020 13.709 13.398 13.087 12.777 12.466 12.155 11.844 11.534 11.223 10.912 10.602 10.291  9.980  9.669  9.359  9.048  8.737  8.427  8.116  7.805  7.495  7.184  6.873  6.562  6.252  5.941  5.630  5.320  5.009  4.698  4.388  4.077  3.766  3.456  3.145  2.834  2.524  2.213  1.902  1.592  1.281  0.970  0.660  0.349 
23.656 23.345 23.034 22.723 22.412 22.101 21.791 21.480 21.169 20.858 20.547 20.236 19.926 19.615 19.304 18.993 18.682 18.371 18.061 17.750 17.439 17.128 16.817 16.507 16.196 15.885 15.574 15.263 14.953 14.642 14.331 14.020 13.710 13.399 13.088 12.777 12.467 12.156 11.845 11.534 11.224 10.913 10.602 10.291  9.981  9.670  9.359  9.049  8.738  8.427  8.116  7.806  7.495  7.184  6.874  6.563  6.252  5.941  5.631  5.320  5.009  4.699  4.388  4.077  3.767  3.456  3.145  2.835  2.524  2.213  1.902  1.592  1.281  0.970  0.660  0.349 
23.657 23.346 23.035 22.724 22.413 22.102 21.791 21.481 21.170 20.859 20.548 20.237 19.926 19.616 19.305 18.994 18.683 18.372 18.061 17.751 17.440 17.129 16.818 16.507 16.197 15.886 15.575 15.264 14.953 14.643 14.332 14.021 13.710 13.400 13.089 12.778 12.467 12.156 11.846 11.535 11.224 10.913 10.603 10.292  9.981  9.671  9.360  9.049  8.738  8.428  8.117  7.806  7.495  7.185  6.874  6.563  6.253  5.942  5.631  5.320  5.010  4.699  4.388  4.078  3.767  3.456  3.145  2.835  2.524  2.213  1.903  1.592  1.281  0.970  0.660  0.349 
23.657 23.347 23.036 22.725 22.414 22.103 21.792 21.481 21.171 20.860 20.549 20.238 19.927 19.616 19.305 18.995 18.684 18.373 18.062 17.751 17.441 17.130 16.819 16.508 16.197 15.886 15.576 15.265 14.954 14.643 14.332 14.022 13.711 13.400 13.089 12.779 12.468 12.157 11.846 11.536 11.225 10.914 10.603 10.292  9.982  9.671  9.360  9.049  8.739  8.428  8.117  7.806  7.496  7.185  6.874  6.564  6.253  5.942  5.631  5.321  5.010  4.699  4.388  4.078  3.767  3.456  3.146  2.835  2.524  2.213  1.903  1.592  1.281  0.970  0.660  0.349 
23.658 23.347 23.036 22.726 22.415 22.104 21.793 21.482 21.171 20.860 20.550 20.239 19.928 19.617 19.306 18.995 18.684 18.374 18.063 17.752 17.441 17.130 16.820 16.509 16.198 15.887 15.576 15.265 14.955 14.644 14.333 14.022 13.711 13.401 13.090 12.779 12.468 12.158 11.847 11.536 11.225 10.914 10.604 10.293  9.982  9.671  9.361  9.050  8.739  8.428  8.118  7.807  7.496  7.185  6.875  6.564  6.253  5.942  5.632  5.321  5.010  4.699  4.389  4.078  3.767  3.456  3.146  2.835  2.524  2.213  1.903  1.592  1.281  0.970  0.660  0.349 
23.659 23.348 23.037 22.726 22.415 22.104 21.794 21.483 21.172 20.861 20.550 20.239 19.928 19.618 19.307 18.996 18.685 18.374 18.063 17.753 17.442 17.131 16.820 16.509 16.198 15.888 15.577 15.266 14.955 14.644 14.334 14.023 13.712 13.401 13.090 12.780 12.469 12.158 11.847 11.536 11.226 10.915 10.604 10.293  9.983  9.672  9.361  9.050  8.739  8.429  8.118  7.807  7.496  7.186  6.875  6.564  6.253  5.943  5.632  5.321  5.010  4.700  4.389  4.078  3.767  3.456  3.146  2.835  2.524  2.213  1.903  1.592  1.281  0.970  0.660  0.349 
23.659 23.349 23.038 22.727 22.416 22.105 21.794 21.483 21.172 20.862 20.551 20.240 19.929 19.618 19.307 18.996 18.686 18.375 18.064 17.753 17.442 17.131 16.821 16.510 16.199 15.888 15.577 15.266 14.956 14.645 14.334 14.023 13.712 13.402 13.091 12.780 12.469 12.158 11.848 11.537 11.226 10.915 10.604 10.294  9.983  9.672  9.361  9.051  8.740  8.429  8.118  7.807  7.497  7.186  6.875  6.564  6.254  5.943  5.632  5.321  5.010  4.700  4.389  4.078  3.767  3.457  3.146  2.835  2.524  2.214  1.903  1.592  1.281  0.970  0.660  0.349 
23.660 23.349 23.038 22.727 22.416 22.106 21.795 21.484 21.173 20.862 20.551 20.240 19.930 19.619 19.308 18.997 18.686 18.375 18.064 17.754 17.443 17.132 16.821 16.510 16.199 15.889 15.578 15.267 14.956 14.645 14.334 14.024 13.713 13.402 13.091 12.780 12.470 12.159 11.848 11.537 11.226 10.916 10.605 10.294  9.983  9.672  9.362  9.051  8.740  8.429  8.118  7.808  7.497  7.186  6.875  6.564  6.254  5.943  5.632  5.321  5.011  4.700  4.389  4.078  3.767  3.457  3.146  2.835  2.524  2.214  1.903  1.592  1.281  0.970  0.660  0.349 
23.660 23.350 23.039 22.728 22.417 22.106 21.795 21.484 21.173 20.863 20.552 20.241 19.930 19.619 19.308 18.997 18.687 18.376 18.065 17.754 17.443 17.132 16.822 16.511 16.200 15.889 15.578 15.267 14.957 14.646 14.335 14.024 13.713 13.402 13.092 12.781 12.470 12.159 11.848 11.537 11.227 10.916 10.605 10.294  9.983  9.673  9.362  9.051  8.740  8.429  8.118  7.806  7.494  7.182  6.869  6.555  6.240  5.923  5.603  5.280  4.952  4.619  4.280  3.933  3.576  3.209  2.831  2.440  2.033  1.601  1.123  0.551 -0.183 -0.942 -1.839 -2.800 
23.658 23.347 23.036 22.725 22.414 22.102 21.791 21.479 21.168 20.856 20.544 20.232 19.920 19.608 19.295 18.983 18.670 18.356 18.043 17.729 17.414 17.099 16.784 16.468 16.152 15.835 15.517 15.199 14.880 14.560 14.239 13.917 13.594 13.270 12.945 12.619 12.291 11.962 11.631 11.299 10.965 10.629 10.292  9.953  9.612  9.269  8.924  8.577  8.228  7.877  7.524  7.168  6.811  6.451  6.090  5.726  5.360  4.993  4.623  4.252  3.879  3.504  3.128  2.750  2.372  1.992  1.611  1.230  0.849  0.467  0.085 -0.176 -0.363 -0.546 -0.726 -0.900 
23.596 23.285 22.973 22.661 22.349 22.036 21.722 21.408 21.094 20.779 20.463 20.147 19.831 19.514 19.196 18.878 18.559 18.240 17.920 17.599 17.278 16.956 16.633 16.309 15.985 15.661 15.335 15.009 14.682 14.354 14.026 13.697 13.367 13.036 12.705 12.373 12.040 11.707 11.373 11.039 10.704 10.368 10.032  9.696  9.360  9.024  8.687  8.351  8.015  7.680  7.346  7.013  6.682  6.353  6.027  5.703  5.384  5.069  4.760  4.456  4.160  3.872  3.592  3.323  3.064  2.816  2.580  2.356  2.145  1.946  1.760  1.586  1.424  1.272  1.132  1.000 
23.480 23.169 22.857 22.545 22.233 21.920 21.607 21.293 20.979 20.664 20.349 20.034 19.718 19.402 19.086 18.769 18.452 18.135 17.817 17.500 17.182 16.865 16.547 16.229 15.911 15.594 15.276 14.959 14.642 14.325 14.009 13.693 13.378 13.063 12.749 12.436 12.123 11.812 11.501 11.191 10.883 10.575 10.269  9.964  9.661  9.359  9.058  8.759  8.461  8.165  7.871  7.579  7.288  6.998  6.711  6.425  6.141  5.859  5.578  5.299  5.022  4.746  4.471  4.198  3.927  3.656  3.387  3.119  2.852  2.586  2.320  2.055  1.791  1.527  1.264  1.000 
23.424 23.113 22.802 22.491 22.180 21.869 21.558 21.247 20.936 20.625 20.314 20.003 19.692 19.381 19.070 18.759 18.448 18.138 17.827 17.517 17.207 16.897 16.588 16.279 15.970 15.661 15.353 15.045 14.738 14.431 14.124 13.818 13.513 13.208 12.903 12.600 12.297 11.994 11.692 11.391 11.091 10.791 10.492 10.193  9.896  9.599  9.303  9.008  8.713  8.419  8.126  7.834  7.543  7.252  6.962  6.673  6.384  6.097  5.809  5.523  5.237  4.952  4.667  4.383  4.099  3.816  3.533  3.250  2.968  2.687  2.405  2.124  1.843  1.562  1.281  1.000 
23.444 23.133 22.823 22.512 22.202 21.892 21.582 21.273 20.963 20.654 20.345 20.036 19.728 19.420 19.112 18.804 18.496 18.189 17.882 17.575 17.269 16.963 16.657 16.352 16.047 15.742 15.437 15.133 14.829 14.526 14.223 13.921 13.618 13.317 13.015 12.714 12.414 12.114 11.814 11.515 11.216 10.918 10.620 10.323 10.026  9.729  9.433  9.138  8.843  8.548  8.254  7.960  7.666  7.373  7.080  6.788  6.496  6.205  5.914  5.623  5.332  5.042  4.752  4.462  4.173  3.884  3.595  3.306  3.017  2.729  2.440  2.152  1.864  1.576  1.288  1.000 
23.499 23.188 22.878 22.567 22.257 21.948 21.639 21.329 21.021 20.712 20.404 20.096 19.788 19.481 19.174 18.867 18.561 18.255 17.949 17.643 17.338 17.033 16.729 16.424 16.120 15.817 15.513 15.210 14.907 14.605 14.303 14.001 13.700 13.399 13.098 12.798 12.498 12.198 11.898 11.599 11.300 11.002 10.704 10.406 10.108  9.811  9.514  9.217  8.921  8.625  8.329  8.034  7.738  7.444  7.149  6.854  6.560  6.266  5.972  5.679  5.385  5.092  4.799  4.506  4.213  3.921  3.628  3.336  3.044  2.752  2.460  2.168  1.876  1.584  1.292  1.000 
23.564 23.253 22.943 22.633 22.323 22.013 21.704 21.395 21.086 20.778 20.470 20.162 19.855 19.548 19.241 18.934 18.628 18.322 18.016 17.711 17.406 17.101 16.796 16.492 16.188 15.885 15.581 15.278 14.975 14.673 14.371 14.069 13.767 13.466 13.165 12.864 12.563 12.263 11.963 11.663 11.364 11.064 10.765 10.467 10.168  9.870  9.572  9.274  8.976  8.679  8.382  8.085  7.788  7.492  7.195  6.899  6.603  6.307  6.011  5.716  5.420  5.125  4.830  4.535  4.240  3.945  3.650  3.356  3.061  2.766  2.472  2.177  1.883  1.589  1.294  1.000 
23.630 23.319 23.008 22.698 22.388 22.079 21.770 21.461 21.152 20.843 20.535 20.227 19.920 19.612 19.305 18.999 18.692 18.386 18.080 17.774 17.469 17.164 16.859 16.555 16.250 15.946 15.642 15.339 15.036 14.733 14.430 14.127 13.825 13.523 13.221 12.920 12.619 12.318 12.017 11.716 11.416 11.116 10.816 10.516 10.216  9.917  9.618  9.319  9.020  8.721  8.423  8.125  7.827  7.529  7.231  6.933  6.636  6.338  6.041  5.744  5.447  5.150  4.853  4.556  4.260  3.963  3.666  3.370  3.074  2.777  2.481  2.185  1.889  1.592  1.296  1.000 
23.692 23.381 23.071 22.760 22.451 22.141 21.831 21.522 21.213 20.905 20.596 20.288 19.981 19.673 19.366 19.059 18.752 18.445 18.139 17.833 17.527 17.222 16.916 16.611 16.307 16.002 15.698 15.394 15.090 14.786 14.483 14.180 13.877 13.574 13.272 12.969 12.667 12.365 12.064 11.762 11.461 11.160 10.859 10.558 10.257  9.957  9.657  9.357  9.057  8.757  8.458  8.158  7.859  7.560  7.261  6.962  6.663  6.364  6.065  5.767  5.469  5.170  4.872  4.574  4.276  3.978  3.680  3.382  3.084  2.786  2.488  2.191  1.893  1.595  1.298  1.000 
23.749 23.439 23.128 22.818 22.508 22.198 21.889 21.579 21.270 20.961 20.653 20.345 20.037 19.729 19.421 19.114 18.807 18.500 18.193 17.887 17.580 17.274 16.969 16.663 16.358 16.053 15.748 15.443 15.139 14.835 14.531 14.227 13.923 13.620 13.316 13.013 12.710 12.408 12.105 11.803 11.501 11.199 10.897 10.595 10.294  9.992  9.691  9.390  9.089  8.788  8.488  8.187  7.887  7.587  7.286  6.986  6.686  6.386  6.087  5.787  5.487  5.188  4.888  4.589  4.290  3.990  3.691  3.392  3.093  2.794  2.495  2.196  1.897  1.598  1.299  1.000 
23.802 23.491 23.181 22.870 22.560 22.251 21.941 21.631 21.322 21.013 20.704 20.396 20.088 19.780 19.472 19.164 18.856 18.549 18.242 17.935 17.629 17.322 17.016 16.710 16.404 16.099 15.793 15.488 15.183 14.878 14.574 14.269 13.965 13.661 13.357 13.053 12.749 12.446 12.143 11.839 11.537 11.234 10.931 10.629 10.326 10.024  9.722  9.420  9.118  8.816  8.515  8.213  7.912  7.610  7.309  7.008  6.707  6.406  6.105  5.805  5.504  5.203  4.903  4.602  4.302  4.002  3.701  3.401  3.101  2.801  2.501  2.200  1.900  1.600  1.300  1.000 
23.850 23.539 23.229 22.918 22.608 22.298 21.988 21.679 21.369 21.060 20.751 20.443 20.134 19.826 19.518 19.210 18.902 18.594 18.287 17.980 17.673 17.366 17.059 16.753 16.446 16.140 15.834 15.529 15.223 14.918 14.612 14.307 14.003 13.698 13.393 13.089 12.784 12.480 12.176 11.873 11.569 11.265 10.962 10.659 10.355 10.052  9.749  9.447  9.144  8.841  8.539  8.236  7.934  7.632  7.330  7.028  6.726  6.424  6.122  5.821  5.519  5.218  4.916  4.615  4.313  4.012  3.711  3.409  3.108  2.807  2.506  2.204  1.903  1.602  1.301  1.000 
23.894 23.583 23.272 22.962 22.651 22.341 22.032 21.722 21.412 21.103 20.794 20.485 20.176 19.868 19.559 19.251 18.943 18.635 18.327 18.020 17.712 17.405 17.098 16.791 16.485 16.178 15.872 15.565 15.259 14.954 14.648 14.342 14.037 13.731 13.426 13.121 12.816 12.512 12.207 11.902 11.598 11.294 10.990 10.686 10.382 10.078  9.774  9.471  9.167  8.864  8.561  8.258  7.954  7.651  7.349  7.046  6.743  6.440  6.138  5.835  5.533  5.230  4.928  4.625  4.323  4.021  3.719  3.417  3.114  2.812  2.510  2.208  1.906  1.604  1.302  1.000 
23.933 23.622 23.312 23.001 22.691 22.381 22.071 21.761 21.451 21.142 20.833 20.523 20.214 19.906 19.597 19.289 18.980 18.672 18.364 18.056 17.749 17.441 17.134 16.826 16.519 16.212 15.905 15.599 15.292 14.986 14.680 14.374 14.068 13.762 13.456 13.151 12.845 12.540 12.235 11.929 11.624 11.320 11.015 10.710 10.406 10.101  9.797  9.493  9.189  8.884  8.580  8.277  7.973  7.669  7.365  7.062  6.758  6.455  6.151  5.848  5.545  5.242  4.938  4.635  4.332  4.029  3.726  3.423  3.120  2.817  2.514  2.211  1.909  1.606  1.303  1.000 
23.969 23.658 23.347 23.037 22.727 22.416 22.106 21.796 21.487 21.177 20.868 20.558 20.249 19.940 19.631 19.323 19.014 18.706 18.397 18.089 17.781 17.473 17.166 16.858 16.551 16.243 15.936 15.629 15.322 15.015 14.709 14.402 14.096 13.789 13.483 13.177 12.871 12.565 12.260 11.954 11.648 11.343 11.038 10.732 10.427 10.122  9.817  9.512  9.208  8.903  8.598  8.294  7.989  7.685  7.381  7.076  6.772  6.468  6.164  5.860  5.556  5.252  4.948  4.644  4.340  4.037  3.733  3.429  3.125  2.822  2.518  2.214  1.911  1.607  1.304  1.000 
24.001 23.690 23.380 23.069 22.759 22.449 22.138 21.828 21.519 21.209 20.899 20.590 20.281 19.971 19.662 19.353 19.045 18.736 18.428 18.119 17.811 17.503 17.195 16.887 16.579 16.271 15.964 15.656 15.349 15.042 14.735 14.428 14.121 13.814 13.508 13.201 12.895 12.589 12.282 11.976 11.670 11.364 11.058 10.753 10.447 10.141  9.836  9.530  9.225  8.920  8.615  8.309  8.004  7.699  7.394  7.090  6.785  6.480  6.175  5.871  5.566  5.261  4.957  4.652  4.348  4.043  3.739  3.435  3.130  2.826  2.521  2.217  1.913  1.609  1.304  1.000 
24.031 23.720 23.409 23.099 22.788 22.478 22.168 21.858 21.548 21.238 20.928 20.619 20.309 20.000 19.691 19.381 19.072 18.764 18.455 18.146 17.838 17.529 17.221 16.913 16.605 16.297 15.989 15.681 15.374 15.066 14.759 14.451 14.144 13.837 13.530 13.223 12.916 12.610 12.303 11.996 11.690 11.383 11.077 10.771 10.465 10.159  9.853  9.547  9.241  8.935  8.629  8.324  8.018  7.712  7.407  7.102  6.796  6.491  6.186  5.880  5.575  5.270  4.965  4.660  4.355  4.049  3.744  3.439  3.134  2.830  2.525  2.220  1.915  1.610  1.305  1.000 
24.057 23.747 23.436 23.125 22.815 22.504 22.194 21.884 21.574 21.264 20.954 20.645 20.335 20.025 19.716 19.407 19.098 18.789 18.480 18.171 17.862 17.554 17.245 16.937 16.628 16.320 16.012 15.704 15.396 15.088 14.780 14.473 14.165 13.858 13.550 13.243 12.936 12.629 12.322 12.015 11.708 11.401 11.094 10.788 10.481 10.174  9.868  9.562  9.255  8.949  8.643  8.337  8.030  7.724  7.418  7.112  6.806  6.501  6.195  5.889  5.583  5.278  4.972  4.666  4.361  4.055  3.749  3.444  3.138  2.833  2.527  2.222  1.916  1.611  1.305  1.000 
24.082 23.771 23.460 23.149 22.839 22.528 22.218 21.908 21.598 21.288 20.978 20.668 20.358 20.049 19.739 19.430 19.121 18.811 18.502 18.193 17.884 17.575 17.267 16.958 16.649 16.341 16.033 15.724 15.416 15.108 14.800 14.492 14.184 13.876 13.569 13.261 12.953 12.646 12.339 12.031 11.724 11.417 11.110 10.803 10.496 10.189  9.882  9.575  9.268  8.961  8.655  8.348  8.042  7.735  7.429  7.122  6.816  6.510  6.203  5.897  5.591  5.285  4.978  4.672  4.366  4.060  3.754  3.448  3.142  2.836  2.530  2.224  1.918  1.612  1.306  1.000 
24.103 23.793 23.482 23.171 22.861 22.550 22.240 21.930 21.619 21.309 20.999 20.689 20.380 20.070 19.760 19.451 19.141 18.832 18.523 18.213 17.904 17.595 17.286 16.977 16.669 16.360 16.051 15.743 15.434 15.126 14.818 14.509 14.201 13.893 13.585 13.277 12.969 12.662 12.354 12.046 11.739 11.431 11.124 10.816 10.509 10.201  9.894  9.587  9.280  8.973  8.666  8.359  8.052  7.745  7.438  7.131  6.824  6.518  6.211  5.904  5.598  5.291  4.984  4.678  4.371  4.065  3.758  3.452  3.145  2.839  2.532  2.226  1.919  1.613  1.306  1.000 
24.123 23.813 23.502 23.191 22.881 22.570 22.260 21.949 21.639 21.329 21.019 20.709 20.399 20.089 19.779 19.470 19.160 18.850 18.541 18.232 17.922 17.613 17.304 16.995 16.686 16.377 16.068 15.760 15.451 15.142 14.834 14.525 14.217 13.909 13.600 13.292 12.984 12.676 12.368 12.060 11.752 11.444 11.136 10.828 10.521 10.213  9.906  9.598  9.291  8.983  8.676  8.368  8.061  7.754  7.446  7.139  6.832  6.525  6.218  5.911  5.604  5.297  4.990  4.683  4.376  4.069  3.762  3.455  3.148  2.841  2.534  2.227  1.921  1.614  1.307  1.000 
24.141 23.831 23.520 23.209 22.898 22.588 22.277 21.967 21.657 21.347 21.036 20.726 20.416 20.106 19.797 19.487 19.177 18.867 18.558 18.248 17.939 17.630 17.320 17.011 16.702 16.393 16.084 15.775 15.466 15.157 14.848 14.540 14.231 13.922 13.614 13.305 12.997 12.689 12.380 12.072 11.764 11.456 11.148 10.840 10.532 10.224  9.916  9.608  9.300  8.992  8.685  8.377  8.069  7.762  7.454  7.147  6.839  6.532  6.224  5.917  5.609  5.302  4.994  4.687  4.380  4.072  3.765  3.458  3.151  2.843  2.536  2.229  1.922  1.614  1.307  1.000 
