23.116 22.805 22.494 22.183 21.873 21.562 21.251 20.940 20.629 20.318 20.007 19.696 19.385 19.074 18.764 18.453 18.142 17.831 17.520 17.209 16.898 16.587 16.276 15.965 15.654 15.343 15.032 14.720 14.409 14.098 13.787 13.475 13.164 12.853 12.541 12.229 11.918 11.606 11.294 10.982 10.669 10.357 10.044  9.731  9.418  9.105  8.792  8.478  8.164  7.849  7.534  7.219  6.903  6.587  6.271  5.954  5.636  5.318  4.999  4.680  4.360  4.039  3.718  3.396  3.073  2.749  2.425  2.100  1.774  1.448  1.121  0.794  0.466  0.137 -0.154 -0.477 
23.113 22.802 22.491 22.180 21.869 21.558 21.247 20.936 20.624 20.313 20.002 19.691 19.379 19.068 18.756 18.445 18.133 17.821 17.510 17.198 16.886 16.574 16.262 15.949 15.637 15.324 15.012 14.699 14.386 14.073 13.760 13.447 13.133 12.820 12.506 12.192 11.877 11.563 11.248 10.933 10.618 10.302  9.986  9.670  9.353  9.036  8.719  8.401  8.082  7.763  7.444  7.123  6.802  6.481  6.158  5.835  5.510  5.185  4.859  4.531  4.202  3.872  3.541  3.208  2.874  2.539  2.202  1.863  1.523  1.182  0.839  0.495  0.151 -0.154 -0.454 -0.754 
23.097 22.786 22.475 22.163 21.852 21.541 21.229 20.918 20.606 20.294 19.982 19.670 19.358 19.045 18.733 18.420 18.107 17.794 17.481 17.167 16.854 16.540 16.226 15.912 15.597 15.283 14.968 14.652 14.337 14.021 13.705 13.389 13.073 12.756 12.438 12.121 11.803 11.485 11.166 10.847 10.528 10.208  9.888  9.567  9.246  8.924  8.602  8.280  7.957  7.634  7.310  6.985  6.661  6.335  6.009  5.683  5.356  5.029  4.701  4.372  4.043  3.713  3.383  3.051  2.718  2.384  2.047  1.709  1.367  1.023  0.675  0.323 -0.033 -0.347 -0.688 -1.031 
23.061 22.750 22.439 22.128 21.816 21.504 21.192 20.880 20.568 20.255 19.942 19.629 19.316 19.002 18.688 18.374 18.060 17.745 17.430 17.115 16.800 16.484 16.168 15.852 15.535 15.218 14.901 14.583 14.265 13.947 13.628 13.308 12.989 12.668 12.348 12.027 11.705 11.383 11.061 10.738 10.414 10.090  9.765  9.440  9.114  8.787  8.460  8.133  7.805  7.476  7.146  6.816  6.485  6.154  5.822  5.489  5.156  4.822  4.488  4.153  3.817  3.481  3.144  2.807  2.469  2.130  1.791  1.452  1.112  0.771  0.430  0.088 -0.227 -0.587 -0.947 -1.309 
23.005 22.694 22.382 22.071 21.759 21.447 21.134 20.821 20.508 20.195 19.881 19.567 19.252 18.938 18.622 18.307 17.991 17.675 17.359 17.042 16.725 16.407 16.089 15.771 15.452 15.133 14.813 14.493 14.173 13.851 13.530 13.208 12.885 12.562 12.239 11.915 11.590 11.264 10.938 10.612 10.284  9.956  9.628  9.298  8.968  8.637  8.306  7.973  7.640  7.306  6.971  6.635  6.299  5.961  5.623  5.284  4.945  4.604  4.263  3.921  3.578  3.235  2.890  2.546  2.200  1.854  1.508  1.160  0.813  0.465  0.116 -0.196 -0.542 -0.889 -1.237 -1.586 
22.927 22.616 22.305 21.993 21.681 21.368 21.055 20.741 20.428 20.113 19.799 19.484 19.168 18.852 18.536 18.219 17.902 17.584 17.266 16.948 16.629 16.309 15.989 15.669 15.348 15.027 14.705 14.383 14.060 13.737 13.413 13.088 12.763 12.438 12.112 11.785 11.457 11.129 10.801 10.471 10.141  9.810  9.479  9.146  8.813  8.479  8.144  7.808  7.471  7.133  6.794  6.454  6.113  5.770  5.427  5.082  4.736  4.388  4.040  3.690  3.340  2.988  2.635  2.281  1.926  1.570  1.213  0.856  0.498  0.140 -0.172 -0.509 -0.847 -1.185 -1.524 -1.863 
22.830 22.519 22.207 21.895 21.583 21.270 20.956 20.642 20.328 20.013 19.697 19.381 19.065 18.748 18.430 18.112 17.794 17.475 17.155 16.835 16.514 16.193 15.871 15.549 15.226 14.903 14.579 14.254 13.929 13.603 13.276 12.949 12.622 12.293 11.964 11.635 11.305 10.974 10.642 10.310  9.977  9.644  9.310  8.975  8.639  8.303  7.966  7.629  7.290  6.951  6.612  6.271  5.930  5.588  5.245  4.901  4.556  4.209  3.862  3.512  3.161  2.807  2.451  2.091  1.727  1.359  0.986  0.608  0.223 -0.168 -0.487 -0.811 -1.139 -1.471 -1.805 -2.140 
22.715 22.404 22.092 21.780 21.467 21.153 20.840 20.525 20.210 19.894 19.578 19.261 18.944 18.626 18.308 17.988 17.669 17.348 17.028 16.706 16.384 16.061 15.738 15.414 15.089 14.763 14.437 14.111 13.783 13.455 13.126 12.797 12.466 12.135 11.804 11.471 11.138 10.804 10.469 10.134  9.797  9.460  9.122  8.784  8.444  8.104  7.763  7.421  7.079  6.736  6.392  6.047  5.701  5.355  5.008  4.660  4.312  3.963  3.613  3.263  2.912  2.560  2.208  1.855  1.502  1.148  0.793  0.439  0.083 -0.239 -0.601 -0.963 -1.326 -1.689 -2.053 -2.417 
22.582 22.271 21.959 21.647 21.334 21.020 20.706 20.391 20.075 19.759 19.442 19.125 18.807 18.488 18.169 17.849 17.528 17.207 16.885 16.562 16.239 15.915 15.591 15.266 14.940 14.613 14.286 13.958 13.630 13.301 12.971 12.640 12.309 11.977 11.645 11.312 10.978 10.644 10.309  9.973  9.637  9.300  8.963  8.625  8.286  7.947  7.608  7.268  6.928  6.587  6.246  5.905  5.564  5.222  4.880  4.538  4.196  3.855  3.514  3.174  2.836  2.500  2.168  1.840  1.517  1.201  0.890  0.586  0.287 -0.009 -0.180 -0.293 -0.404 -0.513 -0.620 -0.724 
22.442 22.131 21.819 21.507 21.194 20.880 20.566 20.251 19.936 19.620 19.303 18.986 18.669 18.350 18.031 17.712 17.392 17.072 16.751 16.429 16.107 15.785 15.462 15.139 14.815 14.491 14.166 13.841 13.516 13.191 12.865 12.539 12.213 11.886 11.560 11.233 10.906 10.579 10.253  9.926  9.600  9.273  8.947  8.622  8.296  7.971  7.646  7.322  6.999  6.676  6.353  6.032  5.711  5.391  5.072  4.754  4.437  4.121  3.806  3.493  3.181  2.872  2.565  2.262  1.962  1.666  1.374  1.088  0.805  0.527  0.252 -0.021 -0.159 -0.242 -0.325 -0.407 
22.326 22.015 21.704 21.392 21.079 20.767 20.453 20.140 19.826 19.512 19.197 18.882 18.567 18.251 17.935 17.619 17.302 16.986 16.669 16.351 16.034 15.716 15.398 15.080 14.762 14.444 14.126 13.807 13.489 13.171 12.853 12.535 12.217 11.899 11.582 11.265 10.948 10.631 10.315 10.000  9.684  9.370  9.056  8.742  8.430  8.117  7.806  7.496  7.186  6.878  6.570  6.263  5.957  5.653  5.349  5.047  4.745  4.445  4.146  3.848  3.552  3.256  2.962  2.669  2.377  2.087  1.799  1.514  1.233  0.960  0.696  0.443  0.201 -0.035 -0.156 -0.234 
22.263 21.952 21.641 21.329 21.018 20.706 20.395 20.083 19.771 19.459 19.147 18.834 18.522 18.210 17.897 17.585 17.272 16.960 16.647 16.334 16.022 15.710 15.397 15.085 14.773 14.461 14.149 13.838 13.527 13.216 12.905 12.595 12.285 11.975 11.666 11.358 11.050 10.742 10.435 10.129  9.823  9.518  9.214  8.911  8.608  8.306  8.006  7.706  7.407  7.109  6.813  6.517  6.223  5.929  5.637  5.347  5.057  4.769  4.482  4.196  3.912  3.629  3.348  3.068  2.789  2.511  2.235  1.960  1.686  1.413  1.142  0.871  0.602  0.334  0.066 -0.076 
22.256 21.945 21.634 21.324 21.013 20.703 20.392 20.082 19.772 19.462 19.152 18.843 18.533 18.224 17.914 17.606 17.297 16.988 16.680 16.372 16.064 15.757 15.450 15.143 14.837 14.531 14.226 13.921 13.616 13.312 13.009 12.706 12.404 12.102 11.802 11.502 11.202 10.904 10.606 10.309 10.013  9.718  9.424  9.131  8.839  8.548  8.258  7.969  7.681  7.394  7.108  6.824  6.541  6.258  5.977  5.697  5.419  5.141  4.864  4.589  4.314  4.041  3.768  3.497  3.226  2.957  2.688  2.419  2.152  1.885  1.619  1.353  1.087  0.822  0.557  0.293 
22.303 21.993 21.682 21.372 21.062 20.753 20.444 20.135 19.827 19.519 19.211 18.903 18.596 18.290 17.983 17.677 17.372 17.067 16.762 16.458 16.154 15.851 15.548 15.245 14.943 14.642 14.341 14.041 13.741 13.441 13.143 12.845 12.547 12.250 11.953 11.658 11.362 11.068 10.774 10.481 10.188  9.896  9.605  9.314  9.024  8.735  8.446  8.158  7.871  7.584  7.298  7.012  6.727  6.443  6.159  5.876  5.594  5.312  5.031  4.750  4.469  4.189  3.910  3.631  3.352  3.074  2.796  2.519  2.242  1.965  1.688  1.411  1.135  0.859  0.583  0.307 
22.389 22.078 21.768 21.458 21.149 20.840 20.531 20.223 19.915 19.608 19.301 18.995 18.689 18.384 18.079 17.774 17.470 17.166 16.863 16.560 16.258 15.956 15.655 15.354 15.053 14.753 14.454 14.155 13.856 13.558 13.261 12.964 12.667 12.371 12.076 11.781 11.486 11.192 10.898 10.605 10.313 10.021  9.729  9.438  9.147  8.857  8.567  8.278  7.989  7.700  7.412  7.125  6.837  6.551  6.264  5.978  5.692  5.407  5.122  4.837  4.553  4.269  3.985  3.702  3.418  3.135  2.853  2.570  2.287  2.005  1.723  1.441  1.159  0.877  0.595  0.314 
22.488 22.177 21.867 21.557 21.248 20.939 20.631 20.323 20.015 19.708 19.402 19.095 18.790 18.484 18.180 17.875 17.571 17.268 16.965 16.662 16.360 16.058 15.757 15.456 15.156 14.856 14.557 14.258 13.959 13.661 13.363 13.066 12.769 12.473 12.177 11.881 11.586 11.291 10.997 10.703 10.409 10.116  9.823  9.530  9.238  8.947  8.655  8.364  8.074  7.783  7.493  7.204  6.914  6.625  6.336  6.048  5.759  5.471  5.184  4.896  4.609  4.322  4.035  3.748  3.462  3.175  2.889  2.603  2.317  2.031  1.746  1.460  1.175  0.889  0.604  0.318 
22.587 22.277 21.967 21.657 21.347 21.038 20.730 20.422 20.114 19.807 19.500 19.194 18.888 18.583 18.278 17.973 17.669 17.365 17.062 16.759 16.456 16.154 15.853 15.551 15.251 14.950 14.650 14.350 14.051 13.752 13.454 13.156 12.858 12.560 12.264 11.967 11.671 11.375 11.079 10.784 10.489 10.194  9.900  9.606  9.313  9.019  8.726  8.434  8.141  7.849  7.557  7.266  6.974  6.683  6.392  6.102  5.811  5.521  5.231  4.941  4.652  4.362  4.073  3.784  3.495  3.206  2.917  2.628  2.340  2.051  1.763  1.474  1.186  0.898  0.610  0.322 
22.682 22.371 22.061 21.751 21.442 21.133 20.824 20.516 20.208 19.901 19.594 19.287 18.981 18.675 18.370 18.065 17.760 17.456 17.152 16.848 16.545 16.243 15.940 15.638 15.337 15.036 14.735 14.434 14.134 13.834 13.535 13.236 12.937 12.639 12.340 12.043 11.745 11.448 11.151 10.855 10.559 10.263  9.967  9.672  9.377  9.082  8.787  8.493  8.199  7.905  7.612  7.318  7.025  6.732  6.439  6.147  5.855  5.562  5.270  4.979  4.687  4.395  4.104  3.813  3.522  3.231  2.940  2.649  2.358  2.067  1.777  1.486  1.196  0.905  0.615  0.324 
22.770 22.459 22.149 21.839 21.529 21.220 20.911 20.603 20.295 19.987 19.680 19.373 19.066 18.760 18.454 18.149 17.844 17.539 17.234 16.930 16.627 16.323 16.020 15.718 15.415 15.113 14.812 14.510 14.209 13.908 13.608 13.308 13.008 12.709 12.410 12.111 11.812 11.514 11.216 10.918 10.621 10.323 10.026  9.730  9.433  9.137  8.841  8.545  8.250  7.954  7.659  7.364  7.069  6.775  6.480  6.186  5.892  5.598  5.305  5.011  4.717  4.424  4.131  3.838  3.545  3.252  2.959  2.666  2.374  2.081  1.789  1.496  1.204  0.911  0.619  0.327 
22.851 22.540 22.230 21.920 21.610 21.301 20.992 20.683 20.375 20.067 19.759 19.452 19.145 18.838 18.532 18.226 17.920 17.615 17.310 17.005 16.701 16.397 16.093 15.790 15.487 15.184 14.881 14.579 14.277 13.976 13.675 13.373 13.073 12.772 12.472 12.172 11.872 11.573 11.274 10.975 10.676 10.378 10.080  9.782  9.484  9.186  8.889  8.592  8.295  7.998  7.702  7.405  7.109  6.813  6.517  6.221  5.926  5.630  5.335  5.040  4.745  4.450  4.155  3.860  3.566  3.271  2.977  2.682  2.388  2.094  1.799  1.505  1.211  0.917  0.623  0.329 
22.924 22.614 22.303 21.993 21.683 21.374 21.065 20.756 20.447 20.139 19.831 19.524 19.216 18.909 18.603 18.296 17.990 17.684 17.379 17.074 16.769 16.464 16.160 15.856 15.552 15.248 14.945 14.642 14.339 14.037 13.735 13.433 13.131 12.830 12.529 12.228 11.927 11.627 11.326 11.026 10.727 10.427 10.128  9.829  9.530  9.231  8.932  8.634  8.336  8.038  7.740  7.442  7.145  6.847  6.550  6.253  5.956  5.659  5.362  5.066  4.769  4.473  4.177  3.880  3.584  3.288  2.992  2.696  2.400  2.105  1.809  1.513  1.218  0.922  0.626  0.331 
22.991 22.681 22.370 22.060 21.750 21.441 21.131 20.822 20.513 20.205 19.897 19.589 19.281 18.974 18.667 18.360 18.054 17.747 17.441 17.136 16.830 16.525 16.220 15.915 15.611 15.307 15.003 14.699 14.396 14.093 13.790 13.487 13.184 12.882 12.580 12.278 11.977 11.675 11.374 11.073 10.772 10.472 10.171  9.871  9.571  9.271  8.972  8.672  8.373  8.074  7.774  7.476  7.177  6.878  6.580  6.281  5.983  5.685  5.387  5.089  4.791  4.494  4.196  3.898  3.601  3.304  3.006  2.709  2.412  2.115  1.818  1.520  1.223  0.926  0.629  0.332 
23.052 22.742 22.431 22.121 21.811 21.501 21.192 20.883 20.574 20.265 19.957 19.648 19.341 19.033 18.725 18.418 18.111 17.805 17.498 17.192 16.886 16.580 16.275 15.970 15.665 15.360 15.055 14.751 14.447 14.143 13.839 13.536 13.233 12.930 12.627 12.324 12.022 11.720 11.417 11.116 10.814 10.512 10.211  9.910  9.609  9.308  9.007  8.707  8.406  8.106  7.806  7.506  7.206  6.906  6.607  6.307  6.008  5.709  5.409  5.110  4.811  4.512  4.214  3.915  3.616  3.318  3.019  2.721  2.422  2.124  1.825  1.527  1.229  0.930  0.632  0.334 
23.108 22.797 22.487 22.176 21.866 21.557 21.247 20.938 20.629 20.320 20.011 19.703 19.394 19.086 18.779 18.471 18.164 17.857 17.550 17.243 16.937 16.631 16.325 16.019 15.714 15.408 15.103 14.798 14.494 14.189 13.885 13.581 13.277 12.973 12.669 12.366 12.063 11.760 11.457 11.154 10.852 10.549 10.247  9.945  9.643  9.341  9.040  8.738  8.437  8.136  7.835  7.534  7.233  6.932  6.631  6.331  6.030  5.730  5.430  5.130  4.830  4.530  4.230  3.930  3.630  3.330  3.031  2.731  2.431  2.132  1.832  1.533  1.234  0.934  0.635  0.335 
23.159 22.848 22.537 22.227 21.917 21.607 21.297 20.988 20.678 20.369 20.060 19.752 19.443 19.135 18.827 18.519 18.212 17.904 17.597 17.290 16.983 16.677 16.370 16.064 15.758 15.452 15.147 14.841 14.536 14.231 13.926 13.621 13.317 13.012 12.708 12.404 12.100 11.796 11.493 11.189 10.886 10.583 10.280  9.977  9.674  9.372  9.069  8.767  8.465  8.163  7.861  7.559  7.257  6.955  6.654  6.352  6.051  5.750  5.448  5.147  4.846  4.545  4.244  3.943  3.643  3.342  3.041  2.741  2.440  2.139  1.839  1.538  1.238  0.937  0.637  0.336 
23.204 22.894 22.583 22.273 21.963 21.653 21.343 21.033 20.724 20.414 20.105 19.797 19.488 19.179 18.871 18.563 18.255 17.947 17.640 17.333 17.025 16.718 16.412 16.105 15.799 15.492 15.186 14.880 14.574 14.269 13.963 13.658 13.353 13.048 12.743 12.438 12.134 11.829 11.525 11.221 10.917 10.613 10.310 10.006  9.703  9.399  9.096  8.793  8.490  8.187  7.884  7.581  7.279  6.976  6.674  6.372  6.069  5.767  5.465  5.163  4.861  4.559  4.258  3.956  3.654  3.352  3.051  2.749  2.448  2.146  1.845  1.543  1.242  0.940  0.639  0.338 
23.246 22.935 22.625 22.314 22.004 21.694 21.384 21.074 20.765 20.456 20.146 19.837 19.528 19.220 18.911 18.603 18.295 17.987 17.679 17.371 17.064 16.756 16.449 16.142 15.835 15.529 15.222 14.916 14.609 14.303 13.997 13.692 13.386 13.080 12.775 12.470 12.165 11.860 11.555 11.250 10.946 10.641 10.337 10.032  9.728  9.424  9.120  8.817  8.513  8.209  7.906  7.602  7.299  6.996  6.692  6.389  6.086  5.783  5.481  5.178  4.875  4.572  4.270  3.967  3.664  3.362  3.060  2.757  2.455  2.152  1.850  1.548  1.245  0.943  0.641  0.339 
23.284 22.973 22.663 22.352 22.042 21.732 21.422 21.112 20.802 20.493 20.183 19.874 19.565 19.256 18.948 18.639 18.331 18.022 17.714 17.406 17.099 16.791 16.483 16.176 15.869 15.562 15.255 14.948 14.641 14.335 14.028 13.722 13.416 13.110 12.804 12.498 12.193 11.887 11.582 11.276 10.971 10.666 10.361 10.056  9.752  9.447  9.142  8.838  8.534  8.229  7.925  7.621  7.317  7.013  6.709  6.405  6.102  5.798  5.494  5.191  4.887  4.584  4.281  3.977  3.674  3.371  3.067  2.764  2.461  2.158  1.855  1.552  1.249  0.946  0.643  0.340 
23.319 23.008 22.697 22.387 22.076 21.766 21.456 21.146 20.836 20.527 20.217 19.908 19.599 19.290 18.981 18.672 18.363 18.055 17.746 17.438 17.130 16.822 16.514 16.207 15.899 15.592 15.284 14.977 14.670 14.363 14.056 13.750 13.443 13.137 12.830 12.524 12.218 11.912 11.606 11.300 10.995 10.689 10.384 10.078  9.773  9.468  9.163  8.858  8.553  8.248  7.943  7.638  7.334  7.029  6.724  6.420  6.116  5.811  5.507  5.203  4.899  4.595  4.290  3.986  3.682  3.379  3.075  2.771  2.467  2.163  1.859  1.555  1.252  0.948  0.644  0.340 
23.350 23.039 22.729 22.418 22.108 21.797 21.487 21.177 20.867 20.558 20.248 19.939 19.629 19.320 19.011 18.702 18.393 18.084 17.776 17.467 17.159 16.851 16.543 16.235 15.927 15.619 15.311 15.004 14.697 14.389 14.082 13.775 13.468 13.161 12.854 12.548 12.241 11.935 11.628 11.322 11.016 10.710 10.404 10.098  9.792  9.487  9.181  8.875  8.570  8.264  7.959  7.654  7.349  7.043  6.738  6.433  6.128  5.823  5.519  5.214  4.909  4.604  4.300  3.995  3.690  3.386  3.081  2.777  2.472  2.168  1.863  1.559  1.254  0.950  0.646  0.341 
23.379 23.068 22.757 22.447 22.136 21.826 21.516 21.206 20.896 20.586 20.276 19.966 19.657 19.348 19.038 18.729 18.420 18.111 17.802 17.494 17.185 16.877 16.568 16.260 15.952 15.644 15.336 15.028 14.720 14.413 14.105 13.798 13.491 13.183 12.876 12.569 12.262 11.955 11.649 11.342 11.035 10.729 10.422 10.116  9.810  9.504  9.198  8.892  8.586  8.280  7.974  7.668  7.362  7.057  6.751  6.445  6.140  5.834  5.529  5.224  4.918  4.613  4.308  4.003  3.697  3.392  3.087  2.782  2.477  2.172  1.867  1.562  1.257  0.952  0.647  0.342 
23.405 23.094 22.783 22.473 22.162 21.852 21.541 21.231 20.921 20.611 20.301 19.992 19.682 19.373 19.063 18.754 18.445 18.136 17.827 17.518 17.209 16.900 16.592 16.283 15.975 15.666 15.358 15.050 14.742 14.434 14.126 13.819 13.511 13.204 12.896 12.589 12.281 11.974 11.667 11.360 11.053 10.746 10.439 10.133  9.826  9.519  9.213  8.906  8.600  8.293  7.987  7.681  7.375  7.068  6.762  6.456  6.150  5.844  5.538  5.233  4.927  4.621  4.315  4.010  3.704  3.398  3.092  2.787  2.481  2.176  1.870  1.565  1.259  0.953  0.648  0.342 
23.428 23.117 22.807 22.496 22.186 21.875 21.565 21.255 20.944 20.634 20.325 20.015 19.705 19.395 19.086 18.776 18.467 18.158 17.849 17.539 17.231 16.922 16.613 16.304 15.996 15.687 15.379 15.070 14.762 14.454 14.146 13.838 13.530 13.222 12.914 12.606 12.299 11.991 11.684 11.376 11.069 10.762 10.455 10.147  9.840  9.533  9.226  8.920  8.613  8.306  7.999  7.693  7.386  7.079  6.773  6.466  6.160  5.853  5.547  5.241  4.935  4.628  4.322  4.016  3.710  3.404  3.097  2.791  2.485  2.179  1.873  1.567  1.261  0.955  0.649  0.343 
23.450 23.139 22.828 22.518 22.207 21.897 21.586 21.276 20.966 20.656 20.346 20.036 19.726 19.416 19.106 18.797 18.487 18.178 17.869 17.559 17.250 16.941 16.632 16.323 16.014 15.706 15.397 15.088 14.780 14.472 14.163 13.855 13.547 13.239 12.931 12.623 12.315 12.007 11.699 11.391 11.084 10.776 10.468 10.161  9.854  9.546  9.239  8.932  8.624  8.317  8.010  7.703  7.396  7.089  6.782  6.475  6.169  5.862  5.555  5.248  4.942  4.635  4.328  4.022  3.715  3.408  3.102  2.795  2.489  2.182  1.876  1.569  1.263  0.956  0.650  0.343 
23.469 23.158 22.848 22.537 22.226 21.916 21.605 21.295 20.985 20.675 20.365 20.055 19.745 19.435 19.125 18.815 18.506 18.196 17.887 17.577 17.268 16.959 16.650 16.341 16.032 15.723 15.414 15.105 14.796 14.488 14.179 13.871 13.562 13.254 12.945 12.637 12.329 12.021 11.713 11.405 11.097 10.789 10.481 10.173  9.866  9.558  9.250  8.943  8.635  8.328  8.020  7.713  7.405  7.098  6.791  6.484  6.176  5.869  5.562  5.255  4.948  4.641  4.334  4.027  3.720  3.413  3.106  2.799  2.492  2.185  1.878  1.571  1.265  0.958  0.651  0.344 
23.487 23.176 22.865 22.555 22.244 21.934 21.623 21.313 21.002 20.692 20.382 20.072 19.762 19.452 19.142 18.832 18.523 18.213 17.903 17.594 17.284 16.975 16.666 16.356 16.047 15.738 15.429 15.120 14.811 14.502 14.194 13.885 13.576 13.268 12.959 12.651 12.342 12.034 11.725 11.417 11.109 10.801 10.493 10.185  9.877  9.569  9.261  8.953  8.645  8.337  8.029  7.722  7.414  7.106  6.799  6.491  6.184  5.876  5.569  5.261  4.954  4.646  4.339  4.032  3.724  3.417  3.110  2.802  2.495  2.188  1.880  1.573  1.266  0.959  0.652  0.344 
23.503 23.192 22.882 22.571 22.260 21.950 21.639 21.329 21.018 20.708 20.398 20.088 19.778 19.467 19.158 18.848 18.538 18.228 17.918 17.609 17.299 16.990 16.680 16.371 16.061 15.752 15.443 15.134 14.825 14.516 14.207 13.898 13.589 13.280 12.971 12.663 12.354 12.045 11.737 11.428 11.120 10.811 10.503 10.195  9.886  9.578  9.270  8.962  8.654  8.346  8.038  7.730  7.422  7.114  6.806  6.498  6.190  5.882  5.574  5.267  4.959  4.651  4.344  4.036  3.728  3.421  3.113  2.805  2.498  2.190  1.883  1.575  1.267  0.960  0.652  0.345 
23.518 23.207 22.896 22.585 22.275 21.964 21.654 21.343 21.033 20.722 20.412 20.102 19.792 19.482 19.172 18.862 18.552 18.242 17.932 17.622 17.313 17.003 16.693 16.384 16.074 15.765 15.456 15.146 14.837 14.528 14.219 13.910 13.600 13.291 12.983 12.674 12.365 12.056 11.747 11.438 11.130 10.821 10.513 10.204  9.895  9.587  9.279  8.970  8.662  8.353  8.045  7.737  7.429  7.120  6.812  6.504  6.196  5.888  5.580  5.272  4.964  4.656  4.348  4.040  3.732  3.424  3.116  2.808  2.500  2.192  1.884  1.577  1.269  0.961  0.653  0.345 
23.531 23.220 22.910 22.599 22.288 21.977 21.667 21.356 21.046 20.736 20.425 20.115 19.805 19.494 19.184 18.874 18.564 18.254 17.944 17.635 17.325 17.015 16.705 16.396 16.086 15.776 15.467 15.158 14.848 14.539 14.229 13.920 13.611 13.302 12.993 12.684 12.375 12.066 11.757 11.448 11.139 10.830 10.521 10.212  9.904  9.595  9.286  8.978  8.669  8.361  8.052  7.744  7.435  7.127  6.818  6.510  6.201  5.893  5.585  5.276  4.968  4.660  4.352  4.043  3.735  3.427  3.119  2.811  2.502  2.194  1.886  1.578  1.270  0.962  0.654  0.345 
23.543 23.232 22.922 22.611 22.300 21.990 21.679 21.368 21.058 20.747 20.437 20.127 19.816 19.506 19.196 18.886 18.576 18.266 17.956 17.646 17.336 17.026 16.716 16.406 16.097 15.787 15.477 15.168 14.858 14.549 14.239 13.930 13.621 13.311 13.002 12.693 12.384 12.074 11.765 11.456 11.147 10.838 10.529 10.220  9.911  9.602  9.293  8.985  8.676  8.367  8.058  7.750  7.441  7.132  6.824  6.515  6.206  5.898  5.589  5.281  4.972  4.664  4.355  4.047  3.738  3.430  3.121  2.813  2.504  2.196  1.888  1.579  1.271  0.962  0.654  0.346 
23.554 23.243 22.933 22.622 22.311 22.000 21.690 21.379 21.069 20.758 20.448 20.137 19.827 19.517 19.207 18.896 18.586 18.276 17.966 17.656 17.346 17.036 16.726 16.416 16.106 15.797 15.487 15.177 14.868 14.558 14.248 13.939 13.629 13.320 13.010 12.701 12.392 12.082 11.773 11.464 11.155 10.845 10.536 10.227  9.918  9.609  9.300  8.991  8.682  8.373  8.064  7.755  7.446  7.137  6.828  6.520  6.211  5.902  5.593  5.284  4.976  4.667  4.358  4.050  3.741  3.432  3.124  2.815  2.506  2.198  1.889  1.580  1.272  0.963  0.655  0.346 
23.564 23.253 22.943 22.632 22.321 22.010 21.700 21.389 21.079 20.768 20.458 20.147 19.837 19.526 19.216 18.906 18.596 18.285 17.975 17.665 17.355 17.045 16.735 16.425 16.115 15.805 15.495 15.186 14.876 14.566 14.256 13.947 13.637 13.328 13.018 12.709 12.399 12.090 11.780 11.471 11.161 10.852 10.543 10.233  9.924  9.615  9.306  8.996  8.687  8.378  8.069  7.760  7.451  7.142  6.833  6.524  6.215  5.906  5.597  5.288  4.979  4.670  4.361  4.052  3.743  3.434  3.126  2.817  2.508  2.199  1.890  1.581  1.273  0.964  0.655  0.346 
23.573 23.263 22.952 22.641 22.330 22.020 21.709 21.398 21.088 20.777 20.467 20.156 19.846 19.535 19.225 18.915 18.604 18.294 17.984 17.674 17.363 17.053 16.743 16.433 16.123 15.813 15.503 15.193 14.884 14.574 14.264 13.954 13.644 13.335 13.025 12.715 12.406 12.096 11.787 11.477 11.167 10.858 10.549 10.239  9.930  9.620  9.311  9.002  8.692  8.383  8.074  7.764  7.455  7.146  6.837  6.528  6.218  5.909  5.600  5.291  4.982  4.673  4.364  4.055  3.746  3.437  3.127  2.818  2.509  2.200  1.891  1.582  1.273  0.964  0.655  0.346 
23.582 23.271 22.960 22.649 22.338 22.028 21.717 21.406 21.096 20.785 20.475 20.164 19.854 19.543 19.233 18.922 18.612 18.302 17.991 17.681 17.371 17.061 16.751 16.441 16.131 15.820 15.510 15.200 14.890 14.581 14.271 13.961 13.651 13.341 13.031 12.722 12.412 12.102 11.792 11.483 11.173 10.863 10.554 10.244  9.935  9.625  9.316  9.006  8.697  8.387  8.078  7.769  7.459  7.150  6.840  6.531  6.222  5.912  5.603  5.294  4.985  4.675  4.366  4.057  3.748  3.438  3.129  2.820  2.511  2.202  1.892  1.583  1.274  0.965  0.656  0.347 
23.589 23.278 22.968 22.657 22.346 22.035 21.725 21.414 21.103 20.793 20.482 20.171 19.861 19.550 19.240 18.930 18.619 18.309 17.999 17.688 17.378 17.068 16.757 16.447 16.137 15.827 15.517 15.207 14.897 14.587 14.277 13.967 13.657 13.347 13.037 12.727 12.417 12.108 11.798 11.488 11.178 10.868 10.559 10.249  9.939  9.630  9.320  9.011  8.701  8.391  8.082  7.772  7.463  7.153  6.844  6.534  6.225  5.915  5.606  5.296  4.987  4.678  4.368  4.059  3.749  3.440  3.131  2.821  2.512  2.203  1.893  1.584  1.275  0.965  0.656  0.347 
23.596 23.285 22.974 22.664 22.353 22.042 21.731 21.421 21.110 20.799 20.489 20.178 19.868 19.557 19.247 18.936 18.626 18.315 18.005 17.695 17.384 17.074 16.764 16.453 16.143 15.833 15.523 15.213 14.903 14.592 14.282 13.972 13.662 13.352 13.042 12.732 12.422 12.112 11.803 11.493 11.183 10.873 10.563 10.253  9.944  9.634  9.324  9.014  8.705  8.395  8.085  7.776  7.466  7.156  6.847  6.537  6.228  5.918  5.608  5.299  4.989  4.680  4.370  4.061  3.751  3.442  3.132  2.823  2.513  2.204  1.894  1.585  1.275  0.966  0.656  0.347 
23.602 23.291 22.981 22.670 22.359 22.048 21.737 21.427 21.116 20.805 20.495 20.184 19.874 19.563 19.253 18.942 18.632 18.321 18.011 17.700 17.390 17.080 16.769 16.459 16.149 15.838 15.528 15.218 14.908 14.598 14.287 13.977 13.667 13.357 13.047 12.737 12.427 12.117 11.807 11.497 11.187 10.877 10.567 10.257  9.947  9.638  9.328  9.018  8.708  8.398  8.089  7.779  7.469  7.159  6.849  6.540  6.230  5.920  5.611  5.301  4.991  4.682  4.372  4.062  3.753  3.443  3.133  2.824  2.514  2.205  1.895  1.585  1.276  0.966  0.657  0.347 
23.608 23.297 22.986 22.675 22.365 22.054 21.743 21.432 21.122 20.811 20.500 20.190 19.879 19.569 19.258 18.947 18.637 18.326 18.016 17.705 17.395 17.085 16.774 16.464 16.154 15.843 15.533 15.223 14.912 14.602 14.292 13.982 13.672 13.361 13.051 12.741 12.431 12.121 11.811 11.501 11.191 10.881 10.571 10.261  9.951  9.641  9.331  9.021  8.711  8.401  8.091  7.782  7.472  7.162  6.852  6.542  6.232  5.923  5.613  5.303  4.993  4.683  4.374  4.064  3.754  3.444  3.135  2.825  2.515  2.205  1.896  1.586  1.276  0.967  0.657  0.347 
23.613 23.302 22.991 22.681 22.370 22.059 21.748 21.437 21.127 20.816 20.505 20.195 19.884 19.573 19.263 18.952 18.642 18.331 18.021 17.710 17.400 17.089 16.779 16.468 16.158 15.848 15.537 15.227 14.917 14.606 14.296 13.986 13.676 13.365 13.055 12.745 12.435 12.125 11.815 11.504 11.194 10.884 10.574 10.264  9.954  9.644  9.334  9.024  8.714  8.404  8.094  7.784  7.474  7.164  6.854  6.544  6.234  5.924  5.615  5.305  4.995  4.685  4.375  4.065  3.755  3.445  3.136  2.826  2.516  2.206  1.896  1.586  1.277  0.967  0.657  0.347 
23.618 23.307 22.996 22.685 22.374 22.064 21.753 21.442 21.131 20.821 20.510 20.199 19.889 19.578 19.267 18.957 18.646 18.336 18.025 17.715 17.404 17.094 16.783 16.473 16.162 15.852 15.541 15.231 14.921 14.610 14.300 13.990 13.679 13.369 13.059 12.749 12.438 12.128 11.818 11.508 11.198 10.887 10.577 10.267  9.957  9.647  9.337  9.027  8.717  8.406  8.096  7.786  7.476  7.166  6.856  6.546  6.236  5.926  5.616  5.306  4.996  4.686  4.376  4.066  3.756  3.447  3.137  2.827  2.517  2.207  1.897  1.587  1.277  0.967  0.657  0.347 
23.622 23.311 23.000 22.689 22.379 22.068 21.757 21.446 21.136 20.825 20.514 20.203 19.893 19.582 19.271 18.961 18.650 18.340 18.029 17.718 17.408 17.097 16.787 16.476 16.166 15.855 15.545 15.235 14.924 14.614 14.303 13.993 13.683 13.372 13.062 12.752 12.441 12.131 11.821 11.511 11.200 10.890 10.580 10.270  9.960  9.649  9.339  9.029  8.719  8.409  8.099  7.788  7.478  7.168  6.858  6.548  6.238  5.928  5.618  5.308  4.998  4.688  4.378  4.068  3.758  3.448  3.137  2.827  2.517  2.207  1.897  1.587  1.277  0.967  0.657  0.347 
23.626 23.315 23.004 22.693 22.382 22.072 21.761 21.450 21.139 20.829 20.518 20.207 19.896 19.586 19.275 18.964 18.654 18.343 18.033 17.722 17.411 17.101 16.790 16.480 16.169 15.859 15.548 15.238 14.927 14.617 14.307 13.996 13.686 13.375 13.065 12.755 12.444 12.134 11.824 11.513 11.203 10.893 10.582 10.272  9.962  9.652  9.341  9.031  8.721  8.411  8.101  7.790  7.480  7.170  6.860  6.550  6.240  5.929  5.619  5.309  4.999  4.689  4.379  4.069  3.758  3.448  3.138  2.828  2.518  2.208  1.898  1.588  1.278  0.968  0.658  0.347 
23.629 23.318 23.008 22.697 22.386 22.075 21.764 21.454 21.143 20.832 20.521 20.211 19.900 19.589 19.278 18.968 18.657 18.347 18.036 17.725 17.415 17.104 16.794 16.483 16.172 15.862 15.551 15.241 14.930 14.620 14.309 13.999 13.689 13.378 13.068 12.757 12.447 12.136 11.826 11.516 11.205 10.895 10.585 10.274  9.964  9.654  9.343  9.033  8.723  8.413  8.102  7.792  7.482  7.172  6.861  6.551  6.241  5.931  5.620  5.310  5.000  4.690  4.380  4.070  3.759  3.449  3.139  2.829  2.519  2.208  1.898  1.588  1.278  0.968  0.658  0.347 
23.633 23.322 23.011 22.700 22.389 22.078 21.767 21.457 21.146 20.835 20.524 20.214 19.903 19.592 19.282 18.971 18.660 18.349 18.039 17.728 17.418 17.107 16.796 16.486 16.175 15.865 15.554 15.244 14.933 14.623 14.312 14.002 13.691 13.381 13.070 12.760 12.449 12.139 11.828 11.518 11.208 10.897 10.587 10.276  9.966  9.656  9.345  9.035  8.725  8.414  8.104  7.794  7.483  7.173  6.863  6.552  6.242  5.932  5.622  5.311  5.001  4.691  4.381  4.070  3.760  3.450  3.140  2.829  2.519  2.209  1.899  1.588  1.278  0.968  0.658  0.348 
23.635 23.325 23.014 22.703 22.392 22.081 21.770 21.460 21.149 20.838 20.527 20.216 19.906 19.595 19.284 18.974 18.663 18.352 18.042 17.731 17.420 17.110 16.799 16.488 16.178 15.867 15.557 15.246 14.935 14.625 14.314 14.004 13.693 13.383 13.072 12.762 12.451 12.141 11.830 11.520 11.210 10.899 10.589 10.278  9.968  9.657  9.347  9.037  8.726  8.416  8.105  7.795  7.485  7.174  6.864  6.554  6.243  5.933  5.623  5.312  5.002  4.692  4.381  4.071  3.761  3.451  3.140  2.830  2.520  2.209  1.899  1.589  1.278  0.968  0.658  0.348 
23.638 23.327 23.016 22.705 22.395 22.084 21.773 21.462 21.151 20.841 20.530 20.219 19.908 19.598 19.287 18.976 18.665 18.355 18.044 17.733 17.423 17.112 16.801 16.491 16.180 15.869 15.559 15.248 14.938 14.627 14.317 14.006 13.695 13.385 13.074 12.764 12.453 12.143 11.832 11.522 11.211 10.901 10.590 10.280  9.969  9.659  9.349  9.038  8.728  8.417  8.107  7.796  7.486  7.176  6.865  6.555  6.244  5.934  5.624  5.313  5.003  4.693  4.382  4.072  3.761  3.451  3.141  2.830  2.520  2.210  1.899  1.589  1.279  0.968  0.658  0.348 
23.640 23.330 23.019 22.708 22.397 22.086 21.775 21.465 21.154 20.843 20.532 20.221 19.911 19.600 19.289 18.978 18.668 18.357 18.046 17.736 17.425 17.114 16.803 16.493 16.182 15.872 15.561 15.250 14.940 14.629 14.318 14.008 13.697 13.387 13.076 12.766 12.455 12.144 11.834 11.523 11.213 10.902 10.592 10.281  9.971  9.660  9.350  9.039  8.729  8.418  8.108  7.798  7.487  7.177  6.866  6.556  6.245  5.935  5.625  5.314  5.004  4.693  4.383  4.072  3.762  3.452  3.141  2.831  2.520  2.210  1.900  1.589  1.279  0.968  0.658  0.348 
23.643 23.332 23.021 22.710 22.399 22.088 21.778 21.467 21.156 20.845 20.534 20.223 19.913 19.602 19.291 18.980 18.670 18.359 18.048 17.738 17.427 17.116 16.805 16.495 16.184 15.873 15.563 15.252 14.941 14.631 14.320 14.010 13.699 13.388 13.078 12.767 12.457 12.146 11.835 11.525 11.214 10.904 10.593 10.283  9.972  9.662  9.351  9.041  8.730  8.420  8.109  7.799  7.488  7.178  6.867  6.557  6.246  5.936  5.625  5.315  5.004  4.694  4.383  4.073  3.763  3.452  3.142  2.831  2.521  2.210  1.900  1.589  1.279  0.969  0.658  0.348 
23.645 23.334 23.023 22.712 22.401 22.090 21.779 21.469 21.158 20.847 20.536 20.225 19.915 19.604 19.293 18.982 18.672 18.361 18.050 17.739 17.429 17.118 16.807 16.497 16.186 15.875 15.564 15.254 14.943 14.632 14.322 14.011 13.701 13.390 13.079 12.769 12.458 12.147 11.837 11.526 11.216 10.905 10.595 10.284  9.973  9.663  9.352  9.042  8.731  8.421  8.110  7.800  7.489  7.179  6.868  6.558  6.247  5.937  5.626  5.316  5.005  4.695  4.384  4.074  3.763  3.453  3.142  2.832  2.521  2.211  1.900  1.590  1.279  0.969  0.658  0.348 
23.646 23.336 23.025 22.714 22.403 22.092 21.781 21.470 21.160 20.849 20.538 20.227 19.916 19.606 19.295 18.984 18.673 18.363 18.052 17.741 17.430 17.120 16.809 16.498 16.187 15.877 15.566 15.255 14.945 14.634 14.323 14.013 13.702 13.391 13.081 12.770 12.459 12.149 11.838 11.528 11.217 10.906 10.596 10.285  9.975  9.664  9.353  9.043  8.732  8.422  8.111  7.800  7.490  7.179  6.869  6.558  6.248  5.937  5.627  5.316  5.006  4.695  4.385  4.074  3.763  3.453  3.142  2.832  2.521  2.211  1.900  1.590  1.279  0.969  0.658  0.348 
23.648 23.337 23.026 22.715 22.405 22.094 21.783 21.472 21.161 20.850 20.540 20.229 19.918 19.607 19.296 18.986 18.675 18.364 18.053 17.743 17.432 17.121 16.810 16.500 16.189 15.878 15.567 15.257 14.946 14.635 14.325 14.014 13.703 13.393 13.082 12.771 12.461 12.150 11.839 11.529 11.218 10.907 10.597 10.286  9.976  9.665  9.354  9.044  8.733  8.422  8.112  7.801  7.491  7.180  6.870  6.559  6.248  5.938  5.627  5.317  5.006  4.696  4.385  4.074  3.764  3.453  3.143  2.832  2.522  2.211  1.901  1.590  1.279  0.969  0.658  0.348 
23.649 23.339 23.028 22.717 22.406 22.095 21.784 21.473 21.163 20.852 20.541 20.230 19.919 19.609 19.298 18.987 18.676 18.365 18.055 17.744 17.433 17.122 16.812 16.501 16.190 15.879 15.569 15.258 14.947 14.637 14.326 14.015 13.704 13.394 13.083 12.772 12.462 12.151 11.840 11.530 11.219 10.908 10.598 10.287  9.976  9.666  9.355  9.045  8.734  8.423  8.113  7.802  7.491  7.181  6.870  6.560  6.249  5.938  5.628  5.317  5.007  4.696  4.385  4.075  3.764  3.454  3.143  2.832  2.522  2.211  1.901  1.590  1.280  0.969  0.658  0.348 
23.651 23.340 23.029 22.718 22.407 22.096 21.786 21.475 21.164 20.853 20.542 20.231 19.921 19.610 19.299 18.988 18.677 18.367 18.056 17.745 17.434 17.124 16.813 16.502 16.191 15.881 15.570 15.259 14.948 14.638 14.327 14.016 13.705 13.395 13.084 12.773 12.463 12.152 11.841 11.531 11.220 10.909 10.599 10.288  9.977  9.667  9.356  9.045  8.735  8.424  8.113  7.803  7.492  7.181  6.871  6.560  6.250  5.939  5.628  5.318  5.007  4.696  4.386  4.075  3.765  3.454  3.143  2.833  2.522  2.211  1.901  1.590  1.280  0.969  0.658  0.348 
23.652 23.341 23.030 22.719 22.409 22.098 21.787 21.476 21.165 20.854 20.544 20.233 19.922 19.611 19.300 18.989 18.679 18.368 18.057 17.746 17.435 17.125 16.814 16.503 16.192 15.882 15.571 15.260 14.949 14.639 14.328 14.017 13.706 13.396 13.085 12.774 12.464 12.153 11.842 11.531 11.221 10.910 10.599 10.289  9.978  9.667  9.357  9.046  8.735  8.425  8.114  7.803  7.493  7.182  6.871  6.561  6.250  5.939  5.629  5.318  5.007  4.697  4.386  4.075  3.765  3.454  3.144  2.833  2.522  2.212  1.901  1.590  1.280  0.969  0.658  0.348 
23.653 23.342 23.031 22.721 22.410 22.099 21.788 21.477 21.166 20.855 20.545 20.234 19.923 19.612 19.301 18.990 18.680 18.369 18.058 17.747 17.436 17.126 16.815 16.504 16.193 15.883 15.572 15.261 14.950 14.640 14.329 14.018 13.707 13.397 13.086 12.775 12.464 12.154 11.843 11.532 11.221 10.911 10.600 10.289  9.979  9.668  9.357  9.047  8.736  8.425  8.114  7.804  7.493  7.182  6.872  6.561  6.250  5.940  5.629  5.318  5.008  4.697  4.386  4.076  3.765  3.454  3.144  2.833  2.522  2.212  1.901  1.590  1.280  0.969  0.659  0.348 
23.654 23.343 23.032 22.722 22.411 22.100 21.789 21.478 21.167 20.856 20.546 20.235 19.924 19.613 19.302 18.991 18.681 18.370 18.059 17.748 17.437 17.127 16.816 16.505 16.194 15.883 15.573 15.262 14.951 14.640 14.330 14.019 13.708 13.397 13.087 12.776 12.465 12.154 11.844 11.533 11.222 10.911 10.601 10.290  9.979  9.669  9.358  9.047  8.736  8.426  8.115  7.804  7.494  7.183  6.872  6.562  6.251  5.940  5.629  5.319  5.008  4.697  4.387  4.076  3.765  3.455  3.144  2.833  2.523  2.212  1.901  1.591  1.280  0.969  0.659  0.348 
23.655 23.344 23.033 22.722 22.412 22.101 21.790 21.479 21.168 20.857 20.546 20.236 19.925 19.614 19.303 18.992 18.681 18.371 18.060 17.749 17.438 17.127 16.817 16.506 16.195 15.884 15.573 15.263 14.952 14.641 14.330 14.020 13.709 13.398 13.087 12.777 12.466 12.155 11.844 11.534 11.223 10.912 10.601 10.291  9.980  9.669  9.358  9.048  8.737  8.426  8.115  7.805  7.494  7.183  6.873  6.562  6.251  5.940  5.630  5.319  5.008  4.698  4.387  4.076  3.766  3.455  3.144  2.833  2.523  2.212  1.901  1.591  1.280  0.969  0.659  0.348 
23.656 23.345 23.034 22.723 22.412 22.102 21.791 21.480 21.169 20.858 20.547 20.236 19.926 19.615 19.304 18.993 18.682 18.371 18.061 17.750 17.439 17.128 16.817 16.507 16.196 15.885 15.574 15.263 14.953 14.642 14.331 14.020 13.709 13.399 13.088 12.777 12.466 12.156 11.845 11.534 11.223 10.913 10.602 10.291  9.980  9.670  9.359  9.048  8.737  8.427  8.116  7.805  7.494  7.184  6.873  6.562  6.251  5.941  5.630  5.319  5.009  4.698  4.387  4.076  3.766  3.455  3.144  2.834  2.523  2.212  1.901  1.591  1.280  0.969  0.659  0.348 
23.657 23.346 23.035 22.724 22.413 22.102 21.791 21.481 21.170 20.859 20.548 20.237 19.926 19.615 19.305 18.994 18.683 18.372 18.061 17.750 17.440 17.129 16.818 16.507 16.196 15.886 15.575 15.264 14.953 14.642 14.332 14.021 13.710 13.399 13.088 12.778 12.467 12.156 11.845 11.535 11.224 10.913 10.602 10.292  9.981  9.670  9.359  9.049  8.738  8.427  8.116  7.806  7.495  7.184  6.873  6.563  6.252  5.941  5.630  5.320  5.009  4.698  4.387  4.077  3.766  3.455  3.144  2.834  2.523  2.212  1.902  1.591  1.280  0.969  0.659  0.348 
23.657 23.346 23.036 22.725 22.414 22.103 21.792 21.481 21.170 20.860 20.549 20.238 19.927 19.616 19.305 18.994 18.684 18.373 18.062 17.751 17.440 17.129 16.819 16.508 16.197 15.886 15.575 15.265 14.954 14.643 14.332 14.021 13.711 13.400 13.089 12.778 12.467 12.157 11.846 11.535 11.224 10.914 10.603 10.292  9.981  9.670  9.360  9.049  8.738  8.427  8.117  7.806  7.495  7.184  6.874  6.563  6.252  5.941  5.631  5.320  5.009  4.698  4.388  4.077  3.766  3.455  3.145  2.834  2.523  2.212  1.902  1.591  1.280  0.969  0.659  0.348 
23.658 23.347 23.036 22.725 22.414 22.104 21.793 21.482 21.171 20.860 20.549 20.238 19.928 19.617 19.306 18.995 18.684 18.373 18.063 17.752 17.441 17.130 16.819 16.508 16.198 15.887 15.576 15.265 14.954 14.643 14.333 14.022 13.711 13.400 13.089 12.779 12.468 12.157 11.846 11.535 11.225 10.914 10.603 10.292  9.982  9.671  9.360  9.049  8.738  8.428  8.117  7.806  7.495  7.185  6.874  6.563  6.252  5.942  5.631  5.320  5.009  4.698  4.388  4.077  3.766  3.455  3.145  2.834  2.523  2.212  1.902  1.591  1.280  0.969  0.659  0.348 
23.659 23.348 23.037 22.726 22.415 22.104 21.793 21.482 21.172 20.861 20.550 20.239 19.928 19.617 19.306 18.996 18.685 18.374 18.063 17.752 17.441 17.131 16.820 16.509 16.198 15.887 15.576 15.266 14.955 14.644 14.333 14.022 13.711 13.401 13.090 12.779 12.468 12.157 11.847 11.536 11.225 10.914 10.603 10.293  9.982  9.671  9.360  9.050  8.739  8.428  8.117  7.806  7.496  7.185  6.874  6.563  6.253  5.942  5.631  5.320  5.009  4.699  4.388  4.077  3.766  3.456  3.145  2.834  2.523  2.212  1.902  1.591  1.280  0.969  0.659  0.348 
23.659 23.348 23.037 22.726 22.416 22.105 21.794 21.483 21.172 20.861 20.550 20.239 19.929 19.618 19.307 18.996 18.685 18.374 18.064 17.753 17.442 17.131 16.820 16.509 16.198 15.888 15.577 15.266 14.955 14.644 14.334 14.023 13.712 13.401 13.090 12.779 12.469 12.158 11.847 11.536 11.225 10.915 10.604 10.293  9.982  9.671  9.361  9.050  8.739  8.428  8.117  7.807  7.496  7.185  6.874  6.563  6.253  5.942  5.631  5.320  5.010  4.699  4.388  4.077  3.766  3.456  3.145  2.834  2.523  2.213  1.902  1.591  1.280  0.969  0.659  0.348 
23.659 23.349 23.038 22.727 22.416 22.105 21.794 21.483 21.172 20.862 20.551 20.240 19.929 19.618 19.307 18.996 18.686 18.375 18.064 17.753 17.442 17.131 16.821 16.510 16.199 15.888 15.577 15.266 14.956 14.645 14.334 14.023 13.712 13.401 13.091 12.780 12.469 12.158 11.847 11.537 11.226 10.915 10.604 10.293  9.982  9.672  9.361  9.050  8.739  8.428  8.118  7.807  7.496  7.185  6.874  6.564  6.253  5.942  5.631  5.320  5.010  4.699  4.388  4.077  3.766  3.456  3.145  2.834  2.523  2.213  1.902  1.591  1.280  0.969  0.659  0.348 
23.660 23.349 23.038 22.727 22.416 22.106 21.795 21.484 21.173 20.862 20.551 20.240 19.929 19.619 19.308 18.997 18.686 18.375 18.064 17.753 17.443 17.132 16.821 16.510 16.199 15.888 15.578 15.267 14.956 14.645 14.334 14.023 13.713 13.402 13.091 12.780 12.469 12.158 11.848 11.537 11.226 10.915 10.604 10.294  9.983  9.672  9.361  9.050  8.739  8.429  8.118  7.807  7.496  7.185  6.875  6.564  6.253  5.942  5.631  5.321  5.010  4.699  4.388  4.077  3.767  3.456  3.145  2.834  2.523  2.213  1.902  1.591  1.280  0.969  0.659  0.348 
23.660 23.349 23.039 22.728 22.417 22.106 21.795 21.484 21.173 20.862 20.552 20.241 19.930 19.619 19.308 18.997 18.686 18.376 18.065 17.754 17.443 17.132 16.821 16.510 16.200 15.889 15.578 15.267 14.956 14.645 14.335 14.024 13.713 13.402 13.091 12.780 12.470 12.159 11.848 11.537 11.226 10.915 10.605 10.294  9.983  9.672  9.361  9.050  8.740  8.429  8.118  7.807  7.496  7.186  6.875  6.564  6.253  5.942  5.631  5.321  5.010  4.699  4.388  4.077  3.767  3.456  3.145  2.834  2.523  2.212  1.902  1.591  1.280  0.969  0.658  0.348 
23.661 23.350 23.039 22.728 22.417 22.106 21.795 21.484 21.174 20.863 20.552 20.241 19.930 19.619 19.308 18.998 18.687 18.376 18.065 17.754 17.443 17.132 16.822 16.511 16.200 15.889 15.578 15.267 14.956 14.646 14.335 14.024 13.713 13.402 13.091 12.781 12.470 12.159 11.848 11.537 11.226 10.916 10.605 10.294  9.983  9.672  9.361  9.051  8.740  8.429  8.118  7.807  7.496  7.186  6.875  6.564  6.253  5.942  5.631  5.321  5.010  4.699  4.388  4.077  3.767  3.456  3.145  2.834  2.523  2.212  1.902  1.591  1.280  0.969  0.658  0.347 
23.661 23.350 23.039 22.728 22.417 22.106 21.796 21.485 21.174 20.863 20.552 20.241 19.930 19.620 19.309 18.998 18.687 18.376 18.065 17.754 17.444 17.133 16.822 16.511 16.200 15.889 15.578 15.268 14.957 14.646 14.335 14.024 13.713 13.402 13.092 12.781 12.470 12.159 11.848 11.537 11.227 10.916 10.605 10.294  9.983  9.672  9.362  9.051  8.740  8.429  8.118  7.807  7.497  7.186  6.875  6.564  6.253  5.942  5.632  5.321  5.010  4.699  4.388  4.077  3.767  3.456  3.145  2.834  2.523  2.212  1.901  1.591  1.280  0.969  0.658  0.347 
23.661 23.350 23.039 22.729 22.418 22.107 21.796 21.485 21.174 20.863 20.552 20.242 19.931 19.620 19.309 18.998 18.687 18.376 18.065 17.755 17.444 17.133 16.822 16.511 16.200 15.889 15.578 15.267 14.956 14.645 14.334 14.023 13.711 13.400 13.088 12.777 12.464 12.152 11.839 11.526 11.213 10.898 10.583 10.267  9.951  9.632  9.313  8.991  8.668  8.343  8.015  7.685  7.351  7.014  6.674  6.329  5.980  5.626  5.267  4.903  4.533  4.156  3.773  3.382  2.982  2.571  2.146  1.705  1.244  0.762  0.265 -0.267 -0.729 -1.196 -1.668 -2.140 
23.651 23.340 23.029 22.718 22.406 22.094 21.783 21.470 21.158 20.846 20.533 20.220 19.907 19.593 19.279 18.965 18.650 18.335 18.019 17.703 17.387 17.070 16.752 16.434 16.115 15.795 15.475 15.154 14.832 14.509 14.185 13.860 13.534 13.207 12.879 12.549 12.219 11.887 11.554 11.220 10.884 10.547 10.209  9.869  9.528  9.185  8.842  8.497  8.151  7.804  7.455  7.106  6.756  6.404  6.052  5.700  5.347  4.993  4.639  4.285  3.931  3.577  3.223  2.869  2.515  2.162  1.809  1.457  1.106  0.755  0.404  0.055 -0.126 -0.178 -0.203 -0.200 
23.571 23.260 22.949 22.636 22.324 22.011 21.697 21.383 21.068 20.753 20.438 20.122 19.805 19.488 19.170 18.852 18.533 18.214 17.894 17.573 17.252 16.931 16.609 16.286 15.963 15.639 15.315 14.990 14.665 14.339 14.013 13.686 13.359 13.031 12.703 12.375 12.046 11.717 11.388 11.058 10.729 10.399 10.069  9.739  9.409  9.079  8.749  8.420  8.091  7.762  7.434  7.106  6.778  6.451  6.125  5.800  5.476  5.153  4.831  4.510  4.191  3.873  3.558  3.245  2.935  2.628  2.323  2.023  1.726  1.432  1.142  0.854  0.570  0.287  0.005 -0.200 
23.461 23.150 22.838 22.526 22.214 21.901 21.588 21.274 20.960 20.645 20.330 20.015 19.699 19.383 19.066 18.749 18.432 18.114 17.796 17.478 17.159 16.840 16.521 16.202 15.882 15.562 15.242 14.922 14.601 14.281 13.960 13.639 13.319 12.998 12.677 12.356 12.035 11.715 11.394 11.073 10.753 10.433 10.113  9.793  9.473  9.154  8.835  8.516  8.198  7.880  7.562  7.245  6.928  6.611  6.295  5.979  5.664  5.349  5.035  4.720  4.407  4.093  3.780  3.467  3.155  2.843  2.531  2.220  1.909  1.598  1.287  0.977  0.666  0.356  0.046 -0.200 
23.380 23.069 22.758 22.446 22.135 21.822 21.510 21.197 20.884 20.571 20.258 19.944 19.630 19.316 19.001 18.687 18.372 18.057 17.742 17.426 17.110 16.795 16.479 16.162 15.846 15.530 15.213 14.897 14.580 14.263 13.946 13.629 13.312 12.995 12.678 12.361 12.044 11.727 11.410 11.093 10.776 10.459 10.142  9.826  9.509  9.192  8.876  8.559  8.243  7.926  7.610  7.294  6.978  6.662  6.346  6.031  5.715  5.400  5.084  4.769  4.454  4.139  3.824  3.509  3.195  2.880  2.565  2.251  1.937  1.622  1.308  0.994  0.679  0.365  0.051 -0.200 
23.330 23.019 22.708 22.396 22.085 21.773 21.461 21.149 20.837 20.525 20.212 19.899 19.587 19.273 18.960 18.647 18.333 18.020 17.706 17.392 17.078 16.764 16.450 16.135 15.821 15.506 15.191 14.876 14.561 14.246 13.931 13.616 13.301 12.986 12.670 12.355 12.040 11.724 11.409 11.093 10.778 10.462 10.146  9.831  9.515  9.200  8.884  8.568  8.253  7.937  7.622  7.306  6.990  6.675  6.359  6.044  5.728  5.413  5.097  4.782  4.466  4.151  3.836  3.520  3.205  2.890  2.574  2.259  1.944  1.628  1.313  0.998  0.683  0.368  0.052 -0.200 
23.296 22.985 22.674 22.362 22.051 21.739 21.428 21.116 20.804 20.492 20.180 19.868 19.556 19.243 18.931 18.618 18.305 17.992 17.679 17.366 17.053 16.739 16.426 16.112 15.799 15.485 15.171 14.857 14.543 14.229 13.915 13.601 13.286 12.972 12.657 12.343 12.028 11.714 11.399 11.084 10.770 10.455 10.140  9.825  9.510  9.195  8.880  8.565  8.250  7.935  7.620  7.304  6.989  6.674  6.359  6.044  5.728  5.413  5.098  4.783  4.467  4.152  3.837  3.521  3.206  2.891  2.575  2.260  1.945  1.629  1.314  0.999  0.683  0.368  0.053 -0.200 
23.269 22.958 22.647 22.336 22.025 21.714 21.402 21.091 20.779 20.467 20.155 19.843 19.531 19.219 18.907 18.594 18.282 17.969 17.657 17.344 17.031 16.718 16.405 16.092 15.779 15.466 15.152 14.839 14.526 14.212 13.898 13.585 13.271 12.957 12.643 12.329 12.015 11.701 11.387 11.073 10.758 10.444 10.130  9.815  9.501  9.186  8.872  8.557  8.242  7.928  7.613  7.298  6.983  6.668  6.354  6.039  5.724  5.409  5.094  4.779  4.464  4.149  3.834  3.519  3.204  2.889  2.574  2.258  1.943  1.628  1.313  0.998  0.683  0.368  0.052 -0.200 
23.248 22.937 22.626 22.315 22.003 21.692 21.381 21.069 20.758 20.446 20.134 19.823 19.511 19.199 18.887 18.575 18.262 17.950 17.638 17.325 17.013 16.700 16.387 16.074 15.762 15.449 15.136 14.822 14.509 14.196 13.883 13.569 13.256 12.942 12.629 12.315 12.002 11.688 11.374 11.060 10.746 10.432 10.118  9.804  9.490  9.176  8.862  8.548  8.233  7.919  7.605  7.290  6.976  6.661  6.347  6.032  5.718  5.403  5.088  4.774  4.459  4.144  3.830  3.515  3.200  2.886  2.571  2.256  1.941  1.626  1.312  0.997  0.682  0.367  0.052 -0.200 
23.229 22.918 22.607 22.296 21.985 21.674 21.362 21.051 20.739 20.428 20.116 19.804 19.493 19.181 18.869 18.557 18.245 17.933 17.620 17.308 16.996 16.683 16.371 16.058 15.746 15.433 15.120 14.807 14.494 14.181 13.868 13.555 13.242 12.929 12.616 12.302 11.989 11.675 11.362 11.048 10.735 10.421 10.108  9.794  9.480  9.166  8.852  8.538  8.224  7.910  7.596  7.282  6.968  6.654  6.340  6.026  5.711  5.397  5.083  4.769  4.454  4.140  3.826  3.511  3.197  2.882  2.568  2.253  1.939  1.624  1.310  0.995  0.681  0.366  0.052 -0.200 
23.212 22.901 22.590 22.279 21.968 21.657 21.346 21.034 20.723 20.411 20.100 19.788 19.477 19.165 18.853 18.541 18.229 17.917 17.605 17.293 16.981 16.668 16.356 16.044 15.731 15.419 15.106 14.794 14.481 14.168 13.855 13.542 13.229 12.916 12.603 12.290 11.977 11.664 11.351 11.037 10.724 10.411 10.097  9.784  9.470  9.157  8.843  8.530  8.216  7.902  7.588  7.275  6.961  6.647  6.333  6.019  5.705  5.391  5.077  4.763  4.449  4.135  3.821  3.507  3.193  2.879  2.565  2.251  1.937  1.623  1.308  0.994  0.680  0.366  0.052 -0.200 
23.197 22.886 22.575 22.264 21.953 21.642 21.331 21.020 20.708 20.397 20.085 19.774 19.462 19.151 18.839 18.527 18.215 17.903 17.591 17.279 16.967 16.655 16.343 16.031 15.718 15.406 15.094 14.781 14.469 14.156 13.843 13.531 13.218 12.905 12.592 12.279 11.966 11.654 11.341 11.027 10.714 10.401 10.088  9.775  9.462  9.148  8.835  8.522  8.208  7.895  7.581  7.268  6.954  6.641  6.327  6.013  5.700  5.386  5.072  4.759  4.445  4.131  3.818  3.504  3.190  2.876  2.562  2.248  1.935  1.621  1.307  0.993  0.679  0.365  0.051 -0.200 
23.184 22.873 22.562 22.251 21.940 21.629 21.317 21.006 20.695 20.384 20.072 19.761 19.449 19.138 18.826 18.514 18.202 17.891 17.579 17.267 16.955 16.643 16.331 16.019 15.707 15.394 15.082 14.770 14.457 14.145 13.832 13.520 13.207 12.895 12.582 12.269 11.957 11.644 11.331 11.018 10.705 10.393 10.080  9.767  9.453  9.140  8.827  8.514  8.201  7.888  7.575  7.261  6.948  6.635  6.321  6.008  5.695  5.381  5.068  4.754  4.441  4.127  3.814  3.500  3.187  2.873  2.560  2.246  1.933  1.619  1.306  0.992  0.678  0.365  0.051 -0.200 
23.172 22.861 22.550 22.239 21.928 21.617 21.305 20.994 20.683 20.372 20.060 19.749 19.437 19.126 18.814 18.503 18.191 17.879 17.567 17.256 16.944 16.632 16.320 16.008 15.696 15.384 15.072 14.759 14.447 14.135 13.823 13.510 13.198 12.885 12.573 12.260 11.948 11.635 11.323 11.010 10.697 10.385 10.072  9.759  9.446  9.133  8.820  8.507  8.195  7.882  7.569  7.256  6.942  6.629  6.316  6.003  5.690  5.377  5.064  4.750  4.437  4.124  3.811  3.497  3.184  2.871  2.558  2.244  1.931  1.618  1.304  0.991  0.678  0.364  0.051 -0.200 
23.161 22.850 22.539 22.228 21.917 21.606 21.294 20.983 20.672 20.361 20.049 19.738 19.427 19.115 18.804 18.492 18.181 17.869 17.557 17.245 16.934 16.622 16.310 15.998 15.686 15.374 15.062 14.750 14.438 14.126 13.814 13.502 13.189 12.877 12.565 12.252 11.940 11.627 11.315 11.002 10.690 10.377 10.065  9.752  9.440  9.127  8.814  8.501  8.189  7.876  7.563  7.250  6.937  6.625  6.312  5.999  5.686  5.373  5.060  4.747  4.434  4.121  3.808  3.495  3.182  2.869  2.556  2.243  1.929  1.616  1.303  0.990  0.677  0.364  0.051 -0.200 
23.151 22.840 22.529 22.218 21.907 21.596 21.285 20.973 20.662 20.351 20.040 19.728 19.417 19.106 18.794 18.483 18.171 17.860 17.548 17.236 16.925 16.613 16.301 15.989 15.677 15.366 15.054 14.742 14.430 14.118 13.806 13.494 13.181 12.869 12.557 12.245 11.933 11.620 11.308 10.996 10.683 10.371 10.058  9.746  9.434  9.121  8.808  8.496  8.183  7.871  7.558  7.245  6.933  6.620  6.307  5.995  5.682  5.369  5.056  4.744  4.431  4.118  3.805  3.492  3.179  2.867  2.554  2.241  1.928  1.615  1.302  0.989  0.676  0.364  0.051 -0.200 
23.142 22.831 22.520 22.209 21.898 21.587 21.276 20.964 20.653 20.342 20.031 19.720 19.408 19.097 18.785 18.474 18.163 17.851 17.539 17.228 16.916 16.605 16.293 15.981 15.670 15.358 15.046 14.734 14.422 14.110 13.798 13.486 13.174 12.862 12.550 12.238 11.926 11.614 11.302 10.989 10.677 10.365 10.053  9.740  9.428  9.116  8.803  8.491  8.179  7.866  7.554  7.241  6.929  6.616  6.304  5.991  5.678  5.366  5.053  4.741  4.428  4.115  3.803  3.490  3.177  2.865  2.552  2.239  1.927  1.614  1.301  0.989  0.676  0.363  0.050 -0.200 
23.133 22.822 22.511 22.201 21.890 21.578 21.267 20.956 20.645 20.334 20.023 19.712 19.400 19.089 18.778 18.466 18.155 17.843 17.532 17.220 16.909 16.597 16.286 15.974 15.662 15.351 15.039 14.727 14.415 14.104 13.792 13.480 13.168 12.856 12.544 12.232 11.920 11.608 11.296 10.984 10.672 10.360 10.047  9.735  9.423  9.111  8.799  8.486  8.174  7.862  7.550  7.237  6.925  6.612  6.300  5.988  5.675  5.363  5.050  4.738  4.426  4.113  3.801  3.488  3.176  2.863  2.551  2.238  1.926  1.613  1.300  0.988  0.675  0.363  0.050 -0.200 
23.126 22.815 22.504 22.193 21.882 21.571 21.260 20.949 20.638 20.327 20.015 19.704 19.393 19.082 18.770 18.459 18.148 17.836 17.525 17.214 16.902 16.591 16.279 15.967 15.656 15.344 15.033 14.721 14.409 14.097 13.786 13.474 13.162 12.850 12.538 12.227 11.915 11.603 11.291 10.979 10.667 10.355 10.043  9.731  9.419  9.107  8.794  8.482  8.170  7.858  7.546  7.234  6.921  6.609  6.297  5.985  5.672  5.360  5.048  4.736  4.423  4.111  3.799  3.486  3.174  2.862  2.549  2.237  1.924  1.612  1.300  0.987  0.675  0.363  0.050 -0.200 
23.119 22.808 22.497 22.186 21.875 21.564 21.253 20.942 20.631 20.320 20.009 19.698 19.387 19.075 18.764 18.453 18.141 17.830 17.519 17.207 16.896 16.584 16.273 15.961 15.650 15.338 15.027 14.715 14.404 14.092 13.780 13.469 13.157 12.845 12.533 12.222 11.910 11.598 11.286 10.974 10.662 10.350 10.038  9.727  9.415  9.103  8.791  8.479  8.167  7.855  7.542  7.230  6.918  6.606  6.294  5.982  5.670  5.358  5.046  4.733  4.421  4.109  3.797  3.485  3.172  2.860  2.548  2.236  1.924  1.611  1.299  0.987  0.675  0.362  0.050 -0.200 
23.113 22.802 22.491 22.180 21.869 21.558 21.247 20.936 20.625 20.314 20.003 19.692 19.381 19.069 18.758 18.447 18.136 17.824 17.513 17.202 16.890 16.579 16.267 15.956 15.645 15.333 15.022 14.710 14.398 14.087 13.775 13.464 13.152 12.840 12.529 12.217 11.905 11.594 11.282 10.970 10.658 10.346 10.035  9.723  9.411  9.099  8.787  8.475  8.163  7.851  7.539  7.227  6.915  6.604  6.292  5.980  5.667  5.355  5.043  4.731  4.419  4.107  3.795  3.483  3.171  2.859  2.547  2.235  1.923  1.611  1.298  0.986  0.674  0.362  0.050 -0.200 
23.108 22.797 22.486 22.175 21.864 21.553 21.242 20.931 20.620 20.309 19.998 19.686 19.375 19.064 18.753 18.442 18.130 17.819 17.508 17.197 16.885 16.574 16.263 15.951 15.640 15.328 15.017 14.705 14.394 14.082 13.771 13.459 13.148 12.836 12.525 12.213 11.901 11.590 11.278 10.966 10.655 10.343 10.031  9.719  9.408  9.096  8.784  8.472  8.160  7.849  7.537  7.225  6.913  6.601  6.289  5.977  5.665  5.353  5.042  4.730  4.418  4.106  3.794  3.482  3.170  2.858  2.546  2.234  1.922  1.610  1.298  0.986  0.674  0.362  0.050 -0.200 
