28.316 28.005 27.694 27.383 27.073 26.762 26.451 26.140 25.829 25.518 25.207 24.896 24.585 24.274 23.964 23.653 23.342 23.031 22.720 22.409 22.098 21.787 21.476 21.165 20.854 20.543 20.232 19.921 19.610 19.299 18.988 18.676 18.365 18.054 17.743 17.431 17.120 16.808 16.497 16.185 15.873 15.561 15.249 14.937 14.625 14.312 14.000 13.687 13.374 13.061 12.747 12.433 12.119 11.805 11.490 11.175 10.860 10.544 10.228  9.911  9.594  9.276  8.957  8.638  8.319  7.998  7.677  7.356  7.033  6.710  6.386  6.060  5.734  5.407  5.079  4.750 
28.314 28.003 27.692 27.381 27.070 26.759 26.448 26.137 25.826 25.515 25.203 24.892 24.581 24.270 23.958 23.647 23.336 23.024 22.712 22.401 22.089 21.777 21.466 21.154 20.842 20.529 20.217 19.905 19.592 19.280 18.967 18.654 18.341 18.028 17.714 17.401 17.087 16.773 16.459 16.144 15.830 15.515 15.199 14.884 14.568 14.252 13.935 13.618 13.301 12.983 12.665 12.346 12.027 11.707 11.387 11.066 10.745 10.423 10.101  9.778  9.454  9.130  8.805  8.479  8.152  7.825  7.496  7.167  6.837  6.506  6.174  5.842  5.508  5.173  4.837  4.500 
28.301 27.990 27.679 27.368 27.057 26.745 26.434 26.123 25.811 25.499 25.188 24.876 24.564 24.251 23.939 23.627 23.314 23.002 22.689 22.376 22.063 21.750 21.436 21.123 20.809 20.495 20.181 19.867 19.552 19.237 18.922 18.607 18.291 17.975 17.659 17.343 17.026 16.709 16.392 16.074 15.756 15.437 15.119 14.799 14.480 14.159 13.839 13.518 13.196 12.874 12.551 12.228 11.904 11.580 11.255 10.929 10.603 10.276  9.948  9.620  9.291  8.961  8.630  8.299  7.967  7.634  7.300  6.965  6.629  6.292  5.954  5.615  5.276  4.935  4.593  4.250 
28.272 27.961 27.650 27.338 27.027 26.715 26.404 26.092 25.779 25.467 25.154 24.842 24.529 24.216 23.902 23.589 23.275 22.961 22.647 22.332 22.018 21.703 21.388 21.072 20.757 20.441 20.124 19.808 19.491 19.174 18.856 18.539 18.220 17.902 17.583 17.264 16.944 16.624 16.303 15.982 15.661 15.339 15.017 14.694 14.371 14.047 13.723 13.398 13.072 12.746 12.419 12.092 11.764 11.435 11.106 10.776 10.445 10.114  9.782  9.449  9.115  8.780  8.445  8.109  7.772  7.434  7.095  6.755  6.414  6.072  5.729  5.386  5.041  4.695  4.348  4.000 
28.225 27.914 27.602 27.291 26.979 26.667 26.355 26.042 25.729 25.416 25.103 24.789 24.476 24.161 23.847 23.532 23.217 22.902 22.586 22.270 21.954 21.638 21.321 21.003 20.686 20.368 20.050 19.731 19.412 19.092 18.773 18.452 18.132 17.811 17.489 17.167 16.845 16.522 16.198 15.874 15.550 15.225 14.899 14.573 14.246 13.919 13.591 13.263 12.934 12.604 12.274 11.943 11.611 11.278 10.945 10.611 10.276  9.941  9.605  9.268  8.930  8.591  8.251  7.911  7.570  7.227  6.884  6.540  6.195  5.849  5.501  5.153  4.804  4.454  4.102  3.750 
28.159 27.848 27.537 27.225 26.913 26.601 26.288 25.975 25.662 25.348 25.034 24.719 24.405 24.090 23.774 23.458 23.142 22.825 22.508 22.191 21.873 21.555 21.237 20.918 20.598 20.279 19.958 19.638 19.317 18.995 18.673 18.351 18.027 17.704 17.380 17.055 16.730 16.405 16.079 15.752 15.425 15.097 14.768 14.439 14.109 13.779 13.448 13.116 12.784 12.451 12.117 11.783 11.448 11.112 10.775 10.437 10.099  9.760  9.420  9.079  8.738  8.395  8.052  7.708  7.362  7.016  6.669  6.321  5.972  5.622  5.271  4.919  4.566  4.212  3.856  3.500 
28.077 27.766 27.455 27.143 26.830 26.518 26.205 25.891 25.577 25.263 24.948 24.633 24.317 24.001 23.685 23.368 23.051 22.733 22.415 22.096 21.777 21.457 21.137 20.817 20.496 20.174 19.852 19.530 19.207 18.883 18.559 18.235 17.910 17.584 17.258 16.931 16.603 16.275 15.947 15.617 15.287 14.957 14.626 14.294 13.962 13.628 13.294 12.960 12.625 12.289 11.952 11.614 11.276 10.937 10.597 10.256  9.915  9.572  9.229  8.885  8.540  8.194  7.847  7.500  7.151  6.802  6.451  6.099  5.747  5.393  5.039  4.683  4.327  3.969  3.610  3.250 
27.980 27.668 27.357 27.045 26.732 26.419 26.106 25.792 25.477 25.163 24.847 24.531 24.215 23.898 23.581 23.263 22.945 22.626 22.307 21.987 21.666 21.345 21.024 20.702 20.379 20.056 19.733 19.409 19.084 18.759 18.433 18.106 17.779 17.451 17.123 16.794 16.465 16.134 15.803 15.472 15.140 14.807 14.473 14.139 13.804 13.468 13.132 12.794 12.456 12.118 11.778 11.438 11.097 10.755 10.412 10.068  9.724  9.379  9.032  8.685  8.337  7.988  7.639  7.288  6.936  6.583  6.230  5.875  5.519  5.163  4.805  4.446  4.086  3.725  3.363  3.000 
27.868 27.557 27.245 26.933 26.620 26.307 25.993 25.679 25.364 25.048 24.732 24.416 24.099 23.781 23.463 23.144 22.825 22.505 22.185 21.864 21.543 21.220 20.898 20.575 20.251 19.926 19.601 19.275 18.949 18.622 18.295 17.966 17.637 17.308 16.978 16.647 16.315 15.983 15.650 15.317 14.982 14.647 14.311 13.975 13.638 13.299 12.961 12.621 12.281 11.939 11.597 11.255 10.911 10.566 10.221  9.875  9.528  9.180  8.831  8.481  8.130  7.778  7.426  7.072  6.718  6.362  6.006  5.648  5.289  4.930  4.569  4.208  3.845  3.481  3.116  2.750 
27.743 27.432 27.120 26.808 26.495 26.181 25.867 25.553 25.237 24.921 24.605 24.288 23.970 23.652 23.333 23.014 22.694 22.373 22.052 21.730 21.407 21.084 20.760 20.436 20.110 19.785 19.458 19.131 18.803 18.475 18.146 17.816 17.486 17.155 16.823 16.490 16.157 15.823 15.488 15.152 14.816 14.479 14.141 13.803 13.463 13.123 12.782 12.440 12.098 11.754 11.410 11.065 10.719 10.372 10.024  9.676  9.326  8.976  8.624  8.272  7.919  7.565  7.210  6.853  6.496  6.138  5.779  5.419  5.058  4.696  4.332  3.968  3.603  3.236  2.869  2.500 
27.607 27.295 26.984 26.671 26.358 26.044 25.730 25.415 25.099 24.783 24.466 24.148 23.830 23.511 23.192 22.872 22.551 22.229 21.907 21.584 21.261 20.937 20.612 20.286 19.960 19.633 19.305 18.977 18.648 18.318 17.988 17.657 17.325 16.992 16.659 16.324 15.990 15.654 15.317 14.980 14.642 14.303 13.964 13.623 13.282 12.940 12.597 12.253 11.909 11.563 11.217 10.870 10.522 10.173  9.823  9.472  9.120  8.768  8.414  8.059  7.704  7.348  6.990  6.632  6.272  5.912  5.550  5.188  4.824  4.460  4.094  3.728  3.360  2.991  2.621  2.250 
27.460 27.148 26.837 26.524 26.211 25.897 25.582 25.267 24.951 24.634 24.317 23.999 23.680 23.361 23.040 22.720 22.398 22.076 21.753 21.429 21.105 20.780 20.454 20.128 19.800 19.472 19.144 18.814 18.484 18.153 17.821 17.489 17.155 16.821 16.487 16.151 15.815 15.477 15.139 14.801 14.461 14.121 13.779 13.437 13.094 12.750 12.406 12.060 11.714 11.367 11.018 10.669 10.319  9.968  9.617  9.264  8.910  8.556  8.200  7.843  7.486  7.127  6.768  6.407  6.046  5.683  5.320  4.955  4.589  4.223  3.855  3.486  3.116  2.745  2.373  2.000 
27.303 26.992 26.680 26.367 26.054 25.740 25.425 25.109 24.793 24.476 24.158 23.840 23.520 23.201 22.880 22.558 22.236 21.913 21.590 21.265 20.940 20.614 20.288 19.960 19.632 19.303 18.973 18.643 18.312 17.980 17.647 17.313 16.979 16.643 16.307 15.970 15.633 15.294 14.955 14.615 14.274 13.932 13.589 13.245 12.901 12.555 12.209 11.862 11.514 11.165 10.815 10.464 10.113  9.760  9.406  9.052  8.696  8.340  7.982  7.624  7.265  6.904  6.543  6.181  5.817  5.453  5.087  4.721  4.353  3.984  3.615  3.244  2.872  2.499  2.125  1.750 
27.138 26.826 26.514 26.202 25.888 25.574 25.259 24.943 24.626 24.309 23.991 23.672 23.352 23.032 22.711 22.389 22.066 21.743 21.418 21.093 20.768 20.441 20.113 19.785 19.456 19.126 18.796 18.464 18.132 17.799 17.465 17.130 16.795 16.459 16.121 15.783 15.444 15.105 14.764 14.423 14.080 13.737 13.393 13.048 12.702 12.355 12.007 11.659 11.309 10.959 10.607 10.255  9.902  9.548  9.192  8.836  8.479  8.121  7.762  7.402  7.041  6.679  6.316  5.952  5.586  5.220  4.853  4.485  4.115  3.745  3.374  3.001  2.627  2.253  1.877  1.500 
26.964 26.653 26.341 26.028 25.715 25.400 25.085 24.769 24.452 24.134 23.816 23.497 23.177 22.856 22.534 22.212 21.889 21.565 21.240 20.914 20.588 20.260 19.932 19.603 19.273 18.943 18.611 18.279 17.946 17.612 17.277 16.942 16.605 16.268 15.929 15.590 15.250 14.909 14.568 14.225 13.881 13.537 13.192 12.845 12.498 12.150 11.801 11.451 11.100 10.749 10.396 10.042  9.687  9.332  8.975  8.617  8.259  7.899  7.539  7.177  6.815  6.451  6.086  5.721  5.354  4.986  4.617  4.248  3.877  3.505  3.132  2.758  2.382  2.006  1.629  1.250 
26.784 26.473 26.161 25.848 25.534 25.219 24.904 24.588 24.271 23.953 23.634 23.314 22.994 22.673 22.351 22.028 21.704 21.380 21.054 20.728 20.401 20.073 19.745 19.415 19.084 18.753 18.421 18.088 17.754 17.419 17.084 16.747 16.410 16.071 15.732 15.392 15.051 14.709 14.366 14.023 13.678 13.332 12.986 12.639 12.290 11.941 11.591 11.240 10.888 10.535 10.181  9.826  9.470  9.113  8.755  8.396  8.036  7.675  7.313  6.950  6.586  6.221  5.855  5.488  5.120  4.751  4.380  4.009  3.637  3.263  2.889  2.513  2.137  1.759  1.380  1.000 
26.597 26.286 25.974 25.661 25.347 25.032 24.716 24.400 24.083 23.765 23.446 23.126 22.805 22.484 22.161 21.838 21.514 21.189 20.863 20.536 20.209 19.880 19.551 19.221 18.890 18.558 18.225 17.891 17.556 17.221 16.885 16.547 16.209 15.870 15.530 15.189 14.847 14.504 14.160 13.816 13.470 13.124 12.776 12.428 12.078 11.728 11.377 11.025 10.671 10.317  9.962  9.606  9.249  8.891  8.532  8.171  7.810  7.448  7.085  6.721  6.356  5.989  5.622  5.254  4.884  4.514  4.142  3.770  3.396  3.021  2.646  2.269  1.891  1.512  1.131  0.750 
26.404 26.093 25.781 25.468 25.154 24.839 24.523 24.207 23.889 23.571 23.252 22.931 22.611 22.289 21.966 21.642 21.318 20.992 20.666 20.339 20.011 19.682 19.352 19.021 18.690 18.357 18.024 17.689 17.354 17.018 16.681 16.343 16.004 15.664 15.323 14.981 14.639 14.295 13.950 13.605 13.258 12.911 12.563 12.213 11.863 11.512 11.159 10.806 10.452 10.097  9.741  9.383  9.025  8.666  8.306  7.945  7.582  7.219  6.855  6.490  6.123  5.756  5.387  5.018  4.647  4.276  3.903  3.529  3.154  2.778  2.401  2.023  1.644  1.264  0.883  0.500 
26.206 25.895 25.582 25.269 24.955 24.640 24.324 24.008 23.690 23.372 23.052 22.732 22.411 22.089 21.766 21.442 21.117 20.791 20.464 20.137 19.808 19.479 19.149 18.817 18.485 18.152 17.818 17.483 17.147 16.810 16.473 16.134 15.794 15.454 15.112 14.770 14.426 14.082 13.737 13.390 13.043 12.695 12.346 11.995 11.644 11.292 10.939 10.585 10.230  9.874  9.517  9.158  8.799  8.439  8.078  7.716  7.352  6.988  6.623  6.257  5.889  5.521  5.151  4.781  4.409  4.036  3.663  3.288  2.912  2.535  2.157  1.778  1.397  1.016  0.634  0.250 
26.003 25.692 25.379 25.066 24.752 24.437 24.121 23.804 23.486 23.168 22.848 22.528 22.206 21.884 21.561 21.236 20.911 20.585 20.258 19.930 19.601 19.271 18.941 18.609 18.276 17.943 17.608 17.273 16.936 16.599 16.261 15.921 15.581 15.240 14.898 14.555 14.211 13.866 13.520 13.173 12.825 12.476 12.126 11.775 11.423 11.070 10.716 10.361 10.005  9.648  9.290  8.931  8.571  8.210  7.848  7.485  7.121  6.755  6.389  6.022  5.654  5.284  4.914  4.542  4.170  3.796  3.421  3.046  2.669  2.291  1.912  1.532  1.150  0.768  0.385  0.000 
25.795 25.484 25.172 24.859 24.544 24.229 23.913 23.596 23.278 22.960 22.640 22.319 21.997 21.675 21.351 21.027 20.701 20.375 20.048 19.719 19.390 19.060 18.729 18.397 18.064 17.730 17.395 17.059 16.722 16.384 16.045 15.705 15.365 15.023 14.680 14.336 13.992 13.646 13.299 12.952 12.603 12.253 11.903 11.551 11.198 10.845 10.490 10.134  9.778  9.420  9.061  8.702  8.341  7.979  7.616  7.252  6.887  6.521  6.154  5.786  5.417  5.047  4.676  4.304  3.931  3.557  3.181  2.805  2.428  2.050  1.670  1.290  0.908  0.526  0.143 -0.250 
25.584 25.273 24.960 24.647 24.333 24.018 23.702 23.385 23.067 22.748 22.428 22.107 21.785 21.462 21.138 20.813 20.488 20.161 19.833 19.505 19.175 18.845 18.513 18.181 17.847 17.513 17.177 16.841 16.503 16.165 15.825 15.485 15.143 14.801 14.457 14.113 13.767 13.421 13.073 12.724 12.374 12.024 11.672 11.319 10.965 10.610 10.253  9.896  9.537  9.178  8.817  8.455  8.092  7.728  7.363  6.996  6.629  6.260  5.890  5.519  5.147  4.773  4.399  4.023  3.646  3.268  2.888  2.508  2.126  1.743  1.359  0.974  0.588  0.201 -0.188 -0.500 
25.368 25.057 24.744 24.431 24.117 23.801 23.485 23.168 22.849 22.530 22.210 21.889 21.567 21.244 20.919 20.594 20.268 19.941 19.613 19.284 18.954 18.622 18.290 17.957 17.623 17.288 16.952 16.615 16.276 15.937 15.597 15.256 14.914 14.570 14.226 13.881 13.535 13.187 12.839 12.490 12.140 11.788 11.436 11.083 10.728 10.373 10.017  9.659  9.301  8.942  8.582  8.221  7.858  7.495  7.131  6.766  6.399  6.032  5.663  5.293  4.921  4.548  4.173  3.797  3.418  3.037  2.654  2.268  1.879  1.488  1.094  0.698  0.299 -0.102 -0.425 -0.750 
25.147 24.835 24.523 24.209 23.895 23.580 23.263 22.946 22.627 22.308 21.988 21.666 21.344 21.021 20.696 20.371 20.044 19.717 19.388 19.059 18.728 18.397 18.064 17.731 17.396 17.060 16.723 16.386 16.047 15.707 15.366 15.024 14.681 14.337 13.992 13.645 13.298 12.950 12.600 12.249 11.898 11.545 11.191 10.836 10.480 10.123  9.765  9.405  9.045  8.683  8.321  7.957  7.593  7.227  6.861  6.493  6.125  5.755  5.385  5.014  4.642  4.269  3.895  3.521  3.145  2.769  2.393  2.016  1.638  1.259  0.880  0.501  0.121 -0.223 -0.611 -1.000 
24.920 24.609 24.296 23.983 23.668 23.353 23.036 22.719 22.400 22.081 21.760 21.439 21.116 20.792 20.468 20.142 19.815 19.487 19.159 18.829 18.498 18.166 17.833 17.499 17.164 16.828 16.491 16.153 15.814 15.474 15.133 14.790 14.447 14.103 13.757 13.411 13.063 12.714 12.364 12.013 11.661 11.308 10.954 10.598 10.241  9.883  9.524  9.164  8.802  8.439  8.074  7.709  7.342  6.974  6.604  6.234  5.862  5.488  5.114  4.738  4.361  3.983  3.603  3.223  2.842  2.459  2.076  1.693  1.308  0.923  0.538  0.152 -0.180 -0.536 -0.893 -1.250 
24.690 24.378 24.066 23.752 23.438 23.122 22.806 22.488 22.169 21.849 21.529 21.207 20.884 20.560 20.235 19.909 19.582 19.254 18.925 18.594 18.263 17.931 17.597 17.263 16.927 16.591 16.253 15.914 15.575 15.234 14.892 14.549 14.205 13.860 13.514 13.167 12.819 12.470 12.120 11.768 11.416 11.063 10.709 10.353  9.997  9.640  9.282  8.923  8.563  8.202  7.840  7.477  7.113  6.747  6.381  6.014  5.646  5.276  4.905  4.533  4.159  3.783  3.405  3.024  2.640  2.253  1.863  1.469  1.070  0.668  0.260 -0.152 -0.485 -0.821 -1.160 -1.500 
24.455 24.144 23.831 23.518 23.203 22.888 22.571 22.253 21.935 21.615 21.294 20.972 20.649 20.325 20.000 19.673 19.346 19.018 18.688 18.358 18.026 17.694 17.360 17.025 16.689 16.352 16.014 15.675 15.335 14.993 14.651 14.307 13.962 13.617 13.270 12.922 12.572 12.222 11.871 11.518 11.165 10.810 10.454 10.097  9.739  9.380  9.020  8.659  8.297  7.934  7.569  7.204  6.838  6.471  6.103  5.733  5.363  4.993  4.621  4.248  3.875  3.501  3.126  2.751  2.375  1.998  1.621  1.243  0.865  0.486  0.106 -0.234 -0.612 -0.991 -1.370 -1.750 
24.217 23.906 23.593 23.280 22.965 22.649 22.333 22.015 21.696 21.376 21.055 20.733 20.410 20.086 19.760 19.434 19.106 18.778 18.448 18.118 17.786 17.453 17.119 16.784 16.448 16.111 15.773 15.434 15.093 14.752 14.409 14.066 13.721 13.375 13.028 12.680 12.330 11.980 11.628 11.275 10.921 10.566 10.209  9.852  9.493  9.133  8.771  8.408  8.044  7.679  7.313  6.945  6.576  6.205  5.834  5.461  5.087  4.712  4.336  3.959  3.581  3.202  2.822  2.441  2.059  1.677  1.294  0.910  0.527  0.142 -0.192 -0.552 -0.913 -1.275 -1.637 -2.000 
23.977 23.665 23.353 23.039 22.724 22.409 22.092 21.774 21.455 21.135 20.813 20.491 20.168 19.843 19.518 19.191 18.863 18.535 18.205 17.874 17.542 17.208 16.874 16.539 16.202 15.865 15.526 15.187 14.846 14.504 14.161 13.817 13.472 13.126 12.779 12.430 12.081 11.731 11.380 11.027 10.674 10.319  9.964  9.607  9.250  8.891  8.532  8.171  7.810  7.447  7.083  6.718  6.351  5.984  5.615  5.244  4.871  4.497  4.121  3.742  3.360  2.976  2.589  2.199  1.805  1.408  1.007  0.603  0.196 -0.198 -0.541 -0.883 -1.224 -1.565 -1.907 -2.250 
23.733 23.422 23.109 22.796 22.481 22.165 21.848 21.530 21.211 20.891 20.570 20.247 19.924 19.599 19.274 18.947 18.619 18.290 17.960 17.629 17.296 16.963 16.628 16.293 15.956 15.618 15.279 14.939 14.597 14.255 13.911 13.567 13.221 12.874 12.526 12.177 11.826 11.475 11.122 10.769 10.414 10.058  9.701  9.343  8.984  8.624  8.262  7.900  7.537  7.173  6.807  6.441  6.074  5.706  5.337  4.967  4.597  4.225  3.853  3.480  3.107  2.732  2.357  1.982  1.606  1.229  0.852  0.474  0.096 -0.243 -0.618 -0.993 -1.369 -1.746 -2.122 -2.500 
23.487 23.176 22.863 22.549 22.235 21.919 21.602 21.284 20.965 20.645 20.323 20.001 19.677 19.353 19.027 18.700 18.372 18.043 17.713 17.382 17.049 16.716 16.381 16.045 15.709 15.371 15.032 14.691 14.350 14.008 13.664 13.319 12.973 12.626 12.278 11.928 11.577 11.226 10.872 10.518 10.163  9.806  9.448  9.089  8.728  8.366  8.003  7.639  7.274  6.907  6.539  6.170  5.800  5.429  5.056  4.683  4.308  3.933  3.556  3.179  2.800  2.421  2.042  1.661  1.280  0.899  0.516  0.134 -0.200 -0.563 -0.927 -1.290 -1.654 -2.019 -2.384 -2.750 
23.239 22.928 22.615 22.301 21.987 21.671 21.354 21.035 20.716 20.396 20.074 19.752 19.428 19.103 18.777 18.450 18.122 17.793 17.462 17.131 16.798 16.464 16.130 15.794 15.457 15.118 14.779 14.439 14.097 13.755 13.411 13.067 12.721 12.374 12.026 11.677 11.327 10.976 10.624 10.270  9.916  9.561  9.204  8.846  8.488  8.128  7.766  7.404  7.040  6.675  6.308  5.939  5.569  5.197  4.823  4.447  4.070  3.689  3.307  2.922  2.535  2.146  1.755  1.361  0.966  0.570  0.172 -0.180 -0.532 -0.885 -1.237 -1.589 -1.941 -2.294 -2.647 -3.000 
22.989 22.678 22.365 22.052 21.737 21.421 21.104 20.786 20.466 20.146 19.824 19.502 19.178 18.853 18.527 18.200 17.871 17.542 17.211 16.879 16.546 16.212 15.877 15.541 15.203 14.865 14.525 14.184 13.842 13.499 13.155 12.809 12.463 12.115 11.766 11.416 11.065 10.713 10.360 10.005  9.650  9.293  8.936  8.577  8.217  7.857  7.495  7.132  6.768  6.404  6.038  5.672  5.305  4.936  4.567  4.198  3.827  3.456  3.084  2.711  2.338  1.964  1.589  1.214  0.839  0.463  0.086 -0.251 -0.624 -0.998 -1.372 -1.747 -2.122 -2.497 -2.873 -3.250 
22.737 22.426 22.113 21.800 21.485 21.169 20.852 20.534 20.214 19.894 19.572 19.250 18.926 18.601 18.275 17.948 17.619 17.290 16.959 16.627 16.295 15.960 15.625 15.289 14.952 14.613 14.273 13.932 13.590 13.247 12.902 12.557 12.210 11.862 11.512 11.162 10.810 10.457 10.103  9.748  9.391  9.033  8.674  8.314  7.952  7.590  7.226  6.861  6.495  6.127  5.759  5.389  5.019  4.647  4.275  3.901  3.527  3.152  2.776  2.399  2.021  1.643  1.264  0.885  0.505  0.125 -0.209 -0.573 -0.937 -1.302 -1.667 -2.033 -2.399 -2.765 -3.132 -3.500 
22.484 22.172 21.860 21.546 21.231 20.915 20.598 20.280 19.960 19.640 19.318 18.995 18.671 18.346 18.020 17.693 17.364 17.034 16.704 16.372 16.039 15.705 15.370 15.033 14.696 14.357 14.018 13.677 13.335 12.992 12.648 12.303 11.957 11.610 11.262 10.913 10.562 10.211  9.859  9.506  9.151  8.796  8.440  8.083  7.725  7.367  7.007  6.647  6.286  5.924  5.561  5.198  4.834  4.470  4.105  3.740  3.374  3.008  2.642  2.276  1.910  1.544  1.178  0.813  0.448  0.083 -0.138 -0.279 -0.419 -0.556 -0.691 -0.823 -0.953 -1.079 -1.203 -1.324 
22.234 21.922 21.610 21.296 20.981 20.666 20.349 20.031 19.712 19.392 19.071 18.749 18.426 18.102 17.777 17.451 17.124 16.796 16.467 16.137 15.806 15.475 15.142 14.809 14.475 14.139 13.804 13.467 13.130 12.792 12.453 12.114 11.775 11.435 11.094 10.753 10.412 10.070  9.729  9.387  9.045  8.703  8.361  8.020  7.679  7.338  6.997  6.657  6.318  5.979  5.642  5.305  4.969  4.634  4.300  3.967  3.635  3.305  2.976  2.648  2.321  1.995  1.671  1.348  1.026  0.705  0.385  0.066 -0.111 -0.205 -0.293 -0.379 -0.465 -0.549 -0.632 -0.714 
22.020 21.709 21.396 21.084 20.770 20.455 20.140 19.824 19.507 19.190 18.871 18.552 18.232 17.912 17.591 17.269 16.946 16.623 16.300 15.976 15.651 15.326 15.000 14.674 14.347 14.020 13.693 13.366 13.038 12.710 12.382 12.054 11.725 11.397 11.069 10.741 10.413 10.085  9.758  9.431  9.105  8.778  8.453  8.128  7.804  7.480  7.158  6.836  6.515  6.196  5.877  5.560  5.243  4.928  4.614  4.302  3.991  3.681  3.373  3.066  2.760  2.456  2.153  1.852  1.551  1.252  0.955  0.658  0.362  0.068 -0.090 -0.165 -0.238 -0.309 -0.379 -0.448 
21.878 21.567 21.255 20.943 20.631 20.318 20.005 19.691 19.377 19.062 18.747 18.432 18.116 17.800 17.483 17.167 16.850 16.532 16.215 15.897 15.579 15.261 14.943 14.625 14.306 13.988 13.670 13.351 13.033 12.715 12.397 12.080 11.762 11.445 11.129 10.812 10.496 10.181  9.866  9.552  9.238  8.926  8.613  8.302  7.992  7.682  7.374  7.066  6.760  6.455  6.151  5.848  5.546  5.246  4.947  4.649  4.353  4.058  3.764  3.472  3.182  2.892  2.604  2.318  2.033  1.749  1.466  1.184  0.904  0.625  0.347  0.070 -0.078 -0.152 -0.219 -0.280 
21.813 21.502 21.191 20.880 20.569 20.257 19.945 19.634 19.322 19.010 18.698 18.386 18.074 17.762 17.450 17.138 16.826 16.514 16.202 15.890 15.578 15.266 14.955 14.643 14.332 14.021 13.711 13.401 13.091 12.781 12.472 12.163 11.855 11.547 11.240 10.933 10.627 10.322 10.017  9.713  9.410  9.108  8.806  8.506  8.206  7.908  7.610  7.314  7.019  6.725  6.432  6.140  5.850  5.561  5.273  4.987  4.702  4.418  4.136  3.856  3.576  3.298  3.022  2.747  2.473  2.201  1.930  1.660  1.392  1.124  0.858  0.593  0.329  0.066 -0.070 -0.130 
21.815 21.504 21.194 20.883 20.573 20.263 19.953 19.643 19.333 19.023 18.714 18.405 18.096 17.787 17.479 17.170 16.862 16.555 16.247 15.940 15.633 15.327 15.021 14.715 14.410 14.105 13.801 13.497 13.194 12.891 12.589 12.288 11.987 11.687 11.388 11.089 10.791 10.494 10.198  9.903  9.609  9.316  9.024  8.733  8.444  8.156  7.869  7.583  7.299  7.016  6.735  6.456  6.178  5.902  5.628  5.355  5.085  4.816  4.549  4.284  4.021  3.760  3.501  3.244  2.988  2.735  2.483  2.232  1.983  1.735  1.489  1.243  0.999  0.755  0.512  0.269 
21.874 21.564 21.253 20.943 20.634 20.325 20.016 19.708 19.400 19.092 18.785 18.478 18.172 17.866 17.561 17.256 16.952 16.648 16.345 16.042 15.740 15.438 15.137 14.837 14.537 14.238 13.939 13.641 13.344 13.048 12.752 12.457 12.163 11.869 11.576 11.285 10.994 10.703 10.414 10.126  9.838  9.552  9.266  8.981  8.697  8.414  8.132  7.851  7.571  7.292  7.013  6.736  6.459  6.184  5.909  5.635  5.362  5.090  4.819  4.548  4.278  4.009  3.740  3.473  3.205  2.939  2.673  2.407  2.142  1.877  1.613  1.349  1.085  0.821  0.558  0.295 
21.980 21.670 21.360 21.050 20.741 20.433 20.125 19.817 19.511 19.204 18.899 18.594 18.289 17.985 17.682 17.379 17.077 16.775 16.474 16.173 15.873 15.574 15.276 14.978 14.680 14.383 14.087 13.792 13.497 13.203 12.909 12.616 12.324 12.032 11.742 11.451 11.162 10.873 10.585 10.297 10.010  9.724  9.438  9.153  8.869  8.585  8.302  8.020  7.738  7.457  7.176  6.896  6.617  6.338  6.059  5.781  5.504  5.227  4.951  4.675  4.400  4.125  3.850  3.576  3.302  3.028  2.755  2.482  2.209  1.937  1.665  1.393  1.121  0.849  0.577  0.305 
22.108 21.797 21.487 21.178 20.869 20.561 20.253 19.946 19.640 19.334 19.029 18.724 18.420 18.116 17.813 17.511 17.209 16.908 16.607 16.307 16.008 15.709 15.411 15.113 14.816 14.520 14.224 13.928 13.634 13.340 13.046 12.753 12.461 12.169 11.877 11.587 11.296 11.007 10.718 10.429 10.141  9.853  9.566  9.280  8.994  8.708  8.423  8.139  7.855  7.571  7.288  7.005  6.723  6.441  6.159  5.878  5.597  5.317  5.037  4.757  4.478  4.199  3.920  3.641  3.363  3.085  2.807  2.529  2.251  1.974  1.697  1.419  1.142  0.865  0.589  0.312 
22.239 21.928 21.618 21.309 21.000 20.691 20.384 20.077 19.770 19.464 19.159 18.854 18.549 18.246 17.943 17.640 17.338 17.036 16.735 16.435 16.135 15.836 15.537 15.239 14.941 14.644 14.348 14.052 13.756 13.461 13.167 12.873 12.579 12.286 11.994 11.702 11.410 11.119 10.828 10.538 10.249  9.959  9.671  9.382  9.094  8.807  8.519  8.233  7.946  7.660  7.375  7.089  6.805  6.520  6.236  5.952  5.668  5.384  5.101  4.818  4.536  4.253  3.971  3.689  3.407  3.126  2.844  2.563  2.282  2.001  1.720  1.439  1.158  0.878  0.597  0.316 
22.364 22.053 21.743 21.434 21.125 20.816 20.508 20.201 19.894 19.588 19.282 18.977 18.672 18.368 18.064 17.761 17.458 17.156 16.855 16.554 16.253 15.953 15.653 15.354 15.056 14.758 14.460 14.163 13.866 13.570 13.275 12.979 12.684 12.390 12.096 11.803 11.510 11.217 10.925 10.633 10.342 10.051  9.760  9.470  9.180  8.890  8.601  8.312  8.024  7.735  7.447  7.160  6.873  6.586  6.299  6.012  5.726  5.440  5.154  4.869  4.583  4.298  4.013  3.728  3.444  3.159  2.875  2.591  2.307  2.023  1.739  1.455  1.171  0.887  0.604  0.320 
22.480 22.169 21.859 21.550 21.241 20.932 20.624 20.316 20.009 19.702 19.396 19.091 18.785 18.481 18.176 17.873 17.569 17.267 16.964 16.662 16.361 16.060 15.760 15.460 15.160 14.861 14.562 14.264 13.966 13.669 13.372 13.075 12.779 12.484 12.188 11.893 11.599 11.304 11.011 10.717 10.424 10.131  9.839  9.547  9.255  8.964  8.672  8.382  8.091  7.801  7.511  7.221  6.932  6.643  6.354  6.065  5.776  5.488  5.200  4.912  4.624  4.337  4.049  3.762  3.475  3.188  2.901  2.615  2.328  2.041  1.755  1.468  1.182  0.896  0.610  0.323 
22.587 22.276 21.966 21.657 21.347 21.038 20.730 20.422 20.115 19.808 19.501 19.195 18.889 18.584 18.279 17.975 17.671 17.368 17.065 16.762 16.460 16.158 15.857 15.556 15.255 14.955 14.655 14.356 14.057 13.758 13.460 13.162 12.865 12.568 12.271 11.975 11.679 11.383 11.088 10.793 10.498 10.204  9.910  9.616  9.323  9.029  8.736  8.444  8.151  7.859  7.567  7.276  6.984  6.693  6.402  6.112  5.821  5.531  5.240  4.950  4.661  4.371  4.081  3.792  3.503  3.213  2.924  2.635  2.346  2.058  1.769  1.480  1.192  0.903  0.614  0.326 
22.685 22.374 22.064 21.754 21.445 21.136 20.827 20.519 20.211 19.904 19.597 19.290 18.984 18.678 18.373 18.068 17.764 17.460 17.156 16.852 16.550 16.247 15.945 15.643 15.341 15.040 14.740 14.439 14.139 13.840 13.540 13.241 12.943 12.644 12.346 12.049 11.751 11.454 11.158 10.861 10.565 10.269  9.974  9.678  9.383  9.089  8.794  8.500  8.206  7.912  7.618  7.325  7.032  6.739  6.446  6.153  5.861  5.569  5.277  4.985  4.693  4.401  4.110  3.819  3.527  3.236  2.945  2.654  2.363  2.072  1.782  1.491  1.200  0.909  0.619  0.328 
22.774 22.463 22.153 21.843 21.533 21.224 20.916 20.607 20.299 19.991 19.684 19.377 19.071 18.764 18.459 18.153 17.848 17.543 17.239 16.935 16.631 16.328 16.025 15.722 15.420 15.118 14.816 14.515 14.214 13.913 13.613 13.313 13.013 12.714 12.415 12.116 11.817 11.519 11.221 10.923 10.626 10.329 10.032  9.735  9.439  9.142  8.846  8.550  8.255  7.960  7.664  7.369  7.075  6.780  6.486  6.191  5.897  5.603  5.310  5.016  4.722  4.429  4.136  3.843  3.550  3.257  2.964  2.671  2.378  2.085  1.793  1.500  1.208  0.915  0.623  0.330 
22.855 22.544 22.234 21.924 21.614 21.305 20.996 20.687 20.379 20.071 19.763 19.456 19.149 18.843 18.536 18.230 17.925 17.620 17.315 17.010 16.706 16.402 16.098 15.795 15.491 15.189 14.886 14.584 14.282 13.981 13.679 13.378 13.078 12.777 12.477 12.177 11.877 11.578 11.279 10.980 10.681 10.383 10.084  9.786  9.489  9.191  8.894  8.596  8.300  8.003  7.706  7.410  7.114  6.817  6.522  6.226  5.930  5.635  5.339  5.044  4.749  4.454  4.159  3.864  3.570  3.275  2.981  2.686  2.392  2.097  1.803  1.509  1.215  0.921  0.626  0.332 
22.929 22.618 22.308 21.998 21.688 21.378 21.069 20.760 20.452 20.144 19.836 19.528 19.221 18.914 18.607 18.301 17.995 17.689 17.383 17.078 16.773 16.469 16.164 15.860 15.556 15.253 14.950 14.647 14.344 14.042 13.739 13.437 13.136 12.834 12.533 12.232 11.932 11.631 11.331 11.031 10.731 10.432 10.132  9.833  9.534  9.235  8.937  8.638  8.340  8.042  7.744  7.446  7.149  6.851  6.554  6.257  5.960  5.663  5.366  5.070  4.773  4.477  4.180  3.884  3.588  3.292  2.996  2.700  2.404  2.108  1.812  1.517  1.221  0.925  0.630  0.334 
22.996 22.685 22.375 22.065 21.755 21.445 21.136 20.827 20.518 20.210 19.901 19.593 19.286 18.978 18.671 18.365 18.058 17.752 17.446 17.140 16.835 16.529 16.225 15.920 15.615 15.311 15.007 14.704 14.400 14.097 13.794 13.491 13.189 12.887 12.584 12.283 11.981 11.680 11.378 11.077 10.777 10.476 10.176  9.875  9.575  9.275  8.976  8.676  8.377  8.078  7.779  7.480  7.181  6.882  6.584  6.285  5.987  5.689  5.391  5.093  4.795  4.497  4.200  3.902  3.605  3.307  3.010  2.713  2.415  2.118  1.821  1.524  1.227  0.930  0.633  0.336 
23.057 22.746 22.436 22.125 21.815 21.506 21.196 20.887 20.578 20.269 19.961 19.653 19.345 19.037 18.730 18.423 18.116 17.809 17.503 17.196 16.891 16.585 16.279 15.974 15.669 15.364 15.060 14.755 14.451 14.147 13.844 13.540 13.237 12.934 12.631 12.328 12.026 11.724 11.422 11.120 10.818 10.516 10.215  9.914  9.613  9.312  9.011  8.711  8.410  8.110  7.810  7.510  7.210  6.910  6.611  6.311  6.012  5.712  5.413  5.114  4.815  4.516  4.217  3.918  3.620  3.321  3.023  2.724  2.426  2.127  1.829  1.530  1.232  0.934  0.635  0.337 
23.112 22.802 22.491 22.181 21.871 21.561 21.251 20.942 20.633 20.324 20.015 19.707 19.399 19.091 18.783 18.476 18.168 17.861 17.554 17.248 16.941 16.635 16.329 16.023 15.718 15.413 15.107 14.803 14.498 14.193 13.889 13.585 13.281 12.977 12.673 12.370 12.067 11.764 11.461 11.158 10.856 10.553 10.251  9.949  9.647  9.345  9.044  8.742  8.441  8.139  7.838  7.537  7.237  6.936  6.635  6.335  6.034  5.734  5.433  5.133  4.833  4.533  4.233  3.933  3.634  3.334  3.034  2.734  2.435  2.135  1.836  1.536  1.237  0.937  0.638  0.338 
23.163 22.852 22.541 22.231 21.921 21.611 21.301 20.992 20.683 20.374 20.065 19.756 19.448 19.139 18.831 18.524 18.216 17.909 17.601 17.294 16.988 16.681 16.375 16.068 15.762 15.456 15.151 14.845 14.540 14.235 13.930 13.625 13.321 13.016 12.712 12.408 12.104 11.800 11.497 11.193 10.890 10.587 10.284  9.981  9.678  9.375  9.073  8.771  8.468  8.166  7.864  7.562  7.261  6.959  6.657  6.356  6.054  5.753  5.452  5.151  4.850  4.549  4.248  3.947  3.646  3.345  3.045  2.744  2.443  2.143  1.842  1.542  1.241  0.940  0.640  0.340 
23.209 22.898 22.587 22.277 21.967 21.657 21.347 21.037 20.728 20.419 20.110 19.801 19.492 19.184 18.875 18.567 18.259 17.952 17.644 17.337 17.030 16.723 16.416 16.109 15.803 15.496 15.190 14.884 14.578 14.273 13.967 13.662 13.357 13.052 12.747 12.442 12.138 11.833 11.529 11.225 10.921 10.617 10.313 10.010  9.706  9.403  9.100  8.797  8.494  8.191  7.888  7.585  7.282  6.980  6.678  6.375  6.073  5.771  5.469  5.167  4.865  4.563  4.261  3.959  3.657  3.356  3.054  2.752  2.451  2.149  1.848  1.546  1.245  0.943  0.642  0.341 
23.250 22.940 22.629 22.318 22.008 21.698 21.388 21.079 20.769 20.460 20.150 19.841 19.532 19.224 18.915 18.607 18.299 17.991 17.683 17.375 17.068 16.760 16.453 16.146 15.839 15.533 15.226 14.920 14.613 14.307 14.001 13.695 13.390 13.084 12.779 12.474 12.168 11.863 11.559 11.254 10.949 10.645 10.340 10.036  9.732  9.428  9.124  8.820  8.516  8.213  7.909  7.606  7.302  6.999  6.696  6.393  6.090  5.787  5.484  5.181  4.878  4.576  4.273  3.970  3.668  3.365  3.063  2.760  2.458  2.155  1.853  1.551  1.248  0.946  0.644  0.342 
23.288 22.977 22.667 22.356 22.046 21.736 21.426 21.116 20.806 20.497 20.187 19.878 19.569 19.260 18.952 18.643 18.335 18.026 17.718 17.410 17.102 16.795 16.487 16.180 15.873 15.566 15.259 14.952 14.645 14.339 14.032 13.726 13.420 13.114 12.808 12.502 12.196 11.891 11.585 11.280 10.975 10.670 10.365 10.060  9.755  9.451  9.146  8.842  8.537  8.233  7.929  7.625  7.320  7.017  6.713  6.409  6.105  5.801  5.498  5.194  4.891  4.587  4.284  3.980  3.677  3.374  3.071  2.767  2.464  2.161  1.858  1.555  1.252  0.949  0.646  0.342 
23.323 23.012 22.701 22.391 22.080 21.770 21.460 21.150 20.840 20.531 20.221 19.912 19.603 19.294 18.985 18.676 18.367 18.059 17.750 17.442 17.134 16.826 16.518 16.211 15.903 15.596 15.288 14.981 14.674 14.367 14.060 13.754 13.447 13.140 12.834 12.528 12.222 11.916 11.610 11.304 10.998 10.693 10.387 10.082  9.776  9.471  9.166  8.861  8.556  8.251  7.946  7.642  7.337  7.032  6.728  6.423  6.119  5.815  5.510  5.206  4.902  4.598  4.294  3.990  3.686  3.382  3.078  2.774  2.470  2.166  1.862  1.558  1.255  0.951  0.647  0.343 
23.354 23.043 22.732 22.422 22.112 21.801 21.491 21.181 20.871 20.561 20.252 19.942 19.633 19.324 19.015 18.706 18.397 18.088 17.780 17.471 17.163 16.854 16.546 16.238 15.930 15.623 15.315 15.008 14.700 14.393 14.086 13.779 13.472 13.165 12.858 12.551 12.245 11.938 11.632 11.326 11.020 10.713 10.407 10.102  9.796  9.490  9.184  8.879  8.573  8.268  7.962  7.657  7.352  7.047  6.742  6.437  6.132  5.827  5.522  5.217  4.912  4.607  4.303  3.998  3.693  3.389  3.084  2.780  2.475  2.171  1.866  1.562  1.257  0.953  0.648  0.344 
23.382 23.072 22.761 22.450 22.140 21.830 21.519 21.209 20.899 20.589 20.280 19.970 19.661 19.351 19.042 18.733 18.424 18.115 17.806 17.497 17.189 16.880 16.572 16.264 15.956 15.648 15.340 15.032 14.724 14.416 14.109 13.801 13.494 13.187 12.880 12.573 12.266 11.959 11.652 11.345 11.039 10.732 10.426 10.120  9.813  9.507  9.201  8.895  8.589  8.283  7.977  7.671  7.366  7.060  6.754  6.449  6.143  5.838  5.532  5.227  4.921  4.616  4.311  4.006  3.700  3.395  3.090  2.785  2.480  2.175  1.870  1.565  1.260  0.955  0.650  0.345 
23.408 23.098 22.787 22.476 22.166 21.855 21.545 21.235 20.925 20.615 20.305 19.995 19.686 19.376 19.067 18.757 18.448 18.139 17.830 17.521 17.212 16.904 16.595 16.287 15.978 15.670 15.362 15.054 14.746 14.438 14.130 13.822 13.515 13.207 12.900 12.592 12.285 11.978 11.671 11.363 11.056 10.750 10.443 10.136  9.829  9.523  9.216  8.910  8.603  8.297  7.990  7.684  7.378  7.072  6.766  6.460  6.154  5.848  5.542  5.236  4.930  4.624  4.318  4.013  3.707  3.401  3.095  2.790  2.484  2.179  1.873  1.567  1.262  0.956  0.651  0.345 
23.432 23.121 22.810 22.500 22.189 21.879 21.568 21.258 20.948 20.638 20.328 20.018 19.709 19.399 19.089 18.780 18.471 18.161 17.852 17.543 17.234 16.925 16.616 16.308 15.999 15.691 15.382 15.074 14.765 14.457 14.149 13.841 13.533 13.225 12.918 12.610 12.302 11.995 11.687 11.380 11.072 10.765 10.458 10.151  9.844  9.537  9.230  8.923  8.616  8.309  8.002  7.696  7.389  7.083  6.776  6.469  6.163  5.857  5.550  5.244  4.938  4.631  4.325  4.019  3.713  3.407  3.100  2.794  2.488  2.182  1.876  1.570  1.264  0.958  0.652  0.346 
23.453 23.142 22.832 22.521 22.210 21.900 21.590 21.279 20.969 20.659 20.349 20.039 19.729 19.419 19.110 18.800 18.491 18.181 17.872 17.563 17.254 16.945 16.636 16.327 16.018 15.709 15.400 15.092 14.783 14.475 14.167 13.858 13.550 13.242 12.934 12.626 12.318 12.010 11.702 11.395 11.087 10.779 10.472 10.164  9.857  9.549  9.242  8.935  8.628  8.321  8.013  7.706  7.399  7.092  6.785  6.479  6.172  5.865  5.558  5.251  4.945  4.638  4.331  4.025  3.718  3.411  3.105  2.798  2.492  2.185  1.879  1.572  1.266  0.959  0.653  0.346 
23.473 23.162 22.851 22.540 22.230 21.919 21.609 21.299 20.988 20.678 20.368 20.058 19.748 19.438 19.128 18.819 18.509 18.200 17.890 17.581 17.271 16.962 16.653 16.344 16.035 15.726 15.417 15.108 14.800 14.491 14.182 13.874 13.565 13.257 12.949 12.640 12.332 12.024 11.716 11.408 11.100 10.792 10.484 10.177  9.869  9.561  9.254  8.946  8.638  8.331  8.023  7.716  7.409  7.101  6.794  6.487  6.180  5.872  5.565  5.258  4.951  4.644  4.337  4.030  3.723  3.416  3.109  2.802  2.495  2.188  1.881  1.574  1.267  0.961  0.654  0.347 
23.490 23.180 22.869 22.558 22.248 21.937 21.626 21.316 21.006 20.696 20.385 20.075 19.765 19.455 19.145 18.836 18.526 18.216 17.907 17.597 17.288 16.978 16.669 16.360 16.051 15.741 15.432 15.123 14.814 14.506 14.197 13.888 13.579 13.271 12.962 12.654 12.345 12.037 11.729 11.420 11.112 10.804 10.496 10.188  9.880  9.572  9.264  8.956  8.648  8.340  8.032  7.725  7.417  7.109  6.802  6.494  6.187  5.879  5.572  5.264  4.957  4.649  4.342  4.035  3.727  3.420  3.113  2.805  2.498  2.191  1.883  1.576  1.269  0.962  0.654  0.347 
23.507 23.196 22.885 22.574 22.264 21.953 21.642 21.332 21.022 20.711 20.401 20.091 19.781 19.471 19.161 18.851 18.541 18.231 17.922 17.612 17.302 16.993 16.683 16.374 16.065 15.755 15.446 15.137 14.828 14.519 14.210 13.901 13.592 13.283 12.975 12.666 12.357 12.049 11.740 11.431 11.123 10.815 10.506 10.198  9.890  9.581  9.273  8.965  8.657  8.349  8.041  7.733  7.425  7.117  6.809  6.501  6.193  5.885  5.578  5.270  4.962  4.654  4.347  4.039  3.731  3.424  3.116  2.808  2.501  2.193  1.885  1.578  1.270  0.963  0.655  0.348 
23.521 23.210 22.899 22.589 22.278 21.967 21.657 21.346 21.036 20.726 20.415 20.105 19.795 19.485 19.175 18.865 18.555 18.245 17.935 17.625 17.316 17.006 16.697 16.387 16.078 15.768 15.459 15.149 14.840 14.531 14.222 13.913 13.604 13.295 12.986 12.677 12.368 12.059 11.750 11.442 11.133 10.824 10.516 10.207  9.899  9.590  9.282  8.973  8.665  8.357  8.048  7.740  7.432  7.124  6.815  6.507  6.199  5.891  5.583  5.275  4.967  4.659  4.351  4.043  3.735  3.427  3.119  2.811  2.503  2.195  1.887  1.579  1.272  0.964  0.656  0.348 
23.534 23.224 22.913 22.602 22.291 21.981 21.670 21.360 21.049 20.739 20.428 20.118 19.808 19.498 19.188 18.878 18.568 18.258 17.948 17.638 17.328 17.018 16.709 16.399 16.089 15.780 15.470 15.161 14.851 14.542 14.233 13.923 13.614 13.305 12.996 12.687 12.378 12.069 11.760 11.451 11.142 10.833 10.524 10.216  9.907  9.598  9.289  8.981  8.672  8.364  8.055  7.747  7.438  7.130  6.821  6.513  6.204  5.896  5.588  5.279  4.971  4.663  4.355  4.046  3.738  3.430  3.122  2.813  2.505  2.197  1.889  1.581  1.273  0.964  0.656  0.348 
23.546 23.236 22.925 22.614 22.303 21.993 21.682 21.372 21.061 20.751 20.440 20.130 19.820 19.509 19.199 18.889 18.579 18.269 17.959 17.649 17.339 17.029 16.719 16.410 16.100 15.790 15.481 15.171 14.861 14.552 14.242 13.933 13.624 13.314 13.005 12.696 12.387 12.077 11.768 11.459 11.150 10.841 10.532 10.223  9.914  9.605  9.296  8.988  8.679  8.370  8.061  7.753  7.444  7.135  6.827  6.518  6.209  5.901  5.592  5.284  4.975  4.667  4.358  4.050  3.741  3.433  3.124  2.816  2.507  2.199  1.890  1.582  1.274  0.965  0.657  0.348 
23.557 23.247 22.936 22.625 22.314 22.004 21.693 21.382 21.072 20.761 20.451 20.141 19.830 19.520 19.210 18.899 18.589 18.279 17.969 17.659 17.349 17.039 16.729 16.419 16.110 15.800 15.490 15.180 14.871 14.561 14.251 13.942 13.632 13.323 13.013 12.704 12.395 12.085 11.776 11.467 11.158 10.848 10.539 10.230  9.921  9.612  9.303  8.994  8.685  8.376  8.067  7.758  7.449  7.140  6.831  6.523  6.214  5.905  5.596  5.287  4.979  4.670  4.361  4.052  3.744  3.435  3.126  2.818  2.509  2.200  1.892  1.583  1.275  0.966  0.657  0.349 
23.567 23.257 22.946 22.635 22.324 22.014 21.703 21.392 21.082 20.771 20.461 20.150 19.840 19.530 19.219 18.909 18.599 18.289 17.978 17.668 17.358 17.048 16.738 16.428 16.118 15.808 15.499 15.189 14.879 14.569 14.260 13.950 13.640 13.331 13.021 12.712 12.402 12.093 11.783 11.474 11.164 10.855 10.546 10.236  9.927  9.618  9.309  8.999  8.690  8.381  8.072  7.763  7.454  7.145  6.836  6.527  6.218  5.909  5.600  5.291  4.982  4.673  4.364  4.055  3.746  3.437  3.129  2.820  2.511  2.202  1.893  1.584  1.275  0.967  0.658  0.349 
23.577 23.266 22.955 22.644 22.333 22.023 21.712 21.401 21.091 20.780 20.470 20.159 19.849 19.538 19.228 18.918 18.607 18.297 17.987 17.677 17.367 17.056 16.746 16.436 16.126 15.816 15.506 15.196 14.887 14.577 14.267 13.957 13.647 13.338 13.028 12.718 12.409 12.099 11.790 11.480 11.171 10.861 10.552 10.242  9.933  9.623  9.314  9.005  8.695  8.386  8.077  7.767  7.458  7.149  6.840  6.531  6.221  5.912  5.603  5.294  4.985  4.676  4.367  4.058  3.749  3.439  3.130  2.821  2.512  2.203  1.894  1.585  1.276  0.967  0.658  0.349 
23.585 23.274 22.963 22.652 22.342 22.031 21.720 21.409 21.099 20.788 20.478 20.167 19.857 19.546 19.236 18.926 18.615 18.305 17.995 17.684 17.374 17.064 16.754 16.444 16.134 15.824 15.513 15.204 14.894 14.584 14.274 13.964 13.654 13.344 13.034 12.725 12.415 12.105 11.795 11.486 11.176 10.867 10.557 10.247  9.938  9.628  9.319  9.009  8.700  8.390  8.081  7.772  7.462  7.153  6.843  6.534  6.225  5.915  5.606  5.297  4.988  4.678  4.369  4.060  3.751  3.441  3.132  2.823  2.514  2.205  1.895  1.586  1.277  0.968  0.659  0.349 
23.592 23.281 22.971 22.660 22.349 22.038 21.728 21.417 21.106 20.796 20.485 20.175 19.864 19.554 19.243 18.933 18.622 18.312 18.002 17.691 17.381 17.071 16.761 16.450 16.140 15.830 15.520 15.210 14.900 14.590 14.280 13.970 13.660 13.350 13.040 12.730 12.420 12.111 11.801 11.491 11.181 10.871 10.562 10.252  9.942  9.633  9.323  9.014  8.704  8.394  8.085  7.775  7.466  7.156  6.847  6.537  6.228  5.918  5.609  5.299  4.990  4.681  4.371  4.062  3.751  3.440  3.124  2.798  2.450  2.064  1.620  1.112  0.556 -0.656 -2.204 -3.750 
23.597 23.286 22.975 22.664 22.353 22.042 21.731 21.420 21.109 20.797 20.486 20.174 19.863 19.551 19.239 18.927 18.614 18.302 17.989 17.676 17.362 17.048 16.733 16.418 16.103 15.787 15.470 15.152 14.834 14.514 14.194 13.873 13.550 13.226 12.901 12.574 12.246 11.916 11.584 11.250 10.915 10.577 10.237  9.895  9.550  9.203  8.853  8.501  8.146  7.788  7.427  7.063  6.697  6.327  5.955  5.580  5.202  4.821  4.438  4.052  3.663  3.272  2.879  2.483  2.086  1.687  1.287  0.885  0.482  0.078 -0.271 -0.621 -0.970 -1.317 -1.660 -2.000 
23.538 23.227 22.915 22.603 22.291 21.977 21.664 21.349 21.035 20.719 20.403 20.087 19.770 19.452 19.133 18.814 18.494 18.174 17.852 17.530 17.207 16.883 16.559 16.233 15.907 15.579 15.251 14.921 14.591 14.259 13.927 13.593 13.258 12.922 12.585 12.246 11.906 11.565 11.223 10.880 10.535 10.189  9.842  9.494  9.144  8.794  8.442  8.089  7.736  7.381  7.026  6.671  6.315  5.958  5.602  5.246  4.890  4.534  4.180  3.826  3.474  3.123  2.773  2.425  2.079  1.734  1.391  1.050  0.710  0.372  0.035 -0.134 -0.182 -0.215 -0.235 -0.250 
23.392 23.080 22.768 22.456 22.142 21.828 21.513 21.198 20.881 20.564 20.246 19.928 19.609 19.289 18.968 18.646 18.324 18.001 17.678 17.354 17.029 16.703 16.377 16.050 15.723 15.394 15.066 14.737 14.407 14.077 13.746 13.415 13.084 12.753 12.421 12.089 11.758 11.426 11.095 10.764 10.434 10.105  9.776  9.449  9.123  8.799  8.476  8.156  7.839  7.524  7.213  6.905  6.601  6.302  6.008  5.719  5.435  5.157  4.886  4.622  4.365  4.115  3.874  3.640  3.414  3.197  2.989  2.789  2.598  2.416  2.242  2.077  1.920  1.772  1.632  1.500 
23.252 22.941 22.630 22.318 22.005 21.693 21.380 21.067 20.753 20.439 20.125 19.810 19.496 19.181 18.866 18.551 18.236 17.921 17.606 17.291 16.976 16.661 16.347 16.033 15.720 15.407 15.095 14.784 14.473 14.163 13.855 13.547 13.241 12.936 12.632 12.330 12.030 11.732 11.435 11.141 10.849 10.560 10.273  9.988  9.707  9.428  9.153  8.881  8.612  8.347  8.086  7.829  7.576  7.327  7.082  6.842  6.607  6.377  6.152  5.932  5.717  5.508  5.305  5.107  4.916  4.730  4.551  4.379  4.213  4.054  3.902  3.757  3.619  3.488  3.365  3.250 
23.246 22.935 22.625 22.315 22.005 21.696 21.387 21.079 20.771 20.463 20.156 19.849 19.543 19.238 18.933 18.629 18.326 18.023 17.722 17.421 17.121 16.822 16.524 16.228 15.932 15.638 15.346 15.054 14.765 14.477 14.190 13.906 13.623 13.343 13.065 12.788 12.515 12.243 11.974 11.708 11.445 11.184 10.927 10.673 10.422 10.174  9.930  9.689  9.453  9.220  8.991  8.767  8.547  8.331  8.120  7.913  7.712  7.515  7.324  7.137  6.957  6.782  6.612  6.449  6.291  6.140  5.995  5.857  5.725  5.600  5.482  5.371  5.267  5.170  5.081  5.000 
23.406 23.096 22.787 22.478 22.171 21.865 21.560 21.257 20.954 20.652 20.352 20.053 19.755 19.458 19.163 18.869 18.576 18.285 17.995 17.707 17.420 17.135 16.852 16.570 16.290 16.012 15.735 15.461 15.188 14.918 14.649 14.383 14.119 13.857 13.598 13.340 13.086 12.833 12.583 12.336 12.091 11.848 11.609 11.371 11.137 10.905 10.676 10.449 10.226 10.005  9.786  9.570  9.357  9.146  8.938  8.732  8.529  8.328  8.129  7.933  7.739  7.546  7.356  7.167  6.981  6.795  6.611  6.429  6.248  6.067  5.888  5.710  5.532  5.354  5.177  5.000 
23.703 23.393 23.084 22.777 22.472 22.168 21.865 21.564 21.265 20.967 20.671 20.376 20.083 19.792 19.502 19.214 18.927 18.642 18.359 18.078 17.798 17.520 17.243 16.969 16.696 16.425 16.155 15.888 15.622 15.358 15.096 14.836 14.578 14.322 14.067 13.814 13.564 13.315 13.068 12.823 12.579 12.338 12.098 11.861 11.625 11.391 11.158 10.928 10.699 10.471 10.246 10.022  9.800  9.579  9.360  9.142  8.926  8.711  8.497  8.284  8.073  7.863  7.654  7.446  7.239  7.032  6.827  6.622  6.418  6.214  6.011  5.808  5.606  5.404  5.202  5.000 
24.063 23.753 23.445 23.138 22.833 22.530 22.228 21.928 21.629 21.332 21.037 20.744 20.452 20.162 19.873 19.586 19.301 19.018 18.736 18.456 18.177 17.900 17.625 17.351 17.079 16.809 16.540 16.273 16.008 15.744 15.482 15.221 14.962 14.705 14.449 14.194 13.942 13.690 13.441 13.193 12.946 12.701 12.457 12.214 11.973 11.734 11.495 11.258 11.023 10.788 10.555 10.323 10.092  9.862  9.633  9.406  9.179  8.953  8.728  8.504  8.281  8.059  7.837  7.616  7.396  7.176  6.957  6.739  6.520  6.302  6.085  5.868  5.650  5.434  5.217  5.000 
24.431 24.121 23.813 23.506 23.201 22.897 22.595 22.295 21.996 21.699 21.403 21.109 20.817 20.526 20.237 19.949 19.663 19.378 19.096 18.814 18.534 18.256 17.979 17.704 17.430 17.158 16.887 16.618 16.350 16.084 15.819 15.555 15.293 15.032 14.773 14.515 14.258 14.003 13.749 13.496 13.244 12.994 12.745 12.497 12.250 12.004 11.760 11.516 11.274 11.032 10.792 10.553 10.314 10.076  9.839  9.604  9.368  9.134  8.900  8.667  8.435  8.203  7.972  7.741  7.511  7.281  7.052  6.823  6.594  6.366  6.138  5.910  5.682  5.455  5.227  5.000 
24.782 24.472 24.163 23.856 23.551 23.247 22.944 22.643 22.343 22.045 21.749 21.454 21.160 20.868 20.577 20.288 20.000 19.714 19.429 19.146 18.864 18.583 18.304 18.026 17.750 17.475 17.201 16.928 16.657 16.387 16.119 15.852 15.586 15.321 15.057 14.795 14.534 14.274 14.015 13.757 13.501 13.245 12.991 12.737 12.485 12.233 11.983 11.733 11.484 11.236 10.989 10.743 10.498 10.253 10.009  9.766  9.524  9.282  9.040  8.800  8.560  8.320  8.081  7.842  7.604  7.366  7.128  6.891  6.654  6.417  6.181  5.944  5.708  5.472  5.236  5.000 
25.107 24.797 24.488 24.181 23.875 23.570 23.267 22.965 22.665 22.366 22.068 21.772 21.477 21.183 20.891 20.600 20.310 20.022 19.735 19.449 19.165 18.881 18.600 18.319 18.040 17.761 17.485 17.209 16.934 16.661 16.389 16.118 15.848 15.579 15.312 15.045 14.779 14.515 14.251 13.989 13.727 13.467 13.207 12.949 12.691 12.434 12.178 11.922 11.668 11.414 11.161 10.909 10.657 10.407 10.156  9.907  9.658  9.409  9.161  8.914  8.667  8.420  8.174  7.929  7.683  7.438  7.194  6.949  6.705  6.461  6.217  5.974  5.730  5.487  5.243  5.000 
25.405 25.095 24.786 24.478 24.172 23.867 23.563 23.260 22.959 22.659 22.360 22.062 21.766 21.470 21.177 20.884 20.592 20.302 20.013 19.725 19.438 19.153 18.868 18.585 18.303 18.022 17.742 17.463 17.185 16.908 16.633 16.358 16.085 15.812 15.540 15.270 15.000 14.731 14.463 14.197 13.930 13.665 13.401 13.137 12.875 12.613 12.352 12.091 11.831 11.572 11.314 11.056 10.799 10.543 10.287 10.031  9.776  9.522  9.268  9.015  8.762  8.509  8.257  8.005  7.753  7.502  7.251  7.000  6.750  6.500  6.249  5.999  5.749  5.500  5.250  5.000 
25.676 25.366 25.057 24.749 24.442 24.136 23.832 23.529 23.226 22.925 22.625 22.326 22.029 21.732 21.437 21.142 20.849 20.557 20.266 19.976 19.687 19.399 19.112 18.826 18.541 18.257 17.975 17.693 17.412 17.132 16.853 16.575 16.298 16.022 15.747 15.473 15.199 14.927 14.655 14.384 14.114 13.844 13.575 13.307 13.040 12.774 12.508 12.243 11.978 11.714 11.451 11.188 10.926 10.665 10.404 10.143  9.883  9.623  9.364  9.105  8.847  8.589  8.331  8.073  7.816  7.559  7.303  7.046  6.790  6.534  6.278  6.022  5.767  5.511  5.256  5.000 
25.923 25.613 25.303 24.995 24.688 24.382 24.076 23.772 23.469 23.167 22.866 22.566 22.267 21.970 21.673 21.377 21.082 20.788 20.495 20.203 19.912 19.622 19.333 19.045 18.758 18.471 18.186 17.901 17.618 17.335 17.053 16.772 16.492 16.213 15.934 15.656 15.379 15.103 14.828 14.553 14.279 14.006 13.733 13.461 13.190 12.919 12.649 12.380 12.111 11.843 11.575 11.308 11.041 10.775 10.509 10.244  9.979  9.714  9.450  9.187  8.923  8.660  8.398  8.135  7.873  7.611  7.349  7.088  6.826  6.565  6.304  6.043  5.782  5.521  5.261  5.000 
26.146 25.836 25.527 25.218 24.911 24.604 24.298 23.994 23.690 23.387 23.085 22.784 22.484 22.185 21.887 21.589 21.293 20.998 20.703 20.409 20.116 19.824 19.533 19.243 18.954 18.665 18.377 18.090 17.804 17.519 17.234 16.950 16.667 16.385 16.104 15.823 15.543 15.263 14.984 14.706 14.429 14.152 13.876 13.600 13.325 13.051 12.777 12.504 12.231 11.959 11.687 11.416 11.145 10.875 10.605 10.335 10.066  9.797  9.529  9.260  8.993  8.725  8.458  8.191  7.924  7.658  7.391  7.125  6.859  6.593  6.328  6.062  5.796  5.531  5.265  5.000 
26.349 26.039 25.729 25.420 25.113 24.806 24.499 24.194 23.890 23.586 23.283 22.982 22.680 22.380 22.081 21.782 21.485 21.188 20.891 20.596 20.302 20.008 19.715 19.423 19.131 18.841 18.551 18.262 17.973 17.685 17.398 17.112 16.826 16.541 16.257 15.974 15.691 15.408 15.126 14.845 14.565 14.285 14.005 13.726 13.448 13.170 12.893 12.616 12.340 12.064 11.789 11.514 11.239 10.965 10.691 10.418 10.144  9.872  9.599  9.327  9.055  8.784  8.512  8.241  7.971  7.700  7.429  7.159  6.889  6.619  6.349  6.079  5.809  5.539  5.270  5.000 
26.533 26.223 25.913 25.604 25.296 24.988 24.682 24.376 24.071 23.767 23.463 23.161 22.859 22.557 22.257 21.957 21.658 21.360 21.062 20.766 20.470 20.174 19.880 19.586 19.292 19.000 18.708 18.417 18.126 17.836 17.547 17.259 16.971 16.683 16.396 16.110 15.825 15.540 15.255 14.971 14.688 14.405 14.123 13.841 13.559 13.278 12.998 12.718 12.438 12.159 11.881 11.602 11.324 11.047 10.769 10.492 10.216  9.939  9.663  9.388  9.112  8.837  8.562  8.287  8.013  7.738  7.464  7.190  6.916  6.642  6.368  6.094  5.821  5.547  5.274  5.000 
26.700 26.389 26.079 25.770 25.462 25.154 24.847 24.541 24.235 23.930 23.626 23.323 23.020 22.718 22.416 22.116 21.816 21.516 21.217 20.919 20.622 20.325 20.029 19.733 19.439 19.144 18.851 18.558 18.265 17.973 17.682 17.391 17.101 16.812 16.523 16.234 15.946 15.659 15.372 15.085 14.799 14.514 14.229 13.944 13.660 13.376 13.093 12.810 12.528 12.246 11.964 11.682 11.401 11.121 10.840 10.560 10.280 10.001  9.722  9.443  9.164  8.885  8.607  8.329  8.051  7.773  7.495  7.217  6.940  6.663  6.385  6.108  5.831  5.554  5.277  5.000 
26.851 26.540 26.230 25.921 25.612 25.305 24.997 24.690 24.384 24.079 23.774 23.470 23.166 22.863 22.561 22.259 21.958 21.658 21.358 21.059 20.760 20.462 20.164 19.867 19.571 19.275 18.980 18.685 18.391 18.097 17.804 17.512 17.220 16.928 16.637 16.346 16.056 15.767 15.477 15.189 14.900 14.613 14.325 14.038 13.751 13.465 13.179 12.894 12.609 12.324 12.039 11.755 11.471 11.188 10.905 10.622 10.339 10.056  9.774  9.492  9.210  8.929  8.647  8.366  8.085  7.804  7.523  7.243  6.962  6.682  6.401  6.121  5.841  5.560  5.280  5.000 
26.988 26.677 26.367 26.058 25.749 25.441 25.133 24.826 24.519 24.213 23.908 23.603 23.299 22.995 22.692 22.390 22.088 21.786 21.485 21.185 20.885 20.586 20.287 19.989 19.691 19.394 19.097 18.801 18.505 18.210 17.915 17.621 17.327 17.034 16.741 16.448 16.156 15.865 15.573 15.282 14.992 14.702 14.412 14.123 13.834 13.546 13.258 12.970 12.682 12.395 12.108 11.821 11.535 11.249 10.963 10.677 10.392 10.107  9.822  9.537  9.253  8.968  8.684  8.400  8.116  7.833  7.549  7.266  6.982  6.699  6.416  6.132  5.849  5.566  5.283  5.000 
27.112 26.801 26.491 26.182 25.873 25.564 25.256 24.949 24.642 24.335 24.030 23.724 23.419 23.115 22.811 22.508 22.205 21.903 21.601 21.299 20.999 20.698 20.398 20.099 19.800 19.501 19.203 18.906 18.609 18.312 18.016 17.720 17.424 17.129 16.835 16.540 16.247 15.953 15.660 15.367 15.075 14.783 14.492 14.200 13.909 13.619 13.328 13.038 12.749 12.459 12.170 11.881 11.592 11.304 11.016 10.728 10.440 10.153  9.865  9.578  9.291  9.004  8.718  8.431  8.145  7.858  7.572  7.286  7.000  6.714  6.429  6.143  5.857  5.571  5.286  5.000 
27.225 26.914 26.604 26.294 25.985 25.676 25.368 25.060 24.753 24.446 24.140 23.834 23.528 23.223 22.919 22.615 22.311 22.008 21.705 21.403 21.101 20.800 20.499 20.199 19.898 19.599 19.300 19.001 18.702 18.404 18.107 17.809 17.513 17.216 16.920 16.624 16.329 16.034 15.739 15.445 15.150 14.857 14.563 14.270 13.977 13.685 13.393 13.101 12.809 12.517 12.226 11.935 11.645 11.354 11.064 10.774 10.484 10.194  9.905  9.615  9.326  9.037  8.748  8.459  8.170  7.882  7.593  7.305  7.017  6.728  6.440  6.152  5.864  5.576  5.288  5.000 
27.327 27.016 26.706 26.396 26.087 25.778 25.469 25.161 24.853 24.546 24.239 23.933 23.627 23.322 23.017 22.712 22.408 22.104 21.800 21.497 21.195 20.892 20.590 20.289 19.988 19.687 19.387 19.087 18.787 18.488 18.189 17.891 17.592 17.295 16.997 16.700 16.403 16.107 15.810 15.514 15.219 14.923 14.628 14.334 14.039 13.745 13.451 13.157 12.864 12.570 12.277 11.984 11.692 11.399 11.107 10.815 10.523 10.232  9.940  9.649  9.357  9.066  8.775  8.485  8.194  7.903  7.613  7.322  7.032  6.741  6.451  6.161  5.871  5.580  5.290  5.000 
27.419 27.108 26.798 26.488 26.179 25.870 25.561 25.253 24.945 24.637 24.330 24.023 23.717 23.411 23.105 22.800 22.495 22.190 21.886 21.582 21.279 20.976 20.673 20.371 20.069 19.767 19.466 19.165 18.864 18.564 18.264 17.964 17.665 17.366 17.067 16.769 16.471 16.173 15.875 15.578 15.281 14.984 14.687 14.391 14.095 13.799 13.504 13.208 12.913 12.618 12.324 12.029 11.735 11.441 11.147 10.853 10.559 10.266  9.972  9.679  9.386  9.093  8.800  8.508  8.215  7.922  7.630  7.337  7.045  6.753  6.461  6.168  5.876  5.584  5.292  5.000 
27.503 27.192 26.882 26.572 26.262 25.953 25.644 25.336 25.027 24.719 24.412 24.105 23.798 23.491 23.185 22.880 22.574 22.269 21.964 21.660 21.356 21.052 20.748 20.445 20.142 19.840 19.538 19.236 18.934 18.633 18.332 18.031 17.731 17.431 17.131 16.831 16.532 16.233 15.934 15.635 15.337 15.039 14.741 14.443 14.146 13.849 13.552 13.255 12.958 12.662 12.365 12.069 11.774 11.478 11.182 10.887 10.592 10.297 10.002  9.707  9.412  9.117  8.823  8.528  8.234  7.940  7.646  7.351  7.057  6.763  6.469  6.175  5.882  5.588  5.294  5.000 
