25.516 25.205 24.894 24.583 24.273 23.962 23.651 23.340 23.029 22.718 22.407 22.096 21.785 21.474 21.164 20.853 20.542 20.231 19.920 19.609 19.298 18.987 18.676 18.365 18.054 17.743 17.432 17.121 16.810 16.499 16.188 15.876 15.565 15.254 14.943 14.631 14.320 14.008 13.696 13.385 13.073 12.761 12.449 12.137 11.824 11.512 11.199 10.886 10.573 10.260  9.946  9.632  9.318  9.004  8.689  8.373  8.058  7.742  7.425  7.108  6.791  6.473  6.154  5.835  5.515  5.194  4.873  4.550  4.227  3.904  3.579  3.253  2.926  2.599  2.270  1.940 
25.514 25.203 24.892 24.581 24.270 23.959 23.648 23.337 23.026 22.714 22.403 22.092 21.781 21.470 21.158 20.847 20.535 20.224 19.912 19.601 19.289 18.977 18.665 18.353 18.041 17.729 17.417 17.104 16.792 16.479 16.166 15.853 15.540 15.227 14.913 14.599 14.286 13.971 13.657 13.342 13.028 12.712 12.397 12.081 11.765 11.449 11.132 10.814 10.497 10.179  9.860  9.541  9.222  8.902  8.581  8.260  7.939  7.616  7.294  6.970  6.646  6.321  5.995  5.669  5.341  5.013  4.684  4.354  4.024  3.692  3.359  3.026  2.691  2.355  2.018  1.680 
25.500 25.189 24.878 24.567 24.256 23.945 23.633 23.322 23.010 22.699 22.387 22.075 21.763 21.451 21.138 20.826 20.513 20.201 19.888 19.575 19.262 18.948 18.635 18.321 18.007 17.693 17.379 17.064 16.750 16.435 16.119 15.804 15.488 15.172 14.856 14.539 14.222 13.905 13.587 13.269 12.951 12.632 12.313 11.993 11.673 11.353 11.032 10.710 10.388 10.066  9.742  9.419  9.094  8.770  8.444  8.118  7.791  7.463  7.135  6.806  6.476  6.146  5.814  5.482  5.149  4.815  4.480  4.144  3.807  3.469  3.130  2.790  2.449  2.107  1.764  1.420 
25.470 25.159 24.848 24.537 24.225 23.913 23.602 23.290 22.977 22.665 22.352 22.039 21.726 21.413 21.100 20.786 20.472 20.158 19.844 19.529 19.214 18.899 18.584 18.269 17.953 17.636 17.320 17.003 16.686 16.369 16.051 15.733 15.414 15.096 14.776 14.457 14.137 13.816 13.495 13.174 12.852 12.530 12.207 11.884 11.560 11.236 10.911 10.585 10.259  9.932  9.605  9.277  8.948  8.619  8.289  7.958  7.627  7.295  6.961  6.628  6.293  5.957  5.621  5.284  4.946  4.606  4.266  3.925  3.583  3.240  2.896  2.551  2.205  1.858  1.510  1.160 
25.421 25.110 24.799 24.487 24.175 23.863 23.551 23.238 22.925 22.612 22.299 21.985 21.671 21.357 21.042 20.727 20.412 20.097 19.781 19.465 19.148 18.832 18.514 18.197 17.879 17.561 17.242 16.923 16.604 16.284 15.964 15.643 15.322 15.001 14.679 14.356 14.033 13.710 13.386 13.062 12.737 12.411 12.085 11.758 11.431 11.103 10.774 10.445 10.115  9.785  9.454  9.122  8.789  8.456  8.122  7.787  7.451  7.115  6.778  6.439  6.100  5.761  5.420  5.078  4.736  4.392  4.047  3.702  3.355  3.008  2.659  2.310  1.959  1.607  1.254  0.900 
25.353 25.042 24.731 24.419 24.107 23.794 23.482 23.168 22.855 22.541 22.227 21.912 21.597 21.282 20.966 20.650 20.334 20.017 19.700 19.382 19.064 18.746 18.427 18.108 17.788 17.468 17.147 16.826 16.505 16.183 15.860 15.537 15.214 14.890 14.565 14.240 13.915 13.588 13.262 12.934 12.606 12.278 11.949 11.619 11.288 10.957 10.625 10.293  9.960  9.626  9.291  8.956  8.620  8.283  7.945  7.606  7.267  6.927  6.586  6.244  5.901  5.557  5.212  4.867  4.520  4.173  3.824  3.475  3.124  2.772  2.420  2.066  1.711  1.355  0.998  0.640 
25.268 24.957 24.645 24.333 24.021 23.708 23.395 23.081 22.767 22.453 22.138 21.822 21.507 21.190 20.874 20.557 20.239 19.921 19.603 19.284 18.964 18.644 18.324 18.003 17.681 17.360 17.037 16.714 16.391 16.067 15.742 15.417 15.091 14.765 14.438 14.111 13.782 13.454 13.124 12.794 12.464 12.132 11.800 11.468 11.134 10.800 10.466 10.130  9.794  9.457  9.119  8.780  8.441  8.101  7.760  7.418  7.075  6.731  6.387  6.042  5.695  5.348  5.000  4.651  4.300  3.949  3.597  3.244  2.890  2.535  2.178  1.821  1.462  1.103  0.742  0.380 
25.166 24.855 24.543 24.231 23.919 23.606 23.292 22.978 22.663 22.348 22.033 21.717 21.400 21.083 20.766 20.447 20.129 19.810 19.490 19.170 18.849 18.528 18.206 17.883 17.560 17.237 16.913 16.588 16.263 15.937 15.610 15.283 14.956 14.627 14.298 13.968 13.638 13.307 12.975 12.643 12.310 11.976 11.642 11.306 10.971 10.634 10.296  9.958  9.619  9.279  8.938  8.597  8.255  7.911  7.567  7.222  6.877  6.530  6.182  5.834  5.484  5.134  4.782  4.430  4.077  3.722  3.367  3.010  2.653  2.294  1.935  1.574  1.212  0.849  0.485  0.120 
25.050 24.739 24.427 24.115 23.802 23.489 23.175 22.860 22.545 22.230 21.913 21.597 21.279 20.962 20.643 20.324 20.005 19.684 19.364 19.042 18.720 18.398 18.075 17.751 17.426 17.101 16.776 16.450 16.123 15.795 15.467 15.138 14.808 14.478 14.147 13.815 13.483 13.150 12.816 12.482 12.146 11.810 11.473 11.136 10.798 10.458 10.118  9.778  9.436  9.094  8.750  8.406  8.061  7.715  7.369  7.021  6.672  6.323  5.973  5.621  5.269  4.915  4.561  4.206  3.850  3.492  3.134  2.774  2.414  2.052  1.690  1.326  0.961  0.595  0.228 -0.140 
24.920 24.609 24.297 23.985 23.672 23.358 23.044 22.729 22.414 22.098 21.781 21.464 21.146 20.827 20.508 20.188 19.868 19.547 19.225 18.902 18.579 18.256 17.931 17.606 17.281 16.954 16.627 16.300 15.971 15.642 15.312 14.982 14.651 14.319 13.986 13.652 13.318 12.983 12.647 12.311 11.973 11.635 11.296 10.956 10.616 10.274  9.932  9.588  9.244  8.899  8.552  8.205  7.857  7.508  7.157  6.806  6.453  6.100  5.745  5.389  5.032  4.674  4.314  3.953  3.591  3.228  2.863  2.497  2.130  1.762  1.392  1.021  0.649  0.276 -0.099 -0.400 
24.778 24.467 24.155 23.842 23.529 23.215 22.901 22.586 22.270 21.953 21.636 21.318 20.999 20.680 20.360 20.039 19.718 19.396 19.073 18.750 18.426 18.101 17.775 17.449 17.122 16.794 16.465 16.136 15.806 15.475 15.143 14.811 14.477 14.143 13.808 13.473 13.136 12.799 12.461 12.122 11.782 11.441 11.100 10.757 10.414 10.070  9.725  9.379  9.032  8.685  8.336  7.987  7.637  7.286  6.934  6.581  6.228  5.873  5.518  5.162  4.805  4.448  4.089  3.730  3.371  3.010  2.649  2.287  1.924  1.561  1.197  0.832  0.467  0.101 -0.249 -0.660 
24.623 24.312 24.000 23.687 23.374 23.059 22.745 22.429 22.113 21.796 21.478 21.160 20.840 20.520 20.200 19.878 19.556 19.233 18.910 18.585 18.260 17.934 17.607 17.280 16.952 16.623 16.293 15.962 15.631 15.298 14.965 14.631 14.297 13.961 13.624 13.287 12.949 12.610 12.270 11.929 11.587 11.244 10.900 10.555 10.209  9.862  9.515  9.166  8.816  8.465  8.113  7.760  7.406  7.051  6.695  6.338  5.980  5.621  5.261  4.900  4.538  4.175  3.812  3.447  3.082  2.716  2.349  1.982  1.614  1.245  0.876  0.507  0.137 -0.191 -0.555 -0.920 
24.456 24.145 23.833 23.520 23.206 22.892 22.577 22.261 21.944 21.627 21.309 20.989 20.670 20.349 20.028 19.706 19.383 19.059 18.734 18.409 18.083 17.756 17.428 17.100 16.770 16.440 16.109 15.777 15.444 15.111 14.777 14.441 14.105 13.769 13.431 13.092 12.753 12.413 12.071 11.729 11.386 11.042 10.698 10.352 10.005  9.657  9.308  8.958  8.607  8.255  7.902  7.547  7.192  6.834  6.476  6.116  5.755  5.392  5.028  4.662  4.294  3.925  3.555  3.182  2.809  2.434  2.057  1.679  1.300  0.921  0.540  0.159 -0.167 -0.505 -0.842 -1.180 
24.279 23.967 23.655 23.342 23.029 22.714 22.399 22.083 21.766 21.448 21.129 20.810 20.489 20.168 19.846 19.523 19.200 18.875 18.550 18.223 17.896 17.568 17.240 16.910 16.579 16.248 15.916 15.583 15.249 14.914 14.578 14.241 13.903 13.565 13.225 12.885 12.544 12.202 11.859 11.515 11.170 10.824 10.478 10.130  9.782  9.432  9.082  8.731  8.379  8.026  7.672  7.318  6.963  6.606  6.250  5.892  5.533  5.174  4.814  4.453  4.092  3.729  3.366  3.003  2.639  2.274  1.908  1.542  1.175  0.808  0.440  0.072 -0.269 -0.659 -1.049 -1.440 
24.092 23.780 23.468 23.155 22.841 22.527 22.211 21.895 21.577 21.259 20.940 20.620 20.299 19.978 19.655 19.332 19.008 18.683 18.357 18.030 17.702 17.373 17.044 16.713 16.382 16.050 15.716 15.382 15.047 14.711 14.374 14.036 13.697 13.357 13.017 12.675 12.332 11.988 11.643 11.297 10.951 10.603 10.254  9.904  9.553  9.201  8.848  8.494  8.139  7.783  7.427  7.069  6.710  6.350  5.989  5.628  5.265  4.902  4.538  4.173  3.807  3.440  3.073  2.705  2.337  1.967  1.598  1.227  0.856  0.485  0.113 -0.219 -0.589 -0.958 -1.329 -1.700 
23.896 23.584 23.272 22.959 22.645 22.330 22.014 21.698 21.380 21.062 20.742 20.422 20.101 19.779 19.456 19.132 18.807 18.481 18.155 17.827 17.499 17.170 16.839 16.508 16.176 15.843 15.509 15.175 14.839 14.502 14.164 13.826 13.486 13.146 12.804 12.461 12.118 11.773 11.428 11.081 10.733 10.384 10.034  9.683  9.331  8.977  8.623  8.267  7.910  7.551  7.192  6.831  6.469  6.105  5.741  5.375  5.008  4.640  4.270  3.899  3.528  3.155  2.781  2.407  2.031  1.655  1.278  0.900  0.522  0.144 -0.184 -0.538 -0.893 -1.248 -1.604 -1.960 
23.692 23.381 23.069 22.756 22.442 22.126 21.810 21.494 21.176 20.857 20.537 20.216 19.895 19.572 19.249 18.924 18.599 18.273 17.946 17.617 17.288 16.958 16.627 16.295 15.962 15.628 15.293 14.957 14.621 14.283 13.944 13.604 13.264 12.922 12.580 12.236 11.892 11.546 11.200 10.853 10.505 10.155  9.805  9.454  9.102  8.750  8.396  8.041  7.686  7.329  6.972  6.613  6.254  5.893  5.531  5.168  4.803  4.437  4.069  3.699  3.327  2.952  2.574  2.193  1.807  1.418  1.024  0.625  0.221 -0.187 -0.519 -0.855 -1.193 -1.534 -1.876 -2.220 
23.482 23.171 22.858 22.545 22.231 21.916 21.600 21.282 20.964 20.645 20.325 20.005 19.683 19.360 19.036 18.711 18.385 18.058 17.731 17.402 17.072 16.742 16.410 16.077 15.743 15.409 15.073 14.736 14.398 14.060 13.720 13.379 13.037 12.694 12.350 12.005 11.659 11.312 10.964 10.615 10.265  9.914  9.561  9.208  8.854  8.499  8.143  7.786  7.427  7.068  6.708  6.347  5.986  5.623  5.259  4.895  4.530  4.164  3.797  3.430  3.061  2.693  2.323  1.953  1.582  1.211  0.839  0.467  0.094 -0.240 -0.612 -0.985 -1.358 -1.731 -2.105 -2.480 
23.265 22.953 22.641 22.328 22.013 21.698 21.382 21.065 20.746 20.427 20.107 19.786 19.464 19.140 18.816 18.491 18.165 17.838 17.510 17.181 16.851 16.520 16.187 15.854 15.520 15.185 14.849 14.511 14.173 13.834 13.493 13.152 12.809 12.466 12.121 11.775 11.428 11.080 10.731 10.381 10.029  9.677  9.323  8.968  8.612  8.254  7.896  7.536  7.175  6.813  6.450  6.086  5.720  5.354  4.986  4.618  4.248  3.878  3.506  3.134  2.761  2.387  2.012  1.637  1.261  0.884  0.507  0.130 -0.201 -0.563 -0.924 -1.287 -1.649 -2.012 -2.376 -2.740 
23.042 22.731 22.418 22.105 21.790 21.475 21.159 20.841 20.523 20.203 19.883 19.561 19.239 18.915 18.591 18.265 17.938 17.611 17.282 16.953 16.622 16.290 15.958 15.624 15.289 14.953 14.617 14.279 13.940 13.601 13.260 12.918 12.576 12.232 11.888 11.542 11.196 10.849 10.500 10.151  9.802  9.451  9.100  8.748  8.396  8.043  7.690  7.336  6.982  6.629  6.275  5.921  5.568  5.215  4.863  4.511  4.161  3.811  3.462  3.115  2.769  2.424  2.080  1.737  1.396  1.056  0.718  0.380  0.044 -0.145 -0.251 -0.352 -0.452 -0.552 -0.649 -0.745 
22.820 22.508 22.196 21.883 21.569 21.253 20.937 20.620 20.303 19.984 19.664 19.343 19.022 18.700 18.376 18.052 17.727 17.402 17.075 16.748 16.420 16.091 15.761 15.431 15.100 14.769 14.436 14.104 13.770 13.437 13.102 12.768 12.433 12.097 11.761 11.425 11.089 10.753 10.417 10.080  9.744  9.408  9.072  8.736  8.401  8.066  7.731  7.398  7.065  6.732  6.401  6.071  5.741  5.413  5.086  4.761  4.436  4.114  3.793  3.473  3.155  2.838  2.523  2.210  1.898  1.588  1.279  0.971  0.665  0.360  0.056 -0.106 -0.184 -0.257 -0.328 -0.398 
22.637 22.326 22.014 21.701 21.388 21.074 20.759 20.444 20.128 19.812 19.495 19.177 18.859 18.540 18.221 17.901 17.581 17.260 16.939 16.617 16.295 15.972 15.649 15.326 15.003 14.679 14.355 14.031 13.706 13.382 13.058 12.733 12.409 12.085 11.761 11.437 11.113 10.789 10.466 10.144  9.821  9.500  9.179  8.858  8.538  8.219  7.901  7.584  7.268  6.952  6.638  6.325  6.013  5.703  5.393  5.085  4.779  4.473  4.170  3.867  3.566  3.267  2.969  2.672  2.377  2.084  1.792  1.501  1.211  0.923  0.635  0.349  0.064 -0.085 -0.158 -0.223 
22.523 22.212 21.901 21.589 21.277 20.965 20.652 20.339 20.025 19.712 19.398 19.084 18.769 18.454 18.139 17.824 17.509 17.193 16.878 16.562 16.246 15.930 15.614 15.298 14.982 14.666 14.350 14.035 13.719 13.404 13.088 12.774 12.459 12.145 11.831 11.517 11.205 10.892 10.580 10.269  9.958  9.649  9.339  9.031  8.724  8.417  8.111  7.807  7.503  7.201  6.899  6.599  6.300  6.003  5.706  5.412  5.118  4.826  4.535  4.246  3.958  3.671  3.387  3.103  2.821  2.541  2.263  1.988  1.717  1.452  1.195  0.951  0.722  0.514  0.327  0.161 
22.480 22.169 21.858 21.547 21.236 20.925 20.614 20.303 19.992 19.681 19.370 19.059 18.748 18.437 18.126 17.815 17.504 17.194 16.883 16.573 16.263 15.953 15.644 15.334 15.025 14.717 14.408 14.100 13.793 13.486 13.180 12.874 12.568 12.264 11.960 11.656 11.353 11.052 10.750 10.450 10.151  9.852  9.555  9.258  8.962  8.668  8.374  8.081  7.790  7.500  7.210  6.922  6.635  6.349  6.065  5.781  5.498  5.217  4.937  4.658  4.379  4.102  3.826  3.551  3.276  3.003  2.730  2.458  2.187  1.916  1.646  1.376  1.106  0.837  0.569  0.300 
22.502 22.191 21.881 21.570 21.260 20.950 20.641 20.331 20.022 19.713 19.404 19.096 18.788 18.480 18.172 17.865 17.558 17.252 16.945 16.639 16.334 16.028 15.724 15.419 15.115 14.812 14.508 14.206 13.903 13.602 13.300 13.000 12.699 12.400 12.101 11.802 11.504 11.206 10.910 10.613 10.318 10.023  9.728  9.434  9.141  8.849  8.557  8.265  7.975  7.684  7.395  7.106  6.818  6.530  6.243  5.956  5.670  5.385  5.100  4.816  4.532  4.248  3.965  3.682  3.400  3.118  2.837  2.556  2.275  1.994  1.714  1.433  1.153  0.873  0.594  0.314 
22.567 22.257 21.946 21.636 21.327 21.017 20.708 20.400 20.092 19.784 19.476 19.169 18.862 18.556 18.249 17.944 17.638 17.333 17.029 16.725 16.421 16.117 15.814 15.512 15.210 14.908 14.606 14.306 14.005 13.705 13.405 13.106 12.807 12.509 12.211 11.913 11.616 11.320 11.024 10.728 10.432 10.138  9.843  9.549  9.256  8.962  8.670  8.377  8.085  7.794  7.503  7.212  6.922  6.632  6.342  6.053  5.764  5.475  5.187  4.899  4.611  4.324  4.037  3.750  3.463  3.177  2.891  2.605  2.319  2.033  1.747  1.462  1.177  0.891  0.606  0.321 
22.650 22.339 22.029 21.719 21.409 21.100 20.791 20.483 20.175 19.867 19.560 19.253 18.947 18.640 18.335 18.029 17.724 17.420 17.116 16.812 16.508 16.205 15.903 15.600 15.298 14.997 14.696 14.395 14.095 13.795 13.495 13.196 12.897 12.598 12.300 12.002 11.705 11.408 11.111 10.815 10.519 10.223  9.928  9.633  9.338  9.044  8.750  8.456  8.163  7.870  7.577  7.284  6.992  6.700  6.408  6.117  5.826  5.535  5.244  4.953  4.663  4.373  4.083  3.793  3.504  3.214  2.925  2.636  2.346  2.057  1.769  1.480  1.191  0.902  0.614  0.325 
22.735 22.424 22.114 21.804 21.494 21.185 20.876 20.568 20.260 19.952 19.644 19.338 19.031 18.725 18.419 18.113 17.808 17.503 17.199 16.895 16.591 16.288 15.985 15.682 15.380 15.078 14.777 14.475 14.175 13.874 13.574 13.274 12.974 12.675 12.376 12.078 11.779 11.481 11.184 10.886 10.589 10.293  9.996  9.700  9.404  9.108  8.813  8.518  8.223  7.928  7.634  7.340  7.046  6.752  6.459  6.165  5.872  5.579  5.286  4.994  4.701  4.409  4.117  3.825  3.533  3.241  2.950  2.658  2.367  2.075  1.784  1.493  1.201  0.910  0.619  0.328 
22.816 22.505 22.195 21.885 21.575 21.266 20.957 20.649 20.340 20.032 19.725 19.418 19.111 18.804 18.498 18.192 17.887 17.582 17.277 16.972 16.668 16.364 16.061 15.758 15.455 15.152 14.850 14.548 14.247 13.945 13.644 13.344 13.043 12.743 12.443 12.144 11.845 11.546 11.247 10.948 10.650 10.352 10.055  9.757  9.460  9.163  8.866  8.570  8.274  7.977  7.682  7.386  7.090  6.795  6.500  6.205  5.910  5.616  5.321  5.027  4.733  4.438  4.145  3.851  3.557  3.263  2.970  2.676  2.383  2.090  1.796  1.503  1.210  0.917  0.624  0.331 
22.892 22.581 22.271 21.961 21.651 21.342 21.033 20.724 20.415 20.107 19.799 19.492 19.185 18.878 18.571 18.265 17.959 17.654 17.348 17.043 16.739 16.434 16.130 15.826 15.523 15.220 14.917 14.614 14.312 14.010 13.708 13.406 13.105 12.804 12.503 12.203 11.903 11.603 11.303 11.003 10.704 10.405 10.106  9.808  9.509  9.211  8.913  8.615  8.318  8.020  7.723  7.426  7.129  6.832  6.536  6.239  5.943  5.647  5.351  5.055  4.759  4.464  4.168  3.873  3.577  3.282  2.987  2.692  2.397  2.102  1.807  1.512  1.217  0.922  0.627  0.333 
22.962 22.651 22.341 22.030 21.721 21.411 21.102 20.793 20.484 20.176 19.868 19.560 19.253 18.945 18.638 18.332 18.026 17.720 17.414 17.108 16.803 16.498 16.193 15.889 15.585 15.281 14.977 14.674 14.371 14.068 13.766 13.463 13.161 12.859 12.558 12.256 11.955 11.654 11.353 11.053 10.753 10.452 10.153  9.853  9.553  9.254  8.955  8.656  8.357  8.059  7.760  7.462  7.164  6.866  6.568  6.270  5.972  5.675  5.377  5.080  4.783  4.486  4.189  3.892  3.595  3.299  3.002  2.705  2.409  2.113  1.816  1.520  1.223  0.927  0.631  0.334 
23.026 22.715 22.404 22.094 21.784 21.475 21.165 20.856 20.547 20.239 19.930 19.622 19.315 19.007 18.700 18.393 18.086 17.780 17.473 17.167 16.862 16.556 16.251 15.946 15.641 15.337 15.033 14.729 14.425 14.121 13.818 13.515 13.212 12.909 12.607 12.305 12.003 11.701 11.399 11.098 10.796 10.495 10.194  9.894  9.593  9.293  8.993  8.693  8.393  8.093  7.793  7.494  7.195  6.895  6.596  6.297  5.999  5.700  5.401  5.103  4.804  4.506  4.208  3.910  3.612  3.314  3.016  2.718  2.420  2.122  1.824  1.527  1.229  0.931  0.634  0.336 
23.084 22.773 22.462 22.152 21.842 21.532 21.223 20.914 20.605 20.296 19.987 19.679 19.371 19.063 18.756 18.448 18.141 17.834 17.528 17.221 16.915 16.609 16.303 15.998 15.693 15.388 15.083 14.778 14.474 14.169 13.865 13.562 13.258 12.955 12.651 12.348 12.046 11.743 11.440 11.138 10.836 10.534 10.232  9.931  9.629  9.328  9.027  8.726  8.425  8.124  7.823  7.523  7.223  6.922  6.622  6.322  6.022  5.722  5.423  5.123  4.824  4.524  4.225  3.925  3.626  3.327  3.028  2.729  2.430  2.131  1.832  1.533  1.234  0.935  0.636  0.337 
23.137 22.826 22.515 22.205 21.895 21.585 21.275 20.966 20.657 20.348 20.039 19.731 19.422 19.114 18.806 18.499 18.191 17.884 17.577 17.270 16.964 16.657 16.351 16.045 15.739 15.434 15.128 14.823 14.518 14.213 13.909 13.604 13.300 12.996 12.692 12.388 12.085 11.781 11.478 11.175 10.872 10.569 10.267  9.964  9.662  9.360  9.058  8.756  8.454  8.152  7.851  7.549  7.248  6.947  6.646  6.345  6.044  5.743  5.442  5.142  4.841  4.540  4.240  3.940  3.639  3.339  3.039  2.739  2.439  2.139  1.839  1.539  1.239  0.939  0.639  0.339 
23.185 22.874 22.564 22.253 21.943 21.633 21.323 21.014 20.704 20.395 20.086 19.778 19.469 19.161 18.853 18.545 18.237 17.929 17.622 17.315 17.008 16.701 16.394 16.088 15.782 15.476 15.170 14.864 14.558 14.253 13.948 13.643 13.338 13.033 12.729 12.424 12.120 11.816 11.512 11.208 10.905 10.601 10.298  9.995  9.692  9.389  9.086  8.783  8.480  8.178  7.875  7.573  7.271  6.969  6.667  6.365  6.063  5.761  5.460  5.158  4.857  4.555  4.254  3.953  3.651  3.350  3.049  2.748  2.447  2.146  1.845  1.544  1.243  0.942  0.641  0.340 
23.229 22.918 22.607 22.297 21.987 21.677 21.367 21.057 20.748 20.438 20.129 19.820 19.511 19.203 18.895 18.586 18.278 17.970 17.663 17.355 17.048 16.741 16.434 16.127 15.820 15.514 15.207 14.901 14.595 14.289 13.984 13.678 13.373 13.067 12.762 12.457 12.152 11.848 11.543 11.239 10.935 10.630 10.326 10.022  9.719  9.415  9.111  8.808  8.504  8.201  7.898  7.595  7.292  6.989  6.686  6.384  6.081  5.778  5.476  5.173  4.871  4.569  4.267  3.964  3.662  3.360  3.058  2.756  2.454  2.152  1.850  1.548  1.246  0.945  0.643  0.341 
23.269 22.958 22.647 22.337 22.026 21.716 21.406 21.097 20.787 20.477 20.168 19.859 19.550 19.241 18.933 18.624 18.316 18.008 17.700 17.392 17.084 16.777 16.470 16.162 15.855 15.548 15.242 14.935 14.629 14.322 14.016 13.710 13.404 13.098 12.793 12.487 12.182 11.877 11.571 11.266 10.962 10.657 10.352 10.048  9.743  9.439  9.134  8.830  8.526  8.222  7.918  7.615  7.311  7.007  6.704  6.400  6.097  5.794  5.490  5.187  4.884  4.581  4.278  3.975  3.672  3.369  3.066  2.764  2.461  2.158  1.855  1.553  1.250  0.947  0.645  0.342 
23.305 22.994 22.683 22.373 22.062 21.752 21.442 21.132 20.823 20.513 20.204 19.894 19.585 19.276 18.967 18.659 18.350 18.042 17.734 17.426 17.118 16.810 16.502 16.195 15.887 15.580 15.273 14.966 14.659 14.352 14.046 13.739 13.433 13.127 12.820 12.514 12.209 11.903 11.597 11.292 10.986 10.681 10.376 10.070  9.765  9.460  9.156  8.851  8.546  8.242  7.937  7.633  7.328  7.024  6.720  6.416  6.112  5.808  5.504  5.200  4.896  4.592  4.288  3.985  3.681  3.377  3.074  2.770  2.467  2.163  1.860  1.556  1.253  0.950  0.646  0.343 
23.338 23.027 22.716 22.406 22.095 21.785 21.475 21.165 20.855 20.545 20.236 19.926 19.617 19.308 18.999 18.690 18.381 18.073 17.764 17.456 17.148 16.840 16.532 16.224 15.916 15.609 15.301 14.994 14.687 14.379 14.072 13.766 13.459 13.152 12.846 12.539 12.233 11.927 11.620 11.314 11.008 10.703 10.397 10.091  9.786  9.480  9.175  8.869  8.564  8.259  7.954  7.649  7.344  7.039  6.734  6.430  6.125  5.820  5.516  5.211  4.907  4.602  4.298  3.994  3.689  3.385  3.081  2.776  2.472  2.168  1.864  1.560  1.256  0.952  0.648  0.343 
23.368 23.057 22.746 22.436 22.125 21.815 21.505 21.195 20.885 20.575 20.265 19.956 19.646 19.337 19.028 18.719 18.410 18.101 17.792 17.484 17.175 16.867 16.559 16.250 15.942 15.635 15.327 15.019 14.712 14.404 14.097 13.790 13.482 13.175 12.868 12.562 12.255 11.948 11.642 11.335 11.029 10.722 10.416 10.110  9.804  9.498  9.192  8.886  8.581  8.275  7.969  7.664  7.358  7.053  6.748  6.442  6.137  5.832  5.527  5.222  4.916  4.611  4.306  4.002  3.697  3.392  3.087  2.782  2.477  2.173  1.868  1.563  1.258  0.954  0.649  0.344 
23.395 23.084 22.773 22.463 22.152 21.842 21.532 21.222 20.912 20.602 20.292 19.982 19.673 19.363 19.054 18.745 18.435 18.126 17.818 17.509 17.200 16.892 16.583 16.275 15.966 15.658 15.350 15.042 14.734 14.427 14.119 13.811 13.504 13.197 12.889 12.582 12.275 11.968 11.661 11.354 11.047 10.741 10.434 10.127  9.821  9.514  9.208  8.902  8.596  8.289  7.983  7.677  7.371  7.065  6.760  6.454  6.148  5.842  5.537  5.231  4.925  4.620  4.314  4.009  3.703  3.398  3.093  2.787  2.482  2.177  1.871  1.566  1.261  0.955  0.650  0.345 
23.420 23.109 22.798 22.487 22.177 21.867 21.556 21.246 20.936 20.626 20.316 20.006 19.697 19.387 19.078 18.768 18.459 18.150 17.841 17.532 17.223 16.914 16.605 16.297 15.988 15.680 15.371 15.063 14.755 14.447 14.139 13.831 13.523 13.216 12.908 12.601 12.293 11.986 11.678 11.371 11.064 10.757 10.450 10.143  9.836  9.529  9.222  8.916  8.609  8.303  7.996  7.690  7.383  7.077  6.770  6.464  6.158  5.852  5.546  5.240  4.933  4.627  4.321  4.015  3.710  3.404  3.098  2.792  2.486  2.180  1.874  1.569  1.263  0.957  0.651  0.345 
23.442 23.131 22.821 22.510 22.199 21.889 21.579 21.268 20.958 20.648 20.338 20.028 19.718 19.409 19.099 18.790 18.480 18.171 17.862 17.552 17.243 16.934 16.626 16.317 16.008 15.699 15.391 15.082 14.774 14.466 14.157 13.849 13.541 13.233 12.925 12.617 12.310 12.002 11.694 11.387 11.079 10.772 10.464 10.157  9.850  9.543  9.236  8.929  8.621  8.315  8.008  7.701  7.394  7.087  6.780  6.474  6.167  5.860  5.554  5.247  4.941  4.634  4.328  4.021  3.715  3.409  3.102  2.796  2.490  2.183  1.877  1.571  1.265  0.958  0.652  0.346 
23.463 23.152 22.841 22.530 22.220 21.909 21.599 21.289 20.978 20.668 20.358 20.048 19.738 19.428 19.119 18.809 18.500 18.190 17.881 17.571 17.262 16.953 16.644 16.335 16.026 15.717 15.408 15.100 14.791 14.483 14.174 13.866 13.557 13.249 12.941 12.633 12.325 12.017 11.709 11.401 11.093 10.785 10.478 10.170  9.862  9.555  9.248  8.940  8.633  8.325  8.018  7.711  7.404  7.097  6.789  6.482  6.175  5.868  5.561  5.254  4.947  4.641  4.334  4.027  3.720  3.413  3.107  2.800  2.493  2.186  1.880  1.573  1.266  0.960  0.653  0.346 
23.481 23.170 22.860 22.549 22.238 21.928 21.617 21.307 20.997 20.686 20.376 20.066 19.756 19.446 19.137 18.827 18.517 18.208 17.898 17.589 17.279 16.970 16.661 16.351 16.042 15.733 15.424 15.115 14.807 14.498 14.189 13.881 13.572 13.264 12.955 12.647 12.338 12.030 11.722 11.414 11.106 10.798 10.490 10.182  9.874  9.566  9.258  8.951  8.643  8.335  8.028  7.720  7.413  7.105  6.798  6.490  6.183  5.875  5.568  5.261  4.954  4.646  4.339  4.032  3.725  3.418  3.110  2.803  2.496  2.189  1.882  1.575  1.268  0.961  0.654  0.347 
23.498 23.187 22.876 22.566 22.255 21.945 21.634 21.324 21.013 20.703 20.393 20.083 19.773 19.463 19.153 18.843 18.533 18.223 17.914 17.604 17.295 16.985 16.676 16.366 16.057 15.748 15.439 15.130 14.821 14.512 14.203 13.894 13.585 13.277 12.968 12.659 12.351 12.042 11.734 11.426 11.117 10.809 10.501 10.193  9.884  9.576  9.268  8.960  8.652  8.344  8.036  7.728  7.421  7.113  6.805  6.497  6.190  5.882  5.574  5.267  4.959  4.652  4.344  4.036  3.729  3.421  3.114  2.807  2.499  2.192  1.884  1.577  1.269  0.962  0.655  0.347 
23.513 23.203 22.892 22.581 22.270 21.960 21.649 21.339 21.028 20.718 20.408 20.098 19.788 19.477 19.167 18.858 18.548 18.238 17.928 17.618 17.309 16.999 16.690 16.380 16.071 15.761 15.452 15.143 14.834 14.525 14.216 13.907 13.598 13.289 12.980 12.671 12.362 12.054 11.745 11.436 11.128 10.819 10.511 10.202  9.894  9.585  9.277  8.969  8.661  8.352  8.044  7.736  7.428  7.120  6.812  6.504  6.196  5.888  5.580  5.272  4.964  4.656  4.348  4.041  3.733  3.425  3.117  2.809  2.502  2.194  1.886  1.578  1.271  0.963  0.655  0.348 
23.527 23.217 22.906 22.595 22.284 21.974 21.663 21.353 21.042 20.732 20.422 20.111 19.801 19.491 19.181 18.871 18.561 18.251 17.941 17.631 17.322 17.012 16.702 16.393 16.083 15.774 15.464 15.155 14.845 14.536 14.227 13.918 13.609 13.300 12.990 12.681 12.373 12.064 11.755 11.446 11.137 10.828 10.520 10.211  9.902  9.594  9.285  8.977  8.668  8.360  8.051  7.743  7.435  7.126  6.818  6.510  6.201  5.893  5.585  5.277  4.969  4.661  4.352  4.044  3.736  3.428  3.120  2.812  2.504  2.196  1.888  1.580  1.272  0.964  0.656  0.348 
23.540 23.229 22.918 22.608 22.297 21.986 21.676 21.365 21.055 20.744 20.434 20.124 19.813 19.503 19.193 18.883 18.573 18.263 17.953 17.643 17.333 17.023 16.714 16.404 16.094 15.785 15.475 15.166 14.856 14.547 14.237 13.928 13.619 13.309 13.000 12.691 12.382 12.073 11.764 11.455 11.146 10.837 10.528 10.219  9.910  9.601  9.293  8.984  8.675  8.367  8.058  7.749  7.441  7.132  6.824  6.515  6.207  5.898  5.590  5.281  4.973  4.664  4.356  4.048  3.739  3.431  3.123  2.814  2.506  2.198  1.890  1.581  1.273  0.965  0.656  0.348 
23.552 23.241 22.930 22.619 22.309 21.998 21.687 21.377 21.066 20.756 20.445 20.135 19.825 19.514 19.204 18.894 18.584 18.274 17.964 17.654 17.344 17.034 16.724 16.414 16.104 15.795 15.485 15.175 14.866 14.556 14.247 13.937 13.628 13.318 13.009 12.700 12.390 12.081 11.772 11.463 11.154 10.844 10.535 10.226  9.917  9.608  9.299  8.990  8.682  8.373  8.064  7.755  7.446  7.137  6.829  6.520  6.211  5.903  5.594  5.285  4.977  4.668  4.359  4.051  3.742  3.434  3.125  2.817  2.508  2.199  1.891  1.582  1.274  0.965  0.657  0.348 
23.562 23.251 22.940 22.630 22.319 22.008 21.698 21.387 21.077 20.766 20.456 20.145 19.835 19.524 19.214 18.904 18.594 18.284 17.973 17.663 17.353 17.043 16.733 16.423 16.114 15.804 15.494 15.184 14.875 14.565 14.255 13.946 13.636 13.327 13.017 12.708 12.398 12.089 11.779 11.470 11.161 10.851 10.542 10.233  9.924  9.615  9.305  8.996  8.687  8.378  8.069  7.760  7.451  7.142  6.833  6.524  6.215  5.907  5.598  5.289  4.980  4.671  4.362  4.054  3.745  3.436  3.127  2.819  2.510  2.201  1.892  1.584  1.275  0.966  0.657  0.349 
23.572 23.261 22.950 22.639 22.328 22.018 21.707 21.397 21.086 20.775 20.465 20.154 19.844 19.534 19.223 18.913 18.603 18.293 17.982 17.672 17.362 17.052 16.742 16.432 16.122 15.812 15.502 15.192 14.883 14.573 14.263 13.953 13.644 13.334 13.024 12.715 12.405 12.096 11.786 11.477 11.167 10.858 10.548 10.239  9.930  9.620  9.311  9.002  8.693  8.383  8.074  7.765  7.456  7.147  6.838  6.528  6.219  5.910  5.601  5.292  4.983  4.674  4.365  4.056  3.747  3.438  3.129  2.820  2.511  2.202  1.893  1.585  1.276  0.967  0.658  0.349 
23.580 23.270 22.959 22.648 22.337 22.026 21.716 21.405 21.095 20.784 20.473 20.163 19.852 19.542 19.232 18.921 18.611 18.301 17.990 17.680 17.370 17.060 16.750 16.440 16.130 15.820 15.510 15.200 14.890 14.580 14.270 13.960 13.650 13.341 13.031 12.721 12.412 12.102 11.792 11.483 11.173 10.864 10.554 10.244  9.935  9.626  9.316  9.007  8.697  8.388  8.079  7.769  7.460  7.151  6.841  6.532  6.223  5.914  5.604  5.295  4.986  4.677  4.368  4.058  3.749  3.440  3.131  2.822  2.513  2.204  1.895  1.585  1.276  0.967  0.658  0.349 
23.588 23.277 22.967 22.656 22.345 22.034 21.724 21.413 21.102 20.792 20.481 20.171 19.860 19.550 19.239 18.929 18.618 18.308 17.998 17.688 17.377 17.067 16.757 16.447 16.137 15.827 15.516 15.206 14.896 14.586 14.276 13.967 13.657 13.347 13.037 12.727 12.417 12.108 11.798 11.488 11.178 10.869 10.559 10.249  9.940  9.630  9.321  9.011  8.702  8.392  8.083  7.773  7.464  7.154  6.845  6.535  6.226  5.917  5.607  5.298  4.989  4.679  4.370  4.061  3.751  3.442  3.133  2.823  2.514  2.205  1.896  1.586  1.277  0.968  0.659  0.349 
23.595 23.285 22.974 22.663 22.352 22.041 21.731 21.420 21.109 20.799 20.488 20.178 19.867 19.557 19.246 18.936 18.625 18.315 18.004 17.694 17.384 17.074 16.763 16.453 16.143 15.833 15.523 15.212 14.902 14.592 14.282 13.972 13.662 13.352 13.042 12.733 12.423 12.113 11.803 11.493 11.183 10.873 10.564 10.254  9.944  9.635  9.325  9.015  8.706  8.396  8.086  7.777  7.467  7.158  6.848  6.538  6.229  5.919  5.610  5.300  4.991  4.681  4.372  4.062  3.753  3.444  3.134  2.825  2.515  2.206  1.896  1.587  1.278  0.968  0.659  0.349 
23.602 23.291 22.980 22.669 22.359 22.048 21.737 21.426 21.116 20.805 20.495 20.184 19.873 19.563 19.252 18.942 18.631 18.321 18.011 17.700 17.390 17.079 16.769 16.459 16.149 15.838 15.528 15.218 14.908 14.598 14.288 13.978 13.667 13.357 13.047 12.737 12.427 12.117 11.808 11.498 11.188 10.878 10.568 10.258  9.948  9.638  9.329  9.019  8.709  8.399  8.090  7.780  7.470  7.161  6.851  6.541  6.232  5.922  5.612  5.303  4.993  4.683  4.374  4.064  3.755  3.445  3.135  2.826  2.516  2.207  1.897  1.588  1.278  0.969  0.659  0.350 
23.608 23.297 22.986 22.675 22.365 22.054 21.743 21.432 21.122 20.811 20.500 20.190 19.879 19.569 19.258 18.947 18.637 18.327 18.016 17.706 17.395 17.085 16.775 16.464 16.154 15.844 15.533 15.223 14.913 14.603 14.292 13.982 13.672 13.362 13.052 12.742 12.432 12.122 11.812 11.502 11.192 10.882 10.572 10.262  9.952  9.642  9.332  9.022  8.712  8.403  8.093  7.783  7.473  7.163  6.853  6.544  6.234  5.924  5.614  5.305  4.995  4.685  4.375  4.066  3.756  3.446  3.137  2.827  2.517  2.208  1.898  1.588  1.279  0.969  0.659  0.350 
23.613 23.302 22.992 22.681 22.370 22.059 21.748 21.438 21.127 20.816 20.506 20.195 19.884 19.574 19.263 18.953 18.642 18.332 18.021 17.711 17.400 17.090 16.779 16.469 16.159 15.848 15.538 15.228 14.917 14.607 14.297 13.987 13.676 13.366 13.056 12.746 12.436 12.126 11.816 11.505 11.195 10.885 10.575 10.265  9.955  9.645  9.335  9.025  8.715  8.405  8.095  7.786  7.476  7.166  6.856  6.546  6.236  5.926  5.616  5.307  4.997  4.687  4.377  4.067  3.757  3.448  3.138  2.828  2.518  2.208  1.899  1.589  1.279  0.969  0.660  0.350 
23.618 23.307 22.996 22.686 22.375 22.064 21.753 21.443 21.132 20.821 20.510 20.200 19.889 19.578 19.268 18.957 18.647 18.336 18.026 17.715 17.405 17.094 16.784 16.473 16.163 15.853 15.542 15.232 14.921 14.611 14.301 13.991 13.680 13.370 13.060 12.750 12.439 12.129 11.819 11.509 11.199 10.889 10.578 10.268  9.958  9.648  9.338  9.028  8.718  8.408  8.098  7.788  7.478  7.168  6.858  6.548  6.238  5.928  5.618  5.308  4.998  4.688  4.378  4.068  3.759  3.449  3.139  2.829  2.519  2.209  1.899  1.589  1.279  0.970  0.660  0.350 
23.623 23.312 23.001 22.690 22.379 22.068 21.758 21.447 21.136 20.825 20.515 20.204 19.893 19.583 19.272 18.962 18.651 18.340 18.030 17.719 17.409 17.098 16.788 16.477 16.167 15.856 15.546 15.236 14.925 14.615 14.304 13.994 13.684 13.373 13.063 12.753 12.443 12.132 11.822 11.512 11.202 10.891 10.581 10.271  9.961  9.651  9.341  9.031  8.720  8.410  8.100  7.790  7.480  7.170  6.860  6.550  6.240  5.930  5.620  5.310  5.000  4.690  4.380  4.070  3.760  3.450  3.140  2.830  2.520  2.210  1.900  1.590  1.280  0.970  0.660  0.350 
23.627 23.316 23.005 22.694 22.383 22.072 21.762 21.451 21.140 20.829 20.519 20.208 19.897 19.587 19.276 18.965 18.655 18.344 18.034 17.723 17.412 17.102 16.791 16.481 16.170 15.860 15.549 15.239 14.929 14.618 14.308 13.997 13.687 13.377 13.066 12.756 12.446 12.135 11.825 11.515 11.204 10.894 10.584 10.274  9.963  9.653  9.343  9.033  8.723  8.412  8.102  7.792  7.482  7.172  6.862  6.552  6.241  5.931  5.621  5.311  5.001  4.691  4.381  4.071  3.761  3.451  3.141  2.830  2.520  2.210  1.900  1.590  1.280  0.970  0.660  0.350 
23.630 23.319 23.009 22.698 22.387 22.076 21.765 21.455 21.144 20.833 20.522 20.212 19.901 19.590 19.280 18.969 18.658 18.348 18.037 17.726 17.416 17.105 16.795 16.484 16.174 15.863 15.553 15.242 14.932 14.621 14.311 14.000 13.690 13.379 13.069 12.759 12.448 12.138 11.828 11.517 11.207 10.897 10.586 10.276  9.966  9.655  9.345  9.035  8.725  8.414  8.104  7.794  7.484  7.173  6.863  6.553  6.243  5.933  5.623  5.312  5.002  4.692  4.382  4.072  3.762  3.451  3.141  2.831  2.521  2.211  1.901  1.591  1.280  0.970  0.660  0.350 
23.634 23.323 23.012 22.701 22.390 22.079 21.769 21.458 21.147 20.836 20.526 20.215 19.904 19.593 19.283 18.972 18.661 18.351 18.040 17.729 17.419 17.108 16.798 16.487 16.177 15.866 15.555 15.245 14.934 14.624 14.313 14.003 13.692 13.382 13.072 12.761 12.451 12.140 11.830 11.520 11.209 10.899 10.588 10.278  9.968  9.657  9.347  9.037  8.726  8.416  8.106  7.796  7.485  7.175  6.865  6.554  6.244  5.934  5.624  5.313  5.003  4.693  4.383  4.073  3.762  3.452  3.142  2.832  2.522  2.211  1.901  1.591  1.281  0.971  0.660  0.350 
23.637 23.326 23.015 22.704 22.393 22.082 21.772 21.461 21.150 20.839 20.529 20.218 19.907 19.596 19.286 18.975 18.664 18.354 18.043 17.732 17.422 17.111 16.800 16.490 16.179 15.869 15.558 15.247 14.937 14.626 14.316 14.005 13.695 13.384 13.074 12.763 12.453 12.143 11.832 11.522 11.211 10.901 10.590 10.280  9.970  9.659  9.349  9.038  8.728  8.418  8.107  7.797  7.487  7.176  6.866  6.556  6.245  5.935  5.625  5.315  5.004  4.694  4.384  4.073  3.763  3.453  3.143  2.832  2.522  2.212  1.901  1.591  1.281  0.971  0.660  0.350 
23.639 23.329 23.018 22.707 22.396 22.085 21.774 21.464 21.153 20.842 20.531 20.220 19.910 19.599 19.288 18.978 18.667 18.356 18.045 17.735 17.424 17.113 16.803 16.492 16.182 15.871 15.560 15.250 14.939 14.629 14.318 14.008 13.697 13.387 13.076 12.765 12.455 12.144 11.834 11.524 11.213 10.903 10.592 10.282  9.971  9.661  9.350  9.040  8.730  8.419  8.109  7.798  7.488  7.178  6.867  6.557  6.247  5.936  5.626  5.315  5.005  4.695  4.384  4.074  3.764  3.453  3.143  2.833  2.522  2.212  1.902  1.591  1.281  0.971  0.661  0.350 
23.642 23.331 23.020 22.709 22.398 22.088 21.777 21.466 21.155 20.844 20.534 20.223 19.912 19.601 19.291 18.980 18.669 18.358 18.048 17.737 17.426 17.116 16.805 16.494 16.184 15.873 15.563 15.252 14.941 14.631 14.320 14.010 13.699 13.388 13.078 12.767 12.457 12.146 11.836 11.525 11.215 10.904 10.594 10.283  9.973  9.662  9.352  9.041  8.731  8.420  8.110  7.800  7.489  7.179  6.868  6.558  6.248  5.937  5.627  5.316  5.006  4.696  4.385  4.075  3.764  3.454  3.144  2.833  2.523  2.212  1.902  1.592  1.281  0.971  0.661  0.350 
23.644 23.333 23.022 22.712 22.401 22.090 21.779 21.468 21.157 20.847 20.536 20.225 19.914 19.604 19.293 18.982 18.671 18.361 18.050 17.739 17.428 17.118 16.807 16.496 16.186 15.875 15.564 15.254 14.943 14.633 14.322 14.011 13.701 13.390 13.080 12.769 12.458 12.148 11.837 11.527 11.216 10.906 10.595 10.285  9.974  9.664  9.353  9.043  8.732  8.422  8.111  7.801  7.490  7.180  6.869  6.559  6.248  5.938  5.628  5.317  5.007  4.696  4.386  4.075  3.765  3.454  3.144  2.834  2.523  2.213  1.902  1.592  1.282  0.971  0.661  0.350 
23.646 23.335 23.025 22.714 22.403 22.092 21.781 21.470 21.160 20.849 20.538 20.227 19.916 19.606 19.295 18.984 18.673 18.363 18.052 17.741 17.430 17.120 16.809 16.498 16.188 15.877 15.566 15.256 14.945 14.634 14.324 14.013 13.702 13.392 13.081 12.771 12.460 12.149 11.839 11.528 11.218 10.907 10.597 10.286  9.975  9.665  9.354  9.044  8.733  8.423  8.112  7.802  7.491  7.181  6.870  6.560  6.249  5.939  5.628  5.318  5.007  4.697  4.386  4.076  3.765  3.455  3.144  2.834  2.524  2.213  1.903  1.592  1.282  0.971  0.661  0.350 
23.648 23.337 23.026 22.716 22.405 22.094 21.783 21.472 21.161 20.851 20.540 20.229 19.918 19.607 19.297 18.986 18.675 18.364 18.054 17.743 17.432 17.121 16.811 16.500 16.189 15.879 15.568 15.257 14.947 14.636 14.325 14.015 13.704 13.393 13.083 12.772 12.461 12.151 11.840 11.530 11.219 10.908 10.598 10.287  9.977  9.666  9.355  9.045  8.734  8.424  8.113  7.803  7.492  7.182  6.871  6.560  6.250  5.939  5.629  5.318  5.008  4.697  4.387  4.076  3.766  3.455  3.145  2.834  2.524  2.213  1.903  1.592  1.282  0.971  0.661  0.350 
23.650 23.339 23.028 22.717 22.406 22.096 21.785 21.474 21.163 20.852 20.541 20.231 19.920 19.609 19.298 18.987 18.677 18.366 18.055 17.744 17.434 17.123 16.812 16.501 16.191 15.880 15.569 15.259 14.948 14.637 14.327 14.016 13.705 13.395 13.084 12.773 12.463 12.152 11.841 11.531 11.220 10.909 10.599 10.288  9.978  9.667  9.356  9.046  8.735  8.425  8.114  7.803  7.493  7.182  6.872  6.561  6.251  5.940  5.630  5.319  5.008  4.698  4.387  4.077  3.766  3.456  3.145  2.835  2.524  2.214  1.903  1.592  1.282  0.971  0.661  0.350 
23.651 23.341 23.030 22.719 22.408 22.097 21.786 21.475 21.165 20.854 20.543 20.232 19.921 19.610 19.300 18.989 18.678 18.367 18.057 17.746 17.435 17.124 16.814 16.503 16.192 15.881 15.571 15.260 14.949 14.639 14.328 14.017 13.706 13.396 13.085 12.774 12.464 12.153 11.842 11.532 11.221 10.910 10.600 10.289  9.979  9.668  9.357  9.047  8.736  8.425  8.115  7.804  7.494  7.183  6.872  6.562  6.251  5.941  5.630  5.319  5.009  4.698  4.388  4.077  3.767  3.456  3.145  2.835  2.524  2.214  1.903  1.593  1.282  0.971  0.661  0.350 
23.653 23.342 23.031 22.720 22.409 22.098 21.788 21.477 21.166 20.855 20.544 20.233 19.923 19.612 19.301 18.990 18.679 18.369 18.058 17.747 17.436 17.126 16.815 16.504 16.193 15.883 15.572 15.261 14.950 14.640 14.329 14.018 13.708 13.397 13.086 12.775 12.465 12.154 11.843 11.533 11.222 10.911 10.601 10.290  9.979  9.669  9.358  9.047  8.737  8.426  8.116  7.805  7.494  7.184  6.873  6.562  6.252  5.941  5.631  5.320  5.009  4.699  4.388  4.078  3.767  3.456  3.146  2.835  2.525  2.214  1.903  1.593  1.282  0.972  0.661  0.350 
23.654 23.343 23.032 22.721 22.411 22.100 21.789 21.478 21.167 20.856 20.546 20.235 19.924 19.613 19.302 18.991 18.681 18.370 18.059 17.748 17.438 17.127 16.816 16.505 16.194 15.884 15.573 15.262 14.951 14.641 14.330 14.019 13.709 13.398 13.087 12.776 12.466 12.155 11.844 11.534 11.223 10.912 10.602 10.291  9.980  9.670  9.359  9.048  8.738  8.427  8.116  7.806  7.495  7.184  6.874  6.563  6.252  5.942  5.631  5.320  5.010  4.699  4.388  4.078  3.767  3.457  3.146  2.835  2.525  2.214  1.903  1.593  1.282  0.972  0.661  0.350 
23.655 23.344 23.033 22.723 22.412 22.101 21.790 21.479 21.168 20.857 20.547 20.236 19.925 19.614 19.303 18.993 18.682 18.371 18.060 17.749 17.439 17.128 16.817 16.506 16.195 15.885 15.574 15.263 14.952 14.642 14.331 14.020 13.709 13.399 13.088 12.777 12.467 12.156 11.845 11.534 11.224 10.913 10.602 10.292  9.981  9.670  9.359  9.049  8.738  8.427  8.117  7.806  7.495  7.185  6.874  6.563  6.253  5.942  5.631  5.321  5.010  4.699  4.389  4.078  3.767  3.457  3.146  2.836  2.525  2.214  1.904  1.593  1.282  0.972  0.661  0.350 
23.656 23.345 23.035 22.724 22.413 22.102 21.791 21.480 21.169 20.859 20.548 20.237 19.926 19.615 19.304 18.994 18.683 18.372 18.061 17.750 17.440 17.129 16.818 16.507 16.196 15.886 15.575 15.264 14.953 14.643 14.332 14.021 13.710 13.400 13.089 12.778 12.467 12.157 11.846 11.535 11.224 10.914 10.603 10.292  9.982  9.671  9.360  9.049  8.739  8.428  8.117  7.807  7.496  7.185  6.875  6.564  6.253  5.942  5.632  5.321  5.010  4.700  4.389  4.078  3.768  3.457  3.146  2.836  2.525  2.214  1.904  1.593  1.282  0.972  0.661  0.350 
23.657 23.346 23.035 22.725 22.414 22.103 21.792 21.481 21.170 20.859 20.549 20.238 19.927 19.616 19.305 18.994 18.684 18.373 18.062 17.751 17.440 17.130 16.819 16.508 16.197 15.886 15.576 15.265 14.954 14.643 14.333 14.022 13.711 13.400 13.089 12.779 12.468 12.157 11.846 11.536 11.225 10.914 10.604 10.293  9.982  9.671  9.361  9.050  8.739  8.428  8.118  7.807  7.496  7.186  6.875  6.564  6.254  5.943  5.632  5.321  5.011  4.700  4.389  4.079  3.768  3.457  3.147  2.836  2.525  2.214  1.904  1.593  1.282  0.972  0.661  0.350 
23.658 23.347 23.036 22.725 22.415 22.104 21.793 21.482 21.171 20.860 20.549 20.239 19.928 19.617 19.306 18.995 18.684 18.374 18.063 17.752 17.441 17.130 16.820 16.509 16.198 15.887 15.576 15.266 14.955 14.644 14.333 14.022 13.712 13.401 13.090 12.779 12.469 12.158 11.847 11.536 11.226 10.915 10.604 10.293  9.983  9.672  9.361  9.050  8.740  8.429  8.118  7.808  7.497  7.186  6.875  6.565  6.254  5.943  5.633  5.322  5.011  4.700  4.390  4.079  3.768  3.458  3.147  2.836  2.526  2.215  1.904  1.593  1.283  0.972  0.661  0.350 
23.658 23.347 23.036 22.726 22.415 22.104 21.793 21.482 21.171 20.859 20.548 20.237 19.926 19.614 19.303 18.991 18.680 18.368 18.056 17.744 17.431 17.118 16.806 16.492 16.179 15.865 15.550 15.235 14.920 14.603 14.287 13.969 13.650 13.331 13.011 12.689 12.366 12.042 11.717 11.390 11.061 10.731 10.398 10.064  9.728  9.389  9.048  8.705  8.359  8.011  7.660  7.306  6.950  6.590  6.228  5.863  5.495  5.124  4.751  4.374  3.995  3.614  3.230  2.844  2.456  2.065  1.673  1.280  0.885  0.490  0.093 -0.233 -0.539 -0.843 -1.144 -1.440 
23.618 23.307 22.995 22.684 22.371 22.059 21.746 21.432 21.118 20.804 20.489 20.174 19.859 19.542 19.226 18.909 18.591 18.272 17.953 17.634 17.314 16.993 16.671 16.349 16.026 15.702 15.377 15.051 14.725 14.398 14.070 13.741 13.411 13.080 12.748 12.415 12.081 11.747 11.411 11.075 10.737 10.399 10.060  9.720  9.379  9.037  8.695  8.352  8.009  7.665  7.321  6.976  6.632  6.287  5.943  5.599  5.255  4.912  4.570  4.230  3.890  3.553  3.217  2.884  2.553  2.225  1.900  1.577  1.257  0.940  0.626  0.314  0.004 -0.107  0.011  0.380 
23.505 23.194 22.882 22.570 22.257 21.944 21.630 21.316 21.001 20.685 20.370 20.053 19.736 19.419 19.101 18.783 18.464 18.145 17.825 17.505 17.185 16.864 16.544 16.223 15.901 15.580 15.259 14.937 14.616 14.295 13.974 13.653 13.333 13.014 12.694 12.376 12.059 11.742 11.426 11.112 10.799 10.488 10.179  9.871  9.565  9.262  8.961  8.663  8.367  8.075  7.786  7.500  7.218  6.940  6.665  6.396  6.130  5.869  5.613  5.363  5.117  4.877  4.643  4.414  4.192  3.976  3.767  3.564  3.368  3.179  2.997  2.822  2.655  2.495  2.344  2.200 
23.427 23.116 22.805 22.494 22.183 21.872 21.560 21.249 20.938 20.626 20.315 20.004 19.693 19.382 19.071 18.761 18.450 18.140 17.830 17.521 17.212 16.903 16.595 16.288 15.981 15.675 15.369 15.065 14.761 14.458 14.157 13.856 13.556 13.258 12.961 12.665 12.370 12.077 11.786 11.496 11.207 10.921 10.636 10.353 10.071  9.792  9.514  9.238  8.964  8.692  8.422  8.154  7.888  7.624  7.362  7.102  6.843  6.587  6.332  6.079  5.827  5.578  5.329  5.083  4.837  4.593  4.350  4.109  3.868  3.628  3.389  3.150  2.912  2.675  2.437  2.200 
23.471 23.160 22.850 22.540 22.231 21.922 21.614 21.306 20.998 20.691 20.384 20.078 19.773 19.467 19.163 18.859 18.556 18.253 17.951 17.649 17.348 17.048 16.749 16.450 16.152 15.855 15.559 15.264 14.969 14.675 14.383 14.091 13.800 13.510 13.221 12.933 12.646 12.360 12.075 11.791 11.509 11.227 10.946 10.667 10.389 10.111  9.835  9.560  9.286  9.013  8.741  8.470  8.200  7.931  7.663  7.396  7.130  6.865  6.601  6.337  6.075  5.813  5.551  5.291  5.031  4.772  4.513  4.255  3.997  3.740  3.482  3.226  2.969  2.713  2.456  2.200 
23.595 23.284 22.975 22.665 22.357 22.049 21.741 21.435 21.129 20.823 20.519 20.214 19.911 19.608 19.306 19.005 18.704 18.404 18.105 17.807 17.509 17.212 16.915 16.620 16.325 16.031 15.737 15.445 15.153 14.862 14.571 14.282 13.993 13.705 13.418 13.131 12.846 12.561 12.276 11.993 11.710 11.429 11.148 10.867 10.588 10.309 10.031  9.753  9.477  9.201  8.925  8.650  8.376  8.103  7.830  7.558  7.286  7.015  6.745  6.475  6.205  5.936  5.667  5.399  5.131  4.864  4.596  4.329  4.063  3.796  3.530  3.264  2.998  2.732  2.466  2.200 
23.746 23.436 23.126 22.817 22.508 22.201 21.894 21.587 21.281 20.976 20.672 20.369 20.066 19.763 19.462 19.161 18.861 18.562 18.263 17.965 17.667 17.371 17.075 16.779 16.485 16.191 15.898 15.605 15.313 15.022 14.731 14.441 14.152 13.864 13.576 13.288 13.002 12.716 12.430 12.146 11.861 11.578 11.295 11.013 10.731 10.450 10.169  9.889  9.609  9.330  9.051  8.773  8.496  8.219  7.942  7.665  7.390  7.114  6.839  6.564  6.290  6.016  5.742  5.468  5.195  4.922  4.649  4.376  4.104  3.832  3.560  3.288  3.016  2.744  2.472  2.200 
23.900 23.590 23.280 22.970 22.662 22.354 22.047 21.740 21.435 21.129 20.825 20.521 20.218 19.915 19.614 19.312 19.012 18.712 18.413 18.114 17.816 17.519 17.222 16.926 16.631 16.336 16.042 15.748 15.455 15.163 14.871 14.580 14.290 14.000 13.710 13.421 13.133 12.845 12.558 12.271 11.985 11.699 11.414 11.129 10.845 10.561 10.278  9.995  9.713  9.431  9.149  8.868  8.587  8.307  8.027  7.747  7.468  7.188  6.910  6.631  6.353  6.075  5.797  5.520  5.242  4.965  4.688  4.411  4.134  3.858  3.581  3.305  3.029  2.752  2.476  2.200 
24.046 23.736 23.426 23.116 22.808 22.500 22.192 21.886 21.579 21.274 20.969 20.665 20.361 20.058 19.755 19.454 19.152 18.852 18.552 18.252 17.953 17.655 17.357 17.060 16.764 16.468 16.172 15.877 15.583 15.289 14.996 14.703 14.411 14.119 13.828 13.538 13.247 12.958 12.668 12.380 12.091 11.803 11.516 11.229 10.942 10.656 10.370 10.085  9.800  9.515  9.231  8.947  8.663  8.380  8.097  7.814  7.532  7.250  6.968  6.686  6.404  6.123  5.842  5.561  5.281  5.000  4.720  4.439  4.159  3.879  3.599  3.319  3.039  2.760  2.480  2.200 
24.182 23.871 23.561 23.252 22.943 22.635 22.327 22.020 21.713 21.407 21.102 20.797 20.493 20.189 19.886 19.583 19.281 18.980 18.679 18.378 18.078 17.779 17.480 17.182 16.884 16.587 16.290 15.994 15.698 15.403 15.108 14.814 14.520 14.227 13.934 13.641 13.349 13.058 12.767 12.476 12.185 11.896 11.606 11.317 11.028 10.740 10.451 10.164  9.876  9.589  9.302  9.016  8.730  8.444  8.158  7.873  7.587  7.303  7.018  6.733  6.449  6.165  5.881  5.597  5.314  5.030  4.747  4.463  4.180  3.897  3.614  3.331  3.048  2.766  2.483  2.200 
24.306 23.995 23.685 23.375 23.066 22.758 22.450 22.142 21.835 21.529 21.223 20.918 20.613 20.309 20.005 19.701 19.399 19.096 18.794 18.493 18.192 17.892 17.592 17.293 16.994 16.695 16.397 16.100 15.802 15.506 15.210 14.914 14.618 14.323 14.029 13.735 13.441 13.148 12.855 12.562 12.270 11.978 11.686 11.395 11.104 10.814 10.524 10.234  9.944  9.655  9.366  9.077  8.788  8.500  8.212  7.924  7.637  7.349  7.062  6.775  6.488  6.202  5.915  5.629  5.343  5.057  4.771  4.485  4.199  3.913  3.628  3.342  3.056  2.771  2.485  2.200 
24.418 24.108 23.798 23.488 23.179 22.870 22.562 22.254 21.947 21.640 21.334 21.028 20.722 20.417 20.113 19.809 19.505 19.202 18.900 18.597 18.296 17.994 17.693 17.393 17.093 16.793 16.494 16.195 15.897 15.599 15.301 15.004 14.707 14.411 14.115 13.819 13.524 13.229 12.934 12.640 12.346 12.052 11.759 11.466 11.173 10.881 10.589 10.297 10.005  9.714  9.423  9.132  8.841  8.551  8.261  7.971  7.681  7.391  7.102  6.813  6.524  6.235  5.946  5.657  5.369  5.080  4.792  4.504  4.216  3.928  3.640  3.352  3.064  2.776  2.488  2.200 
24.521 24.210 23.900 23.590 23.281 22.972 22.663 22.355 22.048 21.741 21.434 21.128 20.822 20.516 20.211 19.906 19.602 19.298 18.995 18.692 18.389 18.087 17.785 17.484 17.183 16.882 16.582 16.282 15.982 15.683 15.384 15.086 14.788 14.490 14.193 13.896 13.599 13.302 13.006 12.710 12.415 12.120 11.825 11.530 11.235 10.941 10.647 10.354 10.060  9.767  9.474  9.182  8.889  8.597  8.305  8.013  7.721  7.429  7.138  6.847  6.556  6.265  5.974  5.683  5.392  5.102  4.811  4.521  4.231  3.941  3.650  3.360  3.070  2.780  2.490  2.200 
24.614 24.303 23.993 23.683 23.374 23.064 22.756 22.447 22.139 21.832 21.525 21.218 20.912 20.606 20.300 19.995 19.690 19.385 19.081 18.778 18.474 18.171 17.869 17.566 17.264 16.963 16.661 16.361 16.060 15.760 15.460 15.160 14.861 14.562 14.263 13.965 13.667 13.369 13.071 12.774 12.477 12.180 11.884 11.588 11.292 10.996 10.701 10.405 10.110  9.815  9.521  9.226  8.932  8.638  8.344  8.051  7.757  7.464  7.170  6.877  6.584  6.292  5.999  5.706  5.414  5.121  4.829  4.537  4.244  3.952  3.660  3.368  3.076  2.784  2.492  2.200 
24.698 24.388 24.077 23.767 23.458 23.148 22.839 22.531 22.223 21.915 21.607 21.300 20.993 20.687 20.381 20.075 19.770 19.465 19.160 18.855 18.551 18.248 17.944 17.641 17.338 17.036 16.734 16.432 16.130 15.829 15.528 15.227 14.927 14.627 14.327 14.027 13.728 13.429 13.130 12.832 12.534 12.236 11.938 11.640 11.343 11.046 10.749 10.452 10.156  9.859  9.563  9.267  8.971  8.676  8.380  8.085  7.790  7.495  7.200  6.905  6.610  6.316  6.021  5.727  5.433  5.139  4.845  4.551  4.257  3.963  3.669  3.375  3.081  2.788  2.494  2.200 
24.775 24.464 24.154 23.843 23.534 23.224 22.915 22.606 22.298 21.990 21.682 21.375 21.067 20.761 20.454 20.148 19.842 19.536 19.231 18.926 18.621 18.317 18.013 17.709 17.405 17.102 16.799 16.496 16.194 15.892 15.590 15.288 14.987 14.686 14.385 14.084 13.784 13.484 13.184 12.884 12.585 12.285 11.986 11.688 11.389 11.091 10.792 10.494 10.197  9.899  9.601  9.304  9.007  8.710  8.413  8.116  7.819  7.523  7.227  6.930  6.634  6.338  6.042  5.746  5.450  5.155  4.859  4.563  4.268  3.972  3.677  3.381  3.086  2.791  2.495  2.200 
24.844 24.533 24.223 23.913 23.603 23.293 22.984 22.675 22.366 22.058 21.750 21.442 21.135 20.827 20.520 20.214 19.907 19.601 19.295 18.990 18.684 18.379 18.075 17.770 17.466 17.162 16.858 16.555 16.252 15.949 15.646 15.343 15.041 14.739 14.437 14.136 13.834 13.533 13.232 12.932 12.631 12.331 12.031 11.731 11.431 11.131 10.832 10.533 10.234  9.935  9.636  9.337  9.039  8.741  8.442  8.144  7.846  7.548  7.251  6.953  6.656  6.358  6.061  5.763  5.466  5.169  4.872  4.575  4.278  3.981  3.684  3.387  3.090  2.794  2.497  2.200 
24.907 24.596 24.286 23.975 23.665 23.356 23.046 22.737 22.428 22.120 21.811 21.503 21.195 20.888 20.580 20.273 19.967 19.660 19.354 19.048 18.742 18.436 18.131 17.826 17.521 17.216 16.912 16.608 16.304 16.000 15.697 15.393 15.090 14.788 14.485 14.182 13.880 13.578 13.276 12.975 12.673 12.372 12.071 11.770 11.469 11.168 10.868 10.568 10.267  9.967  9.667  9.368  9.068  8.768  8.469  8.170  7.871  7.572  7.273  6.974  6.675  6.376  6.078  5.779  5.481  5.182  4.884  4.585  4.287  3.989  3.691  3.393  3.094  2.796  2.498  2.200 
24.964 24.653 24.342 24.032 23.722 23.412 23.103 22.794 22.484 22.176 21.867 21.559 21.251 20.943 20.635 20.328 20.020 19.713 19.407 19.100 18.794 18.488 18.182 17.876 17.571 17.266 16.961 16.656 16.351 16.047 15.743 15.439 15.135 14.831 14.528 14.225 13.922 13.619 13.316 13.014 12.711 12.409 12.107 11.805 11.503 11.202 10.900 10.599 10.298  9.997  9.696  9.395  9.094  8.794  8.493  8.193  7.893  7.593  7.292  6.992  6.693  6.393  6.093  5.793  5.494  5.194  4.894  4.595  4.295  3.996  3.697  3.397  3.098  2.799  2.499  2.200 
25.015 24.705 24.394 24.084 23.774 23.464 23.154 22.845 22.535 22.226 21.918 21.609 21.301 20.992 20.684 20.377 20.069 19.762 19.455 19.148 18.841 18.535 18.228 17.922 17.616 17.310 17.005 16.700 16.394 16.089 15.785 15.480 15.176 14.871 14.567 14.263 13.959 13.656 13.352 13.049 12.746 12.443 12.140 11.837 11.535 11.232 10.930 10.628 10.326 10.024  9.722  9.420  9.118  8.817  8.515  8.214  7.913  7.612  7.310  7.009  6.708  6.408  6.107  5.806  5.505  5.205  4.904  4.604  4.303  4.003  3.702  3.402  3.101  2.801  2.500  2.200 
25.062 24.751 24.441 24.130 23.820 23.510 23.201 22.891 22.582 22.272 21.963 21.655 21.346 21.037 20.729 20.421 20.113 19.806 19.498 19.191 18.884 18.577 18.270 17.964 17.657 17.351 17.045 16.739 16.433 16.128 15.822 15.517 15.212 14.907 14.603 14.298 13.994 13.689 13.385 13.081 12.777 12.473 12.170 11.866 11.563 11.260 10.957 10.654 10.351 10.048  9.745  9.442  9.140  8.838  8.535  8.233  7.931  7.629  7.327  7.025  6.723  6.421  6.119  5.818  5.516  5.214  4.913  4.611  4.310  4.008  3.707  3.406  3.104  2.803  2.501  2.200 
25.105 24.794 24.483 24.173 23.863 23.552 23.243 22.933 22.623 22.314 22.005 21.696 21.387 21.078 20.770 20.462 20.153 19.845 19.538 19.230 18.923 18.615 18.308 18.001 17.694 17.388 17.081 16.775 16.469 16.163 15.857 15.551 15.245 14.940 14.635 14.329 14.024 13.720 13.415 13.110 12.806 12.501 12.197 11.893 11.589 11.285 10.981 10.677 10.373 10.070  9.766  9.463  9.160  8.856  8.553  8.250  7.947  7.644  7.342  7.039  6.736  6.433  6.131  5.828  5.526  5.223  4.921  4.618  4.316  4.014  3.711  3.409  3.107  2.805  2.502  2.200 
25.143 24.832 24.522 24.211 23.901 23.591 23.281 22.971 22.661 22.352 22.042 21.733 21.424 21.115 20.807 20.498 20.190 19.882 19.573 19.266 18.958 18.650 18.343 18.035 17.728 17.421 17.114 16.807 16.501 16.194 15.888 15.582 15.276 14.970 14.664 14.358 14.052 13.747 13.442 13.136 12.831 12.526 12.221 11.917 11.612 11.307 11.003 10.698 10.394 10.090  9.786  9.481  9.177  8.874  8.570  8.266  7.962  7.659  7.355  7.051  6.748  6.445  6.141  5.838  5.535  5.231  4.928  4.625  4.322  4.019  3.715  3.412  3.109  2.806  2.503  2.200 
