29.916 29.605 29.294 28.983 28.673 28.362 28.051 27.740 27.429 27.118 26.807 26.496 26.185 25.874 25.564 25.253 24.942 24.631 24.320 24.009 23.698 23.387 23.076 22.765 22.454 22.143 21.832 21.521 21.210 20.899 20.588 20.276 19.965 19.654 19.343 19.031 18.720 18.408 18.097 17.785 17.473 17.161 16.849 16.537 16.225 15.912 15.599 15.287 14.974 14.660 14.347 14.033 13.719 13.404 13.090 12.774 12.459 12.143 11.827 11.510 11.192 10.874 10.556 10.237  9.917  9.597  9.275  8.953  8.631  8.307  7.983  7.657  7.331  7.004  6.675  6.346 
29.914 29.603 29.292 28.981 28.670 28.359 28.048 27.737 27.426 27.115 26.803 26.492 26.181 25.870 25.558 25.247 24.935 24.624 24.312 24.001 23.689 23.377 23.065 22.753 22.441 22.129 21.817 21.505 21.192 20.879 20.567 20.254 19.941 19.627 19.314 19.000 18.686 18.372 18.058 17.744 17.429 17.114 16.798 16.483 16.167 15.850 15.534 15.216 14.899 14.581 14.263 13.944 13.625 13.305 12.985 12.664 12.342 12.020 11.698 11.374 11.051 10.726 10.400 10.074  9.747  9.420  9.091  8.762  8.431  8.100  7.768  7.435  7.100  6.765  6.429  6.091 
29.901 29.590 29.279 28.968 28.656 28.345 28.034 27.722 27.411 27.099 26.787 26.475 26.163 25.851 25.539 25.226 24.914 24.601 24.288 23.975 23.662 23.349 23.036 22.722 22.408 22.094 21.780 21.466 21.151 20.836 20.521 20.206 19.890 19.574 19.258 18.941 18.625 18.307 17.990 17.672 17.354 17.035 16.716 16.397 16.077 15.757 15.436 15.114 14.793 14.470 14.148 13.824 13.500 13.176 12.850 12.524 12.198 11.871 11.543 11.214 10.885 10.554 10.223  9.892  9.559  9.225  8.891  8.556  8.219  7.882  7.544  7.205  6.864  6.523  6.181  5.837 
29.871 29.560 29.249 28.938 28.626 28.315 28.003 27.691 27.378 27.066 26.753 26.441 26.128 25.815 25.501 25.188 24.874 24.560 24.246 23.931 23.616 23.301 22.986 22.671 22.355 22.039 21.723 21.406 21.089 20.772 20.454 20.136 19.818 19.499 19.180 18.861 18.541 18.221 17.900 17.579 17.257 16.935 16.613 16.290 15.966 15.642 15.317 14.992 14.667 14.340 14.013 13.686 13.357 13.028 12.699 12.368 12.037 11.706 11.373 11.040 10.705 10.370 10.035  9.698  9.360  9.022  8.683  8.342  8.001  7.659  7.315  6.971  6.626  6.279  5.932  5.583 
29.823 29.512 29.201 28.889 28.577 28.265 27.953 27.641 27.328 27.015 26.701 26.388 26.074 25.759 25.445 25.130 24.815 24.500 24.184 23.868 23.552 23.235 22.918 22.601 22.283 21.965 21.646 21.328 21.008 20.689 20.369 20.048 19.728 19.406 19.085 18.762 18.440 18.117 17.793 17.469 17.144 16.819 16.493 16.167 15.840 15.512 15.184 14.855 14.526 14.196 13.865 13.534 13.202 12.869 12.535 12.201 11.866 11.530 11.193 10.856 10.517 10.178  9.838  9.497  9.155  8.812  8.468  8.124  7.778  7.431  7.083  6.735  6.385  6.034  5.682  5.329 
29.757 29.446 29.134 28.822 28.510 28.198 27.885 27.572 27.259 26.945 26.631 26.316 26.002 25.686 25.371 25.055 24.739 24.422 24.105 23.787 23.470 23.151 22.833 22.514 22.194 21.874 21.554 21.233 20.912 20.590 20.268 19.945 19.622 19.298 18.974 18.649 18.324 17.998 17.671 17.344 17.017 16.689 16.360 16.030 15.700 15.370 15.038 14.706 14.374 14.040 13.706 13.371 13.036 12.699 12.362 12.024 11.685 11.346 11.005 10.664 10.322  9.979  9.635  9.290  8.944  8.598  8.250  7.901  7.552  7.201  6.849  6.496  6.142  5.788  5.431  5.074 
29.673 29.362 29.051 28.739 28.426 28.114 27.800 27.487 27.173 26.859 26.544 26.228 25.913 25.597 25.280 24.963 24.646 24.328 24.010 23.691 23.371 23.052 22.732 22.411 22.090 21.768 21.446 21.123 20.800 20.476 20.152 19.827 19.502 19.176 18.849 18.522 18.194 17.866 17.537 17.208 16.877 16.546 16.215 15.883 15.550 15.216 14.882 14.547 14.211 13.875 13.538 13.200 12.861 12.521 12.181 11.840 11.498 11.155 10.811 10.466 10.121  9.774  9.427  9.079  8.729  8.379  8.028  7.676  7.322  6.968  6.613  6.256  5.899  5.540  5.181  4.820 
29.574 29.263 28.951 28.639 28.326 28.013 27.700 27.386 27.071 26.756 26.441 26.125 25.809 25.492 25.174 24.856 24.538 24.219 23.899 23.579 23.259 22.938 22.616 22.294 21.971 21.648 21.324 21.000 20.675 20.349 20.023 19.696 19.369 19.041 18.712 18.383 18.053 17.723 17.391 17.060 16.727 16.394 16.060 15.725 15.390 15.053 14.716 14.379 14.040 13.701 13.361 13.020 12.679 12.336 11.993 11.649 11.304 10.958 10.611 10.263  9.915  9.565  9.215  8.863  8.511  8.157  7.803  7.447  7.091  6.733  6.375  6.015  5.654  5.293  4.930  4.566 
29.460 29.149 28.837 28.525 28.212 27.899 27.585 27.271 26.956 26.640 26.324 26.008 25.691 25.373 25.055 24.736 24.416 24.096 23.776 23.455 23.133 22.811 22.488 22.164 21.840 21.516 21.190 20.864 20.538 20.210 19.883 19.554 19.225 18.895 18.565 18.233 17.901 17.569 17.236 16.902 16.567 16.231 15.895 15.558 15.220 14.882 14.543 14.202 13.862 13.520 13.177 12.834 12.490 12.145 11.799 11.452 11.104 10.755 10.406 10.055  9.704  9.351  8.998  8.644  8.288  7.932  7.575  7.217  6.857  6.497  6.135  5.773  5.409  5.044  4.678  4.311 
29.333 29.022 28.710 28.398 28.085 27.771 27.457 27.142 26.827 26.511 26.195 25.877 25.560 25.241 24.922 24.603 24.282 23.962 23.640 23.318 22.995 22.672 22.348 22.023 21.698 21.372 21.045 20.718 20.390 20.061 19.731 19.401 19.071 18.739 18.407 18.074 17.740 17.406 17.071 16.735 16.398 16.060 15.722 15.383 15.043 14.703 14.361 14.019 13.676 13.332 12.987 12.641 12.294 11.947 11.599 11.249 10.899 10.548 10.196  9.843  9.489  9.134  8.778  8.421  8.063  7.704  7.344  6.984  6.621  6.258  5.894  5.529  5.163  4.795  4.427  4.057 
29.195 28.883 28.571 28.259 27.946 27.632 27.318 27.003 26.687 26.370 26.053 25.736 25.417 25.098 24.779 24.458 24.137 23.816 23.493 23.170 22.846 22.522 22.197 21.871 21.545 21.217 20.890 20.561 20.232 19.902 19.571 19.239 18.907 18.574 18.240 17.905 17.570 17.234 16.897 16.559 16.221 15.882 15.541 15.201 14.859 14.516 14.173 13.828 13.483 13.137 12.790 12.442 12.094 11.744 11.393 11.042 10.690 10.336  9.982  9.627  9.270  8.913  8.555  8.196  7.835  7.474  7.112  6.749  6.384  6.019  5.652  5.284  4.916  4.546  4.175  3.803 
29.045 28.734 28.422 28.109 27.796 27.482 27.167 26.852 26.536 26.219 25.902 25.583 25.264 24.945 24.625 24.304 23.982 23.659 23.336 23.012 22.688 22.363 22.037 21.710 21.382 21.054 20.725 20.395 20.065 19.733 19.401 19.068 18.735 18.400 18.065 17.729 17.392 17.055 16.716 16.377 16.037 15.696 15.354 15.011 14.668 14.323 13.978 13.632 13.285 12.937 12.588 12.239 11.888 11.536 11.184 10.830 10.476 10.121  9.764  9.407  9.048  8.689  8.329  7.967  7.605  7.242  6.877  6.512  6.145  5.777  5.409  5.039  4.668  4.296  3.923  3.549 
28.886 28.574 28.262 27.950 27.636 27.322 27.007 26.692 26.375 26.058 25.740 25.422 25.102 24.782 24.461 24.140 23.817 23.494 23.170 22.846 22.520 22.194 21.867 21.540 21.211 20.882 20.552 20.221 19.889 19.557 19.224 18.890 18.555 18.219 17.883 17.545 17.207 16.868 16.528 16.188 15.846 15.504 15.160 14.816 14.471 14.125 13.778 13.430 13.082 12.732 12.382 12.030 11.678 11.324 10.970 10.615 10.258  9.901  9.543  9.184  8.824  8.462  8.100  7.737  7.372  7.007  6.641  6.273  5.905  5.535  5.164  4.793  4.420  4.046  3.671  3.294 
28.717 28.406 28.094 27.781 27.468 27.153 26.838 26.522 26.206 25.888 25.570 25.251 24.931 24.611 24.289 23.967 23.644 23.321 22.996 22.671 22.345 22.018 21.690 21.362 21.032 20.702 20.371 20.039 19.707 19.373 19.039 18.704 18.368 18.031 17.694 17.355 17.016 16.675 16.334 15.992 15.649 15.305 14.961 14.615 14.269 13.921 13.573 13.224 12.873 12.522 12.170 11.817 11.463 11.108 10.752 10.395 10.038  9.679  9.319  8.958  8.596  8.233  7.869  7.504  7.138  6.771  6.403  6.033  5.663  5.292  4.919  4.546  4.171  3.795  3.418  3.040 
28.541 28.230 27.918 27.605 27.291 26.977 26.661 26.345 26.028 25.711 25.392 25.073 24.753 24.432 24.110 23.787 23.464 23.139 22.814 22.488 22.162 21.834 21.506 21.176 20.846 20.515 20.184 19.851 19.517 19.183 18.848 18.512 18.175 17.837 17.498 17.159 16.818 16.477 16.135 15.791 15.447 15.102 14.756 14.409 14.062 13.713 13.363 13.013 12.661 12.308 11.955 11.601 11.245 10.889 10.531 10.173  9.813  9.453  9.092  8.729  8.366  8.001  7.636  7.269  6.901  6.533  6.163  5.792  5.420  5.047  4.673  4.298  3.921  3.544  3.165  2.786 
28.358 28.046 27.734 27.421 27.107 26.793 26.477 26.161 25.844 25.526 25.207 24.887 24.567 24.245 23.923 23.600 23.276 22.951 22.626 22.299 21.972 21.644 21.315 20.985 20.654 20.322 19.990 19.656 19.322 18.987 18.651 18.314 17.976 17.637 17.298 16.957 16.615 16.273 15.930 15.585 15.240 14.894 14.547 14.199 13.850 13.500 13.149 12.797 12.445 12.091 11.736 11.380 11.024 10.666 10.307  9.947  9.587  9.225  8.862  8.498  8.133  7.767  7.400  7.032  6.663  6.293  5.922  5.550  5.176  4.802  4.426  4.049  3.672  3.293  2.913  2.531 
28.167 27.856 27.544 27.231 26.917 26.602 26.287 25.970 25.653 25.335 25.015 24.695 24.375 24.053 23.730 23.407 23.083 22.757 22.431 22.104 21.776 21.448 21.118 20.787 20.456 20.124 19.790 19.456 19.121 18.785 18.448 18.111 17.772 17.432 17.092 16.750 16.408 16.065 15.720 15.375 15.029 14.682 14.334 13.985 13.635 13.284 12.932 12.579 12.225 11.870 11.514 11.157 10.799 10.440 10.080  9.719  9.357  8.994  8.630  8.265  7.899  7.532  7.163  6.794  6.424  6.052  5.680  5.306  4.931  4.555  4.178  3.800  3.421  3.041  2.660  2.277 
27.971 27.660 27.348 27.035 26.721 26.406 26.090 25.773 25.456 25.137 24.818 24.498 24.177 23.855 23.532 23.208 22.883 22.558 22.231 21.904 21.575 21.246 20.916 20.585 20.253 19.920 19.586 19.251 18.915 18.579 18.241 17.903 17.563 17.223 16.882 16.539 16.196 15.852 15.507 15.161 14.814 14.465 14.116 13.766 13.415 13.063 12.711 12.357 12.002 11.646 11.289 10.931 10.572 10.212  9.851  9.489  9.125  8.761  8.396  8.030  7.662  7.294  6.925  6.554  6.183  5.810  5.436  5.061  4.685  4.308  3.930  3.551  3.171  2.789  2.407  2.023 
27.770 27.458 27.146 26.833 26.519 26.204 25.888 25.571 25.254 24.935 24.615 24.295 23.973 23.651 23.328 23.004 22.679 22.353 22.026 21.698 21.369 21.039 20.709 20.377 20.045 19.711 19.377 19.041 18.705 18.368 18.030 17.690 17.350 17.009 16.667 16.324 15.980 15.635 15.289 14.942 14.594 14.246 13.896 13.545 13.193 12.840 12.486 12.131 11.776 11.419 11.061 10.702 10.342  9.981  9.619  9.256  8.892  8.526  8.160  7.793  7.424  7.055  6.685  6.313  5.940  5.567  5.192  4.816  4.439  4.061  3.682  3.301  2.920  2.537  2.153  1.769 
27.563 27.252 26.940 26.626 26.312 25.997 25.681 25.364 25.046 24.727 24.408 24.087 23.765 23.443 23.119 22.795 22.469 22.143 21.816 21.488 21.158 20.828 20.497 20.165 19.832 19.498 19.163 18.827 18.491 18.153 17.814 17.474 17.133 16.792 16.449 16.105 15.761 15.415 15.068 14.721 14.372 14.023 13.672 13.320 12.968 12.614 12.259 11.904 11.547 11.189 10.830 10.470 10.110  9.748  9.385  9.021  8.656  8.290  7.922  7.554  7.185  6.815  6.443  6.071  5.697  5.322  4.946  4.570  4.192  3.812  3.432  3.051  2.668  2.285  1.900  1.514 
27.352 27.041 26.729 26.415 26.101 25.786 25.470 25.153 24.835 24.516 24.196 23.875 23.553 23.230 22.906 22.582 22.256 21.929 21.602 21.273 20.944 20.613 20.282 19.949 19.616 19.281 18.946 18.610 18.272 17.934 17.595 17.254 16.913 16.571 16.228 15.883 15.538 15.192 14.844 14.496 14.147 13.797 13.445 13.093 12.740 12.385 12.030 11.673 11.316 10.957 10.598 10.237  9.875  9.513  9.149  8.784  8.418  8.051  7.683  7.314  6.944  6.573  6.200  5.827  5.453  5.077  4.700  4.322  3.944  3.564  3.182  2.800  2.417  2.032  1.647  1.260 
27.137 26.826 26.514 26.200 25.886 25.571 25.254 24.937 24.619 24.300 23.980 23.659 23.337 23.014 22.690 22.365 22.039 21.712 21.384 21.055 20.725 20.394 20.063 19.730 19.396 19.061 18.725 18.388 18.051 17.712 17.372 17.031 16.690 16.347 16.003 15.658 15.312 14.965 14.618 14.269 13.919 13.568 13.216 12.863 12.509 12.154 11.798 11.441 11.083 10.723 10.363 10.002  9.639  9.276  8.911  8.546  8.179  7.811  7.443  7.073  6.702  6.330  5.957  5.583  5.207  4.831  4.453  4.075  3.695  3.314  2.932  2.549  2.165  1.780  1.393  1.006 
26.919 26.607 26.295 25.981 25.667 25.352 25.036 24.718 24.400 24.081 23.760 23.439 23.117 22.794 22.470 22.144 21.818 21.491 21.163 20.834 20.503 20.172 19.840 19.507 19.173 18.838 18.501 18.164 17.826 17.487 17.147 16.805 16.463 16.120 15.776 15.430 15.084 14.737 14.388 14.039 13.688 13.337 12.984 12.631 12.276 11.921 11.564 11.206 10.847 10.487 10.127  9.765  9.402  9.037  8.672  8.306  7.939  7.570  7.201  6.830  6.459  6.086  5.712  5.337  4.961  4.584  4.206  3.826  3.446  3.064  2.682  2.298  1.913  1.527  1.140  0.751 
26.697 26.385 26.073 25.759 25.445 25.130 24.813 24.496 24.177 23.858 23.538 23.216 22.894 22.571 22.246 21.921 21.594 21.267 20.939 20.609 20.279 19.947 19.615 19.281 18.947 18.611 18.275 17.937 17.599 17.259 16.918 16.577 16.234 15.890 15.546 15.200 14.853 14.505 14.157 13.807 13.456 13.104 12.751 12.397 12.041 11.685 11.328 10.970 10.610 10.250  9.888  9.526  9.162  8.797  8.432  8.065  7.697  7.328  6.958  6.587  6.214  5.841  5.466  5.091  4.714  4.336  3.957  3.577  3.196  2.814  2.431  2.046  1.661  1.274  0.886  0.497 
26.471 26.160 25.848 25.534 25.220 24.904 24.588 24.270 23.952 23.633 23.312 22.991 22.668 22.344 22.020 21.694 21.368 21.040 20.711 20.382 20.051 19.719 19.387 19.053 18.718 18.382 18.045 17.708 17.369 17.029 16.688 16.346 16.003 15.659 15.314 14.967 14.620 14.272 13.923 13.572 13.221 12.868 12.515 12.160 11.805 11.448 11.090 10.732 10.372 10.011  9.649  9.286  8.921  8.556  8.190  7.822  7.454  7.084  6.714  6.342  5.969  5.595  5.220  4.844  4.467  4.088  3.709  3.328  2.946  2.564  2.180  1.794  1.408  1.021  0.632  0.243 
26.244 25.932 25.620 25.306 24.992 24.676 24.360 24.042 23.724 23.404 23.084 22.762 22.439 22.116 21.791 21.465 21.138 20.811 20.482 20.152 19.821 19.489 19.156 18.822 18.487 18.151 17.814 17.476 17.137 16.796 16.455 16.113 15.769 15.425 15.079 14.733 14.385 14.037 13.687 13.336 12.984 12.632 12.278 11.923 11.567 11.209 10.851 10.492 10.132  9.770  9.408  9.044  8.679  8.314  7.947  7.579  7.210  6.840  6.469  6.096  5.723  5.348  4.973  4.596  4.218  3.839  3.459  3.078  2.696  2.313  1.928  1.542  1.156  0.768  0.379 -0.011 
26.013 25.702 25.390 25.076 24.762 24.446 24.130 23.812 23.493 23.174 22.853 22.531 22.208 21.885 21.560 21.234 20.907 20.579 20.250 19.920 19.589 19.257 18.923 18.589 18.254 17.918 17.580 17.242 16.902 16.562 16.220 15.878 15.534 15.189 14.843 14.496 14.148 13.800 13.449 13.098 12.746 12.393 12.039 11.683 11.327 10.969 10.611 10.251  9.890  9.528  9.165  8.802  8.436  8.070  7.703  7.335  6.965  6.595  6.223  5.851  5.477  5.102  4.726  4.349  3.971  3.592  3.212  2.831  2.449  2.066  1.681  1.296  0.909  0.522  0.133 -0.266 
25.781 25.470 25.157 24.844 24.529 24.213 23.897 23.579 23.260 22.941 22.620 22.298 21.975 21.651 21.326 21.000 20.673 20.345 20.016 19.685 19.354 19.022 18.688 18.354 18.018 17.681 17.344 17.005 16.665 16.324 15.982 15.639 15.295 14.949 14.603 14.256 13.907 13.557 13.206 12.854 12.501 12.147 11.792 11.435 11.078 10.719 10.359  9.998  9.635  9.272  8.907  8.541  8.174  7.806  7.437  7.066  6.694  6.321  5.947  5.571  5.195  4.817  4.438  4.057  3.676  3.293  2.909  2.524  2.138  1.750  1.360  0.970  0.577  0.183 -0.184 -0.520 
25.545 25.234 24.921 24.608 24.293 23.977 23.661 23.343 23.024 22.704 22.383 22.061 21.738 21.414 21.088 20.762 20.435 20.106 19.776 19.446 19.114 18.781 18.447 18.112 17.776 17.439 17.101 16.762 16.421 16.080 15.737 15.394 15.049 14.703 14.356 14.008 13.659 13.309 12.958 12.606 12.253 11.898 11.543 11.186 10.829 10.470 10.111  9.750  9.388  9.025  8.661  8.296  7.930  7.563  7.194  6.824  6.453  6.080  5.706  5.331  4.953  4.575  4.194  3.811  3.427  3.040  2.651  2.261  1.868  1.473  1.076  0.677  0.277 -0.125 -0.449 -0.774 
25.305 24.994 24.682 24.368 24.053 23.738 23.421 23.103 22.784 22.464 22.143 21.821 21.497 21.173 20.847 20.521 20.193 19.864 19.535 19.204 18.872 18.538 18.204 17.869 17.532 17.195 16.856 16.516 16.175 15.833 15.490 15.146 14.800 14.454 14.106 13.757 13.407 13.056 12.704 12.351 11.996 11.641 11.284 10.926 10.567 10.207  9.845  9.483  9.119  8.755  8.389  8.023  7.655  7.286  6.916  6.545  6.174  5.801  5.427  5.053  4.677  4.301  3.924  3.546  3.168  2.788  2.408  2.028  1.646  1.264  0.882  0.499  0.115 -0.235 -0.631 -1.029 
25.062 24.751 24.438 24.124 23.810 23.494 23.177 22.859 22.540 22.220 21.898 21.576 21.253 20.928 20.602 20.276 19.948 19.619 19.289 18.958 18.626 18.292 17.958 17.622 17.286 16.948 16.609 16.269 15.928 15.586 15.242 14.898 14.552 14.206 13.858 13.509 13.159 12.807 12.455 12.101 11.746 11.390 11.032 10.674 10.314  9.953  9.590  9.227  8.862  8.496  8.128  7.759  7.389  7.018  6.645  6.271  5.896  5.520  5.142  4.764  4.384  4.003  3.621  3.238  2.854  2.470  2.084  1.698  1.312  0.924  0.537  0.149 -0.188 -0.552 -0.917 -1.283 
24.816 24.504 24.192 23.878 23.563 23.247 22.930 22.612 22.293 21.973 21.651 21.329 21.005 20.680 20.354 20.027 19.699 19.370 19.040 18.708 18.376 18.042 17.707 17.371 17.034 16.696 16.357 16.016 15.675 15.332 14.989 14.644 14.298 13.951 13.603 13.254 12.903 12.552 12.200 11.846 11.492 11.136 10.779 10.422 10.063  9.703  9.342  8.980  8.617  8.252  7.887  7.520  7.152  6.783  6.412  6.040  5.666  5.291  4.914  4.534  4.153  3.769  3.383  2.995  2.604  2.210  1.813  1.414  1.012  0.607  0.199 -0.200 -0.535 -0.869 -1.203 -1.537 
24.567 24.255 23.943 23.629 23.314 22.998 22.681 22.363 22.044 21.723 21.402 21.079 20.756 20.431 20.105 19.777 19.449 19.120 18.789 18.458 18.125 17.791 17.456 17.119 16.782 16.444 16.104 15.763 15.421 15.078 14.734 14.388 14.042 13.694 13.345 12.995 12.644 12.291 11.938 11.583 11.228 10.871 10.513 10.153  9.793  9.432  9.070  8.706  8.341  7.976  7.609  7.242  6.873  6.503  6.133  5.762  5.389  5.016  4.642  4.267  3.891  3.515  3.138  2.760  2.381  2.002  1.622  1.242  0.861  0.480  0.098 -0.247 -0.632 -1.018 -1.404 -1.791 
24.315 24.003 23.691 23.377 23.062 22.746 22.429 22.111 21.792 21.471 21.150 20.827 20.503 20.178 19.852 19.525 19.197 18.867 18.536 18.205 17.872 17.538 17.203 16.866 16.529 16.190 15.851 15.510 15.168 14.825 14.480 14.135 13.788 13.440 13.091 12.741 12.389 12.036 11.682 11.327 10.971 10.613 10.254  9.894  9.533  9.170  8.806  8.441  8.075  7.707  7.338  6.968  6.597  6.224  5.851  5.476  5.100  4.723  4.346  3.967  3.587  3.206  2.825  2.442  2.059  1.676  1.291  0.906  0.521  0.135 -0.202 -0.570 -0.938 -1.307 -1.676 -2.046 
24.061 23.750 23.437 23.123 22.809 22.493 22.175 21.857 21.538 21.217 20.895 20.572 20.248 19.923 19.597 19.270 18.941 18.611 18.281 17.949 17.615 17.281 16.946 16.609 16.272 15.933 15.593 15.252 14.910 14.567 14.222 13.877 13.530 13.182 12.834 12.484 12.133 11.780 11.427 11.073 10.717 10.361 10.003  9.644  9.284  8.922  8.560  8.196  7.831  7.464  7.096  6.726  6.355  5.982  5.607  5.231  4.852  4.472  4.089  3.705  3.319  2.931  2.540  2.148  1.755  1.359  0.963  0.565  0.167 -0.178 -0.531 -0.884 -1.238 -1.591 -1.945 -2.300 
23.806 23.494 23.182 22.868 22.553 22.237 21.920 21.602 21.282 20.961 20.640 20.317 19.993 19.667 19.341 19.013 18.685 18.355 18.024 17.692 17.358 17.024 16.688 16.351 16.013 15.674 15.334 14.992 14.650 14.306 13.961 13.615 13.267 12.919 12.569 12.218 11.866 11.513 11.159 10.804 10.448 10.090  9.731  9.372  9.011  8.649  8.286  7.922  7.558  7.192  6.825  6.457  6.088  5.719  5.348  4.977  4.604  4.231  3.858  3.483  3.108  2.732  2.355  1.978  1.600  1.222  0.843  0.463  0.083 -0.259 -0.640 -1.022 -1.404 -1.787 -2.170 -2.554 
23.548 23.237 22.924 22.611 22.296 21.980 21.662 21.344 21.025 20.704 20.382 20.059 19.735 19.410 19.083 18.756 18.427 18.097 17.766 17.434 17.101 16.766 16.430 16.094 15.755 15.416 15.076 14.734 14.391 14.047 13.702 13.356 13.008 12.659 12.309 11.958 11.606 11.252 10.897 10.541 10.184  9.825  9.465  9.104  8.742  8.378  8.014  7.648  7.281  6.912  6.543  6.173  5.801  5.428  5.055  4.680  4.305  3.928  3.551  3.173  2.794  2.414  2.034  1.652  1.271  0.889  0.506  0.123 -0.215 -0.584 -0.953 -1.323 -1.694 -2.065 -2.436 -2.809 
23.289 22.978 22.665 22.352 22.037 21.721 21.403 21.085 20.765 20.445 20.123 19.800 19.475 19.150 18.823 18.496 18.167 17.837 17.506 17.173 16.840 16.505 16.170 15.833 15.495 15.156 14.815 14.474 14.131 13.788 13.443 13.097 12.749 12.401 12.052 11.701 11.349 10.996 10.642 10.286  9.929  9.571  9.212  8.851  8.489  8.126  7.761  7.395  7.027  6.658  6.287  5.914  5.540  5.165  4.787  4.409  4.028  3.646  3.263  2.878  2.492  2.105  1.717  1.327  0.937  0.547  0.155 -0.182 -0.541 -0.900 -1.260 -1.619 -1.979 -2.340 -2.701 -3.063 
23.030 22.718 22.406 22.092 21.777 21.461 21.143 20.825 20.505 20.184 19.862 19.539 19.215 18.889 18.563 18.235 17.906 17.576 17.244 16.912 16.578 16.243 15.907 15.570 15.231 14.892 14.551 14.209 13.866 13.522 13.176 12.830 12.482 12.133 11.783 11.432 11.080 10.726 10.372 10.016  9.660  9.302  8.943  8.584  8.223  7.861  7.498  7.134  6.770  6.404  6.038  5.670  5.302  4.933  4.563  4.192  3.820  3.448  3.075  2.702  2.327  1.952  1.577  1.200  0.820  0.435  0.043 -0.297 -0.662 -1.035 -1.412 -1.791 -2.171 -2.552 -2.934 -3.317 
22.768 22.457 22.144 21.830 21.515 21.199 20.882 20.564 20.244 19.923 19.601 19.278 18.954 18.628 18.301 17.974 17.645 17.314 16.983 16.650 16.317 15.982 15.645 15.308 14.970 14.630 14.289 13.947 13.603 13.259 12.913 12.566 12.218 11.868 11.518 11.166 10.813 10.458 10.103  9.746  9.388  9.029  8.669  8.307  7.945  7.581  7.216  6.851  6.484  6.115  5.746  5.376  5.005  4.633  4.260  3.887  3.512  3.137  2.761  2.384  2.006  1.628  1.249  0.870  0.491  0.110 -0.226 -0.596 -0.967 -1.337 -1.708 -2.080 -2.452 -2.825 -3.198 -3.571 
22.505 22.194 21.881 21.567 21.252 20.936 20.619 20.300 19.981 19.660 19.338 19.015 18.690 18.365 18.038 17.710 17.381 17.051 16.720 16.387 16.054 15.719 15.383 15.046 14.707 14.368 14.027 13.685 13.342 12.998 12.652 12.306 11.958 11.609 11.258 10.907 10.554 10.200  9.844  9.488  9.130  8.770  8.409  8.047  7.684  7.319  6.952  6.584  6.215  5.845  5.473  5.099  4.725  4.349  3.972  3.593  3.214  2.833  2.451  2.069  1.685  1.301  0.916  0.531  0.145 -0.191 -0.552 -0.914 -1.277 -1.639 -2.003 -2.366 -2.730 -3.095 -3.460 -3.826 
22.242 21.931 21.618 21.304 20.989 20.673 20.356 20.037 19.717 19.396 19.074 18.751 18.426 18.101 17.774 17.446 17.117 16.786 16.455 16.122 15.788 15.453 15.116 14.779 14.440 14.101 13.760 13.417 13.074 12.730 12.384 12.038 11.690 11.341 10.991 10.640 10.288  9.934  9.580  9.225  8.868  8.511  8.152  7.793  7.432  7.071  6.708  6.344  5.980  5.614  5.247  4.879  4.509  4.138  3.765  3.391  3.014  2.635  2.252  1.867  1.477  1.082  0.682  0.277 -0.136 -0.474 -0.818 -1.169 -1.524 -1.882 -2.243 -2.607 -2.973 -3.340 -3.710 -4.080 
21.978 21.667 21.354 21.040 20.725 20.409 20.092 19.773 19.453 19.132 18.810 18.487 18.162 17.837 17.510 17.182 16.852 16.522 16.190 15.857 15.523 15.188 14.852 14.514 14.175 13.835 13.494 13.151 12.807 12.462 12.116 11.769 11.420 11.071 10.720 10.367 10.014  9.660  9.304  8.947  8.589  8.230  7.870  7.509  7.147  6.783  6.419  6.054  5.687  5.320  4.952  4.583  4.213  3.842  3.470  3.098  2.725  2.351  1.977  1.602  1.226  0.850  0.473  0.096 -0.240 -0.610 -0.980 -1.351 -1.722 -2.094 -2.466 -2.838 -3.211 -3.585 -3.959 -4.334 
21.713 21.401 21.089 20.775 20.460 20.144 19.826 19.508 19.188 18.867 18.545 18.222 17.897 17.572 17.245 16.917 16.588 16.257 15.926 15.593 15.259 14.924 14.588 14.250 13.911 13.571 13.230 12.888 12.544 12.199 11.853 11.506 11.157 10.807 10.456 10.104  9.750  9.395  9.039  8.681  8.322  7.962  7.600  7.237  6.873  6.508  6.141  5.773  5.404  5.033  4.662  4.289  3.916  3.541  3.165  2.789  2.411  2.033  1.654  1.275  0.894  0.514  0.133 -0.202 -0.565 -0.929 -1.293 -1.657 -2.022 -2.387 -2.753 -3.119 -3.485 -3.852 -4.220 -4.589 
21.447 21.135 20.823 20.509 20.194 19.877 19.560 19.241 18.922 18.601 18.278 17.955 17.630 17.305 16.978 16.650 16.320 15.990 15.658 15.325 14.991 14.656 14.320 13.982 13.644 13.304 12.963 12.622 12.279 11.935 11.589 11.243 10.896 10.548 10.199  9.850  9.499  9.148  8.796  8.443  8.090  7.736  7.382  7.028  6.673  6.319  5.965  5.611  5.257  4.904  4.551  4.199  3.847  3.497  3.147  2.798  2.451  2.104  1.758  1.414  1.070  0.727  0.385  0.044 -0.165 -0.304 -0.442 -0.579 -0.714 -0.847 -0.977 -1.106 -1.233 -1.358 -1.480 -1.600 
21.191 20.880 20.567 20.254 19.939 19.624 19.307 18.990 18.671 18.351 18.031 17.709 17.386 17.063 16.739 16.413 16.087 15.760 15.432 15.103 14.773 14.443 14.112 13.780 13.448 13.115 12.781 12.447 12.112 11.777 11.441 11.105 10.769 10.432 10.095  9.758  9.421  9.084  8.747  8.409  8.073  7.736  7.399  7.063  6.728  6.393  6.058  5.725  5.392  5.061  4.730  4.402  4.074  3.749  3.425  3.104  2.785  2.468  2.153  1.841  1.531  1.223  0.917  0.613  0.310  0.009 -0.158 -0.257 -0.354 -0.451 -0.547 -0.642 -0.735 -0.828 -0.919 -1.009 
20.994 20.683 20.371 20.058 19.745 19.431 19.116 18.801 18.485 18.168 17.851 17.533 17.214 16.895 16.576 16.255 15.935 15.614 15.292 14.970 14.647 14.324 14.001 13.678 13.354 13.030 12.706 12.381 12.057 11.733 11.408 11.084 10.760 10.435 10.111  9.788  9.464  9.141  8.819  8.496  8.175  7.853  7.533  7.213  6.894  6.575  6.258  5.941  5.625  5.310  4.997  4.684  4.373  4.064  3.756  3.450  3.147  2.846  2.547  2.252  1.959  1.670  1.384  1.101  0.821  0.544  0.268 -0.005 -0.149 -0.234 -0.314 -0.393 -0.472 -0.550 -0.627 -0.703 
20.878 20.567 20.256 19.944 19.632 19.320 19.007 18.694 18.381 18.067 17.753 17.439 17.125 16.810 16.495 16.180 15.865 15.550 15.234 14.919 14.603 14.288 13.972 13.656 13.341 13.026 12.710 12.395 12.080 11.766 11.451 11.137 10.823 10.510 10.197  9.885  9.573  9.262  8.952  8.642  8.333  8.025  7.717  7.410  7.105  6.800  6.496  6.193  5.891  5.591  5.291  4.993  4.695  4.399  4.105  3.812  3.520  3.230  2.943  2.658  2.375  2.095  1.819  1.547  1.278  1.012  0.750  0.492  0.235 -0.019 -0.149 -0.223 -0.292 -0.361 -0.430 -0.498 
20.840 20.529 20.218 19.907 19.596 19.285 18.974 18.663 18.352 18.041 17.730 17.420 17.109 16.798 16.487 16.177 15.867 15.556 15.246 14.937 14.627 14.317 14.008 13.699 13.391 13.083 12.775 12.467 12.160 11.854 11.548 11.242 10.937 10.633 10.329 10.026  9.724  9.422  9.122  8.822  8.523  8.224  7.927  7.631  7.336  7.042  6.749  6.457  6.166  5.876  5.588  5.301  5.015  4.730  4.446  4.164  3.883  3.604  3.325  3.048  2.773  2.499  2.226  1.956  1.688  1.425  1.166  0.913  0.666  0.426  0.192 -0.038 -0.146 -0.212 -0.276 -0.339 
20.866 20.555 20.245 19.934 19.624 19.315 19.005 18.696 18.387 18.078 17.770 17.462 17.154 16.847 16.539 16.233 15.926 15.620 15.314 15.009 14.704 14.400 14.096 13.793 13.490 13.187 12.886 12.584 12.284 11.984 11.684 11.386 11.088 10.791 10.494 10.199  9.904  9.610  9.317  9.025  8.734  8.444  8.154  7.866  7.579  7.293  7.009  6.725  6.443  6.162  5.882  5.604  5.326  5.051  4.776  4.503  4.231  3.961  3.692  3.424  3.158  2.893  2.629  2.367  2.106  1.846  1.588  1.330  1.074  0.819  0.564  0.311  0.059 -0.077 -0.147 -0.212 
20.945 20.635 20.325 20.015 19.706 19.397 19.088 18.780 18.473 18.166 17.860 17.554 17.248 16.943 16.639 16.335 16.032 15.729 15.427 15.125 14.825 14.524 14.224 13.925 13.627 13.329 13.032 12.736 12.440 12.146 11.852 11.558 11.266 10.974 10.684 10.394 10.105  9.817  9.530  9.244  8.959  8.675  8.393  8.111  7.830  7.551  7.273  6.995  6.720  6.445  6.172  5.900  5.629  5.360  5.092  4.826  4.561  4.298  4.036  3.775  3.516  3.259  3.003  2.748  2.495  2.243  1.993  1.744  1.496  1.250  1.005  0.761  0.518  0.276  0.035 -0.089 
21.067 20.756 20.446 20.137 19.828 19.520 19.213 18.906 18.600 18.295 17.990 17.686 17.382 17.079 16.777 16.476 16.175 15.875 15.576 15.277 14.979 14.682 14.386 14.091 13.796 13.503 13.210 12.918 12.627 12.337 12.048 11.759 11.472 11.186 10.901 10.617 10.334 10.052  9.772  9.492  9.214  8.937  8.661  8.387  8.113  7.841  7.571  7.302  7.034  6.767  6.502  6.238  5.976  5.715  5.456  5.198  4.941  4.685  4.431  4.178  3.927  3.676  3.427  3.179  2.932  2.686  2.441  2.197  1.954  1.711  1.469  1.228  0.987  0.747  0.507  0.267 
21.225 20.915 20.605 20.296 19.988 19.681 19.374 19.068 18.763 18.459 18.156 17.853 17.552 17.251 16.951 16.651 16.353 16.055 15.759 15.463 15.168 14.873 14.580 14.288 13.996 13.706 13.416 13.127 12.839 12.552 12.267 11.981 11.697 11.414 11.132 10.851 10.571 10.291 10.013  9.735  9.459  9.184  8.909  8.636  8.363  8.091  7.820  7.551  7.282  7.014  6.746  6.480  6.215  5.950  5.686  5.423  5.161  4.900  4.639  4.379  4.119  3.861  3.602  3.345  3.088  2.831  2.575  2.319  2.064  1.809  1.554  1.300  1.045  0.791  0.537  0.284 
21.409 21.099 20.789 20.481 20.173 19.866 19.559 19.254 18.949 18.646 18.343 18.041 17.740 17.440 17.140 16.841 16.544 16.247 15.951 15.656 15.361 15.068 14.775 14.483 14.192 13.902 13.613 13.325 13.037 12.750 12.464 12.179 11.895 11.611 11.329 11.047 10.766 10.486 10.206  9.928  9.650  9.373  9.096  8.821  8.546  8.272  7.998  7.725  7.453  7.182  6.911  6.641  6.371  6.102  5.834  5.566  5.299  5.032  4.766  4.500  4.235  3.970  3.706  3.442  3.178  2.914  2.651  2.389  2.126  1.864  1.602  1.340  1.078  0.816  0.555  0.293 
21.598 21.287 20.978 20.669 20.361 20.054 19.748 19.442 19.137 18.834 18.531 18.228 17.927 17.626 17.327 17.028 16.730 16.432 16.136 15.840 15.545 15.251 14.958 14.665 14.374 14.083 13.792 13.503 13.214 12.926 12.639 12.353 12.067 11.782 11.498 11.214 10.931 10.649 10.367 10.087  9.806  9.527  9.248  8.970  8.692  8.415  8.138  7.862  7.587  7.312  7.038  6.764  6.491  6.218  5.945  5.674  5.402  5.131  4.860  4.590  4.320  4.050  3.781  3.512  3.243  2.975  2.707  2.439  2.171  1.903  1.636  1.368  1.101  0.834  0.567  0.300 
21.779 21.468 21.159 20.850 20.541 20.234 19.927 19.622 19.317 19.012 18.709 18.406 18.104 17.803 17.503 17.203 16.904 16.606 16.308 16.012 15.716 15.421 15.126 14.832 14.539 14.247 13.955 13.664 13.374 13.084 12.796 12.507 12.220 11.933 11.646 11.361 11.076 10.791 10.507 10.224  9.941  9.659  9.378  9.097  8.816  8.536  8.257  7.978  7.699  7.421  7.143  6.866  6.590  6.313  6.037  5.762  5.487  5.212  4.937  4.663  4.389  4.116  3.842  3.569  3.296  3.024  2.751  2.479  2.207  1.935  1.663  1.391  1.120  0.848  0.577  0.305 
21.947 21.637 21.327 21.018 20.709 20.402 20.095 19.789 19.483 19.178 18.874 18.571 18.268 17.966 17.665 17.365 17.065 16.766 16.467 16.169 15.872 15.576 15.280 14.985 14.690 14.397 14.103 13.811 13.519 13.227 12.937 12.647 12.357 12.068 11.780 11.492 11.205 10.918 10.632 10.346 10.061  9.776  9.492  9.209  8.925  8.643  8.360  8.079  7.797  7.516  7.235  6.955  6.675  6.396  6.117  5.838  5.560  5.281  5.004  4.726  4.449  4.172  3.895  3.618  3.342  3.065  2.789  2.513  2.238  1.962  1.687  1.411  1.136  0.860  0.585  0.310 
22.102 21.791 21.482 21.172 20.864 20.556 20.249 19.942 19.636 19.331 19.026 18.722 18.419 18.116 17.814 17.513 17.212 16.912 16.612 16.313 16.015 15.717 15.420 15.124 14.828 14.533 14.238 13.944 13.650 13.357 13.065 12.773 12.481 12.190 11.900 11.610 11.321 11.032 10.744 10.456 10.168  9.881  9.595  9.309  9.023  8.738  8.453  8.169  7.885  7.601  7.317  7.034  6.752  6.470  6.187  5.906  5.624  5.343  5.062  4.782  4.501  4.221  3.941  3.661  3.382  3.102  2.823  2.544  2.265  1.986  1.707  1.428  1.150  0.871  0.593  0.314 
22.244 21.933 21.623 21.314 21.005 20.697 20.389 20.082 19.776 19.470 19.165 18.860 18.556 18.253 17.950 17.648 17.346 17.045 16.745 16.445 16.145 15.846 15.548 15.250 14.953 14.656 14.360 14.065 13.769 13.475 13.181 12.887 12.594 12.301 12.009 11.717 11.426 11.135 10.845 10.555 10.265  9.976  9.688  9.399  9.111  8.824  8.537  8.250  7.963  7.677  7.391  7.106  6.821  6.536  6.251  5.967  5.683  5.399  5.115  4.832  4.548  4.265  3.983  3.700  3.418  3.135  2.853  2.571  2.289  2.007  1.725  1.444  1.162  0.881  0.599  0.318 
22.373 22.062 21.752 21.443 21.134 20.825 20.517 20.210 19.903 19.597 19.291 18.986 18.682 18.377 18.074 17.771 17.468 17.166 16.865 16.564 16.264 15.964 15.664 15.365 15.067 14.769 14.471 14.174 13.878 13.582 13.286 12.991 12.696 12.402 12.108 11.815 11.522 11.229 10.937 10.645 10.353 10.062  9.772  9.481  9.191  8.902  8.612  8.323  8.035  7.746  7.458  7.170  6.883  6.595  6.308  6.022  5.735  5.449  5.163  4.877  4.591  4.306  4.020  3.735  3.450  3.165  2.880  2.596  2.311  2.026  1.742  1.458  1.173  0.889  0.605  0.321 
22.490 22.180 21.869 21.560 21.251 20.942 20.634 20.326 20.019 19.712 19.406 19.101 18.795 18.491 18.187 17.883 17.580 17.277 16.974 16.673 16.371 16.070 15.770 15.470 15.170 14.871 14.572 14.274 13.976 13.679 13.382 13.085 12.789 12.493 12.198 11.903 11.608 11.314 11.020 10.727 10.433 10.141  9.848  9.556  9.264  8.972  8.681  8.390  8.099  7.809  7.519  7.229  6.939  6.650  6.360  6.072  5.783  5.494  5.206  4.918  4.630  4.342  4.054  3.767  3.479  3.192  2.905  2.618  2.331  2.044  1.757  1.470  1.184  0.897  0.610  0.324 
22.597 22.286 21.976 21.666 21.357 21.048 20.740 20.432 20.125 19.818 19.511 19.205 18.899 18.594 18.289 17.985 17.681 17.377 17.074 16.771 16.469 16.167 15.866 15.565 15.264 14.964 14.664 14.365 14.066 13.767 13.469 13.171 12.874 12.577 12.280 11.983 11.687 11.391 11.096 10.801 10.506 10.211  9.917  9.623  9.330  9.036  8.743  8.451  8.158  7.866  7.574  7.282  6.990  6.699  6.408  6.117  5.826  5.535  5.245  4.955  4.665  4.375  4.085  3.795  3.506  3.216  2.927  2.638  2.349  2.060  1.771  1.482  1.193  0.904  0.615  0.326 
22.694 22.384 22.073 21.763 21.454 21.145 20.836 20.528 20.220 19.913 19.606 19.300 18.993 18.688 18.382 18.077 17.773 17.469 17.165 16.861 16.558 16.256 15.953 15.652 15.350 15.049 14.748 14.448 14.147 13.848 13.548 13.249 12.951 12.652 12.354 12.056 11.759 11.462 11.165 10.868 10.572 10.276  9.980  9.685  9.390  9.095  8.800  8.506  8.211  7.917  7.624  7.330  7.037  6.744  6.451  6.158  5.865  5.573  5.281  4.988  4.697  4.405  4.113  3.821  3.530  3.239  2.947  2.656  2.365  2.074  1.783  1.492  1.201  0.910  0.619  0.329 
22.783 22.472 22.162 21.852 21.542 21.233 20.924 20.616 20.308 20.000 19.693 19.386 19.079 18.773 18.467 18.161 17.856 17.552 17.247 16.943 16.639 16.336 16.033 15.730 15.428 15.126 14.824 14.523 14.222 13.921 13.620 13.320 13.020 12.721 12.422 12.123 11.824 11.526 11.227 10.930 10.632 10.335 10.038  9.741  9.444  9.148  8.852  8.556  8.260  7.964  7.669  7.374  7.079  6.784  6.490  6.195  5.901  5.607  5.313  5.019  4.725  4.432  4.138  3.845  3.552  3.259  2.966  2.673  2.380  2.087  1.794  1.501  1.209  0.916  0.623  0.331 
22.863 22.552 22.242 21.932 21.622 21.313 21.004 20.695 20.387 20.079 19.771 19.464 19.157 18.850 18.544 18.238 17.932 17.627 17.322 17.017 16.713 16.409 16.105 15.802 15.499 15.196 14.893 14.591 14.289 13.987 13.686 13.385 13.084 12.783 12.483 12.183 11.883 11.584 11.284 10.985 10.687 10.388 10.090  9.791  9.494  9.196  8.898  8.601  8.304  8.007  7.710  7.414  7.117  6.821  6.525  6.229  5.933  5.638  5.342  5.047  4.752  4.457  4.162  3.867  3.572  3.277  2.982  2.688  2.393  2.099  1.804  1.510  1.215  0.921  0.627  0.332 
22.936 22.625 22.315 22.005 21.695 21.386 21.076 20.768 20.459 20.151 19.843 19.535 19.228 18.921 18.614 18.308 18.002 17.696 17.390 17.085 16.780 16.475 16.171 15.867 15.563 15.259 14.956 14.653 14.350 14.048 13.745 13.443 13.142 12.840 12.539 12.238 11.937 11.636 11.336 11.036 10.736 10.436 10.137  9.838  9.539  9.240  8.941  8.642  8.344  8.046  7.748  7.450  7.152  6.855  6.557  6.260  5.963  5.666  5.369  5.072  4.776  4.479  4.183  3.886  3.590  3.294  2.997  2.701  2.405  2.109  1.813  1.518  1.222  0.926  0.630  0.334 
23.003 22.692 22.381 22.071 21.761 21.452 21.142 20.833 20.525 20.216 19.908 19.600 19.292 18.985 18.678 18.371 18.064 17.758 17.452 17.146 16.841 16.535 16.230 15.926 15.621 15.317 15.013 14.709 14.406 14.103 13.799 13.497 13.194 12.892 12.590 12.288 11.986 11.684 11.383 11.082 10.781 10.480 10.180  9.880  9.579  9.279  8.980  8.680  8.381  8.081  7.782  7.483  7.184  6.885  6.587  6.288  5.990  5.691  5.393  5.095  4.797  4.499  4.202  3.904  3.606  3.309  3.011  2.714  2.416  2.119  1.822  1.525  1.227  0.930  0.633  0.336 
23.063 22.752 22.442 22.131 21.821 21.512 21.202 20.893 20.584 20.275 19.967 19.659 19.351 19.043 18.736 18.428 18.121 17.815 17.508 17.202 16.896 16.590 16.285 15.979 15.674 15.370 15.065 14.761 14.456 14.152 13.849 13.545 13.242 12.939 12.636 12.333 12.030 11.728 11.426 11.124 10.822 10.521 10.219  9.918  9.617  9.316  9.015  8.714  8.414  8.113  7.813  7.513  7.213  6.913  6.613  6.314  6.014  5.715  5.415  5.116  4.817  4.518  4.219  3.920  3.621  3.323  3.024  2.725  2.427  2.128  1.829  1.531  1.232  0.934  0.636  0.337 
23.118 22.807 22.497 22.186 21.876 21.566 21.257 20.947 20.638 20.329 20.021 19.712 19.404 19.096 18.788 18.481 18.173 17.866 17.559 17.253 16.946 16.640 16.334 16.028 15.723 15.417 15.112 14.807 14.502 14.198 13.893 13.589 13.285 12.981 12.678 12.374 12.071 11.768 11.465 11.162 10.859 10.557 10.255  9.952  9.650  9.349  9.047  8.745  8.444  8.142  7.841  7.540  7.239  6.938  6.638  6.337  6.036  5.736  5.435  5.135  4.835  4.535  4.235  3.935  3.635  3.335  3.035  2.735  2.436  2.136  1.836  1.537  1.237  0.938  0.638  0.338 
23.168 22.857 22.546 22.236 21.926 21.616 21.306 20.997 20.688 20.378 20.070 19.761 19.452 19.144 18.836 18.528 18.221 17.913 17.606 17.299 16.992 16.685 16.379 16.073 15.767 15.461 15.155 14.850 14.544 14.239 13.934 13.629 13.325 13.020 12.716 12.412 12.108 11.804 11.500 11.197 10.893 10.590 10.287  9.984  9.681  9.378  9.076  8.773  8.471  8.169  7.867  7.565  7.263  6.961  6.660  6.358  6.056  5.755  5.454  5.152  4.851  4.550  4.249  3.948  3.647  3.346  3.046  2.745  2.444  2.143  1.843  1.542  1.241  0.941  0.640  0.340 
23.213 22.902 22.592 22.281 21.971 21.661 21.351 21.042 20.732 20.423 20.114 19.805 19.496 19.188 18.880 18.572 18.264 17.956 17.648 17.341 17.034 16.727 16.420 16.113 15.807 15.500 15.194 14.888 14.582 14.277 13.971 13.666 13.360 13.055 12.750 12.446 12.141 11.837 11.532 11.228 10.924 10.620 10.316 10.013  9.709  9.406  9.102  8.799  8.496  8.193  7.890  7.587  7.285  6.982  6.680  6.377  6.075  5.773  5.470  5.168  4.866  4.564  4.262  3.960  3.659  3.357  3.055  2.753  2.452  2.150  1.848  1.547  1.245  0.944  0.642  0.341 
23.254 22.944 22.633 22.323 22.012 21.702 21.392 21.083 20.773 20.464 20.154 19.845 19.536 19.228 18.919 18.611 18.303 17.995 17.687 17.379 17.071 16.764 16.457 16.150 15.843 15.536 15.230 14.923 14.617 14.311 14.005 13.699 13.393 13.087 12.782 12.477 12.172 11.866 11.562 11.257 10.952 10.647 10.343 10.039  9.734  9.430  9.126  8.822  8.519  8.215  7.911  7.608  7.304  7.001  6.698  6.395  6.091  5.788  5.485  5.182  4.880  4.577  4.274  3.971  3.669  3.366  3.064  2.761  2.459  2.156  1.854  1.551  1.249  0.946  0.644  0.342 
23.292 22.981 22.671 22.360 22.050 21.740 21.430 21.120 20.810 20.501 20.191 19.882 19.573 19.264 18.955 18.647 18.338 18.030 17.722 17.414 17.106 16.798 16.491 16.183 15.876 15.569 15.262 14.955 14.648 14.342 14.035 13.729 13.423 13.117 12.811 12.505 12.199 11.894 11.588 11.283 10.977 10.672 10.367 10.062  9.758  9.453  9.148  8.844  8.539  8.235  7.931  7.626  7.322  7.018  6.714  6.410  6.107  5.803  5.499  5.195  4.892  4.588  4.285  3.981  3.678  3.375  3.071  2.768  2.465  2.162  1.858  1.555  1.252  0.949  0.646  0.343 
23.326 23.015 22.705 22.394 22.084 21.773 21.463 21.153 20.844 20.534 20.225 19.915 19.606 19.297 18.988 18.679 18.370 18.062 17.753 17.445 17.137 16.829 16.521 16.213 15.905 15.598 15.290 14.983 14.675 14.368 14.060 13.753 13.445 13.137 12.829 12.521 12.212 11.902 11.593 11.282 10.970 10.657 10.343 10.027  9.709  9.389  9.066  8.740  8.411  8.078  7.742  7.400  7.053  6.701  6.343  5.978  5.606  5.227  4.840  4.443  4.036  3.617  3.186  2.740  2.278  1.801  1.309  0.805  0.292 -0.305 -0.935 -1.565 -2.195 -2.825 -3.454 -4.080 
23.338 23.027 22.716 22.405 22.094 21.782 21.470 21.158 20.846 20.533 20.220 19.907 19.594 19.280 18.965 18.651 18.335 18.019 17.703 17.386 17.068 16.749 16.430 16.109 15.788 15.466 15.142 14.817 14.491 14.164 13.835 13.504 13.172 12.838 12.502 12.165 11.825 11.483 11.139 10.793 10.445 10.094  9.740  9.385  9.026  8.665  8.302  7.935  7.566  7.195  6.821  6.444  6.064  5.682  5.298  4.911  4.522  4.130  3.737  3.341  2.944  2.545  2.145  1.743  1.340  0.937  0.533  0.128 -0.197 -0.504 -0.810 -1.114 -1.415 -1.714 -2.009 -2.300 
23.229 22.918 22.606 22.293 21.980 21.665 21.350 21.034 20.718 20.400 20.082 19.763 19.443 19.122 18.800 18.477 18.153 17.829 17.503 17.176 16.849 16.520 16.190 15.860 15.528 15.195 14.861 14.526 14.189 13.852 13.513 13.173 12.832 12.490 12.147 11.803 11.457 11.111 10.763 10.415 10.065  9.714  9.363  9.010  8.657  8.303  7.949  7.593  7.237  6.881  6.524  6.167  5.809  5.451  5.093  4.734  4.376  4.018  3.660  3.302  2.944  2.586  2.229  1.872  1.516  1.161  0.806  0.451  0.098 -0.099 -0.186 -0.262 -0.335 -0.402 -0.464 -0.520 
23.036 22.724 22.412 22.099 21.785 21.470 21.154 20.838 20.520 20.202 19.883 19.563 19.242 18.920 18.597 18.274 17.949 17.624 17.298 16.972 16.644 16.316 15.987 15.657 15.327 14.996 14.665 14.332 14.000 13.666 13.332 12.998 12.663 12.328 11.993 11.657 11.322 10.986 10.650 10.313  9.977  9.642  9.306  8.971  8.636  8.301  7.968  7.635  7.302  6.971  6.641  6.312  5.984  5.659  5.335  5.014  4.697  4.383  4.075  3.773  3.478  3.194  2.921  2.663  2.421  2.198  1.997  1.819  1.667  1.540  1.439  1.364  1.311  1.279  1.263  1.260 
22.863 22.552 22.240 21.928 21.615 21.302 20.988 20.674 20.359 20.044 19.728 19.412 19.095 18.778 18.461 18.144 17.826 17.508 17.190 16.873 16.555 16.237 15.920 15.603 15.286 14.969 14.654 14.339 14.024 13.711 13.398 13.087 12.777 12.469 12.162 11.857 11.553 11.252 10.953 10.656 10.362 10.071  9.782  9.497  9.214  8.936  8.661  8.389  8.122  7.859  7.600  7.346  7.097  6.852  6.613  6.379  6.150  5.928  5.710  5.499  5.294  5.095  4.903  4.717  4.538  4.365  4.200  4.041  3.890  3.746  3.609  3.480  3.359  3.245  3.138  3.040 
22.829 22.518 22.207 21.897 21.587 21.278 20.969 20.660 20.351 20.043 19.736 19.428 19.122 18.816 18.510 18.205 17.901 17.598 17.295 16.994 16.693 16.394 16.095 15.798 15.502 15.208 14.915 14.623 14.333 14.045 13.759 13.475 13.192 12.912 12.635 12.359 12.087 11.817 11.549 11.285 11.023 10.765 10.510 10.258 10.010  9.766  9.525  9.288  9.056  8.827  8.603  8.384  8.169  7.959  7.753  7.553  7.358  7.168  6.984  6.805  6.632  6.465  6.304  6.149  6.000  5.858  5.722  5.593  5.471  5.356  5.248  5.147  5.054  4.968  4.890  4.820 
22.985 22.675 22.366 22.057 21.750 21.445 21.140 20.836 20.534 20.232 19.932 19.634 19.336 19.040 18.745 18.452 18.160 17.870 17.581 17.294 17.008 16.725 16.443 16.163 15.885 15.609 15.335 15.063 14.793 14.526 14.261 13.999 13.739 13.482 13.228 12.977 12.729 12.483 12.241 12.003 11.767 11.535 11.307 11.083 10.862 10.645 10.433 10.224 10.020  9.821  9.626  9.435  9.250  9.069  8.893  8.723  8.557  8.398  8.244  8.095  7.952  7.816  7.685  7.560  7.442  7.331  7.226  7.127  7.036  6.952  6.874  6.804  6.742  6.687  6.639  6.600 
23.309 22.999 22.691 22.384 22.080 21.777 21.476 21.177 20.879 20.584 20.290 19.998 19.709 19.421 19.135 18.851 18.570 18.290 18.012 17.737 17.464 17.193 16.925 16.659 16.395 16.134 15.875 15.619 15.365 15.114 14.866 14.620 14.377 14.137 13.900 13.666 13.435 13.207 12.982 12.760 12.540 12.325 12.112 11.902 11.696 11.492 11.292 11.095 10.901 10.710 10.522 10.338 10.156  9.977  9.801  9.628  9.458  9.291  9.126  8.963  8.803  8.645  8.489  8.336  8.184  8.034  7.886  7.739  7.594  7.450  7.307  7.164  7.023  6.881  6.741  6.600 
23.760 23.450 23.142 22.837 22.534 22.233 21.934 21.637 21.343 21.051 20.761 20.473 20.187 19.904 19.623 19.344 19.068 18.794 18.522 18.253 17.985 17.720 17.458 17.198 16.940 16.685 16.432 16.181 15.933 15.687 15.443 15.202 14.964 14.727 14.494 14.262 14.033 13.806 13.582 13.360 13.141 12.923 12.708 12.496 12.285 12.077 11.871 11.667 11.465 11.266 11.068 10.872 10.679 10.487 10.297 10.109  9.922  9.737  9.554  9.372  9.192  9.013  8.835  8.658  8.483  8.308  8.135  7.962  7.790  7.619  7.448  7.278  7.108  6.939  6.769  6.600 
24.262 23.952 23.645 23.340 23.037 22.736 22.438 22.142 21.848 21.556 21.267 20.979 20.694 20.412 20.131 19.853 19.577 19.304 19.032 18.763 18.496 18.231 17.969 17.708 17.450 17.194 16.940 16.688 16.439 16.192 15.946 15.703 15.462 15.223 14.986 14.751 14.518 14.287 14.058 13.831 13.606 13.383 13.161 12.941 12.724 12.508 12.293 12.080 11.869 11.660 11.452 11.245 11.040 10.837 10.634 10.433 10.234 10.035  9.838  9.642  9.446  9.252  9.059  8.866  8.675  8.484  8.293  8.104  7.915  7.726  7.538  7.350  7.162  6.975  6.787  6.600 
24.760 24.450 24.143 23.837 23.534 23.233 22.934 22.637 22.343 22.050 21.760 21.472 21.185 20.902 20.620 20.340 20.062 19.787 19.513 19.242 18.973 18.706 18.440 18.177 17.916 17.657 17.399 17.144 16.891 16.639 16.390 16.142 15.896 15.652 15.410 15.169 14.931 14.694 14.459 14.225 13.993 13.763 13.534 13.306 13.081 12.856 12.633 12.412 12.192 11.973 11.756 11.539 11.324 11.110 10.897 10.686 10.475 10.265 10.056  9.848  9.641  9.435  9.229  9.024  8.820  8.616  8.413  8.211  8.008  7.806  7.605  7.404  7.202  7.002  6.801  6.600 
25.230 24.920 24.612 24.306 24.002 23.700 23.401 23.103 22.807 22.513 22.221 21.932 21.644 21.358 21.074 20.792 20.512 20.234 19.957 19.683 19.411 19.140 18.871 18.605 18.339 18.076 17.815 17.555 17.297 17.041 16.786 16.533 16.282 16.033 15.785 15.538 15.294 15.050 14.808 14.568 14.329 14.092 13.856 13.621 13.388 13.155 12.925 12.695 12.466 12.239 12.013 11.788 11.564 11.340 11.118 10.897 10.677 10.457 10.238 10.020  9.803  9.587  9.371  9.155  8.940  8.726  8.512  8.299  8.085  7.873  7.660  7.448  7.236  7.024  6.812  6.600 
25.662 25.353 25.044 24.738 24.434 24.131 23.830 23.532 23.235 22.939 22.646 22.354 22.064 21.776 21.490 21.206 20.923 20.642 20.363 20.086 19.810 19.536 19.264 18.993 18.724 18.457 18.191 17.927 17.664 17.403 17.144 16.886 16.629 16.374 16.120 15.868 15.618 15.368 15.120 14.874 14.628 14.384 14.141 13.899 13.659 13.419 13.181 12.944 12.708 12.473 12.239 12.005 11.773 11.542 11.311 11.082 10.853 10.624 10.397 10.170  9.944  9.718  9.493  9.269  9.045  8.821  8.598  8.375  8.152  7.930  7.708  7.486  7.264  7.043  6.821  6.600 
26.058 25.748 25.440 25.133 24.828 24.525 24.223 23.923 23.625 23.328 23.033 22.740 22.448 22.158 21.870 21.583 21.298 21.014 20.732 20.452 20.173 19.895 19.620 19.345 19.073 18.801 18.531 18.263 17.996 17.731 17.466 17.204 16.942 16.682 16.423 16.166 15.909 15.654 15.401 15.148 14.897 14.646 14.397 14.149 13.902 13.656 13.411 13.167 12.924 12.682 12.440 12.200 11.960 11.721 11.483 11.246 11.009 10.773 10.538 10.303 10.069  9.835  9.602  9.369  9.137  8.905  8.674  8.442  8.212  7.981  7.750  7.520  7.290  7.060  6.830  6.600 
26.418 26.108 25.799 25.492 25.187 24.883 24.580 24.279 23.980 23.682 23.385 23.090 22.797 22.505 22.215 21.926 21.638 21.352 21.067 20.784 20.502 20.222 19.943 19.665 19.389 19.114 18.840 18.568 18.297 18.027 17.759 17.491 17.225 16.961 16.697 16.435 16.173 15.913 15.654 15.396 15.139 14.883 14.628 14.374 14.121 13.869 13.618 13.368 13.118 12.870 12.622 12.375 12.128 11.883 11.638 11.394 11.150 10.907 10.665 10.423 10.181  9.940  9.700  9.460  9.220  8.981  8.742  8.503  8.265  8.026  7.788  7.551  7.313  7.075  6.838  6.600 
26.744 26.434 26.125 25.818 25.512 25.207 24.904 24.602 24.302 24.003 23.705 23.409 23.113 22.820 22.527 22.236 21.947 21.658 21.371 21.085 20.801 20.518 20.236 19.955 19.675 19.397 19.120 18.844 18.569 18.296 18.023 17.752 17.482 17.213 16.945 16.678 16.412 16.147 15.883 15.620 15.358 15.097 14.837 14.578 14.319 14.062 13.805 13.549 13.294 13.039 12.786 12.533 12.280 12.029 11.778 11.527 11.277 11.028 10.779 10.531 10.283 10.035  9.788  9.542  9.295  9.049  8.803  8.558  8.313  8.068  7.823  7.578  7.333  7.089  6.844  6.600 
27.041 26.731 26.422 26.114 25.807 25.502 25.198 24.895 24.594 24.294 23.995 23.697 23.401 23.105 22.811 22.518 22.227 21.936 21.647 21.359 21.072 20.786 20.501 20.218 19.935 19.654 19.374 19.095 18.816 18.539 18.263 17.988 17.714 17.441 17.169 16.898 16.628 16.359 16.091 15.823 15.557 15.291 15.026 14.762 14.499 14.236 13.974 13.713 13.453 13.193 12.934 12.676 12.418 12.161 11.904 11.648 11.392 11.137 10.883 10.628 10.375 10.121  9.868  9.615  9.363  9.111  8.859  8.607  8.356  8.105  7.854  7.603  7.352  7.101  6.851  6.600 
27.310 26.999 26.690 26.382 26.075 25.769 25.465 25.161 24.859 24.558 24.258 23.959 23.661 23.364 23.068 22.774 22.480 22.188 21.897 21.606 21.317 21.029 20.742 20.456 20.171 19.887 19.604 19.321 19.040 18.760 18.481 18.203 17.925 17.649 17.373 17.098 16.824 16.551 16.279 16.007 15.737 15.467 15.198 14.929 14.661 14.394 14.128 13.862 13.597 13.333 13.069 12.805 12.543 12.280 12.019 11.757 11.497 11.236 10.976 10.717 10.458 10.199  9.940  9.682  9.424  9.167  8.909  8.652  8.395  8.139  7.882  7.625  7.369  7.113  6.856  6.600 
27.553 27.243 26.934 26.625 26.318 26.012 25.707 25.402 25.099 24.797 24.496 24.196 23.897 23.599 23.302 23.006 22.711 22.416 22.123 21.831 21.540 21.250 20.960 20.672 20.384 20.098 19.812 19.527 19.243 18.960 18.678 18.397 18.116 17.836 17.557 17.279 17.002 16.725 16.449 16.174 15.900 15.626 15.353 15.080 14.809 14.538 14.267 13.997 13.728 13.459 13.191 12.923 12.656 12.389 12.122 11.857 11.591 11.326 11.061 10.797 10.533 10.269 10.006  9.743  9.480  9.218  8.955  8.693  8.431  8.169  7.907  7.646  7.384  7.123  6.861  6.600 
27.774 27.464 27.154 26.846 26.538 26.231 25.926 25.621 25.317 25.014 24.712 24.411 24.111 23.812 23.513 23.216 22.919 22.623 22.329 22.035 21.742 21.449 21.158 20.868 20.578 20.289 20.001 19.714 19.427 19.142 18.857 18.573 18.289 18.007 17.725 17.443 17.163 16.883 16.604 16.325 16.048 15.770 15.494 15.218 14.942 14.667 14.393 14.119 13.846 13.573 13.301 13.029 12.758 12.487 12.216 11.946 11.677 11.407 11.138 10.870 10.601 10.333 10.065  9.798  9.531  9.263  8.997  8.730  8.463  8.197  7.931  7.664  7.398  7.132  6.866  6.600 
27.974 27.664 27.354 27.046 26.738 26.431 26.124 25.819 25.515 25.211 24.908 24.606 24.305 24.004 23.705 23.406 23.108 22.811 22.515 22.219 21.925 21.631 21.337 21.045 20.753 20.462 20.172 19.883 19.594 19.306 19.019 18.732 18.446 18.161 17.876 17.592 17.309 17.026 16.744 16.463 16.182 15.901 15.621 15.342 15.063 14.785 14.507 14.230 13.953 13.677 13.401 13.126 12.851 12.576 12.302 12.028 11.754 11.481 11.208 10.936 10.663 10.391 10.119  9.848  9.576  9.305  9.034  8.763  8.493  8.222  7.951  7.681  7.411  7.140  6.870  6.600 
28.156 27.845 27.536 27.227 26.919 26.611 26.304 25.999 25.693 25.389 25.086 24.783 24.481 24.179 23.879 23.579 23.280 22.981 22.684 22.387 22.090 21.795 21.500 21.206 20.912 20.620 20.328 20.036 19.745 19.455 19.166 18.877 18.588 18.301 18.014 17.727 17.441 17.156 16.871 16.587 16.303 16.020 15.737 15.455 15.173 14.892 14.611 14.331 14.051 13.771 13.492 13.213 12.935 12.657 12.379 12.102 11.825 11.548 11.271 10.995 10.719 10.444 10.168  9.893  9.618  9.343  9.068  8.794  8.519  8.245  7.970  7.696  7.422  7.148  6.874  6.600 
28.320 28.010 27.700 27.391 27.083 26.775 26.468 26.161 25.856 25.551 25.247 24.943 24.640 24.338 24.036 23.735 23.435 23.136 22.837 22.538 22.241 21.944 21.647 21.352 21.057 20.762 20.468 20.175 19.882 19.590 19.299 19.008 18.717 18.428 18.138 17.849 17.561 17.273 16.986 16.699 16.413 16.127 15.842 15.557 15.273 14.989 14.705 14.422 14.139 13.856 13.574 13.292 13.011 12.730 12.449 12.169 11.888 11.608 11.329 11.049 10.770 10.491 10.212  9.934  9.655  9.377  9.099  8.821  8.543  8.265  7.988  7.710  7.432  7.155  6.877  6.600 
28.470 28.159 27.849 27.540 27.231 26.923 26.616 26.309 26.003 25.697 25.392 25.088 24.784 24.481 24.179 23.877 23.576 23.275 22.975 22.676 22.377 22.079 21.781 21.484 21.187 20.891 20.596 20.301 20.007 19.713 19.419 19.127 18.834 18.542 18.251 17.960 17.670 17.380 17.091 16.802 16.513 16.225 15.937 15.650 15.363 15.076 14.790 14.504 14.219 13.934 13.649 13.364 13.080 12.796 12.513 12.229 11.946 11.663 11.381 11.098 10.816 10.534 10.252  9.971  9.689  9.408  9.127  8.846  8.565  8.284  8.003  7.722  7.442  7.161  6.881  6.600 
28.605 28.294 27.984 27.675 27.366 27.058 26.750 26.443 26.136 25.830 25.525 25.220 24.915 24.612 24.308 24.006 23.704 23.402 23.101 22.801 22.501 22.201 21.902 21.604 21.306 21.009 20.712 20.415 20.119 19.824 19.529 19.234 18.940 18.647 18.354 18.061 17.769 17.477 17.185 16.894 16.603 16.313 16.023 15.734 15.445 15.156 14.867 14.579 14.291 14.004 13.716 13.429 13.143 12.856 12.570 12.284 11.999 11.713 11.428 11.143 10.858 10.573 10.289 10.004  9.720  9.436  9.152  8.868  8.585  8.301  8.017  7.734  7.450  7.167  6.883  6.600 
28.727 28.417 28.107 27.797 27.488 27.180 26.872 26.564 26.257 25.951 25.645 25.339 25.034 24.730 24.426 24.122 23.819 23.517 23.215 22.914 22.613 22.312 22.012 21.712 21.413 21.115 20.816 20.519 20.221 19.924 19.628 19.332 19.036 18.741 18.446 18.152 17.858 17.564 17.271 16.978 16.685 16.393 16.101 15.810 15.519 15.228 14.937 14.647 14.357 14.067 13.778 13.489 13.200 12.911 12.622 12.334 12.046 11.758 11.471 11.183 10.896 10.609 10.322 10.035  9.748  9.462  9.175  8.889  8.603  8.316  8.030  7.744  7.458  7.172  6.886  6.600 
28.839 28.528 28.218 27.908 27.599 27.290 26.982 26.674 26.367 26.060 25.753 25.447 25.142 24.837 24.532 24.228 23.924 23.621 23.318 23.016 22.714 22.413 22.112 21.811 21.511 21.211 20.912 20.613 20.314 20.016 19.718 19.420 19.123 18.827 18.530 18.234 17.939 17.644 17.349 17.054 16.760 16.466 16.172 15.879 15.586 15.293 15.001 14.708 14.416 14.125 13.833 13.542 13.251 12.960 12.670 12.379 12.089 11.799 11.509 11.220 10.930 10.641 10.352 10.063  9.774  9.485  9.196  8.907  8.619  8.330  8.042  7.753  7.465  7.177  6.888  6.600 
