23.416 23.105 22.794 22.483 22.173 21.862 21.551 21.240 20.929 20.618 20.307 19.996 19.685 19.374 19.064 18.753 18.442 18.131 17.820 17.509 17.198 16.887 16.576 16.265 15.954 15.643 15.332 15.021 14.710 14.399 14.087 13.776 13.465 13.154 12.842 12.531 12.219 11.908 11.596 11.284 10.972 10.660 10.348 10.036  9.724  9.411  9.098  8.785  8.472  8.158  7.845  7.530  7.216  6.901  6.586  6.271  5.955  5.638  5.322  5.004  4.686  4.368  4.049  3.729  3.408  3.087  2.765  2.442  2.119  1.794  1.469  1.143  0.816  0.488  0.160 -0.176 
23.413 23.103 22.792 22.481 22.170 21.859 21.548 21.237 20.925 20.614 20.303 19.992 19.681 19.369 19.058 18.746 18.435 18.123 17.812 17.500 17.188 16.876 16.564 16.252 15.940 15.628 15.316 15.003 14.690 14.378 14.065 13.752 13.438 13.125 12.811 12.497 12.183 11.868 11.554 11.239 10.923 10.607 10.291  9.975  9.658  9.341  9.023  8.705  8.386  8.067  7.747  7.426  7.105  6.784  6.461  6.138  5.814  5.489  5.164  4.838  4.510  4.182  3.853  3.523  3.192  2.860  2.527  2.193  1.858  1.522  1.184  0.845  0.504  0.162 -0.162 -0.451 
23.399 23.088 22.777 22.466 22.155 21.843 21.532 21.220 20.908 20.597 20.285 19.973 19.660 19.348 19.036 18.723 18.410 18.097 17.784 17.471 17.157 16.844 16.530 16.216 15.901 15.587 15.272 14.957 14.642 14.327 14.011 13.695 13.379 13.062 12.745 12.428 12.110 11.792 11.474 11.155 10.836 10.517 10.197  9.877  9.556  9.235  8.913  8.591  8.269  7.945  7.622  7.297  6.972  6.646  6.320  5.992  5.664  5.334  5.004  4.672  4.339  4.004  3.668  3.331  2.991  2.650  2.306  1.961  1.614  1.264  0.913  0.560  0.206 -0.151 -0.438 -0.727 
23.365 23.054 22.743 22.432 22.120 21.808 21.496 21.184 20.872 20.559 20.246 19.933 19.620 19.306 18.992 18.678 18.364 18.050 17.735 17.420 17.105 16.789 16.473 16.157 15.840 15.523 15.206 14.889 14.571 14.252 13.934 13.614 13.295 12.975 12.655 12.334 12.012 11.691 11.368 11.046 10.722 10.399 10.074  9.750  9.424  9.098  8.772  8.445  8.117  7.789  7.460  7.130  6.800  6.470  6.139  5.807  5.474  5.141  4.808  4.474  4.139  3.803  3.467  3.131  2.794  2.456  2.118  1.779  1.440  1.100  0.759  0.418  0.076 -0.247 -0.625 -1.003 
23.310 22.999 22.687 22.376 22.064 21.752 21.439 21.126 20.813 20.500 20.186 19.872 19.558 19.243 18.928 18.613 18.297 17.981 17.664 17.348 17.031 16.713 16.395 16.077 15.758 15.439 15.119 14.799 14.479 14.158 13.837 13.515 13.192 12.869 12.546 12.222 11.897 11.572 11.246 10.919 10.592 10.265  9.936  9.607  9.277  8.947  8.616  8.284  7.951  7.618  7.284  6.949  6.613  6.277  5.940  5.602  5.263  4.924  4.584  4.243  3.902  3.560  3.217  2.874  2.530  2.185  1.840  1.494  1.148  0.802  0.455  0.107 -0.209 -0.565 -0.921 -1.279 
23.233 22.922 22.611 22.299 21.987 21.674 21.361 21.048 20.734 20.420 20.105 19.790 19.475 19.159 18.843 18.526 18.209 17.891 17.573 17.255 16.936 16.617 16.297 15.977 15.656 15.335 15.013 14.691 14.368 14.045 13.721 13.397 13.072 12.747 12.420 12.094 11.766 11.438 11.109 10.780 10.450 10.119  9.787  9.455  9.121  8.787  8.452  8.116  7.779  7.441  7.102  6.763  6.422  6.080  5.737  5.393  5.049  4.703  4.356  4.008  3.660  3.310  2.960  2.608  2.256  1.904  1.550  1.196  0.842  0.487  0.132 -0.181 -0.523 -0.866 -1.210 -1.554 
23.137 22.826 22.515 22.203 21.890 21.577 21.264 20.950 20.635 20.320 20.005 19.689 19.373 19.056 18.738 18.420 18.102 17.783 17.463 17.143 16.823 16.502 16.180 15.858 15.535 15.212 14.888 14.564 14.239 13.913 13.587 13.260 12.933 12.605 12.277 11.947 11.617 11.287 10.956 10.624 10.291  9.958  9.624  9.290  8.954  8.618  8.281  7.943  7.605  7.265  6.924  6.582  6.239  5.895  5.549  5.202  4.853  4.503  4.151  3.797  3.441  3.083  2.723  2.362  1.998  1.633  1.266  0.897  0.528  0.157 -0.167 -0.499 -0.831 -1.164 -1.497 -1.830 
23.023 22.712 22.401 22.088 21.776 21.462 21.148 20.834 20.519 20.203 19.887 19.570 19.253 18.935 18.617 18.298 17.978 17.658 17.337 17.016 16.694 16.371 16.048 15.724 15.399 15.074 14.748 14.421 14.094 13.766 13.438 13.108 12.779 12.448 12.116 11.784 11.452 11.118 10.784 10.449 10.113  9.776  9.439  9.101  8.762  8.423  8.083  7.742  7.400  7.057  6.714  6.370  6.026  5.680  5.334  4.988  4.640  4.292  3.944  3.594  3.244  2.894  2.543  2.191  1.839  1.486  1.132  0.778  0.424  0.069 -0.257 -0.625 -0.995 -1.364 -1.735 -2.106 
22.893 22.581 22.270 21.957 21.644 21.330 21.016 20.701 20.386 20.070 19.753 19.435 19.117 18.799 18.479 18.159 17.839 17.517 17.195 16.873 16.549 16.225 15.901 15.575 15.249 14.922 14.595 14.266 13.937 13.607 13.277 12.945 12.613 12.280 11.946 11.612 11.276 10.940 10.603 10.265  9.926  9.586  9.246  8.904  8.562  8.219  7.874  7.529  7.184  6.837  6.489  6.141  5.791  5.441  5.090  4.738  4.386  4.032  3.678  3.324  2.968  2.612  2.255  1.898  1.540  1.182  0.823  0.463  0.103 -0.220 -0.578 -0.938 -1.298 -1.659 -2.020 -2.381 
22.746 22.435 22.123 21.811 21.497 21.183 20.869 20.553 20.237 19.921 19.603 19.285 18.966 18.647 18.327 18.006 17.684 17.362 17.039 16.715 16.390 16.065 15.739 15.413 15.085 14.757 14.428 14.098 13.768 13.436 13.104 12.771 12.437 12.103 11.767 11.431 11.094 10.756 10.417 10.077  9.736  9.394  9.051  8.708  8.363  8.018  7.672  7.325  6.977  6.629  6.280  5.931  5.582  5.232  4.882  4.532  4.183  3.834  3.485  3.136  2.789  2.442  2.095  1.750  1.405  1.061  0.718  0.375  0.034 -0.179 -0.320 -0.458 -0.595 -0.728 -0.859 -0.986 
22.588 22.277 21.965 21.652 21.339 21.025 20.710 20.395 20.078 19.761 19.444 19.125 18.806 18.487 18.166 17.845 17.524 17.201 16.878 16.554 16.230 15.905 15.579 15.253 14.926 14.599 14.271 13.942 13.613 13.283 12.953 12.623 12.292 11.961 11.629 11.297 10.965 10.632 10.299  9.966  9.633  9.300  8.967  8.634  8.301  7.968  7.636  7.304  6.972  6.640  6.310  5.979  5.650  5.322  4.995  4.669  4.345  4.022  3.701  3.382  3.065  2.750  2.437  2.127  1.819  1.513  1.210  0.908  0.608  0.310  0.013 -0.148 -0.239 -0.325 -0.409 -0.493 
22.443 22.131 21.820 21.507 21.195 20.881 20.567 20.253 19.938 19.622 19.306 18.990 18.673 18.355 18.037 17.719 17.400 17.081 16.761 16.441 16.121 15.800 15.479 15.158 14.836 14.514 14.193 13.870 13.548 13.226 12.903 12.581 12.258 11.936 11.614 11.292 10.970 10.648 10.327 10.005  9.685  9.364  9.044  8.725  8.406  8.088  7.771  7.454  7.138  6.823  6.510  6.197  5.885  5.575  5.265  4.958  4.652  4.347  4.044  3.743  3.444  3.147  2.852  2.559  2.268  1.980  1.693  1.408  1.125  0.844  0.565  0.286  0.009 -0.139 -0.218 -0.291 
22.347 22.036 21.725 21.413 21.101 20.789 20.477 20.164 19.851 19.538 19.224 18.911 18.597 18.283 17.968 17.654 17.339 17.024 16.710 16.395 16.080 15.764 15.449 15.134 14.819 14.504 14.189 13.875 13.560 13.246 12.931 12.617 12.304 11.990 11.677 11.365 11.053 10.741 10.430 10.119  9.809  9.500  9.191  8.883  8.576  8.270  7.964  7.660  7.356  7.053  6.752  6.451  6.152  5.854  5.557  5.261  4.967  4.675  4.384  4.094  3.807  3.522  3.238  2.957  2.678  2.401  2.127  1.854  1.584  1.316  1.050  0.786  0.524  0.263  0.004 -0.130 
22.312 22.001 21.690 21.379 21.068 20.758 20.447 20.136 19.825 19.514 19.203 18.892 18.581 18.270 17.959 17.649 17.338 17.028 16.717 16.407 16.097 15.787 15.478 15.169 14.860 14.551 14.243 13.935 13.627 13.320 13.013 12.707 12.402 12.097 11.792 11.489 11.186 10.884 10.582 10.282  9.982  9.683  9.386  9.089  8.794  8.499  8.206  7.914  7.623  7.334  7.046  6.759  6.474  6.191  5.908  5.628  5.348  5.070  4.794  4.519  4.246  3.974  3.704  3.435  3.167  2.900  2.635  2.371  2.108  1.845  1.584  1.323  1.063  0.804  0.545  0.286 
22.336 22.025 21.714 21.404 21.094 20.784 20.475 20.165 19.856 19.547 19.239 18.930 18.622 18.315 18.007 17.700 17.394 17.087 16.781 16.475 16.170 15.865 15.561 15.257 14.953 14.650 14.348 14.046 13.744 13.443 13.143 12.843 12.544 12.245 11.947 11.650 11.353 11.057 10.762 10.467 10.173  9.880  9.588  9.296  9.005  8.715  8.425  8.137  7.849  7.561  7.275  6.989  6.704  6.420  6.136  5.853  5.571  5.289  5.008  4.728  4.448  4.169  3.891  3.613  3.335  3.058  2.781  2.505  2.229  1.954  1.678  1.403  1.129  0.854  0.579  0.305 
22.407 22.096 21.786 21.476 21.166 20.857 20.548 20.240 19.932 19.624 19.317 19.010 18.704 18.398 18.092 17.787 17.482 17.178 16.874 16.571 16.268 15.965 15.663 15.362 15.060 14.760 14.460 14.160 13.861 13.562 13.264 12.966 12.669 12.372 12.076 11.780 11.485 11.190 10.896 10.602 10.309 10.016  9.724  9.432  9.141  8.851  8.560  8.271  7.982  7.693  7.405  7.117  6.830  6.543  6.256  5.970  5.685  5.399  5.115  4.830  4.546  4.262  3.979  3.695  3.413  3.130  2.848  2.565  2.283  2.002  1.720  1.438  1.157  0.876  0.595  0.313 
22.499 22.188 21.878 21.568 21.259 20.950 20.641 20.333 20.025 19.718 19.411 19.105 18.799 18.494 18.189 17.884 17.580 17.276 16.973 16.670 16.367 16.065 15.764 15.463 15.162 14.862 14.562 14.263 13.964 13.665 13.367 13.069 12.772 12.475 12.179 11.883 11.588 11.292 10.998 10.703 10.410 10.116  9.823  9.530  9.238  8.946  8.655  8.363  8.073  7.782  7.492  7.202  6.913  6.623  6.335  6.046  5.758  5.470  5.182  4.894  4.607  4.320  4.033  3.747  3.460  3.174  2.888  2.602  2.316  2.031  1.745  1.460  1.174  0.889  0.604  0.318 
22.595 22.284 21.974 21.664 21.355 21.046 20.738 20.429 20.122 19.814 19.508 19.201 18.895 18.590 18.284 17.980 17.675 17.372 17.068 16.765 16.462 16.160 15.858 15.557 15.256 14.955 14.655 14.355 14.056 13.757 13.458 13.160 12.862 12.564 12.267 11.970 11.674 11.378 11.082 10.786 10.491 10.197  9.902  9.608  9.315  9.021  8.728  8.435  8.143  7.850  7.558  7.267  6.975  6.684  6.393  6.102  5.812  5.522  5.232  4.942  4.652  4.363  4.073  3.784  3.495  3.206  2.917  2.629  2.340  2.052  1.763  1.475  1.187  0.898  0.610  0.322 
22.688 22.378 22.067 21.757 21.448 21.139 20.830 20.522 20.214 19.907 19.600 19.293 18.987 18.681 18.375 18.070 17.765 17.461 17.157 16.854 16.550 16.248 15.945 15.643 15.341 15.040 14.739 14.439 14.138 13.838 13.539 13.240 12.941 12.642 12.344 12.046 11.749 11.451 11.155 10.858 10.562 10.266  9.970  9.674  9.379  9.084  8.790  8.495  8.201  7.907  7.614  7.320  7.027  6.734  6.441  6.148  5.856  5.564  5.272  4.980  4.688  4.397  4.105  3.814  3.523  3.232  2.941  2.650  2.359  2.068  1.777  1.487  1.196  0.906  0.615  0.325 
22.775 22.464 22.154 21.844 21.535 21.225 20.917 20.608 20.300 19.992 19.685 19.378 19.071 18.765 18.459 18.154 17.848 17.544 17.239 16.935 16.631 16.328 16.025 15.722 15.420 15.117 14.816 14.514 14.213 13.912 13.612 13.312 13.012 12.712 12.413 12.114 11.816 11.517 11.219 10.921 10.624 10.326 10.029  9.732  9.436  9.140  8.843  8.548  8.252  7.957  7.661  7.366  7.071  6.777  6.482  6.188  5.894  5.600  5.306  5.013  4.719  4.426  4.132  3.839  3.546  3.253  2.960  2.668  2.375  2.082  1.790  1.497  1.205  0.912  0.620  0.327 
22.855 22.544 22.234 21.924 21.614 21.305 20.996 20.687 20.379 20.071 19.763 19.456 19.149 18.842 18.536 18.230 17.924 17.619 17.314 17.009 16.705 16.401 16.097 15.794 15.491 15.188 14.885 14.583 14.281 13.979 13.678 13.377 13.076 12.776 12.475 12.175 11.876 11.576 11.277 10.978 10.679 10.381 10.082  9.784  9.487  9.189  8.891  8.594  8.297  8.000  7.704  7.407  7.111  6.815  6.519  6.223  5.928  5.632  5.337  5.041  4.746  4.451  4.156  3.862  3.567  3.272  2.978  2.683  2.389  2.095  1.800  1.506  1.212  0.918  0.624  0.329 
22.928 22.618 22.307 21.997 21.687 21.378 21.069 20.760 20.451 20.143 19.835 19.527 19.220 18.913 18.606 18.300 17.994 17.688 17.383 17.077 16.772 16.468 16.163 15.859 15.555 15.252 14.949 14.646 14.343 14.040 13.738 13.436 13.135 12.833 12.532 12.231 11.930 11.630 11.329 11.029 10.729 10.430 10.130  9.831  9.532  9.233  8.935  8.636  8.338  8.040  7.742  7.444  7.147  6.849  6.552  6.255  5.958  5.661  5.364  5.067  4.771  4.474  4.178  3.882  3.585  3.289  2.993  2.697  2.401  2.106  1.810  1.514  1.218  0.923  0.627  0.331 
22.995 22.684 22.374 22.064 21.754 21.444 21.135 20.826 20.517 20.209 19.900 19.593 19.285 18.978 18.670 18.364 18.057 17.751 17.445 17.139 16.834 16.528 16.223 15.919 15.614 15.310 15.006 14.702 14.399 14.096 13.793 13.490 13.187 12.885 12.583 12.281 11.980 11.678 11.377 11.076 10.775 10.474 10.174  9.874  9.574  9.274  8.974  8.674  8.375  8.076  7.777  7.478  7.179  6.880  6.582  6.283  5.985  5.687  5.389  5.091  4.793  4.495  4.197  3.900  3.602  3.305  3.007  2.710  2.413  2.116  1.818  1.521  1.224  0.927  0.630  0.333 
23.056 22.745 22.435 22.124 21.814 21.505 21.195 20.886 20.577 20.268 19.960 19.652 19.344 19.036 18.729 18.422 18.115 17.808 17.501 17.195 16.889 16.584 16.278 15.973 15.668 15.363 15.058 14.754 14.450 14.146 13.842 13.539 13.236 12.932 12.630 12.327 12.024 11.722 11.420 11.118 10.816 10.515 10.213  9.912  9.611  9.310  9.009  8.709  8.408  8.108  7.808  7.508  7.208  6.908  6.609  6.309  6.010  5.710  5.411  5.112  4.813  4.514  4.215  3.916  3.617  3.319  3.020  2.722  2.423  2.125  1.826  1.528  1.229  0.931  0.633  0.334 
23.111 22.800 22.490 22.180 21.869 21.560 21.250 20.941 20.632 20.323 20.014 19.706 19.397 19.089 18.782 18.474 18.167 17.860 17.553 17.246 16.940 16.634 16.328 16.022 15.716 15.411 15.106 14.801 14.496 14.192 13.887 13.583 13.279 12.975 12.672 12.368 12.065 11.762 11.459 11.156 10.854 10.551 10.249  9.947  9.645  9.343  9.042  8.740  8.439  8.138  7.836  7.535  7.234  6.934  6.633  6.332  6.032  5.732  5.431  5.131  4.831  4.531  4.231  3.931  3.631  3.331  3.032  2.732  2.432  2.133  1.833  1.534  1.234  0.935  0.635  0.336 
23.161 22.851 22.540 22.230 21.920 21.610 21.300 20.990 20.681 20.372 20.063 19.755 19.446 19.138 18.830 18.522 18.214 17.907 17.600 17.293 16.986 16.679 16.373 16.067 15.761 15.455 15.149 14.844 14.538 14.233 13.928 13.624 13.319 13.015 12.710 12.406 12.102 11.798 11.495 11.191 10.888 10.585 10.282  9.979  9.676  9.374  9.071  8.769  8.466  8.164  7.862  7.560  7.259  6.957  6.655  6.354  6.052  5.751  5.450  5.149  4.847  4.546  4.245  3.945  3.644  3.343  3.042  2.741  2.441  2.140  1.840  1.539  1.239  0.938  0.637  0.337 
23.207 22.896 22.586 22.275 21.965 21.655 21.345 21.036 20.726 20.417 20.108 19.799 19.491 19.182 18.874 18.566 18.258 17.950 17.642 17.335 17.028 16.721 16.414 16.107 15.801 15.495 15.189 14.883 14.577 14.271 13.966 13.660 13.355 13.050 12.745 12.441 12.136 11.832 11.527 11.223 10.919 10.615 10.311 10.008  9.704  9.401  9.098  8.795  8.492  8.189  7.886  7.583  7.280  6.978  6.675  6.373  6.071  5.769  5.466  5.164  4.862  4.560  4.259  3.957  3.655  3.353  3.052  2.750  2.448  2.147  1.845  1.544  1.242  0.941  0.640  0.338 
23.249 22.938 22.627 22.317 22.007 21.697 21.387 21.077 20.767 20.458 20.149 19.840 19.531 19.222 18.914 18.605 18.297 17.989 17.681 17.374 17.066 16.759 16.451 16.144 15.838 15.531 15.224 14.918 14.612 14.305 13.999 13.694 13.388 13.082 12.777 12.472 12.167 11.862 11.557 11.252 10.947 10.643 10.338 10.034  9.730  9.426  9.122  8.818  8.514  8.211  7.907  7.604  7.300  6.997  6.694  6.391  6.088  5.785  5.482  5.179  4.876  4.573  4.271  3.968  3.665  3.363  3.060  2.758  2.455  2.153  1.851  1.548  1.246  0.944  0.641  0.339 
23.287 22.976 22.665 22.355 22.044 21.734 21.424 21.114 20.805 20.495 20.186 19.877 19.567 19.259 18.950 18.641 18.333 18.025 17.716 17.408 17.101 16.793 16.485 16.178 15.871 15.564 15.257 14.950 14.643 14.337 14.030 13.724 13.418 13.112 12.806 12.500 12.194 11.889 11.583 11.278 10.973 10.668 10.363 10.058  9.753  9.449  9.144  8.839  8.535  8.231  7.927  7.622  7.318  7.014  6.710  6.407  6.103  5.799  5.496  5.192  4.888  4.585  4.282  3.978  3.675  3.371  3.068  2.765  2.462  2.159  1.855  1.552  1.249  0.946  0.643  0.340 
23.321 23.010 22.699 22.389 22.079 21.768 21.458 21.148 20.839 20.529 20.219 19.910 19.601 19.292 18.983 18.674 18.365 18.057 17.748 17.440 17.132 16.824 16.516 16.209 15.901 15.594 15.286 14.979 14.672 14.365 14.058 13.752 13.445 13.139 12.832 12.526 12.220 11.914 11.608 11.302 10.996 10.691 10.385 10.080  9.774  9.469  9.164  8.859  8.554  8.249  7.944  7.639  7.335  7.030  6.726  6.421  6.117  5.812  5.508  5.204  4.900  4.596  4.291  3.987  3.683  3.379  3.075  2.771  2.468  2.164  1.860  1.556  1.252  0.948  0.645  0.341 
23.352 23.041 22.731 22.420 22.110 21.799 21.489 21.179 20.869 20.560 20.250 19.940 19.631 19.322 19.013 18.704 18.395 18.086 17.778 17.469 17.161 16.853 16.544 16.236 15.929 15.621 15.313 15.006 14.698 14.391 14.084 13.777 13.470 13.163 12.856 12.549 12.243 11.936 11.630 11.324 11.018 10.711 10.405 10.099  9.794  9.488  9.182  8.877  8.571  8.266  7.960  7.655  7.350  7.045  6.739  6.434  6.129  5.824  5.520  5.215  4.910  4.605  4.300  3.996  3.691  3.386  3.082  2.777  2.473  2.168  1.864  1.559  1.255  0.950  0.646  0.342 
23.381 23.070 22.759 22.448 22.138 21.828 21.517 21.207 20.897 20.588 20.278 19.968 19.659 19.349 19.040 18.731 18.422 18.113 17.804 17.495 17.187 16.878 16.570 16.262 15.954 15.646 15.338 15.030 14.722 14.414 14.107 13.799 13.492 13.185 12.878 12.571 12.264 11.957 11.650 11.343 11.037 10.730 10.424 10.117  9.811  9.505  9.199  8.893  8.587  8.281  7.975  7.669  7.363  7.058  6.752  6.446  6.141  5.835  5.530  5.225  4.919  4.614  4.309  4.003  3.698  3.393  3.088  2.783  2.478  2.172  1.867  1.562  1.257  0.952  0.647  0.342 
23.406 23.096 22.785 22.474 22.164 21.853 21.543 21.233 20.923 20.613 20.303 19.993 19.684 19.374 19.065 18.755 18.446 18.137 17.828 17.519 17.210 16.902 16.593 16.285 15.976 15.668 15.360 15.052 14.744 14.436 14.128 13.820 13.513 13.205 12.898 12.590 12.283 11.976 11.668 11.361 11.054 10.747 10.441 10.134  9.827  9.520  9.214  8.907  8.601  8.294  7.988  7.682  7.376  7.069  6.763  6.457  6.151  5.845  5.539  5.233  4.928  4.622  4.316  4.010  3.705  3.399  3.093  2.788  2.482  2.176  1.871  1.565  1.260  0.954  0.648  0.343 
23.430 23.119 22.808 22.498 22.187 21.877 21.566 21.256 20.946 20.636 20.326 20.016 19.706 19.397 19.087 18.778 18.468 18.159 17.850 17.541 17.232 16.923 16.614 16.306 15.997 15.688 15.380 15.072 14.763 14.455 14.147 13.839 13.531 13.223 12.915 12.608 12.300 11.993 11.685 11.378 11.070 10.763 10.456 10.149  9.842  9.534  9.228  8.921  8.614  8.307  8.000  7.694  7.387  7.080  6.774  6.467  6.161  5.854  5.548  5.242  4.935  4.629  4.323  4.017  3.710  3.404  3.098  2.792  2.486  2.180  1.874  1.568  1.262  0.955  0.649  0.343 
23.451 23.140 22.830 22.519 22.208 21.898 21.588 21.277 20.967 20.657 20.347 20.037 19.727 19.417 19.108 18.798 18.489 18.179 17.870 17.561 17.252 16.942 16.634 16.325 16.016 15.707 15.398 15.090 14.781 14.473 14.164 13.856 13.548 13.240 12.932 12.624 12.316 12.008 11.700 11.392 11.085 10.777 10.470 10.162  9.855  9.547  9.240  8.933  8.625  8.318  8.011  7.704  7.397  7.090  6.783  6.476  6.169  5.863  5.556  5.249  4.942  4.636  4.329  4.022  3.716  3.409  3.102  2.796  2.489  2.183  1.876  1.570  1.263  0.957  0.650  0.344 
23.471 23.160 22.849 22.538 22.228 21.917 21.607 21.297 20.986 20.676 20.366 20.056 19.746 19.436 19.126 18.817 18.507 18.198 17.888 17.579 17.269 16.960 16.651 16.342 16.033 15.724 15.415 15.106 14.798 14.489 14.180 13.872 13.563 13.255 12.947 12.638 12.330 12.022 11.714 11.406 11.098 10.790 10.482 10.174  9.867  9.559  9.251  8.944  8.636  8.329  8.021  7.714  7.406  7.099  6.792  6.484  6.177  5.870  5.563  5.256  4.949  4.642  4.334  4.027  3.720  3.413  3.106  2.800  2.493  2.186  1.879  1.572  1.265  0.958  0.651  0.344 
23.488 23.177 22.867 22.556 22.245 21.935 21.624 21.314 21.004 20.693 20.383 20.073 19.763 19.453 19.143 18.833 18.524 18.214 17.905 17.595 17.286 16.976 16.667 16.358 16.048 15.739 15.430 15.121 14.812 14.503 14.195 13.886 13.577 13.269 12.960 12.652 12.343 12.035 11.726 11.418 11.110 10.802 10.494 10.186  9.877  9.570  9.262  8.954  8.646  8.338  8.030  7.722  7.415  7.107  6.800  6.492  6.184  5.877  5.569  5.262  4.954  4.647  4.340  4.032  3.725  3.417  3.110  2.803  2.496  2.188  1.881  1.574  1.266  0.959  0.652  0.345 
23.504 23.194 22.883 22.572 22.261 21.951 21.640 21.330 21.020 20.709 20.399 20.089 19.779 19.469 19.159 18.849 18.539 18.229 17.919 17.610 17.300 16.991 16.681 16.372 16.063 15.753 15.444 15.135 14.826 14.517 14.208 13.899 13.590 13.281 12.972 12.664 12.355 12.046 11.738 11.429 11.121 10.812 10.504 10.196  9.887  9.579  9.271  8.963  8.655  8.347  8.038  7.730  7.422  7.115  6.807  6.499  6.191  5.883  5.575  5.267  4.960  4.652  4.344  4.036  3.729  3.421  3.113  2.806  2.498  2.191  1.883  1.575  1.268  0.960  0.653  0.345 
23.519 23.208 22.897 22.587 22.276 21.965 21.655 21.344 21.034 20.724 20.413 20.103 19.793 19.483 19.173 18.863 18.553 18.243 17.933 17.623 17.314 17.004 16.694 16.385 16.075 15.766 15.457 15.147 14.838 14.529 14.220 13.911 13.601 13.292 12.983 12.675 12.366 12.057 11.748 11.439 11.131 10.822 10.513 10.205  9.896  9.588  9.279  8.971  8.663  8.354  8.046  7.738  7.429  7.121  6.813  6.505  6.197  5.889  5.581  5.272  4.964  4.656  4.348  4.040  3.732  3.424  3.117  2.809  2.501  2.193  1.885  1.577  1.269  0.961  0.653  0.345 
23.532 23.221 22.911 22.600 22.289 21.979 21.668 21.357 21.047 20.737 20.426 20.116 19.806 19.496 19.185 18.875 18.565 18.255 17.945 17.636 17.326 17.016 16.706 16.397 16.087 15.777 15.468 15.159 14.849 14.540 14.230 13.921 13.612 13.303 12.994 12.685 12.375 12.066 11.757 11.449 11.140 10.831 10.522 10.213  9.905  9.596  9.287  8.978  8.670  8.361  8.053  7.744  7.436  7.127  6.819  6.510  6.202  5.894  5.585  5.277  4.969  4.660  4.352  4.044  3.736  3.427  3.119  2.811  2.503  2.195  1.887  1.578  1.270  0.962  0.654  0.346 
23.544 23.233 22.923 22.612 22.301 21.991 21.680 21.369 21.059 20.748 20.438 20.128 19.817 19.507 19.197 18.887 18.577 18.267 17.957 17.647 17.337 17.027 16.717 16.407 16.098 15.788 15.478 15.169 14.859 14.550 14.240 13.931 13.621 13.312 13.003 12.694 12.384 12.075 11.766 11.457 11.148 10.839 10.530 10.221  9.912  9.603  9.294  8.985  8.676  8.368  8.059  7.750  7.442  7.133  6.824  6.516  6.207  5.898  5.590  5.281  4.973  4.664  4.356  4.047  3.739  3.430  3.122  2.813  2.505  2.196  1.888  1.580  1.271  0.963  0.654  0.346 
23.555 23.244 22.934 22.623 22.312 22.001 21.691 21.380 21.070 20.759 20.449 20.138 19.828 19.518 19.207 18.897 18.587 18.277 17.967 17.657 17.347 17.037 16.727 16.417 16.107 15.797 15.488 15.178 14.868 14.559 14.249 13.940 13.630 13.321 13.011 12.702 12.392 12.083 11.774 11.465 11.155 10.846 10.537 10.228  9.919  9.610  9.301  8.991  8.682  8.374  8.065  7.756  7.447  7.138  6.829  6.520  6.211  5.903  5.594  5.285  4.976  4.667  4.359  4.050  3.741  3.433  3.124  2.815  2.507  2.198  1.889  1.581  1.272  0.964  0.655  0.346 
23.565 23.254 22.944 22.633 22.322 22.011 21.701 21.390 21.080 20.769 20.459 20.148 19.838 19.527 19.217 18.907 18.597 18.286 17.976 17.666 17.356 17.046 16.736 16.426 16.116 15.806 15.496 15.187 14.877 14.567 14.257 13.948 13.638 13.328 13.019 12.709 12.400 12.090 11.781 11.471 11.162 10.853 10.543 10.234  9.925  9.616  9.306  8.997  8.688  8.379  8.070  7.761  7.451  7.142  6.833  6.524  6.215  5.906  5.597  5.288  4.979  4.671  4.362  4.053  3.744  3.435  3.126  2.817  2.508  2.200  1.891  1.582  1.273  0.964  0.655  0.347 
23.574 23.263 22.953 22.642 22.331 22.020 21.710 21.399 21.088 20.778 20.467 20.157 19.846 19.536 19.226 18.915 18.605 18.295 17.985 17.674 17.364 17.054 16.744 16.434 16.124 15.814 15.504 15.194 14.884 14.574 14.265 13.955 13.645 13.335 13.026 12.716 12.406 12.097 11.787 11.478 11.168 10.859 10.549 10.240  9.930  9.621  9.312  9.002  8.693  8.384  8.074  7.765  7.456  7.147  6.837  6.528  6.219  5.910  5.601  5.292  4.982  4.673  4.364  4.055  3.746  3.437  3.128  2.819  2.510  2.201  1.892  1.583  1.274  0.965  0.656  0.347 
23.583 23.272 22.961 22.650 22.339 22.029 21.718 21.407 21.097 20.786 20.475 20.165 19.854 19.544 19.234 18.923 18.613 18.303 17.992 17.682 17.372 17.062 16.751 16.441 16.131 15.821 15.511 15.201 14.891 14.581 14.271 13.961 13.652 13.342 13.032 12.722 12.412 12.103 11.793 11.483 11.174 10.864 10.555 10.245  9.935  9.626  9.316  9.007  8.697  8.388  8.079  7.769  7.460  7.150  6.841  6.532  6.222  5.913  5.604  5.294  4.985  4.676  4.367  4.057  3.748  3.439  3.130  2.820  2.511  2.202  1.893  1.584  1.274  0.965  0.656  0.347 
23.590 23.279 22.968 22.657 22.347 22.036 21.725 21.415 21.104 20.793 20.483 20.172 19.862 19.551 19.241 18.930 18.620 18.310 17.999 17.689 17.379 17.068 16.758 16.448 16.138 15.828 15.518 15.208 14.897 14.587 14.277 13.967 13.658 13.348 13.038 12.728 12.418 12.108 11.798 11.489 11.179 10.869 10.559 10.250  9.940  9.630  9.321  9.011  8.702  8.392  8.082  7.773  7.463  7.154  6.844  6.535  6.225  5.916  5.606  5.297  4.988  4.678  4.369  4.059  3.750  3.441  3.131  2.822  2.512  2.203  1.894  1.584  1.275  0.966  0.656  0.347 
23.597 23.286 22.975 22.664 22.354 22.043 21.732 21.421 21.111 20.800 20.489 20.179 19.868 19.558 19.247 18.937 18.626 18.316 18.006 17.695 17.385 17.075 16.764 16.454 16.144 15.834 15.523 15.213 14.903 14.593 14.283 13.973 13.663 13.353 13.043 12.733 12.423 12.113 11.803 11.493 11.183 10.874 10.564 10.254  9.944  9.634  9.325  9.015  8.705  8.396  8.086  7.776  7.467  7.157  6.847  6.538  6.228  5.918  5.609  5.299  4.990  4.680  4.371  4.061  3.752  3.442  3.133  2.823  2.514  2.204  1.895  1.585  1.276  0.966  0.657  0.347 
23.603 23.292 22.981 22.670 22.360 22.049 21.738 21.427 21.117 20.806 20.495 20.185 19.874 19.564 19.253 18.943 18.632 18.322 18.011 17.701 17.391 17.080 16.770 16.460 16.149 15.839 15.529 15.219 14.908 14.598 14.288 13.978 13.668 13.358 13.048 12.738 12.428 12.118 11.808 11.498 11.188 10.878 10.568 10.258  9.948  9.638  9.328  9.018  8.709  8.399  8.089  7.779  7.469  7.160  6.850  6.540  6.231  5.921  5.611  5.301  4.992  4.682  4.372  4.063  3.753  3.443  3.134  2.824  2.515  2.205  1.895  1.586  1.276  0.967  0.657  0.347 
23.609 23.298 22.987 22.676 22.365 22.054 21.744 21.433 21.122 20.812 20.501 20.190 19.880 19.569 19.259 18.948 18.638 18.327 18.017 17.706 17.396 17.085 16.775 16.465 16.154 15.844 15.534 15.223 14.913 14.603 14.293 13.982 13.672 13.362 13.052 12.742 12.432 12.122 11.812 11.501 11.191 10.881 10.571 10.261  9.951  9.642  9.332  9.022  8.712  8.402  8.092  7.782  7.472  7.162  6.852  6.543  6.233  5.923  5.613  5.303  4.994  4.684  4.374  4.064  3.755  3.445  3.135  2.825  2.516  2.206  1.896  1.586  1.277  0.967  0.657  0.347 
23.614 23.303 22.992 22.681 22.370 22.060 21.749 21.438 21.127 20.817 20.506 20.195 19.885 19.574 19.263 18.953 18.642 18.332 18.021 17.711 17.400 17.090 16.780 16.469 16.159 15.848 15.538 15.228 14.917 14.607 14.297 13.987 13.676 13.366 13.056 12.746 12.435 12.125 11.815 11.505 11.195 10.885 10.575 10.265  9.955  9.645  9.335  9.025  8.715  8.405  8.095  7.785  7.475  7.165  6.855  6.545  6.235  5.925  5.615  5.305  4.995  4.685  4.376  4.066  3.756  3.446  3.136  2.826  2.516  2.207  1.897  1.587  1.277  0.967  0.657  0.348 
23.618 23.307 22.997 22.686 22.375 22.064 21.753 21.443 21.132 20.821 20.511 20.200 19.889 19.579 19.268 18.957 18.647 18.336 18.026 17.715 17.405 17.094 16.784 16.473 16.163 15.852 15.542 15.232 14.921 14.611 14.301 13.990 13.680 13.370 13.059 12.749 12.439 12.129 11.818 11.508 11.198 10.888 10.578 10.268  9.957  9.647  9.337  9.027  8.717  8.407  8.097  7.787  7.477  7.167  6.857  6.547  6.237  5.927  5.617  5.307  4.997  4.687  4.377  4.067  3.757  3.447  3.137  2.827  2.517  2.207  1.897  1.587  1.277  0.967  0.658  0.348 
23.623 23.312 23.001 22.690 22.379 22.068 21.758 21.447 21.136 20.825 20.515 20.204 19.893 19.583 19.272 18.961 18.651 18.340 18.030 17.719 17.408 17.098 16.787 16.477 16.167 15.856 15.546 15.235 14.925 14.614 14.304 13.994 13.683 13.373 13.063 12.752 12.442 12.132 11.821 11.511 11.201 10.891 10.580 10.270  9.960  9.650  9.340  9.030  8.719  8.409  8.099  7.789  7.479  7.169  6.859  6.549  6.238  5.928  5.618  5.308  4.998  4.688  4.378  4.068  3.758  3.448  3.138  2.828  2.518  2.208  1.898  1.588  1.278  0.968  0.658  0.348 
23.626 23.316 23.005 22.694 22.383 22.072 21.761 21.451 21.140 20.829 20.518 20.208 19.897 19.586 19.276 18.965 18.654 18.344 18.033 17.723 17.412 17.101 16.791 16.480 16.170 15.859 15.549 15.238 14.928 14.618 14.307 13.997 13.686 13.376 13.066 12.755 12.445 12.134 11.824 11.514 11.204 10.893 10.583 10.273  9.962  9.652  9.342  9.032  8.721  8.411  8.101  7.791  7.481  7.170  6.860  6.550  6.240  5.930  5.620  5.310  4.999  4.689  4.379  4.069  3.759  3.449  3.139  2.829  2.518  2.208  1.898  1.588  1.278  0.968  0.658  0.348 
23.630 23.319 23.008 22.697 22.386 22.076 21.765 21.454 21.143 20.833 20.522 20.211 19.900 19.590 19.279 18.968 18.658 18.347 18.036 17.726 17.415 17.105 16.794 16.483 16.173 15.862 15.552 15.241 14.931 14.620 14.310 13.999 13.689 13.379 13.068 12.758 12.447 12.137 11.827 11.516 11.206 10.896 10.585 10.275  9.965  9.654  9.344  9.034  8.723  8.413  8.103  7.793  7.482  7.172  6.862  6.552  6.241  5.931  5.621  5.311  5.000  4.690  4.380  4.070  3.760  3.450  3.139  2.829  2.519  2.209  1.899  1.589  1.278  0.968  0.658  0.348 
23.633 23.322 23.011 22.700 22.390 22.079 21.768 21.457 21.146 20.836 20.525 20.214 19.903 19.593 19.282 18.971 18.661 18.350 18.039 17.729 17.418 17.107 16.797 16.486 16.176 15.865 15.555 15.244 14.934 14.623 14.313 14.002 13.692 13.381 13.071 12.760 12.450 12.139 11.829 11.518 11.208 10.898 10.587 10.277  9.966  9.656  9.346  9.035  8.725  8.415  8.104  7.794  7.484  7.173  6.863  6.553  6.243  5.932  5.622  5.312  5.002  4.691  4.381  4.071  3.760  3.450  3.140  2.830  2.520  2.209  1.899  1.589  1.279  0.968  0.658  0.348 
23.636 23.325 23.014 22.703 22.393 22.082 21.771 21.460 21.149 20.839 20.528 20.217 19.906 19.596 19.285 18.974 18.663 18.353 18.042 17.731 17.421 17.110 16.799 16.489 16.178 15.868 15.557 15.247 14.936 14.625 14.315 14.004 13.694 13.383 13.073 12.762 12.452 12.141 11.831 11.520 11.210 10.900 10.589 10.279  9.968  9.658  9.347  9.037  8.727  8.416  8.106  7.796  7.485  7.175  6.864  6.554  6.244  5.933  5.623  5.313  5.002  4.692  4.382  4.072  3.761  3.451  3.141  2.830  2.520  2.210  1.899  1.589  1.279  0.969  0.658  0.348 
23.639 23.328 23.017 22.706 22.395 22.084 21.773 21.463 21.152 20.841 20.530 20.220 19.909 19.598 19.287 18.977 18.666 18.355 18.044 17.734 17.423 17.112 16.802 16.491 16.181 15.870 15.559 15.249 14.938 14.628 14.317 14.006 13.696 13.385 13.075 12.764 12.454 12.143 11.833 11.522 11.212 10.901 10.591 10.280  9.970  9.659  9.349  9.039  8.728  8.418  8.107  7.797  7.486  7.176  6.866  6.555  6.245  5.934  5.624  5.314  5.003  4.693  4.383  4.072  3.762  3.451  3.141  2.831  2.520  2.210  1.900  1.589  1.279  0.969  0.658  0.348 
23.641 23.330 23.019 22.708 22.397 22.087 21.776 21.465 21.154 20.843 20.533 20.222 19.911 19.600 19.290 18.979 18.668 18.357 18.047 17.736 17.425 17.115 16.804 16.493 16.183 15.872 15.561 15.251 14.940 14.630 14.319 14.008 13.698 13.387 13.077 12.766 12.455 12.145 11.834 11.524 11.213 10.903 10.592 10.282  9.971  9.661  9.350  9.040  8.729  8.419  8.108  7.798  7.488  7.177  6.867  6.556  6.246  5.935  5.625  5.314  5.004  4.694  4.383  4.073  3.762  3.452  3.142  2.831  2.521  2.210  1.900  1.590  1.279  0.969  0.658  0.348 
23.643 23.332 23.021 22.710 22.400 22.089 21.778 21.467 21.156 20.846 20.535 20.224 19.913 19.602 19.292 18.981 18.670 18.359 18.049 17.738 17.427 17.117 16.806 16.495 16.185 15.874 15.563 15.253 14.942 14.631 14.321 14.010 13.699 13.389 13.078 12.768 12.457 12.146 11.836 11.525 11.215 10.904 10.594 10.283  9.973  9.662  9.352  9.041  8.731  8.420  8.110  7.799  7.489  7.178  6.868  6.557  6.247  5.936  5.626  5.315  5.005  4.694  4.384  4.073  3.763  3.452  3.142  2.832  2.521  2.211  1.900  1.590  1.279  0.969  0.658  0.348 
23.645 23.334 23.023 22.712 22.402 22.091 21.780 21.469 21.158 20.847 20.537 20.226 19.915 19.604 19.294 18.983 18.672 18.361 18.051 17.740 17.429 17.118 16.808 16.497 16.186 15.876 15.565 15.254 14.944 14.633 14.322 14.012 13.701 13.390 13.080 12.769 12.458 12.148 11.837 11.527 11.216 10.906 10.595 10.284  9.974  9.663  9.353  9.042  8.732  8.421  8.111  7.800  7.489  7.179  6.868  6.558  6.247  5.937  5.626  5.316  5.005  4.695  4.384  4.074  3.763  3.453  3.142  2.832  2.521  2.211  1.900  1.590  1.280  0.969  0.659  0.348 
23.647 23.336 23.025 22.714 22.403 22.093 21.782 21.471 21.160 20.849 20.538 20.228 19.917 19.606 19.295 18.984 18.674 18.363 18.052 17.741 17.431 17.120 16.809 16.499 16.188 15.877 15.566 15.256 14.945 14.634 14.324 14.013 13.702 13.392 13.081 12.770 12.460 12.149 11.839 11.528 11.217 10.907 10.596 10.286  9.975  9.664  9.354  9.043  8.733  8.422  8.111  7.801  7.490  7.180  6.869  6.559  6.248  5.938  5.627  5.316  5.006  4.695  4.385  4.074  3.764  3.453  3.143  2.832  2.522  2.211  1.901  1.590  1.280  0.969  0.659  0.348 
23.648 23.338 23.027 22.716 22.405 22.094 21.783 21.472 21.162 20.851 20.540 20.229 19.918 19.608 19.297 18.986 18.675 18.364 18.054 17.743 17.432 17.121 16.811 16.500 16.189 15.879 15.568 15.257 14.946 14.636 14.325 14.014 13.704 13.393 13.082 12.772 12.461 12.150 11.840 11.529 11.218 10.908 10.597 10.287  9.976  9.665  9.355  9.044  8.733  8.423  8.112  7.802  7.491  7.180  6.870  6.559  6.249  5.938  5.628  5.317  5.006  4.696  4.385  4.075  3.764  3.454  3.143  2.833  2.522  2.211  1.901  1.590  1.280  0.969  0.659  0.348 
23.650 23.339 23.028 22.717 22.406 22.096 21.785 21.474 21.163 20.852 20.541 20.231 19.920 19.609 19.298 18.987 18.677 18.366 18.055 17.744 17.434 17.123 16.812 16.501 16.191 15.880 15.569 15.258 14.948 14.637 14.326 14.016 13.705 13.394 13.083 12.773 12.462 12.151 11.841 11.530 11.219 10.909 10.598 10.287  9.977  9.666  9.356  9.045  8.734  8.424  8.113  7.802  7.492  7.181  6.871  6.560  6.249  5.939  5.628  5.318  5.007  4.696  4.386  4.075  3.765  3.454  3.143  2.833  2.522  2.212  1.901  1.590  1.280  0.969  0.659  0.348 
23.651 23.340 23.029 22.719 22.408 22.097 21.786 21.475 21.164 20.854 20.543 20.232 19.921 19.610 19.299 18.989 18.678 18.367 18.056 17.746 17.435 17.124 16.813 16.502 16.192 15.881 15.570 15.259 14.949 14.638 14.327 14.017 13.706 13.395 13.084 12.774 12.463 12.152 11.842 11.531 11.220 10.910 10.599 10.288  9.978  9.667  9.356  9.046  8.735  8.424  8.114  7.803  7.492  7.182  6.871  6.560  6.250  5.939  5.629  5.318  5.007  4.697  4.386  4.075  3.765  3.454  3.144  2.833  2.522  2.212  1.901  1.591  1.280  0.969  0.659  0.348 
23.652 23.342 23.031 22.720 22.409 22.098 21.787 21.476 21.166 20.855 20.544 20.233 19.922 19.611 19.301 18.990 18.679 18.368 18.057 17.747 17.436 17.125 16.814 16.504 16.193 15.882 15.571 15.261 14.950 14.639 14.328 14.018 13.707 13.396 13.085 12.775 12.464 12.153 11.843 11.532 11.221 10.910 10.600 10.289  9.978  9.668  9.357  9.046  8.736  8.425  8.114  7.804  7.493  7.182  6.872  6.561  6.250  5.940  5.629  5.318  5.008  4.697  4.386  4.076  3.765  3.455  3.144  2.833  2.523  2.212  1.901  1.591  1.280  0.969  0.659  0.348 
23.654 23.343 23.032 22.721 22.410 22.099 21.788 21.478 21.167 20.856 20.545 20.234 19.923 19.612 19.302 18.991 18.680 18.369 18.058 17.748 17.437 17.126 16.815 16.505 16.194 15.883 15.572 15.261 14.951 14.640 14.329 14.018 13.708 13.397 13.086 12.775 12.465 12.154 11.843 11.533 11.222 10.911 10.600 10.290  9.979  9.668  9.358  9.047  8.736  8.426  8.115  7.804  7.493  7.183  6.872  6.561  6.251  5.940  5.629  5.319  5.008  4.697  4.387  4.076  3.765  3.455  3.144  2.833  2.523  2.212  1.901  1.591  1.280  0.969  0.659  0.348 
23.655 23.344 23.033 22.722 22.411 22.100 21.789 21.478 21.168 20.857 20.546 20.235 19.924 19.613 19.303 18.992 18.681 18.370 18.059 17.749 17.438 17.127 16.816 16.505 16.195 15.884 15.573 15.262 14.952 14.641 14.330 14.019 13.708 13.398 13.087 12.776 12.465 12.155 11.844 11.533 11.223 10.912 10.601 10.290  9.980  9.669  9.358  9.047  8.737  8.426  8.115  7.805  7.494  7.183  6.873  6.562  6.251  5.940  5.630  5.319  5.008  4.698  4.387  4.076  3.766  3.455  3.144  2.834  2.523  2.212  1.902  1.591  1.280  0.970  0.659  0.348 
23.655 23.345 23.034 22.723 22.412 22.101 21.790 21.479 21.169 20.858 20.547 20.236 19.925 19.614 19.304 18.993 18.682 18.371 18.060 17.749 17.439 17.128 16.817 16.506 16.195 15.885 15.574 15.263 14.952 14.641 14.331 14.020 13.709 13.398 13.088 12.777 12.466 12.155 11.845 11.534 11.223 10.912 10.602 10.291  9.980  9.669  9.359  9.048  8.737  8.427  8.116  7.805  7.494  7.184  6.873  6.562  6.252  5.941  5.630  5.319  5.009  4.698  4.387  4.077  3.766  3.455  3.144  2.834  2.523  2.212  1.902  1.591  1.280  0.970  0.659  0.348 
23.656 23.345 23.035 22.724 22.413 22.102 21.791 21.480 21.169 20.858 20.548 20.237 19.926 19.615 19.304 18.993 18.683 18.372 18.061 17.750 17.439 17.129 16.818 16.507 16.196 15.885 15.575 15.264 14.953 14.642 14.331 14.021 13.710 13.399 13.088 12.777 12.467 12.156 11.845 11.534 11.224 10.913 10.602 10.291  9.981  9.670  9.359  9.048  8.738  8.427  8.116  7.805  7.495  7.184  6.873  6.563  6.252  5.941  5.630  5.320  5.009  4.698  4.387  4.077  3.766  3.455  3.145  2.834  2.523  2.212  1.902  1.591  1.280  0.970  0.659  0.348 
23.657 23.346 23.035 22.724 22.414 22.103 21.792 21.481 21.170 20.859 20.548 20.238 19.927 19.616 19.305 18.994 18.683 18.373 18.062 17.751 17.440 17.129 16.818 16.508 16.197 15.886 15.575 15.264 14.954 14.643 14.332 14.021 13.710 13.400 13.089 12.778 12.467 12.156 11.846 11.535 11.224 10.913 10.603 10.292  9.981  9.670  9.360  9.049  8.738  8.427  8.117  7.806  7.495  7.184  6.874  6.563  6.252  5.941  5.631  5.320  5.009  4.698  4.388  4.077  3.766  3.455  3.145  2.834  2.523  2.213  1.902  1.591  1.280  0.970  0.659  0.348 
23.658 23.347 23.036 22.725 22.414 22.103 21.792 21.482 21.171 20.860 20.549 20.238 19.927 19.616 19.306 18.995 18.684 18.373 18.062 17.751 17.441 17.130 16.819 16.508 16.197 15.887 15.576 15.265 14.954 14.643 14.333 14.022 13.711 13.400 13.089 12.779 12.468 12.157 11.846 11.535 11.225 10.914 10.603 10.292  9.982  9.671  9.360  9.049  8.738  8.428  8.117  7.806  7.495  7.185  6.874  6.563  6.252  5.942  5.631  5.320  5.009  4.699  4.388  4.077  3.766  3.456  3.145  2.834  2.523  2.213  1.902  1.591  1.280  0.970  0.659  0.348 
23.658 23.347 23.037 22.726 22.415 22.104 21.793 21.482 21.171 20.860 20.550 20.239 19.928 19.617 19.306 18.995 18.685 18.374 18.063 17.752 17.441 17.130 16.820 16.509 16.198 15.887 15.576 15.265 14.955 14.644 14.333 14.022 13.711 13.401 13.090 12.779 12.468 12.157 11.847 11.536 11.225 10.914 10.603 10.293  9.982  9.671  9.360  9.050  8.739  8.428  8.117  7.806  7.496  7.185  6.874  6.563  6.253  5.942  5.631  5.320  5.010  4.699  4.388  4.077  3.767  3.456  3.145  2.834  2.523  2.213  1.902  1.591  1.280  0.970  0.659  0.348 
23.659 23.348 23.037 22.726 22.415 22.104 21.794 21.483 21.172 20.861 20.550 20.239 19.928 19.618 19.307 18.996 18.685 18.374 18.063 17.753 17.442 17.131 16.820 16.509 16.198 15.888 15.577 15.266 14.955 14.644 14.333 14.023 13.712 13.401 13.090 12.779 12.469 12.158 11.847 11.536 11.225 10.915 10.604 10.293  9.982  9.671  9.361  9.050  8.739  8.428  8.118  7.807  7.496  7.185  6.874  6.564  6.253  5.942  5.631  5.320  5.010  4.699  4.388  4.077  3.767  3.456  3.145  2.834  2.524  2.213  1.902  1.591  1.280  0.970  0.659  0.348 
23.659 23.348 23.038 22.727 22.416 22.105 21.794 21.483 21.172 20.862 20.551 20.240 19.929 19.618 19.307 18.996 18.686 18.375 18.064 17.753 17.442 17.131 16.820 16.510 16.199 15.888 15.577 15.266 14.956 14.645 14.334 14.023 13.712 13.401 13.091 12.780 12.469 12.158 11.847 11.537 11.226 10.915 10.604 10.293  9.983  9.672  9.361  9.050  8.739  8.429  8.118  7.807  7.496  7.185  6.875  6.564  6.253  5.942  5.631  5.321  5.010  4.699  4.388  4.077  3.767  3.456  3.145  2.834  2.524  2.213  1.902  1.591  1.280  0.970  0.659  0.348 
23.660 23.349 23.038 22.727 22.416 22.105 21.795 21.484 21.173 20.862 20.551 20.240 19.929 19.619 19.308 18.997 18.686 18.375 18.064 17.753 17.443 17.132 16.821 16.510 16.199 15.888 15.578 15.267 14.956 14.645 14.334 14.023 13.713 13.402 13.091 12.780 12.469 12.158 11.848 11.537 11.226 10.915 10.604 10.294  9.983  9.672  9.361  9.050  8.740  8.429  8.118  7.807  7.496  7.186  6.875  6.564  6.253  5.942  5.632  5.321  5.010  4.699  4.388  4.078  3.767  3.456  3.145  2.834  2.524  2.213  1.902  1.591  1.280  0.970  0.659  0.348 
23.660 23.349 23.038 22.728 22.417 22.106 21.795 21.484 21.173 20.862 20.552 20.241 19.930 19.619 19.308 18.997 18.686 18.376 18.065 17.754 17.443 17.132 16.821 16.510 16.200 15.889 15.578 15.267 14.956 14.645 14.335 14.024 13.713 13.402 13.091 12.780 12.470 12.159 11.848 11.537 11.226 10.915 10.605 10.294  9.983  9.672  9.361  9.051  8.740  8.429  8.118  7.807  7.496  7.186  6.875  6.564  6.253  5.942  5.632  5.321  5.010  4.699  4.388  4.078  3.767  3.456  3.145  2.834  2.524  2.213  1.902  1.591  1.280  0.970  0.659  0.348 
23.661 23.350 23.039 22.728 22.417 22.106 21.795 21.484 21.174 20.863 20.552 20.241 19.930 19.619 19.308 18.998 18.687 18.376 18.065 17.754 17.443 17.132 16.822 16.511 16.200 15.889 15.578 15.267 14.957 14.646 14.335 14.024 13.713 13.402 13.091 12.781 12.470 12.159 11.848 11.537 11.227 10.916 10.605 10.294  9.983  9.672  9.362  9.051  8.740  8.429  8.118  7.807  7.497  7.186  6.875  6.564  6.253  5.943  5.632  5.321  5.010  4.699  4.388  4.078  3.767  3.456  3.145  2.834  2.524  2.213  1.902  1.591  1.280  0.969  0.659  0.348 
23.661 23.350 23.039 22.728 22.417 22.107 21.796 21.485 21.174 20.863 20.552 20.241 19.930 19.620 19.309 18.998 18.687 18.376 18.065 17.754 17.444 17.133 16.822 16.511 16.200 15.889 15.578 15.268 14.957 14.646 14.335 14.024 13.713 13.403 13.092 12.781 12.470 12.159 11.848 11.538 11.227 10.916 10.605 10.294  9.983  9.673  9.362  9.051  8.740  8.429  8.118  7.808  7.497  7.186  6.875  6.564  6.253  5.943  5.632  5.321  5.010  4.699  4.388  4.078  3.767  3.456  3.145  2.834  2.523  2.213  1.902  1.591  1.280  0.969  0.658  0.347 
23.661 23.350 23.039 22.729 22.418 22.107 21.796 21.485 21.174 20.863 20.552 20.241 19.931 19.620 19.309 18.998 18.687 18.376 18.065 17.754 17.443 17.132 16.820 16.509 16.198 15.886 15.575 15.263 14.951 14.639 14.326 14.013 13.700 13.386 13.072 12.758 12.442 12.126 11.809 11.491 11.171 10.851 10.529 10.205  9.880  9.552  9.222  8.890  8.555  8.218  7.877  7.532  7.184  6.832  6.475  6.115  5.750  5.380  5.005  4.625  4.241  3.851  3.457  3.058  2.655  2.247  1.836  1.421  1.004  0.584  0.163 -0.230 -0.634 -1.036 -1.435 -1.830 
23.642 23.331 23.020 22.708 22.396 22.084 21.772 21.459 21.146 20.833 20.520 20.206 19.891 19.577 19.262 18.946 18.630 18.314 17.997 17.679 17.361 17.042 16.723 16.403 16.082 15.760 15.438 15.115 14.791 14.466 14.140 13.813 13.485 13.156 12.826 12.495 12.163 11.830 11.496 11.160 10.823 10.486 10.147  9.807  9.466  9.123  8.780  8.436  8.091  7.745  7.398  7.051  6.703  6.354  6.005  5.656  5.306  4.956  4.605  4.255  3.905  3.555  3.205  2.856  2.508  2.161  1.817  1.478  1.147  0.827  0.518  0.222 -0.066 -0.122 -0.143  0.100 
23.548 23.236 22.925 22.613 22.300 21.987 21.673 21.359 21.044 20.729 20.413 20.096 19.779 19.462 19.144 18.825 18.506 18.187 17.867 17.546 17.225 16.904 16.582 16.259 15.936 15.613 15.289 14.965 14.640 14.315 13.990 13.665 13.339 13.014 12.688 12.362 12.036 11.710 11.385 11.059 10.734 10.410 10.086  9.762  9.439  9.117  8.796  8.476  8.156  7.838  7.522  7.206  6.892  6.580  6.269  5.959  5.652  5.346  5.042  4.739  4.439  4.140  3.843  3.547  3.253  2.961  2.670  2.381  2.093  1.806  1.520  1.235  0.951  0.667  0.383  0.100 
23.443 23.132 22.821 22.509 22.197 21.884 21.571 21.258 20.945 20.631 20.317 20.002 19.688 19.373 19.057 18.742 18.426 18.110 17.794 17.478 17.161 16.845 16.528 16.211 15.894 15.577 15.260 14.943 14.626 14.310 13.993 13.676 13.360 13.043 12.727 12.411 12.095 11.780 11.465 11.150 10.835 10.521 10.207  9.894  9.581  9.269  8.956  8.645  8.334  8.023  7.713  7.403  7.094  6.786  6.477  6.170  5.863  5.556  5.250  4.944  4.639  4.334  4.030  3.726  3.422  3.119  2.816  2.514  2.211  1.909  1.607  1.306  1.004  0.703  0.401  0.100 
23.388 23.077 22.766 22.455 22.144 21.832 21.520 21.209 20.897 20.585 20.272 19.960 19.648 19.335 19.022 18.710 18.397 18.084 17.771 17.458 17.145 16.832 16.519 16.206 15.893 15.580 15.267 14.954 14.641 14.328 14.015 13.702 13.389 13.077 12.764 12.452 12.140 11.828 11.516 11.204 10.893 10.581 10.270  9.959  9.648  9.337  9.027  8.716  8.406  8.096  7.787  7.477  7.168  6.859  6.550  6.242  5.933  5.625  5.317  5.009  4.701  4.394  4.086  3.779  3.472  3.165  2.858  2.551  2.245  1.938  1.632  1.325  1.019  0.713  0.406  0.100 
23.368 23.057 22.746 22.435 22.124 21.813 21.502 21.191 20.879 20.568 20.257 19.945 19.634 19.323 19.011 18.700 18.388 18.077 17.766 17.454 17.143 16.831 16.520 16.208 15.897 15.585 15.274 14.963 14.651 14.340 14.029 13.718 13.406 13.095 12.784 12.473 12.162 11.852 11.541 11.230 10.920 10.609 10.299  9.988  9.678  9.368  9.058  8.748  8.438  8.128  7.818  7.509  7.199  6.890  6.581  6.271  5.962  5.653  5.344  5.035  4.726  4.418  4.109  3.800  3.492  3.183  2.875  2.566  2.258  1.950  1.641  1.333  1.025  0.716  0.408  0.100 
23.363 23.052 22.741 22.430 22.119 21.808 21.497 21.186 20.876 20.565 20.254 19.943 19.632 19.321 19.010 18.699 18.388 18.077 17.766 17.456 17.145 16.834 16.523 16.212 15.902 15.591 15.280 14.969 14.659 14.348 14.037 13.727 13.416 13.106 12.795 12.485 12.174 11.864 11.554 11.243 10.933 10.623 10.313 10.003  9.693  9.383  9.073  8.763  8.453  8.143  7.833  7.523  7.214  6.904  6.594  6.285  5.975  5.666  5.356  5.047  4.738  4.428  4.119  3.810  3.500  3.191  2.882  2.573  2.264  1.955  1.645  1.336  1.027  0.718  0.409  0.100 
23.364 23.053 22.742 22.431 22.120 21.809 21.499 21.188 20.877 20.566 20.255 19.945 19.634 19.323 19.013 18.702 18.391 18.080 17.770 17.459 17.149 16.838 16.527 16.217 15.906 15.596 15.285 14.975 14.664 14.354 14.044 13.733 13.423 13.112 12.802 12.492 12.182 11.871 11.561 11.251 10.941 10.631 10.321 10.011  9.700  9.390  9.080  8.771  8.461  8.151  7.841  7.531  7.221  6.911  6.602  6.292  5.982  5.672  5.363  5.053  4.743  4.434  4.124  3.814  3.505  3.195  2.886  2.576  2.267  1.957  1.648  1.338  1.029  0.719  0.410  0.100 
23.367 23.056 22.745 22.434 22.124 21.813 21.502 21.191 20.880 20.570 20.259 19.948 19.638 19.327 19.016 18.706 18.395 18.084 17.774 17.463 17.153 16.842 16.532 16.221 15.911 15.600 15.290 14.979 14.669 14.359 14.048 13.738 13.428 13.117 12.807 12.497 12.187 11.876 11.566 11.256 10.946 10.636 10.326 10.016  9.705  9.395  9.085  8.775  8.465  8.155  7.845  7.535  7.225  6.916  6.606  6.296  5.986  5.676  5.366  5.056  4.746  4.437  4.127  3.817  3.507  3.197  2.888  2.578  2.268  1.958  1.649  1.339  1.029  0.719  0.410  0.100 
23.371 23.060 22.749 22.438 22.127 21.817 21.506 21.195 20.884 20.574 20.263 19.952 19.642 19.331 19.020 18.710 18.399 18.088 17.778 17.467 17.157 16.846 16.536 16.225 15.915 15.604 15.294 14.984 14.673 14.363 14.052 13.742 13.432 13.121 12.811 12.501 12.191 11.880 11.570 11.260 10.950 10.640 10.329 10.019  9.709  9.399  9.089  8.779  8.469  8.159  7.849  7.538  7.228  6.918  6.608  6.298  5.988  5.678  5.369  5.059  4.749  4.439  4.129  3.819  3.509  3.199  2.889  2.579  2.269  1.959  1.649  1.340  1.030  0.720  0.410  0.100 
23.375 23.064 22.753 22.442 22.131 21.821 21.510 21.199 20.888 20.578 20.267 19.956 19.645 19.335 19.024 18.713 18.403 18.092 17.782 17.471 17.161 16.850 16.540 16.229 15.919 15.608 15.298 14.987 14.677 14.366 14.056 13.746 13.435 13.125 12.815 12.504 12.194 11.884 11.573 11.263 10.953 10.643 10.332 10.022  9.712  9.402  9.092  8.781  8.471  8.161  7.851  7.541  7.231  6.921  6.611  6.301  5.990  5.680  5.370  5.060  4.750  4.440  4.130  3.820  3.510  3.200  2.890  2.580  2.270  1.960  1.650  1.340  1.030  0.720  0.410  0.100 
23.379 23.068 22.757 22.446 22.135 21.824 21.514 21.203 20.892 20.581 20.271 19.960 19.649 19.338 19.028 18.717 18.406 18.096 17.785 17.475 17.164 16.854 16.543 16.232 15.922 15.611 15.301 14.990 14.680 14.370 14.059 13.749 13.438 13.128 12.818 12.507 12.197 11.887 11.576 11.266 10.956 10.645 10.335 10.025  9.714  9.404  9.094  8.784  8.474  8.163  7.853  7.543  7.233  6.923  6.612  6.302  5.992  5.682  5.372  5.062  4.752  4.441  4.131  3.821  3.511  3.201  2.891  2.581  2.271  1.961  1.650  1.340  1.030  0.720  0.410  0.100 
23.382 23.071 22.760 22.449 22.139 21.828 21.517 21.206 20.895 20.585 20.274 19.963 19.652 19.342 19.031 18.720 18.410 18.099 17.788 17.478 17.167 16.857 16.546 16.236 15.925 15.614 15.304 14.993 14.683 14.372 14.062 13.752 13.441 13.131 12.820 12.510 12.199 11.889 11.579 11.268 10.958 10.648 10.337 10.027  9.717  9.406  9.096  8.786  8.475  8.165  7.855  7.545  7.234  6.924  6.614  6.304  5.993  5.683  5.373  5.063  4.753  4.442  4.132  3.822  3.512  3.202  2.892  2.581  2.271  1.961  1.651  1.341  1.030  0.720  0.410  0.100 
23.385 23.074 22.763 22.453 22.142 21.831 21.520 21.209 20.899 20.588 20.277 19.966 19.656 19.345 19.034 18.723 18.413 18.102 17.791 17.481 17.170 16.860 16.549 16.238 15.928 15.617 15.307 14.996 14.686 14.375 14.065 13.754 13.444 13.133 12.823 12.512 12.202 11.891 11.581 11.271 10.960 10.650 10.339 10.029  9.719  9.408  9.098  8.788  8.477  8.167  7.857  7.546  7.236  6.926  6.615  6.305  5.995  5.684  5.374  5.064  4.754  4.443  4.133  3.823  3.513  3.202  2.892  2.582  2.272  1.961  1.651  1.341  1.031  0.720  0.410  0.100 
23.388 23.077 22.766 22.455 22.145 21.834 21.523 21.212 20.901 20.591 20.280 19.969 19.658 19.348 19.037 18.726 18.415 18.105 17.794 17.483 17.173 16.862 16.552 16.241 15.930 15.620 15.309 14.999 14.688 14.377 14.067 13.756 13.446 13.135 12.825 12.514 12.204 11.893 11.583 11.273 10.962 10.652 10.341 10.031  9.720  9.410  9.100  8.789  8.479  8.168  7.858  7.548  7.237  6.927  6.617  6.306  5.996  5.686  5.375  5.065  4.755  4.444  4.134  3.824  3.513  3.203  2.893  2.582  2.272  1.962  1.651  1.341  1.031  0.721  0.410  0.100 
23.391 23.080 22.769 22.458 22.147 21.836 21.526 21.215 20.904 20.593 20.282 19.972 19.661 19.350 19.039 18.729 18.418 18.107 17.797 17.486 17.175 16.865 16.554 16.243 15.933 15.622 15.311 15.001 14.690 14.380 14.069 13.759 13.448 13.137 12.827 12.516 12.206 11.895 11.585 11.274 10.964 10.653 10.343 10.032  9.722  9.411  9.101  8.791  8.480  8.170  7.859  7.549  7.238  6.928  6.618  6.307  5.997  5.686  5.376  5.066  4.755  4.445  4.135  3.824  3.514  3.204  2.893  2.583  2.272  1.962  1.652  1.341  1.031  0.721  0.410  0.100 
23.393 23.082 22.771 22.460 22.150 21.839 21.528 21.217 20.906 20.596 20.285 19.974 19.663 19.352 19.042 18.731 18.420 18.109 17.799 17.488 17.177 16.867 16.556 16.245 15.935 15.624 15.313 15.003 14.692 14.382 14.071 13.760 13.450 13.139 12.829 12.518 12.208 11.897 11.586 11.276 10.965 10.655 10.344 10.034  9.723  9.413  9.102  8.792  8.481  8.171  7.860  7.550  7.240  6.929  6.619  6.308  5.998  5.687  5.377  5.067  4.756  4.446  4.135  3.825  3.514  3.204  2.894  2.583  2.273  1.962  1.652  1.342  1.031  0.721  0.410  0.100 
23.395 23.084 22.773 22.463 22.152 21.841 21.530 21.219 20.908 20.598 20.287 19.976 19.665 19.354 19.044 18.733 18.422 18.112 17.801 17.490 17.179 16.869 16.558 16.247 15.937 15.626 15.315 15.005 14.694 14.383 14.073 13.762 13.452 13.141 12.830 12.520 12.209 11.899 11.588 11.277 10.967 10.656 10.346 10.035  9.725  9.414  9.104  8.793  8.483  8.172  7.862  7.551  7.241  6.930  6.620  6.309  5.999  5.688  5.378  5.067  4.757  4.446  4.136  3.825  3.515  3.204  2.894  2.584  2.273  1.963  1.652  1.342  1.031  0.721  0.410  0.100 
23.397 23.086 22.775 22.465 22.154 21.843 21.532 21.221 20.910 20.600 20.289 19.978 19.667 19.356 19.046 18.735 18.424 18.113 17.803 17.492 17.181 16.870 16.560 16.249 15.938 15.628 15.317 15.006 14.696 14.385 14.074 13.764 13.453 13.142 12.832 12.521 12.211 11.900 11.589 11.279 10.968 10.658 10.347 10.036  9.726  9.415  9.105  8.794  8.484  8.173  7.863  7.552  7.241  6.931  6.620  6.310  5.999  5.689  5.378  5.068  4.757  4.447  4.136  3.826  3.515  3.205  2.894  2.584  2.273  1.963  1.652  1.342  1.031  0.721  0.410  0.100 
23.399 23.088 22.777 22.466 22.155 21.845 21.534 21.223 20.912 20.601 20.290 19.980 19.669 19.358 19.047 18.737 18.426 18.115 17.804 17.494 17.183 16.872 16.561 16.251 15.940 15.629 15.318 15.008 14.697 14.386 14.076 13.765 13.454 13.144 12.833 12.522 12.212 11.901 11.591 11.280 10.969 10.659 10.348 10.038  9.727  9.416  9.106  8.795  8.485  8.174  7.863  7.553  7.242  6.932  6.621  6.311  6.000  5.690  5.379  5.068  4.758  4.447  4.137  3.826  3.516  3.205  2.895  2.584  2.274  1.963  1.653  1.342  1.032  0.721  0.411  0.100 
23.401 23.090 22.779 22.468 22.157 21.846 21.535 21.225 20.914 20.603 20.292 19.981 19.670 19.360 19.049 18.738 18.427 18.117 17.806 17.495 17.184 16.873 16.563 16.252 15.941 15.631 15.320 15.009 14.698 14.388 14.077 13.766 13.456 13.145 12.834 12.524 12.213 11.902 11.592 11.281 10.970 10.660 10.349 10.039  9.728  9.417  9.107  8.796  8.485  8.175  7.864  7.554  7.243  6.932  6.622  6.311  6.001  5.690  5.380  5.069  4.758  4.448  4.137  3.827  3.516  3.206  2.895  2.584  2.274  1.963  1.653  1.342  1.032  0.721  0.411  0.100 
23.402 23.091 22.780 22.469 22.158 21.848 21.537 21.226 20.915 20.604 20.293 19.983 19.672 19.361 19.050 18.739 18.429 18.118 17.807 17.496 17.186 16.875 16.564 16.253 15.943 15.632 15.321 15.010 14.700 14.389 14.078 13.768 13.457 13.146 12.835 12.525 12.214 11.903 11.593 11.282 10.971 10.661 10.350 10.039  9.729  9.418  9.107  8.797  8.486  8.176  7.865  7.554  7.244  6.933  6.622  6.312  6.001  5.691  5.380  5.069  4.759  4.448  4.138  3.827  3.516  3.206  2.895  2.585  2.274  1.964  1.653  1.342  1.032  0.721  0.411  0.100 
