31.416 31.105 30.794 30.483 30.173 29.862 29.551 29.240 28.929 28.618 28.307 27.996 27.685 27.374 27.064 26.753 26.442 26.131 25.820 25.509 25.198 24.887 24.576 24.265 23.954 23.643 23.332 23.021 22.710 22.399 22.088 21.777 21.466 21.154 20.843 20.532 20.220 19.909 19.597 19.286 18.974 18.662 18.350 18.038 17.726 17.414 17.101 16.789 16.476 16.163 15.850 15.536 15.222 14.908 14.594 14.279 13.964 13.649 13.333 13.017 12.700 12.383 12.066 11.747 11.429 11.109 10.789 10.468 10.147  9.825  9.502  9.178  8.854  8.528  8.202  7.874 
31.414 31.103 30.792 30.481 30.170 29.859 29.548 29.237 28.926 28.615 28.304 27.993 27.681 27.370 27.059 26.748 26.436 26.125 25.813 25.502 25.190 24.878 24.567 24.255 23.943 23.631 23.319 23.007 22.694 22.382 22.069 21.756 21.444 21.131 20.818 20.504 20.191 19.877 19.563 19.249 18.935 18.620 18.305 17.990 17.675 17.359 17.043 16.726 16.410 16.093 15.775 15.457 15.139 14.820 14.501 14.181 13.861 13.540 13.219 12.897 12.574 12.251 11.928 11.603 11.278 10.952 10.626 10.298  9.970  9.641  9.311  8.981  8.649  8.317  7.983  7.649 
31.402 31.092 30.781 30.469 30.158 29.847 29.536 29.224 28.913 28.601 28.289 27.978 27.666 27.354 27.042 26.729 26.417 26.105 25.792 25.479 25.166 24.853 24.540 24.227 23.913 23.600 23.286 22.972 22.658 22.343 22.029 21.714 21.399 21.083 20.768 20.452 20.136 19.819 19.503 19.185 18.868 18.550 18.232 17.914 17.595 17.276 16.956 16.636 16.315 15.994 15.673 15.351 15.028 14.705 14.382 14.057 13.733 13.407 13.081 12.755 12.427 12.099 11.770 11.441 11.111 10.780 10.448 10.115  9.782  9.448  9.113  8.777  8.440  8.102  7.763  7.423 
31.376 31.065 30.754 30.443 30.131 29.820 29.508 29.196 28.884 28.572 28.260 27.947 27.634 27.321 27.008 26.695 26.381 26.068 25.754 25.440 25.126 24.811 24.496 24.181 23.866 23.551 23.235 22.919 22.603 22.286 21.969 21.652 21.335 21.017 20.699 20.380 20.062 19.742 19.423 19.103 18.782 18.462 18.140 17.819 17.497 17.174 16.851 16.527 16.203 15.879 15.554 15.228 14.901 14.575 14.247 13.919 13.590 13.261 12.930 12.600 12.268 11.936 11.603 11.269 10.934 10.599 10.263  9.926  9.588  9.249  8.910  8.569  8.227  7.885  7.542  7.197 
31.333 31.022 30.711 30.400 30.088 29.776 29.464 29.152 28.839 28.526 28.213 27.900 27.586 27.272 26.958 26.644 26.329 26.014 25.699 25.384 25.068 24.752 24.436 24.119 23.802 23.485 23.167 22.850 22.531 22.213 21.894 21.574 21.255 20.935 20.614 20.293 19.972 19.650 19.328 19.005 18.682 18.358 18.034 17.710 17.384 17.059 16.733 16.406 16.078 15.751 15.422 15.093 14.763 14.433 14.102 13.770 13.438 13.105 12.771 12.436 12.101 11.765 11.428 11.091 10.752 10.413 10.073  9.732  9.390  9.047  8.704  8.359  8.014  7.667  7.320  6.971 
31.275 30.964 30.652 30.341 30.029 29.716 29.404 29.091 28.778 28.464 28.151 27.837 27.522 27.208 26.892 26.577 26.261 25.945 25.629 25.312 24.995 24.678 24.360 24.042 23.723 23.404 23.085 22.765 22.445 22.125 21.804 21.482 21.161 20.838 20.516 20.192 19.869 19.544 19.220 18.895 18.569 18.243 17.916 17.589 17.261 16.932 16.603 16.274 15.943 15.612 15.281 14.949 14.616 14.282 13.948 13.613 13.278 12.941 12.604 12.266 11.928 11.588 11.248 10.907 10.565 10.222  9.879  9.534  9.189  8.843  8.496  8.148  7.799  7.449  7.098  6.746 
31.200 30.889 30.578 30.266 29.954 29.641 29.329 29.015 28.702 28.388 28.073 27.759 27.443 27.128 26.812 26.496 26.179 25.862 25.544 25.227 24.908 24.589 24.270 23.951 23.631 23.310 22.989 22.668 22.346 22.024 21.701 21.378 21.054 20.730 20.405 20.080 19.754 19.428 19.101 18.773 18.445 18.117 17.787 17.458 17.127 16.796 16.465 16.132 15.799 15.466 15.131 14.797 14.461 14.125 13.787 13.450 13.111 12.772 12.432 12.091 11.749 11.407 11.063 10.719 10.374 10.029  9.682  9.334  8.986  8.636  8.286  7.935  7.583  7.229  6.875  6.520 
31.112 30.801 30.490 30.178 29.865 29.553 29.239 28.926 28.612 28.297 27.982 27.667 27.351 27.035 26.718 26.401 26.083 25.765 25.447 25.128 24.808 24.488 24.168 23.847 23.526 23.204 22.881 22.559 22.235 21.911 21.587 21.262 20.936 20.610 20.284 19.956 19.629 19.300 18.971 18.642 18.312 17.981 17.650 17.317 16.985 16.651 16.318 15.983 15.648 15.311 14.975 14.637 14.299 13.960 13.620 13.280 12.939 12.597 12.254 11.911 11.566 11.221 10.875 10.528 10.180  9.832  9.482  9.132  8.780  8.428  8.075  7.721  7.365  7.009  6.652  6.294 
31.011 30.700 30.389 30.077 29.764 29.451 29.137 28.823 28.509 28.194 27.879 27.563 27.246 26.929 26.612 26.294 25.975 25.656 25.337 25.017 24.697 24.376 24.054 23.732 23.409 23.086 22.762 22.438 22.113 21.788 21.462 21.136 20.808 20.481 20.152 19.823 19.494 19.164 18.833 18.502 18.170 17.837 17.503 17.169 16.835 16.499 16.163 15.826 15.489 15.150 14.811 14.472 14.131 13.790 13.448 13.105 12.762 12.417 12.072 11.726 11.379 11.031 10.683 10.333  9.983  9.632  9.280  8.927  8.573  8.218  7.862  7.505  7.148  6.789  6.429  6.069 
30.899 30.588 30.276 29.964 29.651 29.338 29.024 28.710 28.395 28.079 27.763 27.447 27.130 26.812 26.494 26.176 25.857 25.537 25.217 24.896 24.574 24.252 23.930 23.607 23.283 22.958 22.634 22.308 21.982 21.655 21.328 21.000 20.671 20.342 20.012 19.682 19.351 19.019 18.686 18.353 18.020 17.685 17.350 17.014 16.677 16.340 16.002 15.663 15.324 14.983 14.642 14.301 13.958 13.615 13.270 12.926 12.580 12.233 11.886 11.537 11.188 10.838 10.487 10.136  9.783  9.430  9.075  8.720  8.364  8.006  7.648  7.289  6.929  6.568  6.206  5.843 
30.776 30.464 30.153 29.840 29.527 29.214 28.900 28.585 28.270 27.954 27.638 27.321 27.004 26.686 26.367 26.048 25.728 25.407 25.086 24.764 24.442 24.119 23.796 23.472 23.147 22.822 22.496 22.169 21.842 21.514 21.185 20.856 20.526 20.196 19.864 19.532 19.200 18.867 18.533 18.198 17.862 17.526 17.190 16.852 16.514 16.175 15.835 15.494 15.153 14.811 14.468 14.124 13.780 13.435 13.088 12.742 12.394 12.045 11.696 11.345 10.994 10.642 10.289  9.936  9.581  9.225  8.869  8.511  8.153  7.794  7.433  7.072  6.710  6.347  5.982  5.617 
30.643 30.332 30.020 29.707 29.394 29.081 28.767 28.452 28.136 27.820 27.503 27.186 26.868 26.549 26.230 25.910 25.590 25.269 24.947 24.624 24.301 23.978 23.653 23.328 23.003 22.676 22.349 22.022 21.693 21.364 21.035 20.704 20.373 20.041 19.709 19.376 19.042 18.707 18.372 18.036 17.699 17.361 17.023 16.684 16.344 16.004 15.662 15.320 14.977 14.633 14.289 13.943 13.597 13.250 12.902 12.554 12.204 11.854 11.502 11.150 10.797 10.443 10.089  9.733  9.376  9.019  8.660  8.301  7.941  7.579  7.217  6.854  6.490  6.125  5.759  5.391 
30.501 30.190 29.878 29.566 29.253 28.939 28.624 28.309 27.994 27.677 27.360 27.042 26.724 26.405 26.085 25.765 25.444 25.122 24.800 24.476 24.153 23.828 23.503 23.177 22.851 22.524 22.196 21.867 21.538 21.208 20.877 20.546 20.214 19.881 19.547 19.213 18.878 18.542 18.205 17.868 17.530 17.191 16.851 16.511 16.169 15.827 15.485 15.141 14.797 14.451 14.105 13.758 13.411 13.062 12.712 12.362 12.011 11.659 11.306 10.952 10.598 10.242  9.886  9.528  9.170  8.811  8.451  8.089  7.727  7.364  7.000  6.635  6.269  5.903  5.535  5.166 
30.352 30.041 29.729 29.416 29.103 28.789 28.475 28.159 27.843 27.526 27.209 26.891 26.572 26.253 25.933 25.612 25.290 24.968 24.645 24.321 23.997 23.672 23.346 23.019 22.692 22.364 22.035 21.706 21.376 21.045 20.713 20.381 20.048 19.714 19.379 19.044 18.708 18.371 18.033 17.694 17.355 17.015 16.674 16.332 15.990 15.647 15.302 14.958 14.612 14.265 13.918 13.569 13.220 12.870 12.519 12.168 11.815 11.461 11.107 10.752 10.396 10.038  9.680  9.322  8.962  8.601  8.239  7.876  7.513  7.148  6.783  6.416  6.049  5.680  5.311  4.940 
30.196 29.884 29.572 29.260 28.946 28.632 28.318 28.002 27.686 27.369 27.051 26.733 26.414 26.094 25.773 25.452 25.130 24.807 24.484 24.159 23.834 23.509 23.182 22.855 22.527 22.198 21.869 21.539 21.208 20.876 20.544 20.210 19.876 19.542 19.206 18.870 18.532 18.194 17.856 17.516 17.176 16.835 16.493 16.150 15.806 15.462 15.116 14.770 14.423 14.075 13.727 13.377 13.027 12.675 12.323 11.970 11.616 11.261 10.905 10.549 10.191  9.833  9.473  9.113  8.752  8.390  8.026  7.662  7.297  6.931  6.564  6.196  5.827  5.457  5.086  4.714 
30.033 29.722 29.410 29.097 28.783 28.469 28.154 27.838 27.522 27.205 26.887 26.568 26.249 25.929 25.608 25.286 24.963 24.640 24.316 23.992 23.666 23.340 23.013 22.685 22.356 22.027 21.697 21.366 21.034 20.702 20.369 20.035 19.700 19.364 19.028 18.690 18.352 18.014 17.674 17.333 16.992 16.650 16.307 15.963 15.618 15.273 14.926 14.579 14.231 13.882 13.532 13.182 12.830 12.477 12.124 11.770 11.415 11.059 10.702 10.344  9.985  9.625  9.265  8.903  8.540  8.177  7.812  7.447  7.081  6.713  6.345  5.976  5.605  5.234  4.862  4.489 
29.864 29.553 29.241 28.928 28.614 28.300 27.985 27.669 27.352 27.035 26.717 26.398 26.078 25.758 25.436 25.114 24.791 24.468 24.143 23.818 23.492 23.166 22.838 22.510 22.181 21.851 21.520 21.188 20.856 20.523 20.189 19.854 19.519 19.182 18.845 18.507 18.168 17.829 17.488 17.147 16.804 16.461 16.117 15.773 15.427 15.081 14.733 14.385 14.036 13.686 13.335 12.983 12.631 12.277 11.923 11.567 11.211 10.854 10.496 10.137  9.777  9.416  9.054  8.691  8.328  7.963  7.597  7.231  6.863  6.495  6.125  5.755  5.383  5.011  4.637  4.263 
29.690 29.379 29.067 28.754 28.440 28.126 27.810 27.494 27.178 26.860 26.542 26.222 25.902 25.582 25.260 24.938 24.614 24.291 23.966 23.640 23.314 22.987 22.659 22.330 22.000 21.670 21.338 21.006 20.673 20.340 20.005 19.670 19.333 18.996 18.658 18.320 17.980 17.640 17.298 16.956 16.613 16.269 15.925 15.579 15.233 14.885 14.537 14.188 13.838 13.487 13.135 12.782 12.429 12.074 11.719 11.363 11.005 10.647 10.288  9.928  9.567  9.205  8.842  8.478  8.114  7.748  7.381  7.014  6.645  6.275  5.905  5.533  5.161  4.787  4.413  4.037 
29.511 29.200 28.888 28.575 28.261 27.946 27.631 27.315 26.998 26.680 26.362 26.042 25.722 25.401 25.079 24.756 24.433 24.109 23.784 23.458 23.131 22.803 22.475 22.145 21.815 21.484 21.153 20.820 20.487 20.152 19.817 19.481 19.144 18.807 18.468 18.129 17.788 17.447 17.105 16.763 16.419 16.074 15.729 15.382 15.035 14.687 14.338 13.988 13.637 13.285 12.933 12.579 12.225 11.869 11.513 11.156 10.798 10.439 10.079  9.718  9.356  8.993  8.629  8.264  7.899  7.532  7.164  6.796  6.426  6.056  5.684  5.312  4.938  4.563  4.188  3.811 
29.328 29.016 28.704 28.391 28.077 27.763 27.447 27.131 26.814 26.496 26.177 25.858 25.537 25.216 24.894 24.571 24.247 23.923 23.597 23.271 22.944 22.616 22.287 21.957 21.627 21.295 20.963 20.630 20.296 19.961 19.626 19.289 18.952 18.614 18.275 17.935 17.594 17.252 16.909 16.566 16.221 15.876 15.530 15.183 14.835 14.486 14.136 13.786 13.434 13.082 12.728 12.374 12.019 11.663 11.305 10.947 10.588 10.229  9.868  9.506  9.143  8.779  8.415  8.049  7.683  7.315  6.947  6.577  6.207  5.835  5.463  5.089  4.715  4.340  3.963  3.586 
29.140 28.829 28.517 28.204 27.890 27.575 27.260 26.943 26.626 26.308 25.989 25.669 25.349 25.027 24.705 24.382 24.058 23.733 23.407 23.081 22.753 22.425 22.096 21.766 21.435 21.103 20.770 20.437 20.103 19.767 19.431 19.094 18.756 18.418 18.078 17.737 17.396 17.054 16.711 16.366 16.021 15.676 15.329 14.981 14.633 14.283 13.933 13.581 13.229 12.876 12.522 12.167 11.811 11.454 11.096 10.737 10.378 10.017  9.655  9.293  8.929  8.565  8.199  7.833  7.466  7.097  6.728  6.358  5.987  5.614  5.241  4.867  4.492  4.115  3.738  3.360 
28.949 28.638 28.326 28.013 27.699 27.384 27.069 26.752 26.435 26.117 25.798 25.478 25.157 24.835 24.513 24.189 23.865 23.540 23.214 22.887 22.559 22.231 21.901 21.571 21.240 20.907 20.574 20.241 19.906 19.570 19.234 18.896 18.558 18.219 17.879 17.538 17.196 16.853 16.509 16.165 15.819 15.473 15.125 14.777 14.428 14.078 13.727 13.375 13.022 12.668 12.313 11.958 11.601 11.244 10.885 10.526 10.165  9.804  9.442  9.079  8.714  8.349  7.983  7.616  7.248  6.879  6.509  6.138  5.766  5.393  5.019  4.644  4.268  3.891  3.513  3.134 
28.755 28.444 28.132 27.819 27.505 27.190 26.874 26.558 26.240 25.922 25.603 25.283 24.962 24.640 24.317 23.994 23.669 23.344 23.018 22.690 22.362 22.034 21.704 21.373 21.042 20.709 20.376 20.042 19.706 19.370 19.033 18.696 18.357 18.017 17.677 17.335 16.993 16.650 16.306 15.960 15.614 15.268 14.920 14.571 14.221 13.871 13.519 13.167 12.813 12.459 12.104 11.747 11.390 11.032 10.673 10.313  9.952  9.590  9.227  8.863  8.498  8.133  7.766  7.398  7.029  6.660  6.289  5.917  5.545  5.171  4.797  4.421  4.044  3.667  3.288  2.909 
28.558 28.247 27.935 27.622 27.308 26.993 26.677 26.360 26.043 25.724 25.405 25.085 24.764 24.442 24.119 23.795 23.470 23.145 22.818 22.491 22.163 21.834 21.504 21.173 20.841 20.508 20.175 19.840 19.505 19.168 18.831 18.493 18.154 17.814 17.473 17.131 16.788 16.444 16.100 15.754 15.408 15.061 14.712 14.363 14.013 13.662 13.310 12.957 12.603 12.248 11.892 11.535 11.178 10.819 10.459 10.099  9.737  9.375  9.011  8.647  8.282  7.915  7.548  7.180  6.810  6.440  6.069  5.697  5.323  4.949  4.574  4.198  3.820  3.442  3.063  2.683 
28.358 28.047 27.735 27.422 27.108 26.793 26.477 26.160 25.843 25.524 25.205 24.884 24.563 24.241 23.918 23.594 23.269 22.944 22.617 22.289 21.961 21.632 21.301 20.970 20.638 20.305 19.971 19.636 19.300 18.964 18.626 18.288 17.948 17.608 17.267 16.924 16.581 16.237 15.892 15.546 15.200 14.852 14.503 14.153 13.803 13.451 13.099 12.745 12.391 12.036 11.679 11.322 10.964 10.605 10.245  9.884  9.522  9.159  8.795  8.430  8.064  7.697  7.329  6.960  6.591  6.220  5.848  5.475  5.101  4.727  4.351  3.974  3.596  3.218  2.838  2.457 
28.156 27.845 27.533 27.220 26.906 26.591 26.275 25.958 25.640 25.322 25.002 24.682 24.360 24.038 23.715 23.391 23.066 22.740 22.413 22.085 21.757 21.427 21.097 20.765 20.433 20.100 19.765 19.430 19.094 18.757 18.420 18.081 17.741 17.400 17.059 16.716 16.373 16.028 15.683 15.337 14.990 14.641 14.292 13.942 13.591 13.239 12.887 12.533 12.178 11.822 11.465 11.108 10.749 10.390 10.029  9.668  9.305  8.942  8.577  8.212  7.845  7.478  7.110  6.740  6.370  5.999  5.627  5.253  4.879  4.504  4.128  3.750  3.372  2.993  2.613  2.231 
27.952 27.641 27.328 27.015 26.701 26.386 26.070 25.753 25.436 25.117 24.797 24.477 24.155 23.833 23.510 23.185 22.860 22.534 22.207 21.879 21.550 21.221 20.890 20.558 20.226 19.892 19.558 19.223 18.886 18.549 18.211 17.872 17.532 17.191 16.849 16.506 16.163 15.818 15.472 15.126 14.778 14.430 14.080 13.730 13.379 13.026 12.673 12.319 11.964 11.608 11.250 10.892 10.533 10.173  9.812  9.451  9.088  8.724  8.359  7.993  7.626  7.259  6.890  6.520  6.149  5.778  5.405  5.031  4.657  4.281  3.904  3.526  3.148  2.768  2.387  2.006 
27.746 27.434 27.122 26.809 26.495 26.180 25.864 25.547 25.229 24.910 24.590 24.270 23.948 23.626 23.302 22.978 22.653 22.327 21.999 21.671 21.342 21.012 20.682 20.350 20.017 19.683 19.349 19.013 18.677 18.339 18.001 17.662 17.321 16.980 16.638 16.295 15.951 15.606 15.260 14.913 14.565 14.217 13.867 13.516 13.165 12.812 12.458 12.104 11.748 11.392 11.034 10.676 10.317  9.956  9.595  9.233  8.869  8.505  8.140  7.774  7.407  7.038  6.669  6.299  5.928  5.556  5.183  4.809  4.434  4.058  3.680  3.302  2.923  2.543  2.162  1.780 
27.537 27.226 26.914 26.601 26.286 25.971 25.655 25.338 25.020 24.702 24.382 24.061 23.740 23.417 23.093 22.769 22.444 22.117 21.790 21.462 21.133 20.803 20.472 20.140 19.807 19.473 19.138 18.802 18.466 18.128 17.789 17.450 17.109 16.768 16.426 16.082 15.738 15.393 15.047 14.700 14.351 14.002 13.652 13.301 12.949 12.596 12.243 11.888 11.532 11.175 10.817 10.459 10.099  9.738  9.377  9.014  8.650  8.286  7.920  7.554  7.186  6.818  6.448  6.078  5.706  5.334  4.960  4.586  4.210  3.834  3.457  3.078  2.699  2.318  1.937  1.554 
27.328 27.016 26.704 26.391 26.076 25.761 25.445 25.128 24.810 24.491 24.172 23.851 23.529 23.207 22.883 22.558 22.233 21.906 21.579 21.251 20.922 20.591 20.260 19.928 19.595 19.261 18.926 18.590 18.253 17.915 17.577 17.237 16.896 16.555 16.212 15.868 15.524 15.178 14.832 14.485 14.136 13.787 13.437 13.085 12.733 12.380 12.026 11.671 11.315 10.958 10.600 10.241  9.881  9.520  9.158  8.795  8.431  8.066  7.700  7.333  6.965  6.597  6.227  5.856  5.484  5.111  4.738  4.363  3.987  3.610  3.233  2.854  2.474  2.093  1.711  1.329 
27.116 26.805 26.493 26.179 25.865 25.550 25.234 24.917 24.599 24.280 23.960 23.639 23.317 22.995 22.671 22.346 22.021 21.694 21.367 21.038 20.709 20.379 20.047 19.715 19.382 19.048 18.713 18.377 18.039 17.702 17.363 17.023 16.682 16.340 15.997 15.653 15.309 14.963 14.616 14.269 13.920 13.571 13.220 12.869 12.516 12.163 11.808 11.453 11.097 10.739 10.381 10.022  9.662  9.300  8.938  8.575  8.211  7.846  7.479  7.112  6.744  6.375  6.005  5.634  5.262  4.889  4.515  4.140  3.763  3.386  3.008  2.629  2.249  1.868  1.486  1.103 
26.904 26.592 26.280 25.967 25.652 25.337 25.021 24.704 24.386 24.067 23.747 23.426 23.104 22.782 22.458 22.133 21.807 21.481 21.153 20.825 20.495 20.165 19.833 19.501 19.168 18.833 18.498 18.162 17.825 17.487 17.147 16.807 16.466 16.124 15.781 15.437 15.093 14.747 14.400 14.052 13.703 13.354 13.003 12.651 12.298 11.945 11.590 11.235 10.878 10.520 10.162  9.802  9.442  9.080  8.718  8.355  7.990  7.625  7.258  6.891  6.523  6.153  5.783  5.411  5.039  4.666  4.291  3.916  3.540  3.162  2.784  2.405  2.024  1.643  1.261  0.877 
26.690 26.378 26.066 25.753 25.439 25.123 24.807 24.490 24.172 23.853 23.533 23.212 22.890 22.567 22.243 21.919 21.593 21.266 20.938 20.610 20.280 19.950 19.618 19.286 18.952 18.618 18.282 17.946 17.609 17.271 16.931 16.591 16.250 15.908 15.565 15.221 14.875 14.529 14.182 13.834 13.485 13.136 12.785 12.433 12.080 11.726 11.371 11.015 10.659 10.301  9.942  9.582  9.222  8.860  8.497  8.134  7.769  7.403  7.037  6.669  6.300  5.931  5.560  5.189  4.816  4.442  4.068  3.692  3.316  2.938  2.559  2.180  1.799  1.418  1.035  0.651 
26.475 26.163 25.851 25.538 25.223 24.908 24.592 24.275 23.957 23.638 23.318 22.997 22.675 22.352 22.028 21.703 21.377 21.051 20.723 20.394 20.064 19.734 19.402 19.069 18.736 18.401 18.066 17.729 17.392 17.054 16.714 16.374 16.033 15.690 15.347 15.003 14.658 14.311 13.964 13.616 13.267 12.917 12.566 12.214 11.861 11.507 11.152 10.796 10.439 10.081  9.722  9.362  9.001  8.639  8.276  7.912  7.547  7.182  6.815  6.447  6.078  5.708  5.337  4.966  4.593  4.219  3.844  3.468  3.092  2.714  2.335  1.955  1.574  1.192  0.810  0.426 
26.259 25.947 25.635 25.322 25.007 24.692 24.376 24.059 23.741 23.422 23.102 22.781 22.458 22.136 21.812 21.487 21.161 20.834 20.506 20.177 19.848 19.517 19.185 18.852 18.519 18.184 17.849 17.512 17.174 16.836 16.496 16.156 15.814 15.472 15.129 14.784 14.439 14.093 13.745 13.397 13.048 12.697 12.346 11.994 11.641 11.287 10.931 10.575 10.218  9.860  9.501  9.141  8.780  8.418  8.055  7.691  7.326  6.959  6.592  6.224  5.855  5.485  5.114  4.742  4.369  3.995  3.620  3.244  2.867  2.489  2.110  1.730  1.349  0.967  0.584  0.200 
26.042 25.730 25.418 25.105 24.791 24.475 24.159 23.842 23.524 23.205 22.884 22.563 22.241 21.918 21.594 21.269 20.943 20.616 20.289 19.960 19.630 19.299 18.967 18.634 18.301 17.966 17.630 17.294 16.956 16.617 16.278 15.937 15.596 15.253 14.910 14.565 14.220 13.873 13.526 13.177 12.828 12.478 12.126 11.774 11.420 11.066 10.711 10.355  9.997  9.639  9.280  8.919  8.558  8.196  7.833  7.468  7.103  6.737  6.370  6.002  5.632  5.262  4.891  4.519  4.146  3.771  3.396  3.020  2.643  2.265  1.885  1.505  1.124  0.742  0.359 -0.026 
25.824 25.513 25.200 24.887 24.573 24.258 23.941 23.624 23.306 22.987 22.667 22.345 22.023 21.700 21.376 21.051 20.725 20.398 20.070 19.741 19.411 19.081 18.749 18.416 18.082 17.747 17.411 17.075 16.737 16.398 16.059 15.718 15.376 15.034 14.690 14.345 14.000 13.653 13.306 12.957 12.608 12.257 11.906 11.553 11.200 10.845 10.490 10.133  9.776  9.417  9.058  8.698  8.336  7.974  7.610  7.246  6.881  6.514  6.147  5.779  5.409  5.039  4.668  4.296  3.922  3.548  3.173  2.797  2.419  2.041  1.662  1.282  0.901  0.519  0.136 -0.251 
25.606 25.294 24.982 24.669 24.354 24.039 23.723 23.405 23.087 22.768 22.448 22.127 21.805 21.481 21.157 20.832 20.506 20.179 19.851 19.522 19.192 18.861 18.529 18.196 17.862 17.527 17.191 16.854 16.516 16.177 15.837 15.497 15.155 14.812 14.468 14.123 13.776 13.429 13.081 12.732 12.382 12.031 11.678 11.325 10.971 10.615 10.259  9.901  9.542  9.183  8.822  8.460  8.097  7.733  7.368  7.001  6.634  6.265  5.896  5.525  5.153  4.780  4.406  4.031  3.655  3.278  2.899  2.520  2.139  1.757  1.375  0.991  0.606  0.220 -0.166 -0.477 
25.385 25.074 24.762 24.448 24.134 23.818 23.502 23.185 22.866 22.547 22.227 21.905 21.583 21.260 20.936 20.610 20.284 19.957 19.628 19.299 18.969 18.637 18.305 17.972 17.637 17.302 16.966 16.628 16.290 15.950 15.610 15.269 14.926 14.583 14.238 13.893 13.547 13.199 12.851 12.501 12.151 11.799 11.447 11.093 10.739 10.384 10.027  9.670  9.312  8.953  8.593  8.232  7.870  7.507  7.143  6.778  6.413  6.047  5.679  5.311  4.942  4.573  4.202  3.831  3.459  3.086  2.713  2.339  1.964  1.588  1.210  0.829  0.441  0.043 -0.313 -0.703 
25.162 24.851 24.538 24.225 23.911 23.595 23.279 22.961 22.643 22.324 22.003 21.682 21.360 21.036 20.712 20.386 20.060 19.733 19.404 19.075 18.744 18.413 18.080 17.747 17.412 17.077 16.740 16.403 16.064 15.724 15.384 15.042 14.699 14.355 14.010 13.664 13.317 12.969 12.620 12.270 11.918 11.566 11.212 10.858 10.502 10.145  9.788  9.429  9.068  8.707  8.345  7.982  7.617  7.252  6.885  6.518  6.149  5.780  5.409  5.038  4.665  4.292  3.918  3.543  3.167  2.791  2.414  2.036  1.658  1.279  0.900  0.521  0.141 -0.194 -0.561 -0.929 
24.937 24.625 24.313 23.999 23.685 23.369 23.053 22.736 22.417 22.098 21.777 21.455 21.133 20.809 20.485 20.159 19.832 19.505 19.176 18.847 18.516 18.184 17.851 17.518 17.183 16.847 16.510 16.173 15.834 15.494 15.153 14.812 14.469 14.125 13.780 13.435 13.088 12.740 12.391 12.042 11.691 11.339 10.986 10.632 10.278  9.922  9.565  9.207  8.848  8.487  8.126  7.763  7.399  7.034  6.667  6.299  5.930  5.559  5.187  4.813  4.437  4.060  3.681  3.300  2.918  2.534  2.148  1.761  1.372  0.981  0.588  0.194 -0.194 -0.515 -0.834 -1.154 
24.709 24.398 24.085 23.772 23.457 23.142 22.826 22.508 22.189 21.870 21.549 21.228 20.905 20.581 20.257 19.931 19.604 19.276 18.947 18.618 18.287 17.955 17.622 17.288 16.953 16.617 16.279 15.941 15.602 15.262 14.920 14.578 14.234 13.890 13.544 13.198 12.850 12.501 12.152 11.801 11.449 11.096 10.742 10.387 10.032  9.675  9.317  8.958  8.598  8.237  7.876  7.513  7.150  6.785  6.420  6.054  5.687  5.319  4.951  4.581  4.211  3.841  3.469  3.097  2.724  2.351  1.977  1.602  1.227  0.852  0.476  0.099 -0.240 -0.620 -0.999 -1.380 
24.479 24.168 23.855 23.542 23.228 22.912 22.596 22.278 21.959 21.640 21.319 20.997 20.675 20.351 20.026 19.701 19.374 19.046 18.717 18.387 18.056 17.724 17.391 17.057 16.722 16.386 16.049 15.711 15.372 15.032 14.690 14.348 14.005 13.660 13.315 12.968 12.620 12.271 11.921 11.570 11.218 10.865 10.510 10.154  9.798  9.440  9.081  8.720  8.359  7.996  7.632  7.267  6.901  6.533  6.165  5.795  5.424  5.053  4.680  4.306  3.931  3.555  3.179  2.802  2.423  2.045  1.665  1.285  0.905  0.524  0.143 -0.186 -0.541 -0.895 -1.250 -1.606 
24.248 23.937 23.625 23.311 22.997 22.681 22.364 22.047 21.728 21.408 21.088 20.766 20.443 20.119 19.794 19.468 19.141 18.813 18.484 18.154 17.823 17.490 17.157 16.823 16.488 16.151 15.814 15.475 15.136 14.795 14.454 14.111 13.768 13.423 13.078 12.731 12.384 12.035 11.686 11.335 10.984 10.631 10.278  9.923  9.568  9.212  8.855  8.497  8.138  7.778  7.417  7.056  6.693  6.329  5.965  5.599  5.232  4.864  4.494  4.123  3.750  3.375  2.998  2.618  2.235  1.849  1.459  1.065  0.667  0.263 -0.145 -0.476 -0.811 -1.149 -1.490 -1.831 
24.016 23.705 23.392 23.079 22.764 22.449 22.132 21.814 21.496 21.176 20.855 20.533 20.210 19.887 19.562 19.236 18.909 18.581 18.251 17.921 17.590 17.258 16.924 16.590 16.254 15.918 15.580 15.241 14.901 14.561 14.219 13.876 13.532 13.186 12.840 12.493 12.144 11.795 11.444 11.093 10.740 10.386 10.031  9.675  9.318  8.960  8.601  8.241  7.880  7.519  7.156  6.792  6.427  6.061  5.695  5.327  4.959  4.590  4.220  3.849  3.478  3.106  2.733  2.360  1.986  1.612  1.237  0.861  0.485  0.109 -0.224 -0.589 -0.956 -1.322 -1.689 -2.057 
23.782 23.470 23.158 22.844 22.530 22.214 21.898 21.580 21.261 20.942 20.621 20.299 19.976 19.652 19.327 19.001 18.674 18.346 18.017 17.686 17.355 17.023 16.690 16.355 16.020 15.684 15.346 15.008 14.668 14.328 13.986 13.643 13.300 12.955 12.609 12.262 11.914 11.565 11.215 10.863 10.511 10.157  9.802  9.446  9.089  8.730  8.371  8.010  7.647  7.284  6.919  6.552  6.185  5.816  5.446  5.074  4.701  4.327  3.952  3.576  3.198  2.820  2.440  2.060  1.679  1.297  0.915  0.532  0.148 -0.180 -0.529 -0.879 -1.230 -1.580 -1.931 -2.283 
23.547 23.236 22.923 22.610 22.295 21.980 21.663 21.345 21.027 20.707 20.386 20.064 19.741 19.417 19.092 18.765 18.438 18.110 17.780 17.450 17.118 16.786 16.452 16.118 15.782 15.445 15.107 14.768 14.428 14.087 13.745 13.402 13.058 12.713 12.367 12.020 11.671 11.322 10.972 10.621 10.268  9.915  9.561  9.206  8.850  8.493  8.135  7.776  7.417  7.056  6.695  6.333  5.970  5.606  5.241  4.876  4.510  4.143  3.776  3.408  3.039  2.670  2.300  1.929  1.558  1.187  0.815  0.442  0.069 -0.266 -0.639 -1.012 -1.385 -1.759 -2.134 -2.509 
23.312 23.000 22.688 22.374 22.060 21.744 21.427 21.110 20.791 20.471 20.150 19.828 19.505 19.181 18.856 18.530 18.203 17.874 17.545 17.215 16.883 16.551 16.217 15.882 15.547 15.210 14.872 14.533 14.193 13.851 13.509 13.166 12.821 12.476 12.129 11.781 11.432 11.082 10.731 10.378 10.025  9.671  9.315  8.958  8.600  8.242  7.882  7.521  7.159  6.795  6.431  6.066  5.700  5.333  4.966  4.597  4.227  3.857  3.486  3.114  2.742  2.368  1.995  1.620  1.245  0.870  0.494  0.118 -0.212 -0.571 -0.930 -1.290 -1.651 -2.011 -2.372 -2.734 
23.075 22.763 22.451 22.137 21.823 21.507 21.190 20.872 20.554 20.234 19.913 19.591 19.268 18.944 18.618 18.292 17.965 17.636 17.307 16.977 16.645 16.313 15.979 15.645 15.309 14.972 14.635 14.296 13.956 13.615 13.273 12.931 12.587 12.242 11.896 11.549 11.201 10.852 10.501 10.150  9.798  9.444  9.089  8.733  8.376  8.018  7.658  7.297  6.935  6.571  6.205  5.838  5.470  5.100  4.728  4.355  3.980  3.604  3.226  2.846  2.465  2.083  1.700  1.315  0.930  0.543  0.157 -0.175 -0.522 -0.870 -1.217 -1.565 -1.913 -2.262 -2.610 -2.960 
22.838 22.526 22.214 21.900 21.586 21.270 20.953 20.635 20.316 19.997 19.676 19.353 19.030 18.706 18.381 18.054 17.727 17.398 17.069 16.738 16.406 16.074 15.740 15.405 15.069 14.732 14.393 14.054 13.714 13.372 13.030 12.687 12.342 11.996 11.650 11.302 10.953 10.603 10.253  9.901  9.548  9.194  8.839  8.484  8.127  7.769  7.411  7.051  6.691  6.330  5.968  5.605  5.242  4.877  4.512  4.146  3.779  3.412  3.044  2.676  2.307  1.937  1.567  1.196  0.825  0.453  0.081 -0.251 -0.616 -0.982 -1.348 -1.715 -2.082 -2.449 -2.817 -3.186 
22.599 22.288 21.975 21.662 21.347 21.032 20.715 20.397 20.078 19.758 19.437 19.115 18.792 18.468 18.143 17.817 17.489 17.161 16.832 16.501 16.169 15.837 15.503 15.168 14.832 14.495 14.157 13.818 13.478 13.136 12.794 12.450 12.105 11.759 11.412 11.064 10.715 10.364 10.013  9.660  9.306  8.951  8.595  8.237  7.879  7.519  7.158  6.796  6.434  6.069  5.704  5.338  4.971  4.603  4.234  3.864  3.494  3.122  2.750  2.377  2.003  1.629  1.254  0.879  0.503  0.127 -0.201 -0.556 -0.912 -1.268 -1.624 -1.980 -2.337 -2.695 -3.053 -3.411 
22.360 22.049 21.736 21.423 21.108 20.793 20.476 20.158 19.839 19.519 19.198 18.876 18.553 18.228 17.903 17.577 17.249 16.921 16.591 16.260 15.929 15.596 15.262 14.927 14.592 14.255 13.917 13.578 13.238 12.897 12.555 12.212 11.868 11.523 11.176 10.829 10.481 10.132  9.782  9.431  9.079  8.726  8.372  8.017  7.660  7.303  6.944  6.584  6.223  5.860  5.496  5.130  4.763  4.393  4.021  3.647  3.271  2.892  2.511  2.128  1.742  1.353  0.962  0.570  0.176 -0.182 -0.527 -0.873 -1.218 -1.563 -1.908 -2.253 -2.598 -2.944 -3.290 -3.637 
22.122 21.810 21.498 21.184 20.870 20.554 20.237 19.919 19.600 19.280 18.959 18.637 18.314 17.990 17.664 17.338 17.010 16.682 16.352 16.021 15.689 15.356 15.022 14.687 14.351 14.013 13.675 13.335 12.995 12.653 12.310 11.967 11.622 11.276 10.929 10.581 10.231  9.881  9.530  9.178  8.824  8.470  8.115  7.759  7.401  7.043  6.684  6.324  5.963  5.601  5.239  4.876  4.511  4.146  3.781  3.415  3.047  2.680  2.312  1.943  1.573  1.203  0.833  0.462  0.091 -0.238 -0.598 -0.959 -1.321 -1.683 -2.045 -2.407 -2.771 -3.134 -3.498 -3.863 
21.882 21.570 21.258 20.944 20.630 20.314 19.997 19.679 19.360 19.041 18.720 18.397 18.074 17.750 17.425 17.099 16.771 16.443 16.113 15.783 15.451 15.118 14.784 14.449 14.113 13.776 13.438 13.099 12.759 12.417 12.074 11.731 11.386 11.040 10.693 10.344  9.995  9.644  9.292  8.939  8.585  8.229  7.872  7.514  7.155  6.795  6.433  6.071  5.707  5.342  4.975  4.608  4.240  3.871  3.500  3.129  2.757  2.384  2.011  1.637  1.262  0.886  0.511  0.134 -0.192 -0.545 -0.898 -1.251 -1.604 -1.957 -2.311 -2.666 -3.021 -3.376 -3.732 -4.089 
21.641 21.330 21.018 20.704 20.389 20.074 19.757 19.439 19.120 18.800 18.479 18.156 17.833 17.509 17.183 16.857 16.529 16.201 15.871 15.540 15.208 14.875 14.541 14.206 13.870 13.533 13.195 12.856 12.516 12.174 11.832 11.489 11.144 10.799 10.453 10.106  9.757  9.408  9.058  8.707  8.355  8.002  7.648  7.294  6.938  6.581  6.224  5.865  5.505  5.145  4.783  4.420  4.055  3.689  3.321  2.951  2.579  2.204  1.826  1.444  1.058  0.667  0.271 -0.131 -0.459 -0.795 -1.135 -1.479 -1.826 -2.176 -2.528 -2.882 -3.238 -3.596 -3.955 -4.314 
21.401 21.090 20.778 20.464 20.149 19.834 19.517 19.199 18.880 18.560 18.239 17.917 17.593 17.269 16.944 16.617 16.289 15.961 15.631 15.300 14.968 14.635 14.301 13.965 13.629 13.291 12.953 12.613 12.272 11.930 11.587 11.243 10.898 10.552 10.204  9.856  9.506  9.156  8.804  8.451  8.098  7.743  7.387  7.030  6.673  6.314  5.955  5.594  5.233  4.871  4.508  4.144  3.779  3.414  3.048  2.681  2.314  1.946  1.578  1.209  0.839  0.469  0.099 -0.228 -0.585 -0.942 -1.300 -1.659 -2.017 -2.376 -2.736 -3.095 -3.456 -3.817 -4.178 -4.540 
21.160 20.848 20.536 20.222 19.908 19.592 19.275 18.958 18.639 18.319 17.998 17.675 17.352 17.028 16.703 16.376 16.049 15.720 15.391 15.060 14.729 14.396 14.062 13.727 13.391 13.054 12.716 12.377 12.036 11.695 11.353 11.009 10.664 10.319  9.972  9.624  9.275  8.925  8.574  8.222  7.869  7.515  7.160  6.804  6.448  6.091  5.734  5.376  5.018  4.660  4.302  3.944  3.586  3.229  2.872  2.515  2.160  1.804  1.450  1.096  0.742  0.389  0.036 -0.206 -0.396 -0.584 -0.769 -0.952 -1.131 -1.307 -1.480 -1.648 -1.811 -1.970 -2.123 -2.271 
20.923 20.612 20.300 19.986 19.672 19.356 19.040 18.722 18.404 18.084 17.764 17.442 17.120 16.797 16.472 16.147 15.821 15.494 15.166 14.837 14.507 14.176 13.845 13.513 13.180 12.846 12.511 12.176 11.840 11.504 11.167 10.829 10.492 10.153  9.814  9.475  9.136  8.796  8.457  8.117  7.777  7.438  7.098  6.759  6.419  6.080  5.742  5.404  5.066  4.729  4.393  4.057  3.722  3.387  3.053  2.720  2.388  2.057  1.726  1.396  1.067  0.739  0.412  0.086 -0.106 -0.223 -0.332 -0.440 -0.547 -0.653 -0.757 -0.860 -0.961 -1.062 -1.160 -1.258 
20.721 20.410 20.098 19.785 19.472 19.158 18.843 18.527 18.211 17.893 17.576 17.257 16.938 16.618 16.298 15.977 15.655 15.333 15.010 14.687 14.363 14.039 13.715 13.390 13.065 12.739 12.413 12.087 11.761 11.435 11.109 10.783 10.456 10.130  9.804  9.478  9.153  8.827  8.503  8.178  7.854  7.531  7.209  6.887  6.566  6.245  5.926  5.608  5.290  4.974  4.658  4.344  4.031  3.719  3.409  3.099  2.791  2.484  2.178  1.873  1.569  1.267  0.965  0.665  0.365  0.066 -0.101 -0.193 -0.280 -0.366 -0.451 -0.535 -0.617 -0.699 -0.780 -0.860 
20.593 20.282 19.970 19.658 19.346 19.033 18.720 18.407 18.093 17.779 17.465 17.150 16.835 16.520 16.204 15.888 15.572 15.256 14.940 14.623 14.307 13.990 13.673 13.357 13.040 12.723 12.406 12.090 11.774 11.458 11.142 10.826 10.511 10.196  9.882  9.568  9.255  8.942  8.630  8.319  8.008  7.698  7.389  7.081  6.774  6.468  6.163  5.860  5.557  5.256  4.956  4.657  4.359  4.063  3.768  3.475  3.183  2.892  2.603  2.315  2.028  1.743  1.459  1.176  0.894  0.613  0.333  0.054 -0.098 -0.177 -0.252 -0.326 -0.398 -0.470 -0.540 -0.610 
20.543 20.232 19.921 19.610 19.299 18.988 18.676 18.365 18.054 17.743 17.431 17.120 16.809 16.498 16.187 15.876 15.565 15.254 14.943 14.632 14.322 14.012 13.702 13.392 13.083 12.774 12.465 12.156 11.848 11.541 11.234 10.927 10.621 10.316 10.011  9.707  9.403  9.101  8.799  8.498  8.198  7.898  7.600  7.303  7.007  6.711  6.418  6.125  5.833  5.543  5.254  4.967  4.681  4.396  4.113  3.832  3.552  3.273  2.996  2.721  2.446  2.174  1.903  1.633  1.364  1.097  0.831  0.566  0.302  0.039 -0.102 -0.172 -0.239 -0.304 -0.369 -0.432 
20.561 20.250 19.940 19.629 19.319 19.009 18.700 18.390 18.081 17.772 17.464 17.155 16.847 16.539 16.232 15.925 15.618 15.311 15.005 14.699 14.394 14.089 13.785 13.481 13.177 12.874 12.572 12.270 11.969 11.668 11.368 11.069 10.770 10.472 10.175  9.879  9.583  9.289  8.995  8.702  8.410  8.119  7.829  7.540  7.253  6.966  6.681  6.397  6.114  5.832  5.552  5.273  4.996  4.720  4.446  4.173  3.902  3.632  3.364  3.098  2.833  2.570  2.309  2.049  1.791  1.534  1.279  1.025  0.772  0.521  0.270  0.021 -0.111 -0.174 -0.234 -0.294 
20.635 20.324 20.014 19.704 19.395 19.086 18.778 18.470 18.162 17.855 17.549 17.242 16.937 16.632 16.327 16.023 15.719 15.416 15.114 14.812 14.511 14.210 13.910 13.611 13.312 13.014 12.717 12.420 12.124 11.829 11.534 11.241 10.948 10.656 10.365 10.075  9.786  9.498  9.210  8.924  8.639  8.355  8.071  7.789  7.508  7.229  6.950  6.672  6.396  6.121  5.847  5.575  5.304  5.034  4.766  4.499  4.234  3.971  3.709  3.449  3.191  2.934  2.680  2.427  2.176  1.927  1.680  1.434  1.191  0.949  0.708  0.470  0.232 -0.005 -0.125 -0.183 
20.754 20.443 20.133 19.824 19.515 19.207 18.899 18.592 18.286 17.981 17.676 17.371 17.068 16.765 16.462 16.161 15.860 15.560 15.260 14.961 14.663 14.366 14.069 13.773 13.478 13.184 12.891 12.598 12.307 12.016 11.726 11.437 11.149 10.862 10.575 10.290 10.006  9.723  9.441  9.159  8.879  8.601  8.323  8.046  7.771  7.496  7.223  6.951  6.681  6.411  6.143  5.876  5.610  5.346  5.083  4.822  4.562  4.304  4.047  3.792  3.539  3.289  3.041  2.796  2.554  2.317  2.083  1.855  1.631  1.413  1.200  0.993  0.791  0.593  0.399  0.207 
20.907 20.597 20.287 19.978 19.670 19.362 19.056 18.750 18.445 18.140 17.837 17.534 17.232 16.931 16.631 16.331 16.033 15.735 15.438 15.142 14.847 14.552 14.259 13.966 13.675 13.384 13.095 12.806 12.519 12.232 11.947 11.662 11.379 11.097 10.816 10.536 10.257  9.979  9.702  9.427  9.153  8.880  8.608  8.338  8.068  7.800  7.534  7.268  7.004  6.741  6.479  6.219  5.960  5.702  5.445  5.189  4.935  4.682  4.429  4.178  3.928  3.679  3.431  3.184  2.937  2.692  2.447  2.203  1.960  1.717  1.475  1.233  0.991  0.750  0.509  0.269 
21.093 20.783 20.473 20.165 19.857 19.550 19.244 18.939 18.635 18.332 18.029 17.728 17.427 17.127 16.829 16.531 16.234 15.938 15.643 15.349 15.055 14.763 14.472 14.182 13.892 13.604 13.316 13.030 12.744 12.460 12.176 11.893 11.612 11.331 11.051 10.773 10.495 10.218  9.942  9.667  9.393  9.120  8.848  8.577  8.307  8.038  7.769  7.502  7.235  6.969  6.704  6.440  6.177  5.914  5.653  5.392  5.131  4.872  4.613  4.354  4.097  3.840  3.583  3.327  3.072  2.817  2.562  2.308  2.054  1.800  1.547  1.294  1.041  0.788  0.535  0.283 
21.297 20.987 20.677 20.368 20.061 19.754 19.448 19.143 18.839 18.536 18.234 17.933 17.632 17.333 17.034 16.737 16.440 16.144 15.849 15.555 15.262 14.970 14.679 14.388 14.099 13.810 13.523 13.236 12.950 12.665 12.380 12.097 11.815 11.533 11.252 10.972 10.693 10.414 10.137  9.860  9.584  9.309  9.034  8.761  8.488  8.215  7.944  7.673  7.403  7.133  6.864  6.596  6.329  6.061  5.795  5.529  5.264  4.999  4.734  4.471  4.207  3.944  3.681  3.419  3.157  2.896  2.634  2.373  2.113  1.852  1.592  1.331  1.071  0.812  0.552  0.292 
21.499 21.189 20.879 20.570 20.263 19.956 19.650 19.345 19.040 18.737 18.434 18.133 17.832 17.532 17.233 16.935 16.637 16.341 16.045 15.751 15.457 15.163 14.871 14.580 14.289 13.999 13.710 13.422 13.135 12.848 12.562 12.277 11.993 11.709 11.426 11.144 10.863 10.582 10.302 10.023  9.744  9.466  9.189  8.912  8.636  8.360  8.086  7.811  7.538  7.265  6.992  6.720  6.448  6.177  5.907  5.636  5.367  5.097  4.828  4.560  4.292  4.024  3.756  3.489  3.222  2.956  2.689  2.423  2.157  1.891  1.625  1.360  1.094  0.829  0.564  0.299 
21.690 21.380 21.070 20.761 20.453 20.146 19.840 19.534 19.230 18.926 18.623 18.320 18.019 17.718 17.418 17.119 16.821 16.524 16.227 15.931 15.636 15.341 15.048 14.755 14.463 14.171 13.881 13.591 13.301 13.013 12.725 12.438 12.152 11.866 11.581 11.296 11.012 10.729 10.447 10.165  9.884  9.603  9.323  9.043  8.764  8.485  8.207  7.930  7.653  7.376  7.100  6.825  6.550  6.275  6.001  5.727  5.453  5.180  4.907  4.634  4.362  4.090  3.819  3.547  3.276  3.005  2.734  2.464  2.194  1.923  1.653  1.383  1.113  0.844  0.574  0.304 
21.868 21.557 21.247 20.938 20.630 20.323 20.016 19.710 19.405 19.100 18.797 18.494 18.191 17.890 17.589 17.289 16.990 16.691 16.393 16.096 15.800 15.504 15.209 14.915 14.621 14.328 14.035 13.744 13.453 13.162 12.873 12.583 12.295 12.007 11.720 11.433 11.147 10.861 10.576 10.292 10.008  9.725  9.442  9.159  8.877  8.596  8.315  8.035  7.755  7.475  7.196  6.917  6.639  6.361  6.083  5.806  5.529  5.252  4.976  4.699  4.424  4.148  3.873  3.598  3.323  3.048  2.774  2.499  2.225  1.951  1.677  1.403  1.130  0.856  0.582  0.309 
22.030 21.719 21.410 21.100 20.792 20.484 20.177 19.871 19.565 19.260 18.956 18.652 18.349 18.047 17.745 17.444 17.144 16.844 16.545 16.247 15.949 15.652 15.356 15.060 14.765 14.470 14.176 13.883 13.590 13.298 13.006 12.715 12.425 12.135 11.845 11.557 11.268 10.980 10.693 10.406 10.120  9.834  9.549  9.264  8.979  8.695  8.412  8.128  7.846  7.563  7.281  6.999  6.718  6.437  6.156  5.876  5.596  5.316  5.037  4.757  4.478  4.200  3.921  3.643  3.364  3.086  2.809  2.531  2.253  1.976  1.699  1.421  1.144  0.867  0.590  0.313 
22.178 21.868 21.558 21.248 20.940 20.632 20.324 20.018 19.711 19.406 19.101 18.797 18.493 18.190 17.888 17.586 17.284 16.984 16.684 16.384 16.085 15.787 15.489 15.192 14.896 14.600 14.304 14.009 13.715 13.421 13.128 12.835 12.543 12.251 11.959 11.668 11.378 11.088 10.799 10.509 10.221  9.932  9.644  9.356  9.068  8.779  8.491  8.202  7.912  7.622  7.329  7.035  6.738  6.439  6.135  5.826  5.512  5.191  4.862  4.524  4.174  3.812  3.435  3.041  2.629  2.199  1.750  1.284  0.803  0.313 -0.372 -1.208 -2.044 -2.878 -3.711 -4.540 
22.306 21.995 21.685 21.375 21.065 20.756 20.448 20.139 19.831 19.523 19.216 18.909 18.602 18.296 17.989 17.683 17.376 17.070 16.764 16.458 16.151 15.845 15.538 15.231 14.923 14.615 14.306 13.997 13.687 13.376 13.064 12.751 12.437 12.121 11.805 11.486 11.166 10.845 10.521 10.196  9.868  9.538  9.206  8.872  8.535  8.196  7.854  7.510  7.162  6.812  6.459  6.104  5.745  5.384  5.020  4.654  4.284  3.912  3.538  3.161  2.782  2.401  2.019  1.634  1.247  0.860  0.471  0.081 -0.278 -0.666 -1.053 -1.439 -1.824 -2.206 -2.585 -2.960 
22.322 22.011 21.700 21.389 21.077 20.765 20.453 20.140 19.827 19.514 19.200 18.886 18.572 18.257 17.942 17.627 17.310 16.994 16.677 16.359 16.040 15.721 15.402 15.081 14.760 14.438 14.115 13.791 13.466 13.140 12.814 12.486 12.157 11.827 11.496 11.165 10.831 10.497 10.162  9.826  9.488  9.149  8.809  8.468  8.126  7.783  7.439  7.094  6.748  6.401  6.053  5.704  5.354  5.004  4.653  4.301  3.949  3.596  3.243  2.889  2.535  2.181  1.827  1.473  1.119  0.764  0.411  0.057 -0.181 -0.360 -0.537 -0.713 -0.885 -1.054 -1.219 -1.380 
22.224 21.913 21.602 21.289 20.976 20.663 20.349 20.035 19.720 19.404 19.088 18.771 18.453 18.135 17.817 17.498 17.178 16.858 16.537 16.215 15.893 15.570 15.247 14.923 14.599 14.274 13.948 13.622 13.295 12.968 12.640 12.312 11.983 11.654 11.324 10.994 10.663 10.332 10.001  9.670  9.338  9.007  8.675  8.343  8.011  7.680  7.349  7.018  6.687  6.357  6.028  5.699  5.371  5.045  4.719  4.395  4.072  3.751  3.431  3.113  2.797  2.483  2.170  1.859  1.550  1.243  0.938  0.635  0.333  0.032 -0.096 -0.114 -0.127 -0.133 -0.042  0.200 
22.102 21.791 21.479 21.167 20.855 20.542 20.228 19.914 19.600 19.285 18.969 18.654 18.338 18.021 17.704 17.387 17.069 16.751 16.432 16.114 15.795 15.475 15.156 14.836 14.516 14.197 13.877 13.557 13.237 12.917 12.597 12.277 11.958 11.639 11.321 11.003 10.686 10.370 10.054  9.740  9.428  9.116  8.807  8.500  8.195  7.893  7.593  7.297  7.005  6.716  6.432  6.153  5.879  5.611  5.348  5.093  4.844  4.603  4.370  4.145  3.928  3.720  3.522  3.332  3.152  2.982  2.821  2.670  2.528  2.395  2.272  2.157  2.051  1.953  1.863  1.780 
22.038 21.727 21.416 21.105 20.794 20.484 20.173 19.862 19.552 19.241 18.931 18.621 18.311 18.002 17.693 17.384 17.076 16.768 16.460 16.154 15.848 15.543 15.238 14.935 14.632 14.331 14.031 13.732 13.434 13.138 12.844 12.551 12.260 11.971 11.685 11.400 11.118 10.838 10.561 10.286 10.015  9.746  9.481  9.219  8.960  8.705  8.454  8.206  7.963  7.723  7.488  7.257  7.031  6.810  6.593  6.381  6.175  5.973  5.777  5.586  5.401  5.222  5.048  4.880  4.718  4.563  4.413  4.270  4.133  4.002  3.878  3.761  3.651  3.547  3.450  3.360 
22.134 21.823 21.514 21.205 20.897 20.590 20.284 19.979 19.674 19.371 19.068 18.767 18.466 18.167 17.869 17.572 17.276 16.981 16.688 16.396 16.106 15.817 15.530 15.244 14.960 14.677 14.397 14.119 13.842 13.568 13.296 13.026 12.758 12.493 12.230 11.970 11.713 11.459 11.207 10.959 10.714 10.472 10.233  9.998  9.766  9.538  9.314  9.093  8.877  8.664  8.456  8.252  8.053  7.858  7.668  7.482  7.302  7.126  6.955  6.790  6.630  6.475  6.326  6.182  6.045  5.913  5.787  5.667  5.553  5.446  5.345  5.250  5.163  5.082  5.007  4.940 
22.401 22.091 21.782 21.475 21.169 20.865 20.563 20.262 19.963 19.665 19.369 19.075 18.782 18.491 18.202 17.915 17.629 17.345 17.064 16.784 16.506 16.230 15.957 15.685 15.416 15.149 14.885 14.622 14.363 14.105 13.851 13.599 13.350 13.104 12.861 12.620 12.383 12.149 11.918 11.691 11.466 11.246 11.029 10.816 10.606 10.400 10.199 10.001  9.807  9.618  9.433  9.253  9.077  8.905  8.739  8.577  8.420  8.269  8.122  7.981  7.845  7.714  7.589  7.470  7.357  7.249  7.147  7.052  6.963  6.880  6.803  6.733  6.669  6.613  6.563  6.520 
22.807 22.497 22.189 21.884 21.580 21.279 20.979 20.682 20.387 20.094 19.803 19.515 19.229 18.945 18.663 18.384 18.107 17.832 17.560 17.290 17.023 16.758 16.496 16.236 15.979 15.725 15.474 15.225 14.980 14.737 14.498 14.261 14.028 13.798 13.571 13.347 13.127 12.911 12.698 12.488 12.283 12.081 11.883 11.689 11.499 11.313 11.131 10.954 10.781 10.612 10.448 10.289 10.134  9.985  9.840  9.700  9.565  9.435  9.311  9.192  9.079  8.971  8.869  8.772  8.681  8.597  8.518  8.446  8.380  8.320  8.266  8.220  8.179  8.146  8.120  8.100 
23.330 23.020 22.713 22.409 22.107 21.808 21.511 21.217 20.925 20.636 20.350 20.067 19.786 19.508 19.232 18.959 18.690 18.422 18.158 17.897 17.638 17.382 17.130 16.880 16.633 16.389 16.149 15.911 15.676 15.445 15.217 14.992 14.770 14.552 14.337 14.125 13.917 13.712 13.510 13.311 13.116 12.925 12.737 12.552 12.370 12.192 12.018 11.846 11.678 11.513 11.352 11.193 11.038 10.886 10.736 10.590 10.446 10.306 10.167 10.032  9.898  9.768  9.639  9.512  9.387  9.265  9.143  9.024  8.905  8.788  8.672  8.556  8.442  8.327  8.214  8.100 
23.940 23.631 23.324 23.020 22.719 22.421 22.126 21.833 21.544 21.257 20.973 20.692 20.414 20.138 19.866 19.596 19.329 19.065 18.804 18.546 18.291 18.039 17.789 17.542 17.299 17.058 16.820 16.585 16.352 16.123 15.897 15.673 15.452 15.234 15.019 14.806 14.597 14.390 14.186 13.984 13.785 13.589 13.396 13.205 13.016 12.830 12.647 12.466 12.287 12.111 11.937 11.765 11.595 11.427 11.262 11.098 10.936 10.776 10.617 10.460 10.305 10.151  9.999  9.848  9.698  9.549  9.401  9.254  9.108  8.963  8.818  8.674  8.530  8.387  8.243  8.100 
24.575 24.266 23.959 23.655 23.354 23.056 22.760 22.468 22.178 21.891 21.607 21.325 21.047 20.771 20.497 20.227 19.959 19.695 19.432 19.173 18.916 18.662 18.411 18.162 17.916 17.673 17.432 17.194 16.958 16.725 16.495 16.267 16.041 15.818 15.597 15.379 15.163 14.950 14.739 14.530 14.323 14.119 13.916 13.716 13.518 13.322 13.128 12.935 12.745 12.557 12.370 12.185 12.002 11.820 11.640 11.461 11.284 11.108 10.934 10.760 10.588 10.417 10.247 10.078  9.910  9.743  9.577  9.411  9.246  9.081  8.917  8.753  8.589  8.426  8.263  8.100 
25.188 24.878 24.572 24.267 23.966 23.667 23.370 23.077 22.786 22.497 22.211 21.928 21.648 21.370 21.094 20.821 20.551 20.283 20.018 19.755 19.495 19.237 18.982 18.729 18.479 18.231 17.985 17.742 17.501 17.262 17.026 16.792 16.560 16.330 16.102 15.877 15.654 15.432 15.213 14.996 14.780 14.567 14.355 14.145 13.937 13.731 13.526 13.324 13.122 12.923 12.724 12.527 12.332 12.138 11.945 11.754 11.564 11.375 11.187 11.000 10.813 10.628 10.444 10.261 10.078  9.896  9.715  9.534  9.353  9.174  8.994  8.815  8.636  8.457  8.279  8.100 
25.759 25.450 25.142 24.838 24.535 24.235 23.938 23.643 23.350 23.060 22.772 22.487 22.204 21.924 21.645 21.369 21.096 20.825 20.556 20.289 20.025 19.763 19.503 19.246 18.990 18.737 18.486 18.237 17.990 17.745 17.503 17.262 17.023 16.787 16.552 16.319 16.088 15.859 15.631 15.406 15.182 14.960 14.739 14.520 14.303 14.087 13.873 13.660 13.448 13.238 13.030 12.822 12.616 12.411 12.207 12.004 11.802 11.602 11.402 11.203 11.005 10.807 10.611 10.415 10.220 10.025  9.831  9.638  9.444  9.252  9.059  8.867  8.675  8.483  8.292  8.100 
26.283 25.974 25.666 25.361 25.058 24.757 24.458 24.162 23.868 23.576 23.286 22.999 22.713 22.430 22.149 21.870 21.593 21.319 21.046 20.776 20.507 20.241 19.977 19.714 19.454 19.196 18.939 18.685 18.432 18.182 17.933 17.686 17.441 17.197 16.956 16.716 16.478 16.241 16.006 15.773 15.541 15.310 15.082 14.854 14.628 14.404 14.180 13.958 13.738 13.518 13.300 13.083 12.867 12.652 12.438 12.225 12.013 11.802 11.591 11.382 11.173 10.965 10.757 10.551 10.344 10.139  9.933  9.729  9.524  9.320  9.116  8.913  8.709  8.506  8.303  8.100 
26.761 26.452 26.144 25.838 25.534 25.232 24.933 24.635 24.339 24.046 23.754 23.464 23.177 22.891 22.607 22.325 22.046 21.768 21.492 21.217 20.945 20.675 20.406 20.140 19.875 19.612 19.350 19.091 18.833 18.577 18.322 18.069 17.818 17.569 17.321 17.074 16.829 16.586 16.344 16.103 15.864 15.626 15.390 15.155 14.921 14.688 14.457 14.226 13.997 13.769 13.542 13.316 13.091 12.867 12.644 12.422 12.201 11.980 11.761 11.541 11.323 11.105 10.888 10.672 10.455 10.240 10.025  9.810  9.595  9.381  9.167  8.954  8.740  8.527  8.313  8.100 
27.196 26.886 26.578 26.271 25.967 25.664 25.364 25.065 24.768 24.473 24.179 23.887 23.598 23.310 23.023 22.739 22.456 22.175 21.896 21.618 21.343 21.069 20.796 20.525 20.256 19.989 19.723 19.458 19.196 18.934 18.675 18.416 18.160 17.904 17.651 17.398 17.147 16.897 16.649 16.402 16.156 15.911 15.668 15.426 15.185 14.945 14.706 14.468 14.231 13.996 13.761 13.527 13.294 13.062 12.831 12.600 12.370 12.141 11.913 11.685 11.458 11.232 11.006 10.780 10.555 10.331 10.107  9.883  9.659  9.436  9.213  8.990  8.767  8.545  8.322  8.100 
27.590 27.280 26.972 26.665 26.360 26.057 25.755 25.455 25.157 24.860 24.565 24.271 23.980 23.689 23.401 23.114 22.829 22.545 22.263 21.982 21.703 21.425 21.149 20.875 20.602 20.330 20.060 19.792 19.524 19.258 18.994 18.731 18.469 18.209 17.949 17.692 17.435 17.179 16.925 16.672 16.420 16.170 15.920 15.671 15.424 15.177 14.932 14.687 14.443 14.201 13.959 13.718 13.477 13.238 12.999 12.761 12.524 12.287 12.051 11.816 11.581 11.346 11.112 10.879 10.646 10.413 10.181  9.949  9.717  9.486  9.254  9.023  8.792  8.561  8.331  8.100 
27.948 27.637 27.329 27.022 26.716 26.412 26.110 25.809 25.509 25.211 24.915 24.620 24.326 24.034 23.743 23.454 23.166 22.880 22.595 22.312 22.030 21.749 21.470 21.192 20.915 20.640 20.366 20.094 19.822 19.552 19.283 19.016 18.750 18.484 18.220 17.958 17.696 17.435 17.176 16.917 16.660 16.403 16.148 15.894 15.640 15.388 15.136 14.885 14.635 14.386 14.138 13.890 13.643 13.397 13.152 12.907 12.663 12.419 12.176 11.933 11.691 11.450 11.209 10.968 10.728 10.488 10.248 10.009  9.769  9.531  9.292  9.053  8.815  8.576  8.338  8.100 
28.272 27.962 27.653 27.345 27.039 26.735 26.431 26.129 25.829 25.530 25.232 24.935 24.640 24.346 24.054 23.762 23.473 23.184 22.897 22.611 22.326 22.043 21.760 21.479 21.200 20.921 20.644 20.367 20.092 19.819 19.546 19.274 19.004 18.734 18.466 18.199 17.932 17.667 17.403 17.139 16.877 16.615 16.355 16.095 15.836 15.578 15.321 15.065 14.809 14.554 14.300 14.046 13.793 13.541 13.290 13.039 12.788 12.538 12.289 12.040 11.792 11.543 11.296 11.049 10.802 10.555 10.309 10.063  9.817  9.571  9.326  9.080  8.835  8.590  8.345  8.100 
28.566 28.255 27.946 27.639 27.332 27.027 26.723 26.420 26.119 25.818 25.519 25.221 24.925 24.629 24.335 24.042 23.750 23.460 23.170 22.882 22.595 22.309 22.024 21.740 21.457 21.176 20.895 20.616 20.337 20.060 19.784 19.508 19.234 18.961 18.688 18.417 18.147 17.877 17.608 17.341 17.074 16.807 16.542 16.278 16.014 15.751 15.489 15.227 14.966 14.706 14.447 14.188 13.930 13.672 13.415 13.158 12.902 12.647 12.391 12.137 11.882 11.628 11.375 11.122 10.869 10.616 10.364 10.112  9.860  9.608  9.356  9.105  8.854  8.602  8.351  8.100 
28.832 28.522 28.213 27.905 27.598 27.292 26.987 26.684 26.381 26.080 25.780 25.481 25.183 24.886 24.590 24.295 24.002 23.709 23.418 23.127 22.838 22.550 22.262 21.976 21.691 21.406 21.123 20.841 20.559 20.279 19.999 19.721 19.443 19.166 18.890 18.615 18.341 18.067 17.795 17.523 17.252 16.982 16.712 16.443 16.175 15.908 15.641 15.375 15.109 14.844 14.580 14.316 14.053 13.790 13.528 13.267 13.005 12.745 12.484 12.224 11.965 11.706 11.447 11.188 10.930 10.672 10.414 10.156  9.899  9.641  9.384  9.127  8.870  8.614  8.357  8.100 
29.074 28.763 28.454 28.146 27.838 27.532 27.227 26.923 26.620 26.317 26.016 25.716 25.417 25.119 24.821 24.525 24.230 23.936 23.642 23.350 23.059 22.768 22.479 22.190 21.902 21.616 21.330 21.045 20.760 20.477 20.195 19.913 19.632 19.352 19.073 18.795 18.517 18.240 17.964 17.688 17.414 17.139 16.866 16.593 16.321 16.050 15.779 15.508 15.239 14.970 14.701 14.433 14.165 13.898 13.631 13.365 13.099 12.834 12.569 12.304 12.039 11.775 11.512 11.248 10.985 10.722 10.459 10.196  9.934  9.672  9.410  9.148  8.886  8.624  8.362  8.100 
29.293 28.982 28.673 28.364 28.057 27.750 27.444 27.139 26.835 26.532 26.230 25.929 25.629 25.330 25.031 24.733 24.437 24.141 23.846 23.552 23.259 22.966 22.675 22.384 22.094 21.805 21.517 21.230 20.943 20.657 20.372 20.087 19.804 19.521 19.239 18.957 18.677 18.396 18.117 17.838 17.560 17.283 17.006 16.729 16.454 16.178 15.904 15.630 15.356 15.083 14.810 14.538 14.267 13.995 13.724 13.454 13.184 12.914 12.645 12.376 12.107 11.839 11.570 11.303 11.035 10.767 10.500 10.233  9.966  9.699  9.432  9.166  8.899  8.633  8.366  8.100 
29.491 29.181 28.871 28.562 28.254 27.947 27.641 27.336 27.031 26.727 26.425 26.122 25.821 25.521 25.221 24.922 24.624 24.327 24.031 23.735 23.440 23.146 22.853 22.560 22.268 21.977 21.687 21.397 21.108 20.820 20.532 20.246 19.959 19.674 19.389 19.105 18.821 18.538 18.256 17.974 17.693 17.412 17.132 16.853 16.574 16.295 16.017 15.739 15.462 15.186 14.910 14.634 14.359 14.084 13.809 13.535 13.261 12.987 12.714 12.441 12.168 11.896 11.624 11.352 11.080 10.809 10.537 10.266  9.995  9.724  9.453  9.182  8.912  8.641  8.371  8.100 
29.671 29.361 29.051 28.742 28.434 28.126 27.820 27.514 27.209 26.904 26.601 26.298 25.995 25.694 25.393 25.093 24.794 24.496 24.198 23.901 23.604 23.309 23.014 22.720 22.426 22.133 21.841 21.549 21.258 20.968 20.678 20.389 20.100 19.813 19.525 19.239 18.952 18.667 18.382 18.097 17.813 17.530 17.247 16.964 16.682 16.401 16.120 15.839 15.559 15.279 15.000 14.721 14.442 14.164 13.886 13.608 13.331 13.054 12.777 12.500 12.224 11.948 11.672 11.397 11.121 10.846 10.571 10.296 10.021  9.747  9.472  9.198  8.923  8.649  8.374  8.100 
29.834 29.524 29.214 28.905 28.596 28.289 27.982 27.675 27.369 27.064 26.760 26.456 26.153 25.851 25.550 25.249 24.948 24.649 24.350 24.051 23.753 23.456 23.160 22.864 22.569 22.274 21.980 21.687 21.394 21.102 20.810 20.519 20.228 19.938 19.649 19.360 19.071 18.783 18.496 18.209 17.922 17.636 17.351 17.066 16.781 16.497 16.213 15.929 15.646 15.364 15.081 14.799 14.517 14.236 13.955 13.674 13.394 13.114 12.834 12.554 12.274 11.995 11.716 11.437 11.159 10.880 10.602 10.323 10.045  9.767  9.489  9.211  8.933  8.656  8.378  8.100 
29.982 29.672 29.362 29.052 28.744 28.436 28.128 27.821 27.515 27.210 26.905 26.600 26.297 25.994 25.691 25.389 25.088 24.787 24.487 24.188 23.889 23.590 23.292 22.995 22.698 22.402 22.107 21.812 21.517 21.223 20.930 20.637 20.344 20.052 19.761 19.470 19.179 18.889 18.599 18.310 18.021 17.733 17.445 17.158 16.870 16.584 16.297 16.011 15.725 15.440 15.155 14.870 14.586 14.302 14.018 13.734 13.451 13.168 12.885 12.603 12.320 12.038 11.756 11.474 11.192 10.911 10.629 10.348 10.067  9.786  9.505  9.224  8.943  8.662  8.381  8.100 
30.116 29.806 29.496 29.186 28.877 28.569 28.261 27.954 27.647 27.341 27.036 26.731 26.427 26.123 25.819 25.517 25.214 24.913 24.612 24.311 24.011 23.711 23.412 23.114 22.816 22.518 22.221 21.925 21.629 21.333 21.038 20.743 20.449 20.155 19.862 19.569 19.277 18.985 18.693 18.402 18.111 17.821 17.531 17.241 16.951 16.662 16.374 16.085 15.797 15.510 15.222 14.935 14.648 14.361 14.075 13.789 13.503 13.217 12.932 12.647 12.362 12.077 11.792 11.507 11.223 10.939 10.654 10.370 10.086  9.802  9.519  9.235  8.951  8.667  8.384  8.100 
