30.516 30.205 29.894 29.583 29.273 28.962 28.651 28.340 28.029 27.718 27.407 27.096 26.785 26.474 26.164 25.853 25.542 25.231 24.920 24.609 24.298 23.987 23.676 23.365 23.054 22.743 22.432 22.121 21.810 21.499 21.188 20.876 20.565 20.254 19.943 19.631 19.320 19.008 18.697 18.385 18.073 17.761 17.449 17.137 16.825 16.512 16.200 15.887 15.574 15.260 14.947 14.633 14.319 14.005 13.690 13.375 13.059 12.744 12.427 12.110 11.793 11.475 11.157 10.838 10.518 10.198  9.877  9.555  9.232  8.909  8.585  8.259  7.933  7.606  7.278  6.949 
30.514 30.203 29.892 29.581 29.270 28.959 28.648 28.337 28.026 27.715 27.403 27.092 26.781 26.470 26.158 25.847 25.535 25.224 24.912 24.601 24.289 23.977 23.665 23.354 23.041 22.729 22.417 22.105 21.792 21.480 21.167 20.854 20.541 20.228 19.914 19.601 19.287 18.973 18.659 18.344 18.029 17.714 17.399 17.083 16.767 16.451 16.134 15.817 15.500 15.182 14.864 14.545 14.226 13.906 13.586 13.266 12.944 12.622 12.300 11.977 11.653 11.328 11.003 10.677 10.350 10.023  9.695  9.365  9.035  8.704  8.372  8.039  7.705  7.370  7.034  6.697 
30.501 30.190 29.879 29.568 29.257 28.945 28.634 28.322 28.011 27.699 27.387 27.075 26.763 26.451 26.139 25.827 25.514 25.202 24.889 24.576 24.263 23.949 23.636 23.322 23.009 22.695 22.381 22.066 21.752 21.437 21.122 20.806 20.491 20.175 19.859 19.542 19.226 18.909 18.591 18.273 17.955 17.637 17.318 16.998 16.679 16.358 16.038 15.717 15.395 15.073 14.750 14.427 14.103 13.778 13.453 13.128 12.801 12.474 12.147 11.818 11.489 11.159 10.828 10.497 10.164  9.831  9.497  9.162  8.826  8.489  8.151  7.812  7.472  7.131  6.789  6.446 
30.472 30.161 29.850 29.538 29.227 28.915 28.603 28.291 27.979 27.667 27.354 27.041 26.728 26.415 26.102 25.788 25.475 25.161 24.846 24.532 24.217 23.902 23.587 23.272 22.956 22.640 22.324 22.007 21.690 21.373 21.056 20.738 20.420 20.101 19.782 19.463 19.143 18.823 18.502 18.181 17.860 17.538 17.216 16.893 16.569 16.245 15.921 15.596 15.270 14.944 14.617 14.290 13.962 13.633 13.304 12.973 12.643 12.311 11.979 11.646 11.312 10.977 10.641 10.305  9.968  9.630  9.291  8.951  8.610  8.268  7.925  7.581  7.236  6.890  6.543  6.194 
30.424 30.113 29.802 29.490 29.178 28.866 28.554 28.242 27.929 27.616 27.302 26.989 26.675 26.361 26.046 25.732 25.416 25.101 24.786 24.470 24.153 23.837 23.520 23.203 22.885 22.567 22.249 21.930 21.611 21.291 20.971 20.651 20.330 20.009 19.688 19.365 19.043 18.720 18.396 18.072 17.748 17.423 17.097 16.771 16.444 16.117 15.789 15.460 15.131 14.801 14.471 14.140 13.808 13.475 13.142 12.808 12.473 12.137 11.801 11.464 11.126 10.787 10.447 10.106  9.765  9.422  9.079  8.734  8.389  8.043  7.695  7.347  6.998  6.647  6.296  5.943 
30.358 30.047 29.736 29.424 29.112 28.800 28.487 28.174 27.861 27.547 27.233 26.918 26.604 26.288 25.973 25.657 25.341 25.024 24.707 24.390 24.072 23.754 23.435 23.116 22.797 22.477 22.157 21.836 21.515 21.193 20.871 20.549 20.226 19.902 19.578 19.253 18.928 18.602 18.276 17.949 17.622 17.294 16.965 16.636 16.306 15.976 15.645 15.313 14.981 14.647 14.314 13.979 13.644 13.308 12.971 12.633 12.295 11.955 11.615 11.274 10.933 10.590 10.246  9.902  9.556  9.210  8.863  8.515  8.165  7.815  7.464  7.111  6.758  6.404  6.048  5.691 
30.276 29.965 29.653 29.341 29.029 28.716 28.403 28.090 27.776 27.461 27.147 26.831 26.516 26.200 25.883 25.566 25.249 24.931 24.613 24.294 23.975 23.656 23.335 23.015 22.694 22.372 22.050 21.728 21.405 21.081 20.757 20.432 20.107 19.781 19.455 19.128 18.800 18.472 18.143 17.814 17.484 17.153 16.822 16.490 16.158 15.824 15.490 15.156 14.820 14.484 14.147 13.809 13.471 13.132 12.792 12.451 12.109 11.767 11.423 11.079 10.734 10.388 10.041  9.693  9.344  8.994  8.643  8.292  7.939  7.585  7.230  6.874  6.517  6.159  5.800  5.440 
30.178 29.867 29.555 29.243 28.930 28.617 28.304 27.990 27.675 27.361 27.045 26.729 26.413 26.096 25.779 25.461 25.142 24.824 24.504 24.184 23.864 23.543 23.221 22.899 22.577 22.254 21.930 21.606 21.281 20.955 20.629 20.303 19.976 19.648 19.319 18.990 18.661 18.330 17.999 17.668 17.335 17.002 16.669 16.334 15.999 15.663 15.327 14.989 14.651 14.312 13.973 13.632 13.291 12.949 12.606 12.262 11.917 11.572 11.225 10.878 10.530 10.181  9.831  9.480  9.128  8.775  8.421  8.066  7.710  7.353  6.995  6.636  6.276  5.914  5.552  5.189 
30.065 29.754 29.442 29.130 28.817 28.504 28.190 27.876 27.561 27.246 26.930 26.613 26.296 25.978 25.660 25.342 25.022 24.702 24.382 24.061 23.739 23.417 23.094 22.771 22.447 22.123 21.797 21.472 21.145 20.818 20.491 20.162 19.833 19.504 19.173 18.842 18.511 18.178 17.845 17.512 17.177 16.842 16.506 16.169 15.832 15.494 15.155 14.815 14.474 14.133 13.791 13.448 13.104 12.759 12.413 12.067 11.720 11.372 11.022 10.672 10.321  9.969  9.617  9.263  8.908  8.552  8.195  7.838  7.479  7.119  6.758  6.396  6.033  5.669  5.303  4.937 
29.940 29.629 29.317 29.005 28.692 28.378 28.064 27.749 27.434 27.118 26.802 26.484 26.167 25.848 25.530 25.210 24.890 24.569 24.248 23.926 23.603 23.280 22.956 22.631 22.306 21.980 21.654 21.327 20.999 20.670 20.341 20.011 19.681 19.349 19.017 18.685 18.351 18.017 17.682 17.346 17.010 16.673 16.335 15.996 15.657 15.316 14.975 14.633 14.290 13.947 13.602 13.257 12.911 12.564 12.216 11.867 11.517 11.166 10.815 10.462 10.109  9.754  9.399  9.043  8.685  8.327  7.968  7.607  7.246  6.883  6.520  6.155  5.789  5.423  5.055  4.686 
29.803 29.491 29.180 28.867 28.554 28.240 27.926 27.611 27.295 26.979 26.662 26.344 26.026 25.707 25.387 25.067 24.746 24.425 24.103 23.780 23.456 23.132 22.807 22.481 22.155 21.828 21.500 21.172 20.843 20.513 20.182 19.851 19.519 19.186 18.852 18.518 18.183 17.847 17.511 17.173 16.835 16.496 16.156 15.816 15.474 15.132 14.789 14.445 14.100 13.755 13.408 13.061 12.712 12.363 12.013 11.662 11.310 10.957 10.603 10.249  9.893  9.536  9.178  8.820  8.460  8.099  7.738  7.375  7.011  6.646  6.280  5.913  5.545  5.176  4.806  4.434 
29.655 29.344 29.032 28.719 28.406 28.092 27.777 27.462 27.146 26.829 26.512 26.194 25.875 25.555 25.235 24.914 24.593 24.270 23.947 23.624 23.299 22.974 22.648 22.322 21.994 21.666 21.337 21.008 20.677 20.346 20.015 19.682 19.349 19.014 18.679 18.344 18.007 17.670 17.332 16.993 16.653 16.312 15.971 15.629 15.285 14.941 14.597 14.251 13.904 13.557 13.208 12.859 12.509 12.158 11.806 11.453 11.099 10.744 10.388 10.031  9.673  9.315  8.955  8.594  8.232  7.869  7.506  7.141  6.775  6.408  6.040  5.670  5.300  4.929  4.556  4.183 
29.497 29.186 28.874 28.561 28.248 27.934 27.619 27.303 26.987 26.670 26.352 26.034 25.714 25.394 25.074 24.752 24.430 24.107 23.783 23.459 23.134 22.808 22.481 22.153 21.825 21.496 21.166 20.836 20.504 20.172 19.839 19.505 19.171 18.835 18.499 18.162 17.824 17.485 17.146 16.806 16.464 16.122 15.779 15.435 15.091 14.745 14.399 14.051 13.703 13.354 13.004 12.653 12.301 11.948 11.594 11.239 10.884 10.527 10.169  9.811  9.451  9.090  8.729  8.366  8.002  7.637  7.272  6.905  6.537  6.168  5.798  5.427  5.055  4.681  4.307  3.931 
29.331 29.020 28.708 28.395 28.081 27.767 27.452 27.136 26.819 26.502 26.184 25.865 25.545 25.225 24.904 24.582 24.259 23.935 23.611 23.286 22.960 22.633 22.306 21.977 21.648 21.318 20.988 20.656 20.324 19.991 19.656 19.322 18.986 18.649 18.312 17.974 17.635 17.295 16.954 16.612 16.270 15.926 15.582 15.237 14.891 14.544 14.196 13.847 13.497 13.147 12.795 12.442 12.089 11.734 11.379 11.023 10.665 10.307  9.948  9.587  9.226  8.863  8.500  8.136  7.770  7.404  7.036  6.668  6.298  5.927  5.555  5.183  4.809  4.433  4.057  3.680 
29.157 28.845 28.533 28.220 27.907 27.592 27.277 26.961 26.644 26.326 26.008 25.689 25.369 25.048 24.726 24.404 24.080 23.756 23.431 23.106 22.779 22.452 22.123 21.794 21.464 21.134 20.802 20.470 20.137 19.802 19.467 19.132 18.795 18.457 18.119 17.780 17.440 17.099 16.757 16.414 16.070 15.725 15.380 15.033 14.686 14.338 13.989 13.638 13.287 12.935 12.582 12.228 11.873 11.517 11.160 10.803 10.444 10.084  9.723  9.361  8.998  8.634  8.269  7.903  7.536  7.168  6.799  6.429  6.058  5.685  5.312  4.938  4.562  4.185  3.807  3.429 
28.975 28.664 28.352 28.039 27.725 27.410 27.095 26.779 26.462 26.144 25.825 25.505 25.185 24.864 24.542 24.219 23.895 23.570 23.245 22.919 22.591 22.263 21.935 21.605 21.274 20.943 20.611 20.277 19.943 19.608 19.273 18.936 18.598 18.260 17.921 17.580 17.239 16.897 16.554 16.210 15.865 15.520 15.173 14.825 14.477 14.127 13.777 13.426 13.073 12.720 12.366 12.010 11.654 11.297 10.939 10.580 10.219  9.858  9.496  9.133  8.768  8.403  8.037  7.669  7.301  6.931  6.561  6.189  5.817  5.443  5.068  4.692  4.315  3.937  3.558  3.177 
28.787 28.476 28.164 27.851 27.537 27.222 26.906 26.590 26.273 25.955 25.636 25.316 24.995 24.673 24.351 24.028 23.703 23.378 23.052 22.726 22.398 22.069 21.740 21.410 21.078 20.746 20.413 20.080 19.745 19.409 19.073 18.735 18.397 18.057 17.717 17.376 17.034 16.691 16.347 16.002 15.656 15.310 14.962 14.613 14.264 13.913 13.562 13.209 12.856 12.501 12.146 11.790 11.432 11.074 10.714 10.354  9.993  9.630  9.267  8.902  8.537  8.170  7.802  7.434  7.064  6.693  6.321  5.948  5.574  5.199  4.823  4.446  4.068  3.688  3.307  2.926 
28.593 28.282 27.970 27.657 27.343 27.028 26.712 26.395 26.078 25.760 25.440 25.120 24.799 24.477 24.155 23.831 23.506 23.181 22.854 22.527 22.199 21.870 21.540 21.209 20.877 20.545 20.211 19.877 19.541 19.205 18.868 18.529 18.190 17.850 17.509 17.167 16.824 16.481 16.136 15.790 15.443 15.096 14.747 14.398 14.047 13.696 13.343 12.990 12.635 12.280 11.923 11.566 11.207 10.848 10.487 10.126  9.763  9.400  9.035  8.670  8.303  7.935  7.566  7.197  6.826  6.454  6.081  5.707  5.331  4.955  4.578  4.199  3.820  3.439  3.057  2.674 
28.394 28.083 27.770 27.457 27.143 26.828 26.512 26.196 25.878 25.559 25.240 24.920 24.598 24.276 23.953 23.629 23.304 22.978 22.651 22.324 21.995 21.666 21.335 21.004 20.672 20.338 20.004 19.669 19.333 18.996 18.658 18.319 17.980 17.639 17.297 16.955 16.611 16.266 15.921 15.574 15.227 14.878 14.529 14.179 13.827 13.475 13.121 12.767 12.412 12.055 11.698 11.340 10.980 10.620 10.258  9.896  9.532  9.168  8.802  8.435  8.068  7.699  7.329  6.958  6.586  6.213  5.839  5.464  5.088  4.710  4.332  3.952  3.572  3.190  2.807  2.423 
28.190 27.878 27.566 27.253 26.939 26.624 26.308 25.991 25.673 25.354 25.035 24.714 24.393 24.070 23.747 23.422 23.097 22.771 22.444 22.116 21.787 21.457 21.126 20.794 20.462 20.128 19.793 19.458 19.121 18.784 18.445 18.106 17.765 17.424 17.082 16.738 16.394 16.049 15.703 15.355 15.007 14.658 14.308 13.957 13.604 13.251 12.897 12.542 12.186 11.828 11.470 11.111 10.751 10.389 10.027  9.663  9.299  8.934  8.567  8.199  7.831  7.461  7.090  6.718  6.346  5.972  5.596  5.220  4.843  4.465  4.085  3.705  3.323  2.940  2.556  2.171 
27.981 27.670 27.357 27.044 26.730 26.415 26.099 25.782 25.464 25.145 24.825 24.504 24.183 23.860 23.536 23.212 22.886 22.560 22.232 21.904 21.575 21.244 20.913 20.581 20.248 19.914 19.578 19.242 18.905 18.567 18.228 17.888 17.547 17.205 16.863 16.519 16.174 15.828 15.481 15.133 14.784 14.434 14.084 13.732 13.379 13.025 12.670 12.314 11.957 11.599 11.240 10.880 10.519 10.157  9.794  9.429  9.064  8.698  8.331  7.962  7.593  7.222  6.850  6.478  6.104  5.729  5.353  4.976  4.598  4.219  3.838  3.457  3.074  2.691  2.306  1.920 
27.768 27.457 27.145 26.831 26.517 26.202 25.886 25.569 25.251 24.932 24.612 24.291 23.969 23.646 23.322 22.997 22.671 22.345 22.017 21.688 21.359 21.028 20.696 20.364 20.030 19.696 19.360 19.024 18.686 18.348 18.008 17.668 17.326 16.984 16.641 16.296 15.951 15.604 15.257 14.908 14.559 14.208 13.857 13.504 13.151 12.796 12.441 12.084 11.726 11.368 11.008 10.647 10.286  9.923  9.559  9.194  8.828  8.461  8.093  7.723  7.353  6.982  6.609  6.236  5.861  5.486  5.109  4.731  4.352  3.972  3.591  3.209  2.825  2.441  2.055  1.669 
27.552 27.241 26.929 26.615 26.301 25.986 25.669 25.352 25.034 24.715 24.395 24.074 23.751 23.428 23.104 22.779 22.453 22.126 21.798 21.469 21.139 20.808 20.476 20.144 19.810 19.475 19.139 18.802 18.464 18.125 17.785 17.444 17.103 16.760 16.416 16.071 15.725 15.378 15.030 14.681 14.331 13.980 13.628 13.275 12.921 12.566 12.209 11.852 11.494 11.135 10.774 10.413 10.050  9.687  9.322  8.957  8.590  8.222  7.853  7.484  7.113  6.741  6.367  5.993  5.618  5.242  4.864  4.486  4.106  3.725  3.343  2.960  2.576  2.191  1.805  1.417 
27.333 27.021 26.709 26.396 26.081 25.766 25.450 25.132 24.814 24.495 24.174 23.853 23.531 23.208 22.883 22.558 22.232 21.905 21.577 21.247 20.917 20.586 20.254 19.920 19.586 19.251 18.915 18.577 18.239 17.900 17.560 17.218 16.876 16.533 16.188 15.843 15.497 15.149 14.801 14.451 14.101 13.749 13.397 13.043 12.689 12.333 11.976 11.618 11.260 10.900 10.539 10.177  9.814  9.450  9.084  8.718  8.351  7.983  7.613  7.243  6.871  6.498  6.125  5.750  5.374  4.997  4.619  4.239  3.859  3.478  3.095  2.711  2.327  1.941  1.554  1.166 
27.110 26.799 26.486 26.173 25.859 25.543 25.227 24.909 24.591 24.272 23.951 23.630 23.308 22.984 22.660 22.334 22.008 21.680 21.352 21.023 20.692 20.361 20.028 19.695 19.360 19.025 18.688 18.350 18.012 17.672 17.332 16.990 16.647 16.304 15.959 15.613 15.266 14.919 14.570 14.220 13.869 13.517 13.164 12.810 12.455 12.098 11.741 11.383 11.024 10.663 10.302  9.939  9.576  9.211  8.845  8.479  8.111  7.742  7.372  7.001  6.629  6.255  5.881  5.505  5.129  4.751  4.373  3.993  3.612  3.230  2.847  2.462  2.077  1.691  1.303  0.914 
26.885 26.574 26.261 25.948 25.633 25.318 25.001 24.684 24.366 24.046 23.726 23.404 23.081 22.758 22.433 22.108 21.781 21.454 21.125 20.795 20.465 20.133 19.800 19.466 19.132 18.796 18.459 18.121 17.782 17.442 17.101 16.759 16.416 16.072 15.727 15.381 15.034 14.686 14.337 13.986 13.635 13.283 12.929 12.575 12.219 11.862 11.505 11.146 10.786 10.425 10.063  9.700  9.336  8.971  8.605  8.238  7.869  7.500  7.129  6.758  6.385  6.011  5.637  5.261  4.884  4.505  4.126  3.746  3.364  2.982  2.598  2.213  1.827  1.440  1.052  0.663 
26.657 26.346 26.033 25.720 25.406 25.090 24.774 24.456 24.138 23.818 23.497 23.176 22.853 22.529 22.205 21.879 21.552 21.224 20.896 20.566 20.235 19.903 19.570 19.236 18.901 18.565 18.228 17.890 17.551 17.210 16.869 16.527 16.184 15.839 15.494 15.147 14.800 14.451 14.102 13.751 13.399 13.047 12.693 12.338 11.982 11.625 11.267 10.908 10.548 10.186  9.824  9.460  9.096  8.730  8.364  7.996  7.627  7.257  6.886  6.514  6.141  5.767  5.392  5.015  4.638  4.259  3.879  3.498  3.116  2.733  2.349  1.964  1.577  1.190  0.801  0.411 
26.427 26.116 25.804 25.490 25.176 24.860 24.544 24.226 23.907 23.588 23.267 22.945 22.622 22.299 21.974 21.648 21.321 20.993 20.664 20.334 20.003 19.671 19.338 19.004 18.668 18.332 17.995 17.657 17.317 16.977 16.635 16.293 15.949 15.604 15.259 14.912 14.564 14.215 13.865 13.514 13.162 12.809 12.455 12.100 11.744 11.386 11.028 10.668 10.308  9.946  9.583  9.219  8.855  8.489  8.122  7.753  7.384  7.014  6.642  6.270  5.896  5.522  5.146  4.769  4.391  4.012  3.632  3.250  2.868  2.485  2.100  1.714  1.327  0.939  0.550  0.160 
26.195 25.884 25.572 25.258 24.944 24.628 24.311 23.994 23.675 23.355 23.035 22.713 22.390 22.066 21.741 21.415 21.088 20.760 20.431 20.101 19.770 19.437 19.104 18.770 18.434 18.098 17.760 17.422 17.082 16.741 16.400 16.057 15.713 15.368 15.022 14.675 14.327 13.978 13.628 13.276 12.924 12.571 12.216 11.861 11.504 11.146 10.787 10.428 10.067  9.705  9.342  8.977  8.612  8.246  7.878  7.510  7.140  6.770  6.398  6.025  5.651  5.276  4.900  4.522  4.144  3.765  3.384  3.002  2.619  2.236  1.850  1.464  1.077  0.689  0.299 -0.091 
25.962 25.650 25.338 25.024 24.710 24.394 24.078 23.760 23.441 23.121 22.801 22.479 22.156 21.832 21.507 21.181 20.853 20.525 20.196 19.866 19.534 19.202 18.868 18.534 18.198 17.862 17.524 17.185 16.845 16.504 16.163 15.820 15.475 15.130 14.784 14.437 14.089 13.739 13.389 13.037 12.685 12.331 11.976 11.620 11.263 10.906 10.546 10.186  9.825  9.463  9.099  8.735  8.369  8.002  7.635  7.265  6.895  6.523  6.151  5.776  5.401  5.024  4.645  4.265  3.884  3.500  3.116  2.729  2.341  1.952  1.561  1.168  0.774  0.379 -0.017 -0.343 
25.726 25.415 25.102 24.789 24.474 24.159 23.842 23.524 23.205 22.885 22.565 22.242 21.919 21.595 21.270 20.944 20.616 20.288 19.959 19.628 19.296 18.964 18.630 18.295 17.959 17.622 17.284 16.945 16.604 16.263 15.921 15.577 15.232 14.886 14.540 14.192 13.842 13.492 13.141 12.788 12.434 12.080 11.724 11.367 11.008 10.649 10.288  9.927  9.564  9.200  8.835  8.468  8.101  7.732  7.363  6.992  6.620  6.247  5.872  5.497  5.121  4.743  4.365  3.986  3.605  3.224  2.842  2.459  2.076  1.692  1.307  0.921  0.535  0.149 -0.200 -0.594 
25.487 25.176 24.863 24.550 24.235 23.919 23.603 23.285 22.966 22.646 22.325 22.002 21.679 21.355 21.029 20.703 20.375 20.047 19.717 19.386 19.054 18.721 18.387 18.052 17.716 17.379 17.040 16.701 16.360 16.018 15.676 15.332 14.987 14.641 14.294 13.946 13.596 13.246 12.895 12.542 12.188 11.833 11.477 11.120 10.761 10.402 10.041  9.679  9.316  8.951  8.586  8.219  7.850  7.480  7.109  6.737  6.363  5.988  5.612  5.234  4.854  4.473  4.091  3.707  3.322  2.935  2.547  2.157  1.766  1.373  0.979  0.583  0.184 -0.185 -0.516 -0.846 
25.245 24.934 24.621 24.308 23.993 23.677 23.360 23.042 22.723 22.403 22.082 21.760 21.436 21.112 20.786 20.459 20.131 19.802 19.472 19.141 18.809 18.476 18.141 17.806 17.469 17.131 16.792 16.452 16.111 15.769 15.425 15.081 14.735 14.388 14.041 13.692 13.342 12.991 12.638 12.285 11.931 11.575 11.218 10.861 10.502 10.142  9.781  9.420  9.057  8.693  8.328  7.962  7.595  7.227  6.858  6.489  6.118  5.747  5.374  5.001  4.627  4.252  3.877  3.500  3.123  2.745  2.367  1.987  1.608  1.227  0.846  0.464  0.081 -0.275 -0.686 -1.097 
25.000 24.689 24.376 24.062 23.748 23.432 23.115 22.797 22.478 22.157 21.836 21.514 21.190 20.866 20.540 20.213 19.885 19.556 19.226 18.894 18.562 18.228 17.894 17.558 17.221 16.883 16.544 16.204 15.862 15.520 15.176 14.831 14.485 14.138 13.790 13.440 13.089 12.737 12.384 12.030 11.675 11.318 10.960 10.601 10.241  9.880  9.518  9.154  8.789  8.423  8.056  7.688  7.319  6.948  6.577  6.204  5.831  5.456  5.080  4.704  4.327  3.948  3.569  3.190  2.809  2.428  2.046  1.663  1.280  0.897  0.513  0.128 -0.213 -0.591 -0.970 -1.349 
24.752 24.440 24.128 23.814 23.499 23.184 22.867 22.548 22.229 21.909 21.587 21.265 20.941 20.616 20.290 19.963 19.635 19.306 18.975 18.644 18.311 17.978 17.643 17.307 16.970 16.632 16.293 15.952 15.611 15.268 14.924 14.580 14.234 13.887 13.538 13.189 12.839 12.487 12.134 11.781 11.425 11.069 10.712 10.353  9.993  9.632  9.269  8.905  8.540  8.174  7.806  7.436  7.065  6.693  6.319  5.944  5.567  5.189  4.809  4.428  4.045  3.661  3.276  2.889  2.502  2.113  1.723  1.332  0.941  0.549  0.157 -0.178 -0.533 -0.888 -1.244 -1.600 
24.502 24.190 23.878 23.564 23.249 22.933 22.616 22.298 21.979 21.658 21.337 21.014 20.690 20.365 20.039 19.712 19.384 19.054 18.723 18.392 18.059 17.725 17.390 17.053 16.716 16.377 16.037 15.697 15.355 15.012 14.667 14.322 13.975 13.628 13.279 12.929 12.578 12.226 11.873 11.519 11.163 10.807 10.449 10.091  9.731  9.371  9.009  8.646  8.283  7.918  7.553  7.186  6.819  6.450  6.081  5.711  5.340  4.968  4.596  4.222  3.848  3.473  3.097  2.720  2.342  1.962  1.580  1.195  0.806  0.413  0.014 -0.333 -0.708 -1.087 -1.469 -1.851 
24.250 23.938 23.626 23.312 22.997 22.681 22.364 22.046 21.726 21.406 21.084 20.762 20.438 20.113 19.787 19.459 19.131 18.801 18.471 18.139 17.806 17.472 17.136 16.800 16.462 16.124 15.784 15.443 15.100 14.757 14.412 14.066 13.720 13.371 13.022 12.672 12.320 11.967 11.613 11.258 10.901 10.544 10.185  9.825  9.464  9.102  8.738  8.374  8.008  7.641  7.274  6.905  6.535  6.164  5.792  5.419  5.045  4.670  4.295  3.918  3.541  3.163  2.784  2.404  2.024  1.643  1.262  0.880  0.498  0.115 -0.225 -0.599 -0.974 -1.350 -1.726 -2.103 
23.995 23.684 23.371 23.057 22.743 22.427 22.109 21.791 21.472 21.151 20.830 20.507 20.183 19.858 19.531 19.204 18.876 18.546 18.215 17.883 17.550 17.216 16.881 16.544 16.207 15.868 15.528 15.187 14.845 14.502 14.157 13.812 13.465 13.117 12.768 12.418 12.067 11.714 11.360 11.005 10.649 10.291  9.932  9.572  9.211  8.848  8.484  8.118  7.751  7.383  7.013  6.642  6.270  5.896  5.521  5.144  4.766  4.387  4.007  3.625  3.242  2.859  2.474  2.088  1.701  1.314  0.926  0.538  0.149 -0.187 -0.547 -0.908 -1.268 -1.630 -1.992 -2.354 
23.740 23.428 23.116 22.802 22.487 22.171 21.854 21.536 21.216 20.895 20.574 20.251 19.927 19.601 19.275 18.947 18.619 18.289 17.958 17.626 17.292 16.958 16.622 16.285 15.947 15.608 15.268 14.927 14.584 14.241 13.896 13.550 13.203 12.855 12.506 12.155 11.804 11.451 11.098 10.743 10.387 10.030  9.673  9.314  8.954  8.593  8.231  7.868  7.504  7.139  6.773  6.407  6.039  5.670  5.300  4.929  4.557  4.184  3.809  3.433  3.054  2.674  2.291  1.905  1.516  1.121  0.720  0.313 -0.101 -0.442 -0.792 -1.148 -1.509 -1.872 -2.238 -2.606 
23.483 23.172 22.859 22.545 22.230 21.914 21.597 21.279 20.959 20.638 20.317 19.994 19.670 19.344 19.018 18.690 18.362 18.032 17.700 17.368 17.035 16.700 16.364 16.028 15.689 15.350 15.010 14.668 14.325 13.981 13.636 13.290 12.942 12.593 12.243 11.892 11.540 11.186 10.832 10.476 10.119  9.761  9.401  9.041  8.679  8.317  7.953  7.588  7.222  6.855  6.487  6.118  5.748  5.377  5.006  4.633  4.259  3.885  3.510  3.134  2.757  2.380  2.002  1.624  1.244  0.865  0.485  0.104 -0.234 -0.608 -0.981 -1.355 -1.730 -2.105 -2.481 -2.857 
23.224 22.913 22.600 22.287 21.972 21.656 21.338 21.020 20.700 20.380 20.058 19.735 19.411 19.085 18.759 18.431 18.103 17.773 17.442 17.109 16.776 16.442 16.106 15.769 15.431 15.092 14.752 14.410 14.068 13.724 13.379 13.033 12.685 12.337 11.987 11.636 11.283 10.930 10.575 10.219  9.861  9.503  9.143  8.781  8.419  8.055  7.690  7.323  6.955  6.586  6.215  5.843  5.470  5.096  4.721  4.344  3.966  3.587  3.207  2.826  2.445  2.062  1.679  1.295  0.910  0.525  0.140 -0.196 -0.558 -0.921 -1.285 -1.648 -2.013 -2.377 -2.743 -3.109 
22.965 22.654 22.341 22.027 21.712 21.396 21.079 20.760 20.441 20.120 19.798 19.475 19.151 18.825 18.498 18.171 17.842 17.512 17.180 16.848 16.514 16.180 15.844 15.507 15.168 14.829 14.489 14.147 13.804 13.460 13.115 12.769 12.422 12.073 11.724 11.373 11.022 10.669 10.315  9.960  9.605  9.247  8.889  8.530  8.170  7.809  7.446  7.083  6.718  6.352  5.984  5.615  5.245  4.873  4.499  4.122  3.744  3.363  2.979  2.591  2.201  1.807  1.409  1.008  0.604  0.196 -0.198 -0.548 -0.897 -1.246 -1.596 -1.947 -2.298 -2.651 -3.005 -3.360 
22.705 22.393 22.081 21.767 21.452 21.136 20.819 20.500 20.180 19.860 19.538 19.215 18.890 18.565 18.238 17.910 17.581 17.251 16.920 16.587 16.253 15.918 15.582 15.245 14.906 14.567 14.226 13.884 13.541 13.196 12.850 12.504 12.156 11.807 11.456 11.105 10.752 10.398 10.043  9.687  9.330  8.972  8.612  8.252  7.890  7.528  7.164  6.799  6.434  6.067  5.699  5.331  4.961  4.591  4.220  3.848  3.476  3.102  2.728  2.353  1.978  1.602  1.225  0.848  0.471  0.093 -0.244 -0.617 -0.989 -1.363 -1.736 -2.110 -2.485 -2.860 -3.235 -3.611 
22.443 22.132 21.819 21.505 21.190 20.874 20.557 20.238 19.919 19.598 19.276 18.953 18.629 18.303 17.977 17.649 17.320 16.990 16.659 16.326 15.992 15.658 15.322 14.985 14.646 14.307 13.966 13.624 13.281 12.936 12.591 12.244 11.896 11.547 11.196 10.844 10.491 10.137  9.781  9.424  9.066  8.707  8.346  7.984  7.621  7.256  6.891  6.524  6.156  5.786  5.416  5.044  4.671  4.298  3.923  3.547  3.170  2.793  2.414  2.035  1.655  1.275  0.894  0.512  0.130 -0.204 -0.568 -0.933 -1.297 -1.662 -2.028 -2.394 -2.760 -3.127 -3.495 -3.863 
22.181 21.869 21.557 21.243 20.928 20.612 20.294 19.976 19.656 19.335 19.013 18.690 18.366 18.040 17.713 17.385 17.056 16.726 16.395 16.062 15.728 15.394 15.058 14.720 14.382 14.043 13.702 13.360 13.017 12.673 12.328 11.982 11.635 11.286 10.937 10.586 10.234  9.881  9.527  9.171  8.815  8.457  8.098  7.738  7.376  7.013  6.648  6.282  5.914  5.544  5.173  4.799  4.424  4.047  3.667  3.286  2.902  2.516  2.129  1.739  1.348  0.956  0.562  0.167 -0.180 -0.537 -0.894 -1.251 -1.608 -1.965 -2.322 -2.680 -3.038 -3.396 -3.755 -4.114 
21.918 21.607 21.294 20.980 20.665 20.349 20.032 19.713 19.394 19.073 18.750 18.427 18.103 17.777 17.450 17.122 16.793 16.463 16.131 15.798 15.464 15.129 14.793 14.455 14.116 13.777 13.435 13.093 12.750 12.405 12.059 11.712 11.364 11.015 10.665 10.313  9.960  9.607  9.252  8.896  8.539  8.181  7.822  7.461  7.100  6.738  6.375  6.011  5.646  5.280  4.913  4.546  4.177  3.808  3.438  3.067  2.696  2.324  1.951  1.578  1.204  0.830  0.455  0.080 -0.256 -0.627 -0.999 -1.371 -1.744 -2.117 -2.490 -2.864 -3.239 -3.614 -3.989 -4.366 
21.655 21.343 21.031 20.717 20.402 20.086 19.768 19.450 19.130 18.809 18.487 18.164 17.840 17.514 17.187 16.859 16.530 16.200 15.868 15.536 15.202 14.867 14.530 14.193 13.854 13.514 13.173 12.830 12.487 12.142 11.796 11.449 11.100 10.750 10.399 10.047  9.693  9.339  8.983  8.625  8.267  7.907  7.546  7.184  6.821  6.457  6.091  5.724  5.357  4.988  4.618  4.248  3.876  3.503  3.130  2.756  2.381  2.005  1.629  1.252  0.874  0.495  0.116 -0.210 -0.530 -0.846 -1.157 -1.460 -1.755 -2.039 -2.309 -2.565 -2.805 -3.027 -3.231 -3.416 
21.390 21.079 20.766 20.452 20.137 19.821 19.504 19.185 18.865 18.544 18.222 17.899 17.575 17.249 16.923 16.595 16.266 15.936 15.605 15.273 14.939 14.605 14.270 13.933 13.596 13.257 12.918 12.577 12.236 11.894 11.551 11.207 10.862 10.517 10.171  9.824  9.477  9.130  8.781  8.433  8.084  7.735  7.385  7.036  6.686  6.336  5.986  5.636  5.287  4.937  4.588  4.239  3.891  3.543  3.195  2.848  2.501  2.155  1.810  1.465  1.121  0.778  0.435  0.094 -0.112 -0.240 -0.362 -0.482 -0.601 -0.719 -0.835 -0.949 -1.062 -1.173 -1.282 -1.390 
21.145 20.834 20.522 20.208 19.894 19.579 19.263 18.946 18.628 18.309 17.989 17.668 17.347 17.024 16.701 16.377 16.052 15.726 15.399 15.072 14.744 14.416 14.086 13.757 13.426 13.095 12.764 12.432 12.100 11.768 11.435 11.102 10.768 10.435 10.101  9.768  9.435  9.101  8.768  8.435  8.103  7.771  7.439  7.108  6.778  6.448  6.119  5.791  5.463  5.137  4.812  4.487  4.164  3.842  3.521  3.201  2.883  2.565  2.249  1.934  1.620  1.307  0.995  0.684  0.374  0.066 -0.110 -0.207 -0.299 -0.390 -0.480 -0.568 -0.656 -0.742 -0.828 -0.912 
20.968 20.657 20.345 20.033 19.720 19.406 19.092 18.777 18.462 18.146 17.830 17.513 17.195 16.877 16.559 16.240 15.921 15.601 15.281 14.961 14.640 14.319 13.998 13.676 13.355 13.033 12.711 12.389 12.067 11.745 11.424 11.102 10.780 10.459 10.138  9.817  9.497  9.177  8.858  8.539  8.221  7.903  7.587  7.271  6.956  6.642  6.329  6.017  5.706  5.396  5.088  4.781  4.475  4.171  3.868  3.567  3.267  2.968  2.671  2.375  2.081  1.788  1.496  1.206  0.916  0.628  0.341  0.055 -0.102 -0.184 -0.262 -0.338 -0.414 -0.489 -0.563 -0.636 
20.873 20.562 20.250 19.939 19.627 19.315 19.003 18.691 18.378 18.065 17.752 17.439 17.125 16.812 16.498 16.184 15.871 15.557 15.243 14.929 14.615 14.301 13.987 13.673 13.360 13.046 12.733 12.420 12.107 11.795 11.483 11.171 10.860 10.549 10.238  9.929  9.620  9.311  9.003  8.696  8.390  8.084  7.780  7.476  7.174  6.872  6.572  6.272  5.974  5.677  5.382  5.088  4.795  4.504  4.214  3.926  3.639  3.354  3.070  2.788  2.508  2.228  1.951  1.674  1.399  1.126  0.853  0.582  0.311  0.042 -0.103 -0.176 -0.245 -0.313 -0.380 -0.446 
20.852 20.541 20.230 19.920 19.609 19.298 18.988 18.677 18.367 18.057 17.746 17.436 17.126 16.817 16.507 16.198 15.888 15.579 15.270 14.962 14.654 14.346 14.038 13.731 13.424 13.117 12.811 12.505 12.200 11.895 11.591 11.288 10.985 10.682 10.381 10.080  9.780  9.480  9.182  8.884  8.587  8.291  7.996  7.702  7.409  7.118  6.827  6.538  6.249  5.963  5.677  5.393  5.110  4.829  4.549  4.271  3.995  3.720  3.446  3.175  2.904  2.636  2.369  2.104  1.840  1.577  1.316  1.057  0.798  0.541  0.285  0.030 -0.106 -0.172 -0.235 -0.297 
20.893 20.583 20.272 19.962 19.652 19.343 19.034 18.725 18.416 18.108 17.800 17.493 17.186 16.879 16.573 16.267 15.961 15.656 15.351 15.047 14.744 14.440 14.138 13.836 13.534 13.233 12.933 12.633 12.334 12.035 11.737 11.440 11.144 10.849 10.554 10.260  9.967  9.675  9.384  9.093  8.804  8.516  8.228  7.942  7.657  7.373  7.090  6.808  6.527  6.248  5.970  5.694  5.418  5.145  4.872  4.602  4.332  4.065  3.799  3.535  3.272  3.012  2.753  2.495  2.240  1.986  1.734  1.483  1.234  0.987  0.741  0.496  0.252  0.010 -0.117 -0.177 
20.985 20.674 20.364 20.055 19.746 19.437 19.129 18.821 18.514 18.208 17.902 17.597 17.292 16.987 16.684 16.380 16.078 15.776 15.475 15.174 14.874 14.574 14.276 13.978 13.680 13.384 13.088 12.793 12.498 12.205 11.912 11.620 11.329 11.039 10.750 10.462 10.174  9.888  9.602  9.318  9.035  8.752  8.471  8.191  7.912  7.634  7.357  7.082  6.808  6.535  6.263  5.993  5.724  5.456  5.191  4.927  4.665  4.404  4.146  3.891  3.637  3.387  3.139  2.895  2.654  2.416  2.182  1.952  1.725  1.503  1.283  1.067  0.854  0.643  0.434  0.227 
21.117 20.807 20.497 20.188 19.879 19.571 19.264 18.958 18.652 18.347 18.042 17.739 17.436 17.134 16.832 16.531 16.232 15.932 15.634 15.336 15.040 14.744 14.449 14.154 13.861 13.568 13.277 12.986 12.697 12.408 12.120 11.833 11.547 11.263 10.979 10.696 10.415 10.134  9.855  9.577  9.300  9.024  8.749  8.475  8.203  7.932  7.662  7.393  7.125  6.859  6.593  6.329  6.066  5.804  5.544  5.284  5.026  4.768  4.512  4.257  4.003  3.749  3.497  3.245  2.994  2.744  2.495  2.246  1.998  1.751  1.504  1.257  1.011  0.765  0.519  0.274 
21.285 20.975 20.665 20.356 20.048 19.741 19.435 19.129 18.824 18.520 18.217 17.915 17.613 17.313 17.013 16.714 16.416 16.119 15.822 15.527 15.232 14.938 14.645 14.353 14.062 13.772 13.483 13.194 12.906 12.620 12.334 12.049 11.765 11.482 11.200 10.919 10.638 10.359 10.080  9.803  9.526  9.250  8.975  8.701  8.428  8.155  7.884  7.613  7.343  7.074  6.805  6.538  6.271  6.005  5.740  5.475  5.211  4.948  4.685  4.423  4.162  3.901  3.640  3.380  3.121  2.862  2.603  2.345  2.087  1.829  1.572  1.314  1.058  0.801  0.544  0.287 
21.472 21.162 20.852 20.543 20.235 19.928 19.622 19.317 19.012 18.708 18.406 18.104 17.802 17.502 17.203 16.904 16.606 16.309 16.013 15.718 15.423 15.130 14.837 14.545 14.254 13.963 13.674 13.385 13.097 12.810 12.524 12.238 11.954 11.670 11.387 11.104 10.823 10.542 10.262  9.982  9.704  9.426  9.149  8.872  8.596  8.321  8.047  7.773  7.500  7.227  6.955  6.684  6.413  6.143  5.873  5.604  5.335  5.067  4.799  4.532  4.265  3.999  3.732  3.467  3.201  2.936  2.671  2.406  2.142  1.878  1.614  1.350  1.086  0.823  0.559  0.296 
21.659 21.348 21.039 20.730 20.422 20.114 19.808 19.503 19.198 18.894 18.591 18.288 17.987 17.686 17.386 17.087 16.789 16.491 16.194 15.898 15.603 15.308 15.015 14.722 14.430 14.138 13.848 13.558 13.269 12.980 12.692 12.405 12.119 11.833 11.548 11.264 10.980 10.698 10.415 10.134  9.853  9.572  9.292  9.013  8.735  8.456  8.179  7.902  7.626  7.350  7.074  6.799  6.525  6.251  5.977  5.704  5.431  5.159  4.887  4.615  4.344  4.073  3.802  3.532  3.262  2.992  2.722  2.453  2.184  1.914  1.645  1.377  1.108  0.839  0.571  0.302 
21.836 21.525 21.215 20.906 20.598 20.291 19.984 19.678 19.373 19.069 18.765 18.462 18.160 17.858 17.558 17.258 16.958 16.660 16.362 16.065 15.769 15.473 15.178 14.884 14.591 14.298 14.006 13.714 13.423 13.133 12.844 12.555 12.266 11.979 11.692 11.405 11.120 10.834 10.550 10.266  9.982  9.699  9.417  9.135  8.853  8.572  8.292  8.012  7.733  7.454  7.175  6.897  6.619  6.342  6.065  5.788  5.512  5.236  4.960  4.685  4.410  4.135  3.860  3.586  3.312  3.038  2.764  2.491  2.218  1.944  1.671  1.398  1.125  0.853  0.580  0.307 
22.000 21.689 21.379 21.070 20.762 20.454 20.147 19.841 19.535 19.230 18.926 18.622 18.319 18.017 17.716 17.415 17.115 16.815 16.516 16.218 15.921 15.624 15.328 15.032 14.737 14.443 14.149 13.856 13.563 13.271 12.980 12.689 12.399 12.110 11.821 11.532 11.244 10.957 10.670 10.383 10.097  9.812  9.527  9.243  8.959  8.675  8.392  8.109  7.827  7.545  7.263  6.982  6.702  6.421  6.141  5.861  5.582  5.303  5.024  4.745  4.467  4.189  3.911  3.633  3.355  3.078  2.801  2.524  2.247  1.970  1.694  1.417  1.141  0.864  0.588  0.312 
22.150 21.839 21.530 21.220 20.912 20.604 20.296 19.990 19.684 19.378 19.073 18.769 18.466 18.163 17.860 17.559 17.257 16.957 16.657 16.358 16.059 15.761 15.464 15.167 14.870 14.575 14.279 13.985 13.691 13.397 13.104 12.812 12.520 12.228 11.937 11.647 11.357 11.067 10.778 10.489 10.201  9.914  9.626  9.340  9.053  8.767  8.482  8.196  7.911  7.627  7.343  7.059  6.775  6.492  6.209  5.927  5.644  5.362  5.080  4.799  4.517  4.236  3.955  3.675  3.394  3.114  2.833  2.553  2.273  1.993  1.714  1.434  1.154  0.875  0.595  0.316 
22.287 21.977 21.667 21.357 21.049 20.740 20.433 20.126 19.819 19.513 19.208 18.903 18.599 18.295 17.992 17.690 17.388 17.086 16.785 16.485 16.185 15.886 15.587 15.289 14.992 14.695 14.398 14.102 13.806 13.511 13.217 12.922 12.629 12.335 12.043 11.750 11.459 11.167 10.876 10.586 10.295 10.006  9.716  9.427  9.139  8.850  8.562  8.275  7.988  7.701  7.414  7.128  6.842  6.556  6.271  5.985  5.701  5.416  5.131  4.847  4.563  4.279  3.996  3.712  3.429  3.145  2.862  2.579  2.297  2.014  1.731  1.449  1.166  0.884  0.601  0.319 
22.413 22.102 21.792 21.482 21.173 20.865 20.557 20.249 19.943 19.636 19.330 19.025 18.720 18.416 18.112 17.809 17.506 17.204 16.902 16.601 16.300 16.000 15.700 15.401 15.102 14.804 14.506 14.208 13.911 13.615 13.319 13.023 12.728 12.433 12.139 11.845 11.551 11.258 10.965 10.673 10.381 10.089  9.798  9.507  9.216  8.926  8.636  8.346  8.057  7.768  7.479  7.190  6.902  6.614  6.326  6.039  5.751  5.464  5.177  4.891  4.604  4.318  4.032  3.746  3.460  3.174  2.889  2.603  2.318  2.032  1.747  1.462  1.177  0.892  0.607  0.322 
22.526 22.216 21.906 21.596 21.287 20.978 20.670 20.362 20.055 19.748 19.442 19.136 18.831 18.526 18.221 17.917 17.614 17.311 17.008 16.706 16.405 16.103 15.803 15.502 15.202 14.903 14.604 14.305 14.007 13.709 13.412 13.115 12.818 12.522 12.226 11.930 11.635 11.340 11.046 10.752 10.458 10.165  9.872  9.579  9.286  8.994  8.702  8.411  8.119  7.828  7.537  7.247  6.957  6.666  6.377  6.087  5.798  5.508  5.219  4.930  4.642  4.353  4.065  3.776  3.488  3.200  2.912  2.625  2.337  2.049  1.762  1.474  1.187  0.899  0.612  0.325 
22.630 22.319 22.009 21.699 21.390 21.081 20.773 20.465 20.157 19.850 19.543 19.237 18.931 18.626 18.321 18.016 17.712 17.408 17.105 16.802 16.500 16.197 15.896 15.594 15.294 14.993 14.693 14.393 14.094 13.795 13.496 13.198 12.900 12.602 12.305 12.008 11.712 11.415 11.119 10.824 10.528 10.233  9.939  9.644  9.350  9.056  8.763  8.469  8.176  7.883  7.591  7.298  7.006  6.714  6.422  6.131  5.839  5.548  5.257  4.966  4.676  4.385  4.095  3.804  3.514  3.224  2.934  2.644  2.354  2.064  1.775  1.485  1.196  0.906  0.617  0.327 
22.724 22.414 22.103 21.793 21.484 21.175 20.866 20.558 20.250 19.943 19.636 19.329 19.023 18.717 18.411 18.106 17.801 17.497 17.193 16.889 16.586 16.283 15.980 15.678 15.376 15.075 14.774 14.473 14.173 13.873 13.573 13.273 12.974 12.676 12.377 12.079 11.781 11.483 11.186 10.889 10.592 10.296 10.000  9.704  9.408  9.113  8.818  8.523  8.228  7.933  7.639  7.345  7.051  6.757  6.464  6.171  5.877  5.584  5.292  4.999  4.706  4.414  4.122  3.829  3.537  3.245  2.953  2.662  2.370  2.078  1.787  1.495  1.204  0.912  0.621  0.329 
22.810 22.499 22.189 21.879 21.569 21.260 20.951 20.643 20.335 20.027 19.719 19.412 19.106 18.799 18.493 18.188 17.882 17.577 17.273 16.968 16.664 16.361 16.057 15.754 15.452 15.150 14.848 14.546 14.244 13.943 13.643 13.342 13.042 12.742 12.442 12.143 11.844 11.545 11.247 10.949 10.651 10.353 10.055  9.758  9.461  9.164  8.867  8.571  8.275  7.979  7.683  7.388  7.092  6.797  6.502  6.207  5.912  5.617  5.323  5.029  4.734  4.440  4.146  3.852  3.559  3.265  2.971  2.678  2.384  2.091  1.798  1.504  1.211  0.918  0.624  0.331 
22.888 22.577 22.267 21.957 21.647 21.338 21.029 20.720 20.411 20.103 19.796 19.488 19.181 18.874 18.568 18.262 17.956 17.650 17.345 17.040 16.736 16.431 16.127 15.824 15.520 15.217 14.914 14.612 14.310 14.008 13.706 13.405 13.104 12.803 12.502 12.202 11.901 11.602 11.302 11.003 10.703 10.404 10.106  9.807  9.509  9.211  8.913  8.615  8.318  8.020  7.723  7.426  7.129  6.833  6.536  6.240  5.943  5.647  5.351  5.056  4.760  4.464  4.169  3.873  3.578  3.283  2.987  2.692  2.397  2.102  1.807  1.512  1.218  0.923  0.628  0.333 
22.959 22.648 22.338 22.027 21.718 21.408 21.099 20.790 20.481 20.173 19.865 19.557 19.250 18.943 18.636 18.329 18.023 17.717 17.411 17.106 16.801 16.496 16.191 15.887 15.583 15.279 14.975 14.672 14.369 14.066 13.764 13.461 13.159 12.858 12.556 12.255 11.954 11.653 11.352 11.052 10.751 10.451 10.152  9.852  9.552  9.253  8.954  8.655  8.356  8.058  7.759  7.461  7.163  6.865  6.567  6.270  5.972  5.675  5.377  5.080  4.783  4.486  4.189  3.892  3.595  3.299  3.002  2.706  2.409  2.113  1.816  1.520  1.224  0.927  0.631  0.335 
23.023 22.712 22.402 22.092 21.782 21.472 21.163 20.854 20.545 20.236 19.928 19.620 19.312 19.005 18.697 18.390 18.084 17.777 17.471 17.165 16.860 16.554 16.249 15.944 15.639 15.335 15.031 14.727 14.423 14.119 13.816 13.513 13.210 12.908 12.605 12.303 12.001 11.699 11.398 11.096 10.795 10.494 10.193  9.893  9.592  9.292  8.992  8.692  8.392  8.092  7.793  7.493  7.194  6.895  6.596  6.297  5.998  5.699  5.401  5.102  4.804  4.506  4.208  3.909  3.611  3.313  3.016  2.718  2.420  2.122  1.824  1.527  1.229  0.931  0.634  0.336 
23.082 22.771 22.460 22.150 21.840 21.530 21.221 20.912 20.603 20.294 19.985 19.677 19.369 19.061 18.754 18.446 18.139 17.832 17.526 17.219 16.913 16.607 16.302 15.996 15.691 15.386 15.081 14.776 14.472 14.168 13.864 13.560 13.257 12.953 12.650 12.347 12.044 11.742 11.439 11.137 10.835 10.533 10.231  9.930  9.628  9.327  9.026  8.725  8.424  8.123  7.823  7.522  7.222  6.922  6.622  6.322  6.022  5.722  5.422  5.123  4.823  4.524  4.224  3.925  3.626  3.327  3.028  2.729  2.430  2.131  1.832  1.533  1.234  0.935  0.636  0.338 
23.135 22.824 22.514 22.203 21.893 21.583 21.274 20.964 20.655 20.346 20.037 19.729 19.421 19.112 18.805 18.497 18.190 17.882 17.575 17.269 16.962 16.656 16.349 16.043 15.738 15.432 15.127 14.822 14.517 14.212 13.907 13.603 13.299 12.995 12.691 12.387 12.083 11.780 11.477 11.174 10.871 10.568 10.266  9.963  9.661  9.359  9.057  8.755  8.453  8.151  7.850  7.549  7.247  6.946  6.645  6.344  6.043  5.742  5.442  5.141  4.841  4.540  4.240  3.939  3.639  3.339  3.039  2.739  2.439  2.139  1.839  1.539  1.239  0.939  0.639  0.339 
23.183 22.872 22.562 22.252 21.941 21.631 21.322 21.012 20.703 20.394 20.085 19.776 19.467 19.159 18.851 18.543 18.235 17.928 17.620 17.313 17.006 16.699 16.393 16.086 15.780 15.474 15.168 14.863 14.557 14.252 13.947 13.642 13.337 13.032 12.728 12.423 12.119 11.815 11.511 11.207 10.904 10.600 10.297  9.994  9.691  9.388  9.085  8.782  8.480  8.177  7.875  7.573  7.270  6.968  6.666  6.365  6.063  5.761  5.459  5.158  4.856  4.555  4.254  3.952  3.651  3.350  3.049  2.748  2.447  2.146  1.845  1.544  1.243  0.942  0.641  0.340 
23.227 22.916 22.605 22.295 21.985 21.674 21.364 21.055 20.745 20.435 20.126 19.817 19.507 19.198 18.889 18.580 18.271 17.962 17.653 17.344 17.035 16.726 16.416 16.106 15.796 15.486 15.175 14.864 14.552 14.239 13.926 13.611 13.296 12.980 12.662 12.343 12.022 11.699 11.375 11.049 10.720 10.389 10.055  9.718  9.379  9.036  8.690  8.340  7.987  7.630  7.269  6.904  6.534  6.160  5.782  5.398  5.010  4.616  4.217  3.811  3.398  2.976  2.546  2.105  1.654  1.193  0.722  0.245 -0.247 -0.691 -1.135 -1.580 -2.026 -2.472 -2.917 -3.360 
23.211 22.900 22.589 22.277 21.965 21.652 21.339 21.026 20.712 20.397 20.082 19.767 19.451 19.134 18.817 18.499 18.180 17.861 17.541 17.220 16.898 16.575 16.251 15.926 15.600 15.273 14.945 14.615 14.284 13.952 13.619 13.283 12.947 12.609 12.269 11.927 11.584 11.239 10.893 10.544 10.194  9.842  9.488  9.132  8.774  8.415  8.053  7.690  7.325  6.958  6.589  6.219  5.847  5.474  5.098  4.722  4.344  3.965  3.585  3.203  2.821  2.438  2.054  1.670  1.285  0.900  0.516  0.131 -0.140 -0.357 -0.572 -0.784 -0.993 -1.199 -1.402 -1.600 
23.067 22.755 22.443 22.130 21.817 21.502 21.187 20.870 20.553 20.235 19.916 19.597 19.276 18.955 18.632 18.309 17.985 17.660 17.334 17.008 16.680 16.351 16.022 15.691 15.360 15.028 14.695 14.361 14.026 13.690 13.353 13.015 12.677 12.338 11.998 11.657 11.315 10.973 10.630 10.287  9.943  9.598  9.254  8.908  8.563  8.217  7.872  7.526  7.180  6.835  6.489  6.144  5.800  5.456  5.113  4.770  4.428  4.087  3.747  3.408  3.070  2.733  2.398  2.065  1.735  1.410  1.093  0.786  0.491  0.208 -0.066 -0.120 -0.133 -0.136 -0.047  0.160 
22.879 22.568 22.256 21.943 21.630 21.315 21.000 20.684 20.368 20.050 19.732 19.413 19.093 18.773 18.452 18.130 17.808 17.485 17.161 16.837 16.512 16.187 15.861 15.535 15.208 14.881 14.554 14.226 13.899 13.571 13.243 12.915 12.587 12.259 11.932 11.605 11.279 10.954 10.630 10.307  9.985  9.664  9.346  9.030  8.716  8.404  8.096  7.791  7.489  7.192  6.899  6.611  6.327  6.050  5.778  5.513  5.254  5.003  4.759  4.522  4.294  4.074  3.862  3.659  3.465  3.280  3.104  2.937  2.779  2.631  2.491  2.360  2.237  2.123  2.018  1.920 
22.752 22.441 22.130 21.819 21.507 21.195 20.883 20.571 20.259 19.946 19.633 19.321 19.008 18.696 18.383 18.071 17.759 17.447 17.135 16.824 16.513 16.203 15.894 15.585 15.277 14.970 14.664 14.359 14.055 13.752 13.451 13.152 12.854 12.558 12.264 11.972 11.682 11.395 11.110 10.827 10.548 10.271  9.998  9.727  9.460  9.197  8.937  8.681  8.429  8.181  7.938  7.699  7.464  7.235  7.010  6.790  6.576  6.367  6.163  5.965  5.773  5.587  5.407  5.233  5.066  4.905  4.751  4.603  4.462  4.328  4.202  4.082  3.970  3.866  3.769  3.680 
22.797 22.487 22.177 21.867 21.559 21.251 20.943 20.637 20.331 20.026 19.721 19.418 19.115 18.813 18.512 18.212 17.914 17.616 17.319 17.024 16.730 16.437 16.145 15.856 15.567 15.281 14.996 14.713 14.431 14.152 13.875 13.600 13.327 13.057 12.789 12.524 12.262 12.002 11.745 11.492 11.241 10.994 10.750 10.510 10.273 10.040  9.811  9.586  9.365  9.148  8.936  8.728  8.525  8.327  8.133  7.945  7.762  7.584  7.411  7.244  7.083  6.927  6.778  6.635  6.498  6.367  6.243  6.125  6.014  5.910  5.814  5.724  5.642  5.567  5.500  5.440 
23.025 22.715 22.406 22.098 21.792 21.488 21.185 20.883 20.583 20.284 19.986 19.691 19.397 19.104 18.813 18.524 18.236 17.950 17.667 17.384 17.104 16.826 16.550 16.276 16.004 15.735 15.467 15.203 14.940 14.680 14.423 14.169 13.917 13.668 13.422 13.179 12.939 12.703 12.470 12.240 12.014 11.791 11.572 11.357 11.146 10.940 10.737 10.538 10.344 10.155  9.970  9.789  9.614  9.443  9.278  9.118  8.963  8.814  8.670  8.532  8.400  8.273  8.153  8.039  7.931  7.830  7.735  7.647  7.566  7.492  7.425  7.365  7.312  7.267  7.230  7.200 
23.408 23.098 22.790 22.484 22.180 21.879 21.579 21.281 20.986 20.692 20.401 20.112 19.825 19.540 19.257 18.977 18.699 18.423 18.150 17.879 17.610 17.344 17.080 16.819 16.561 16.305 16.052 15.802 15.554 15.309 15.067 14.828 14.592 14.359 14.129 13.902 13.679 13.458 13.240 13.026 12.815 12.607 12.402 12.201 12.003 11.808 11.616 11.428 11.243 11.061 10.882 10.706 10.534 10.364 10.198 10.034  9.873  9.715  9.559  9.406  9.256  9.108  8.962  8.818  8.676  8.536  8.397  8.260  8.125  7.990  7.857  7.725  7.593  7.462  7.331  7.200 
23.909 23.599 23.292 22.987 22.684 22.384 22.086 21.791 21.498 21.208 20.920 20.634 20.351 20.070 19.792 19.516 19.243 18.972 18.704 18.438 18.175 17.914 17.656 17.400 17.147 16.896 16.648 16.403 16.160 15.919 15.681 15.446 15.213 14.983 14.756 14.531 14.308 14.088 13.870 13.655 13.443 13.233 13.025 12.820 12.617 12.416 12.218 12.022 11.828 11.636 11.447 11.259 11.074 10.890 10.709 10.529 10.351 10.175 10.000  9.827  9.655  9.485  9.316  9.149  8.982  8.817  8.652  8.489  8.326  8.164  8.002  7.841  7.680  7.520  7.360  7.200 
24.455 24.145 23.838 23.533 23.231 22.931 22.633 22.338 22.046 21.756 21.468 21.183 20.900 20.620 20.342 20.066 19.793 19.522 19.254 18.988 18.724 18.463 18.204 17.948 17.694 17.442 17.193 16.945 16.701 16.458 16.218 15.980 15.744 15.510 15.279 15.050 14.822 14.597 14.375 14.154 13.935 13.718 13.503 13.290 13.079 12.870 12.662 12.457 12.253 12.050 11.850 11.651 11.453 11.257 11.062 10.869 10.677 10.487 10.297 10.109  9.922  9.736  9.550  9.366  9.183  9.000  8.818  8.637  8.456  8.275  8.096  7.916  7.737  7.558  7.379  7.200 
24.991 24.682 24.374 24.069 23.766 23.466 23.168 22.872 22.579 22.288 21.999 21.712 21.428 21.146 20.867 20.589 20.314 20.041 19.771 19.502 19.236 18.972 18.710 18.451 18.193 17.938 17.684 17.433 17.184 16.937 16.692 16.449 16.208 15.968 15.731 15.496 15.262 15.031 14.801 14.573 14.347 14.122 13.899 13.678 13.458 13.240 13.024 12.809 12.595 12.383 12.172 11.962 11.754 11.547 11.341 11.136 10.933 10.730 10.528 10.328 10.128  9.929  9.731  9.533  9.336  9.140  8.944  8.749  8.555  8.360  8.166  7.973  7.779  7.586  7.393  7.200 
25.495 25.186 24.878 24.572 24.269 23.968 23.669 23.372 23.077 22.785 22.495 22.206 21.920 21.636 21.354 21.074 20.796 20.521 20.247 19.975 19.705 19.438 19.172 18.908 18.647 18.387 18.129 17.873 17.619 17.367 17.116 16.867 16.621 16.375 16.132 15.890 15.650 15.412 15.175 14.940 14.706 14.474 14.243 14.014 13.786 13.559 13.334 13.110 12.888 12.666 12.446 12.227 12.009 11.792 11.576 11.361 11.147 10.934 10.722 10.511 10.300 10.090  9.881  9.672  9.464  9.257  9.050  8.843  8.637  8.431  8.225  8.020  7.815  7.610  7.405  7.200 
25.960 25.650 25.342 25.036 24.732 24.430 24.130 23.832 23.536 23.242 22.950 22.659 22.371 22.085 21.800 21.518 21.237 20.958 20.682 20.407 20.133 19.862 19.592 19.325 19.059 18.794 18.532 18.271 18.012 17.754 17.499 17.244 16.992 16.741 16.491 16.243 15.997 15.752 15.508 15.266 15.026 14.786 14.548 14.311 14.076 13.842 13.608 13.377 13.146 12.916 12.687 12.460 12.233 12.007 11.782 11.558 11.335 11.113 10.891 10.671 10.450 10.231 10.012  9.793  9.575  9.358  9.141  8.924  8.708  8.492  8.276  8.061  7.845  7.630  7.415  7.200 
26.383 26.073 25.765 25.459 25.154 24.852 24.551 24.251 23.954 23.658 23.365 23.073 22.782 22.494 22.207 21.922 21.639 21.357 21.077 20.799 20.522 20.247 19.974 19.702 19.432 19.164 18.897 18.631 18.367 18.105 17.844 17.585 17.327 17.071 16.815 16.562 16.309 16.058 15.809 15.560 15.313 15.067 14.822 14.579 14.336 14.095 13.854 13.615 13.377 13.139 12.903 12.668 12.433 12.199 11.966 11.734 11.503 11.272 11.042 10.813 10.584 10.356 10.128  9.901  9.674  9.448  9.222  8.997  8.771  8.546  8.322  8.097  7.873  7.648  7.424  7.200 
26.769 26.459 26.150 25.844 25.539 25.235 24.933 24.633 24.334 24.037 23.742 23.448 23.156 22.865 22.576 22.289 22.003 21.719 21.436 21.155 20.875 20.597 20.320 20.045 19.771 19.498 19.227 18.958 18.690 18.423 18.157 17.893 17.630 17.369 17.109 16.850 16.592 16.335 16.080 15.826 15.572 15.320 15.069 14.820 14.571 14.323 14.076 13.830 13.585 13.341 13.097 12.855 12.613 12.372 12.132 11.893 11.654 11.416 11.178 10.941 10.704 10.469 10.233  9.998  9.763  9.529  9.295  9.062  8.828  8.595  8.362  8.130  7.897  7.665  7.432  7.200 
27.119 26.809 26.500 26.193 25.887 25.583 25.280 24.979 24.679 24.381 24.084 23.789 23.495 23.203 22.911 22.622 22.334 22.047 21.761 21.477 21.195 20.914 20.634 20.355 20.078 19.802 19.527 19.254 18.982 18.711 18.441 18.172 17.905 17.639 17.374 17.110 16.848 16.586 16.325 16.066 15.807 15.550 15.293 15.038 14.783 14.529 14.276 14.024 13.773 13.523 13.273 13.024 12.776 12.528 12.282 12.035 11.790 11.545 11.300 11.057 10.813 10.570 10.328 10.085  9.844  9.602  9.361  9.120  8.880  8.639  8.399  8.159  7.919  7.679  7.440  7.200 
27.436 27.126 26.817 26.510 26.204 25.899 25.595 25.293 24.992 24.693 24.395 24.098 23.803 23.508 23.215 22.924 22.634 22.344 22.057 21.770 21.485 21.201 20.918 20.636 20.356 20.077 19.799 19.522 19.246 18.971 18.698 18.426 18.154 17.884 17.615 17.346 17.079 16.813 16.548 16.283 16.020 15.757 15.496 15.235 14.975 14.716 14.458 14.200 13.943 13.687 13.432 13.177 12.923 12.670 12.417 12.165 11.913 11.662 11.411 11.161 10.911 10.662 10.413 10.165  9.916  9.668  9.421  9.173  8.926  8.679  8.432  8.186  7.939  7.693  7.446  7.200 
27.724 27.414 27.105 26.797 26.490 26.185 25.881 25.578 25.276 24.976 24.676 24.378 24.081 23.786 23.491 23.198 22.905 22.614 22.324 22.036 21.748 21.461 21.176 20.892 20.608 20.326 20.045 19.765 19.486 19.208 18.931 18.655 18.380 18.106 17.833 17.560 17.289 17.019 16.749 16.480 16.213 15.946 15.679 15.414 15.149 14.885 14.622 14.360 14.098 13.837 13.576 13.316 13.057 12.798 12.540 12.282 12.025 11.768 11.512 11.256 11.000 10.745 10.491 10.236  9.982  9.728  9.475  9.221  8.968  8.715  8.463  8.210  7.957  7.705  7.452  7.200 
27.985 27.675 27.366 27.058 26.751 26.445 26.140 25.836 25.534 25.232 24.932 24.632 24.334 24.037 23.741 23.446 23.152 22.859 22.567 22.276 21.986 21.698 21.410 21.123 20.837 20.552 20.268 19.985 19.703 19.422 19.142 18.863 18.584 18.307 18.030 17.754 17.479 17.205 16.932 16.659 16.387 16.116 15.846 15.576 15.307 15.039 14.771 14.504 14.238 13.972 13.707 13.442 13.178 12.914 12.651 12.388 12.126 11.864 11.603 11.342 11.081 10.821 10.561 10.301 10.042  9.783  9.524  9.265  9.006  8.748  8.490  8.232  7.974  7.716  7.458  7.200 
28.222 27.911 27.602 27.294 26.986 26.680 26.375 26.070 25.767 25.465 25.163 24.863 24.563 24.265 23.967 23.671 23.375 23.081 22.787 22.494 22.203 21.912 21.622 21.333 21.044 20.757 20.471 20.185 19.900 19.617 19.334 19.051 18.770 18.489 18.209 17.930 17.652 17.374 17.097 16.821 16.546 16.271 15.997 15.723 15.450 15.178 14.906 14.635 14.364 14.094 13.825 13.556 13.287 13.019 12.752 12.484 12.218 11.951 11.685 11.420 11.154 10.889 10.624 10.360 10.096  9.832  9.568  9.304  9.041  8.778  8.515  8.252  7.989  7.726  7.463  7.200 
28.436 28.126 27.816 27.508 27.200 26.893 26.587 26.282 25.978 25.675 25.373 25.072 24.771 24.471 24.173 23.875 23.578 23.282 22.986 22.692 22.398 22.106 21.814 21.523 21.232 20.943 20.654 20.366 20.079 19.793 19.507 19.222 18.938 18.654 18.372 18.090 17.808 17.528 17.247 16.968 16.689 16.411 16.133 15.856 15.580 15.304 15.029 14.754 14.479 14.206 13.932 13.659 13.387 13.115 12.843 12.572 12.301 12.030 11.760 11.490 11.221 10.951 10.682 10.413 10.145  9.876  9.608  9.340  9.072  8.805  8.537  8.269  8.002  7.735  7.467  7.200 
28.631 28.320 28.011 27.702 27.394 27.087 26.780 26.475 26.170 25.866 25.563 25.261 24.959 24.659 24.359 24.060 23.761 23.464 23.167 22.871 22.576 22.282 21.988 21.695 21.403 21.111 20.821 20.530 20.241 19.952 19.664 19.377 19.090 18.804 18.519 18.234 17.950 17.666 17.383 17.101 16.819 16.538 16.257 15.977 15.697 15.418 15.140 14.861 14.584 14.306 14.029 13.753 13.477 13.201 12.926 12.651 12.376 12.102 11.828 11.554 11.281 11.007 10.734 10.462 10.189  9.917  9.645  9.373  9.101  8.829  8.557  8.286  8.014  7.743  7.471  7.200 
28.807 28.496 28.187 27.878 27.569 27.262 26.955 26.649 26.344 26.039 25.736 25.432 25.130 24.828 24.528 24.227 23.928 23.629 23.331 23.034 22.737 22.441 22.146 21.851 21.557 21.264 20.971 20.679 20.388 20.097 19.807 19.517 19.228 18.940 18.652 18.365 18.078 17.792 17.507 17.222 16.937 16.653 16.370 16.087 15.804 15.522 15.240 14.959 14.678 14.398 14.117 13.838 13.558 13.279 13.001 12.722 12.444 12.167 11.889 11.612 11.335 11.058 10.782 10.506 10.229  9.953  9.678  9.402  9.126  8.851  8.576  8.301  8.025  7.750  7.475  7.200 
28.967 28.656 28.346 28.037 27.729 27.421 27.114 26.807 26.501 26.196 25.892 25.588 25.285 24.982 24.681 24.379 24.079 23.779 23.480 23.181 22.883 22.586 22.289 21.993 21.697 21.402 21.108 20.814 20.521 20.228 19.936 19.645 19.354 19.063 18.773 18.484 18.195 17.907 17.619 17.331 17.044 16.758 16.472 16.186 15.901 15.616 15.331 15.047 14.764 14.480 14.197 13.915 13.632 13.351 13.069 12.787 12.506 12.226 11.945 11.665 11.384 11.105 10.825 10.545 10.266  9.987  9.708  9.429  9.150  8.871  8.592  8.314  8.035  7.757  7.478  7.200 
29.112 28.801 28.491 28.182 27.873 27.565 27.257 26.951 26.644 26.339 26.033 25.729 25.425 25.122 24.819 24.517 24.216 23.915 23.614 23.315 23.015 22.717 22.419 22.121 21.824 21.528 21.232 20.936 20.642 20.347 20.053 19.760 19.467 19.175 18.883 18.592 18.301 18.010 17.720 17.430 17.141 16.852 16.564 16.276 15.988 15.701 15.414 15.127 14.841 14.555 14.270 13.985 13.700 13.415 13.131 12.846 12.562 12.279 11.995 11.712 11.429 11.146 10.864 10.581 10.299 10.017  9.735  9.453  9.171  8.889  8.608  8.326  8.044  7.763  7.481  7.200 
29.243 28.932 28.622 28.313 28.004 27.695 27.388 27.080 26.774 26.468 26.162 25.857 25.552 25.248 24.945 24.642 24.340 24.038 23.736 23.436 23.135 22.836 22.536 22.238 21.939 21.641 21.344 21.047 20.751 20.455 20.160 19.865 19.570 19.276 18.982 18.689 18.396 18.104 17.812 17.520 17.229 16.938 16.648 16.357 16.068 15.778 15.489 15.200 14.912 14.623 14.335 14.048 13.760 13.473 13.186 12.900 12.613 12.327 12.041 11.755 11.470 11.184 10.899 10.614 10.329 10.044  9.759  9.475  9.190  8.906  8.621  8.337  8.053  7.768  7.484  7.200 
29.362 29.051 28.741 28.432 28.122 27.814 27.506 27.198 26.891 26.584 26.278 25.973 25.668 25.363 25.059 24.755 24.452 24.149 23.847 23.545 23.244 22.943 22.643 22.343 22.044 21.745 21.446 21.148 20.850 20.553 20.256 19.959 19.663 19.368 19.072 18.778 18.483 18.189 17.895 17.602 17.309 17.016 16.723 16.431 16.140 15.848 15.557 15.266 14.975 14.685 14.395 14.105 13.816 13.526 13.237 12.948 12.659 12.371 12.083 11.795 11.507 11.219 10.931 10.644 10.356 10.069  9.782  9.495  9.208  8.921  8.634  8.347  8.060  7.773  7.487  7.200 
