34.026 33.715 33.404 33.093 32.783 32.472 32.161 31.850 31.539 31.228 30.917 30.606 30.295 29.985 29.674 29.363 29.052 28.741 28.430 28.119 27.808 27.497 27.186 26.875 26.564 26.253 25.942 25.631 25.320 25.009 24.698 24.387 24.076 23.765 23.454 23.142 22.831 22.520 22.208 21.897 21.585 21.273 20.962 20.650 20.338 20.026 19.714 19.401 19.089 18.776 18.463 18.150 17.837 17.523 17.210 16.896 16.581 16.267 15.952 15.636 15.321 15.004 14.688 14.371 14.053 13.736 13.417 13.098 12.778 12.458 12.137 11.815 11.493 11.170 10.846 10.521 
34.024 33.713 33.402 33.092 32.781 32.470 32.159 31.848 31.537 31.225 30.914 30.603 30.292 29.981 29.670 29.358 29.047 28.736 28.424 28.113 27.801 27.490 27.178 26.867 26.555 26.243 25.931 25.619 25.307 24.995 24.683 24.370 24.058 23.745 23.432 23.119 22.806 22.493 22.180 21.866 21.552 21.238 20.924 20.610 20.295 19.980 19.665 19.349 19.033 18.717 18.401 18.084 17.767 17.450 17.132 16.813 16.495 16.176 15.856 15.536 15.215 14.894 14.573 14.250 13.928 13.604 13.280 12.956 12.630 12.304 11.978 11.650 11.322 10.993 10.663 10.333 
34.015 33.704 33.393 33.082 32.771 32.459 32.148 31.837 31.525 31.214 30.902 30.591 30.279 29.967 29.655 29.343 29.031 28.719 28.407 28.094 27.782 27.469 27.156 26.843 26.530 26.217 25.904 25.590 25.277 24.963 24.649 24.334 24.020 23.705 23.391 23.076 22.760 22.445 22.129 21.813 21.497 21.180 20.863 20.546 20.228 19.910 19.592 19.274 18.955 18.635 18.315 17.995 17.675 17.354 17.032 16.710 16.388 16.065 15.741 15.417 15.092 14.767 14.441 14.115 13.788 13.460 13.132 12.803 12.473 12.143 11.811 11.479 11.147 10.813 10.479 10.144 
33.993 33.682 33.371 33.059 32.748 32.437 32.125 31.813 31.501 31.189 30.877 30.565 30.253 29.940 29.627 29.314 29.001 28.688 28.375 28.061 27.748 27.434 27.119 26.805 26.491 26.176 25.861 25.546 25.231 24.915 24.599 24.283 23.967 23.650 23.333 23.016 22.698 22.380 22.062 21.744 21.425 21.106 20.786 20.466 20.146 19.825 19.504 19.183 18.861 18.539 18.216 17.892 17.569 17.244 16.920 16.594 16.268 15.942 15.615 15.287 14.959 14.631 14.301 13.971 13.640 13.309 12.977 12.644 12.311 11.977 11.642 11.306 10.969 10.632 10.294  9.955 
33.957 33.646 33.335 33.023 32.712 32.400 32.088 31.776 31.464 31.151 30.839 30.526 30.212 29.899 29.586 29.272 28.958 28.644 28.329 28.014 27.700 27.384 27.069 26.753 26.437 26.121 25.805 25.488 25.171 24.853 24.536 24.218 23.900 23.581 23.262 22.943 22.623 22.303 21.983 21.662 21.341 21.019 20.697 20.375 20.052 19.729 19.405 19.081 18.757 18.431 18.106 17.780 17.453 17.126 16.798 16.470 16.141 15.812 15.482 15.151 14.820 14.488 14.155 13.822 13.488 13.153 12.818 12.482 12.145 11.808 11.470 11.131 10.791 10.450 10.109  9.766 
33.908 33.597 33.285 32.974 32.662 32.350 32.038 31.725 31.413 31.100 30.786 30.473 30.159 29.845 29.531 29.216 28.901 28.586 28.270 27.955 27.639 27.322 27.006 26.689 26.371 26.054 25.736 25.418 25.099 24.780 24.461 24.141 23.821 23.501 23.180 22.859 22.537 22.215 21.893 21.570 21.246 20.923 20.599 20.274 19.949 19.623 19.297 18.971 18.644 18.316 17.988 17.659 17.330 17.000 16.670 16.339 16.007 15.675 15.342 15.009 14.675 14.340 14.005 13.668 13.332 12.994 12.656 12.317 11.977 11.637 11.296 10.954 10.611 10.267  9.923  9.578 
33.846 33.535 33.223 32.912 32.600 32.288 31.975 31.662 31.349 31.035 30.722 30.408 30.093 29.778 29.463 29.148 28.832 28.516 28.200 27.883 27.566 27.248 26.931 26.612 26.294 25.975 25.656 25.336 25.016 24.696 24.375 24.054 23.732 23.410 23.087 22.764 22.441 22.117 21.793 21.468 21.143 20.817 20.491 20.164 19.837 19.509 19.181 18.852 18.523 18.193 17.863 17.532 17.200 16.868 16.535 16.202 15.868 15.533 15.198 14.862 14.525 14.188 13.850 13.511 13.172 12.832 12.491 12.150 11.807 11.464 11.120 10.776 10.430 10.084  9.737  9.389 
33.772 33.461 33.150 32.838 32.526 32.213 31.900 31.587 31.274 30.960 30.645 30.331 30.016 29.700 29.385 29.069 28.752 28.435 28.118 27.800 27.482 27.164 26.845 26.526 26.206 25.886 25.565 25.245 24.923 24.601 24.279 23.957 23.633 23.310 22.986 22.661 22.336 22.011 21.685 21.358 21.031 20.704 20.376 20.047 19.718 19.389 19.058 18.728 18.396 18.064 17.732 17.399 17.065 16.731 16.396 16.060 15.724 15.387 15.049 14.711 14.372 14.033 13.692 13.351 13.010 12.667 12.324 11.980 11.635 11.290 10.944 10.597 10.249  9.900  9.551  9.200 
33.688 33.377 33.065 32.753 32.441 32.128 31.815 31.502 31.188 30.873 30.559 30.244 29.928 29.612 29.296 28.979 28.662 28.344 28.026 27.708 27.389 27.069 26.750 26.429 26.109 25.788 25.466 25.144 24.821 24.498 24.175 23.851 23.527 23.202 22.876 22.550 22.224 21.897 21.569 21.241 20.913 20.583 20.254 19.923 19.593 19.261 18.929 18.597 18.263 17.930 17.595 17.260 16.925 16.588 16.251 15.914 15.576 15.237 14.897 14.557 14.216 13.874 13.532 13.189 12.845 12.500 12.155 11.809 11.462 11.114 10.766 10.417 10.067  9.716  9.364  9.012 
33.594 33.282 32.971 32.659 32.346 32.034 31.720 31.407 31.092 30.778 30.463 30.147 29.831 29.515 29.198 28.880 28.563 28.244 27.925 27.606 27.287 26.966 26.646 26.325 26.003 25.681 25.358 25.035 24.712 24.387 24.063 23.738 23.412 23.086 22.759 22.432 22.104 21.776 21.447 21.117 20.787 20.456 20.125 19.793 19.461 19.128 18.795 18.460 18.125 17.790 17.454 17.117 16.780 16.442 16.103 15.764 15.424 15.083 14.741 14.399 14.056 13.713 13.369 13.024 12.678 12.331 11.984 11.636 11.287 10.937 10.587 10.236  9.884  9.531  9.177  8.823 
33.491 33.179 32.868 32.556 32.243 31.930 31.617 31.303 30.988 30.673 30.358 30.042 29.725 29.408 29.091 28.773 28.455 28.136 27.816 27.497 27.176 26.855 26.534 26.212 25.889 25.566 25.243 24.919 24.594 24.269 23.943 23.617 23.290 22.963 22.635 22.307 21.978 21.648 21.318 20.987 20.656 20.324 19.991 19.658 19.324 18.990 18.655 18.319 17.983 17.646 17.308 16.970 16.631 16.291 15.951 15.610 15.268 14.926 14.583 14.239 13.894 13.549 13.203 12.856 12.509 12.160 11.811 11.462 11.111 10.760 10.407 10.054  9.701  9.346  8.990  8.634 
33.380 33.068 32.757 32.445 32.132 31.819 31.505 31.191 30.876 30.561 30.245 29.929 29.612 29.295 28.977 28.658 28.339 28.020 27.700 27.380 27.058 26.737 26.415 26.092 25.769 25.445 25.121 24.796 24.470 24.144 23.818 23.490 23.163 22.834 22.505 22.176 21.846 21.515 21.184 20.852 20.519 20.186 19.852 19.518 19.183 18.847 18.510 18.173 17.836 17.497 17.158 16.819 16.478 16.137 15.795 15.453 15.110 14.766 14.421 14.076 13.730 13.383 13.035 12.687 12.338 11.988 11.637 11.286 10.934 10.581 10.227  9.872  9.517  9.160  8.803  8.445 
33.261 32.950 32.639 32.326 32.013 31.700 31.386 31.072 30.757 30.441 30.125 29.809 29.492 29.174 28.856 28.537 28.217 27.897 27.577 27.256 26.934 26.612 26.289 25.966 25.642 25.317 24.992 24.667 24.340 24.013 23.686 23.358 23.029 22.700 22.370 22.039 21.708 21.377 21.044 20.711 20.378 20.043 19.708 19.373 19.036 18.700 18.362 18.024 17.685 17.345 17.005 16.664 16.322 15.980 15.637 15.293 14.948 14.603 14.257 13.910 13.563 13.214 12.865 12.516 12.165 11.814 11.462 11.109 10.755 10.401 10.045  9.689  9.332  8.975  8.616  8.257 
33.137 32.825 32.514 32.201 31.888 31.575 31.261 30.946 30.631 30.315 29.999 29.682 29.365 29.047 28.728 28.409 28.089 27.769 27.448 27.126 26.804 26.481 26.158 25.834 25.509 25.184 24.858 24.532 24.205 23.877 23.549 23.220 22.891 22.560 22.230 21.898 21.566 21.234 20.900 20.566 20.232 19.896 19.560 19.224 18.886 18.548 18.210 17.870 17.530 17.189 16.848 16.506 16.163 15.819 15.475 15.130 14.784 14.438 14.090 13.742 13.394 13.044 12.694 12.343 11.991 11.638 11.285 10.931 10.576 10.220  9.863  9.506  9.148  8.789  8.429  8.068 
33.006 32.695 32.383 32.070 31.757 31.444 31.130 30.815 30.500 30.184 29.867 29.550 29.232 28.914 28.595 28.275 27.955 27.634 27.313 26.991 26.668 26.345 26.021 25.696 25.371 25.045 24.719 24.392 24.064 23.736 23.407 23.077 22.747 22.416 22.085 21.753 21.420 21.086 20.752 20.417 20.082 19.745 19.409 19.071 18.733 18.394 18.054 17.714 17.373 17.031 16.688 16.345 16.001 15.656 15.311 14.965 14.618 14.270 13.922 13.573 13.223 12.872 12.521 12.169 11.815 11.462 11.107 10.752 10.396 10.039  9.681  9.322  8.963  8.602  8.241  7.879 
32.870 32.558 32.247 31.934 31.621 31.307 30.993 30.678 30.363 30.046 29.730 29.412 29.094 28.776 28.456 28.136 27.816 27.495 27.173 26.850 26.527 26.204 25.879 25.554 25.228 24.902 24.575 24.248 23.919 23.590 23.261 22.931 22.600 22.268 21.936 21.603 21.269 20.935 20.600 20.264 19.928 19.591 19.253 18.915 18.576 18.236 17.895 17.554 17.212 16.869 16.526 16.182 15.837 15.491 15.145 14.797 14.450 14.101 13.752 13.401 13.050 12.699 12.346 11.993 11.639 11.284 10.928 10.572 10.214  9.856  9.497  9.138  8.777  8.416  8.054  7.691 
32.728 32.417 32.105 31.793 31.480 31.166 30.852 30.537 30.221 29.904 29.588 29.270 28.952 28.633 28.313 27.993 27.672 27.350 27.028 26.705 26.382 26.058 25.733 25.408 25.081 24.755 24.427 24.099 23.770 23.441 23.111 22.780 22.448 22.116 21.783 21.450 21.115 20.780 20.445 20.108 19.771 19.433 19.095 18.756 18.416 18.075 17.734 17.392 17.049 16.705 16.361 16.016 15.670 15.323 14.976 14.628 14.279 13.930 13.579 13.228 12.876 12.524 12.170 11.816 11.461 11.105 10.748 10.391 10.033  9.674  9.314  8.953  8.591  8.229  7.866  7.502 
32.583 32.272 31.960 31.647 31.334 31.020 30.706 30.390 30.075 29.758 29.441 29.123 28.805 28.486 28.166 27.845 27.524 27.202 26.880 26.557 26.233 25.908 25.583 25.257 24.931 24.603 24.275 23.947 23.617 23.287 22.957 22.625 22.293 21.961 21.627 21.293 20.958 20.622 20.286 19.949 19.611 19.273 18.934 18.594 18.253 17.912 17.570 17.227 16.883 16.539 16.194 15.848 15.501 15.154 14.806 14.457 14.107 13.757 13.406 13.054 12.701 12.347 11.993 11.638 11.282 10.925 10.568 10.209  9.850  9.490  9.130  8.768  8.405  8.042  7.678  7.313 
32.433 32.122 31.810 31.498 31.184 30.870 30.556 30.240 29.924 29.608 29.291 28.973 28.654 28.334 28.014 27.694 27.372 27.050 26.727 26.404 26.080 25.755 25.429 25.103 24.776 24.448 24.120 23.791 23.461 23.131 22.800 22.468 22.135 21.802 21.468 21.133 20.798 20.462 20.125 19.787 19.449 19.110 18.770 18.429 18.088 17.746 17.403 17.060 16.715 16.370 16.025 15.678 15.331 14.983 14.634 14.284 13.934 13.583 13.231 12.878 12.524 12.170 11.815 11.459 11.102 10.745 10.386 10.027  9.667  9.307  8.945  8.582  8.219  7.855  7.490  7.124 
32.280 31.969 31.657 31.344 31.031 30.717 30.402 30.087 29.771 29.454 29.136 28.818 28.499 28.180 27.860 27.539 27.217 26.895 26.572 26.248 25.923 25.598 25.272 24.946 24.618 24.290 23.962 23.632 23.302 22.971 22.640 22.307 21.974 21.641 21.306 20.971 20.635 20.298 19.961 19.623 19.284 18.944 18.604 18.263 17.921 17.578 17.235 16.891 16.546 16.200 15.854 15.506 15.158 14.810 14.460 14.110 13.759 13.407 13.054 12.701 12.347 11.992 11.636 11.279 10.922 10.563 10.204  9.844  9.484  9.122  8.760  8.397  8.033  7.668  7.302  6.936 
32.123 31.812 31.500 31.188 30.874 30.560 30.245 29.930 29.614 29.297 28.979 28.661 28.342 28.022 27.702 27.381 27.059 26.736 26.413 26.089 25.764 25.439 25.112 24.786 24.458 24.130 23.800 23.471 23.140 22.809 22.477 22.144 21.811 21.477 21.142 20.806 20.470 20.132 19.795 19.456 19.117 18.776 18.436 18.094 17.751 17.408 17.064 16.720 16.374 16.028 15.681 15.333 14.985 14.635 14.285 13.934 13.583 13.230 12.877 12.523 12.168 11.812 11.456 11.098 10.740 10.381 10.022  9.661  9.300  8.938  8.575  8.211  7.846  7.481  7.114  6.747 
31.964 31.653 31.341 31.028 30.715 30.400 30.086 29.770 29.454 29.137 28.819 28.501 28.181 27.861 27.541 27.220 26.897 26.575 26.251 25.927 25.602 25.276 24.950 24.623 24.295 23.966 23.637 23.307 22.976 22.644 22.312 21.979 21.645 21.310 20.975 20.639 20.302 19.965 19.626 19.287 18.947 18.607 18.265 17.923 17.580 17.237 16.892 16.547 16.201 15.854 15.507 15.158 14.809 14.460 14.109 13.757 13.405 13.052 12.698 12.344 11.988 11.632 11.275 10.917 10.558 10.199  9.838  9.477  9.115  8.752  8.389  8.024  7.659  7.293  6.926  6.558 
31.801 31.490 31.178 30.866 30.552 30.238 29.923 29.607 29.291 28.974 28.656 28.338 28.018 27.698 27.377 27.056 26.734 26.411 26.087 25.763 25.437 25.111 24.785 24.457 24.129 23.800 23.471 23.140 22.809 22.477 22.144 21.811 21.477 21.142 20.806 20.470 20.133 19.795 19.456 19.117 18.776 18.435 18.094 17.751 17.408 17.064 16.719 16.373 16.027 15.679 15.331 14.982 14.633 14.283 13.931 13.579 13.227 12.873 12.519 12.164 11.808 11.451 11.093 10.735 10.376 10.015  9.655  9.293  8.930  8.567  8.203  7.838  7.472  7.105  6.738  6.370 
31.637 31.325 31.013 30.701 30.387 30.073 29.758 29.442 29.126 28.809 28.491 28.172 27.853 27.533 27.212 26.890 26.568 26.244 25.921 25.596 25.270 24.944 24.617 24.290 23.961 23.632 23.302 22.972 22.640 22.308 21.975 21.641 21.307 20.972 20.636 20.299 19.961 19.623 19.284 18.944 18.604 18.262 17.920 17.577 17.233 16.889 16.544 16.198 15.851 15.503 15.155 14.805 14.455 14.104 13.753 13.400 13.047 12.693 12.338 11.983 11.626 11.269 10.911 10.552 10.192  9.832  9.470  9.108  8.745  8.381  8.017  7.651  7.285  6.918  6.550  6.181 
31.470 31.158 30.846 30.534 30.220 29.906 29.591 29.275 28.959 28.641 28.323 28.005 27.685 27.365 27.044 26.722 26.399 26.076 25.752 25.427 25.102 24.775 24.448 24.120 23.792 23.462 23.132 22.801 22.470 22.137 21.804 21.470 21.135 20.800 20.463 20.126 19.789 19.450 19.111 18.770 18.429 18.088 17.745 17.402 17.058 16.713 16.367 16.021 15.674 15.326 14.977 14.627 14.277 13.925 13.573 13.221 12.867 12.512 12.157 11.801 11.444 11.087 10.728 10.369 10.009  9.648  9.286  8.923  8.560  8.195  7.830  7.464  7.098  6.730  6.361  5.992 
31.301 30.989 30.677 30.365 30.051 29.737 29.422 29.106 28.789 28.472 28.154 27.835 27.515 27.195 26.874 26.552 26.229 25.906 25.582 25.257 24.931 24.604 24.277 23.949 23.620 23.291 22.960 22.629 22.297 21.965 21.631 21.297 20.962 20.626 20.290 19.952 19.614 19.275 18.936 18.595 18.254 17.912 17.569 17.225 16.881 16.536 16.190 15.843 15.495 15.147 14.798 14.448 14.097 13.745 13.393 13.040 12.686 12.331 11.975 11.619 11.262 10.903 10.545 10.185  9.824  9.463  9.101  8.738  8.374  8.009  7.644  7.277  6.910  6.542  6.173  5.803 
31.130 30.819 30.506 30.194 29.880 29.566 29.251 28.935 28.618 28.301 27.983 27.664 27.344 27.023 26.702 26.380 26.057 25.734 25.409 25.084 24.758 24.432 24.104 23.776 23.447 23.117 22.787 22.456 22.123 21.791 21.457 21.122 20.787 20.451 20.114 19.777 19.438 19.099 18.759 18.419 18.077 17.735 17.392 17.048 16.703 16.358 16.011 15.664 15.316 14.968 14.618 14.268 13.917 13.565 13.212 12.858 12.504 12.149 11.793 11.436 11.078 10.720 10.361 10.001  9.640  9.278  8.915  8.552  8.188  7.823  7.457  7.090  6.722  6.354  5.985  5.615 
30.957 30.646 30.334 30.021 29.708 29.393 29.078 28.762 28.445 28.128 27.810 27.491 27.171 26.850 26.529 26.207 25.884 25.560 25.236 24.911 24.585 24.258 23.930 23.602 23.273 22.943 22.612 22.280 21.948 21.615 21.281 20.947 20.611 20.275 19.938 19.600 19.262 18.922 18.582 18.241 17.899 17.557 17.213 16.869 16.524 16.178 15.832 15.484 15.136 14.787 14.437 14.087 13.735 13.383 13.030 12.676 12.322 11.966 11.610 11.253 10.895 10.536 10.176  9.816  9.455  9.093  8.730  8.366  8.001  7.636  7.270  6.903  6.535  6.166  5.796  5.426 
30.783 30.472 30.160 29.847 29.533 29.219 28.904 28.588 28.271 27.954 27.635 27.316 26.996 26.676 26.354 26.032 25.709 25.385 25.061 24.735 24.409 24.082 23.755 23.426 23.097 22.767 22.436 22.104 21.772 21.438 21.104 20.770 20.434 20.098 19.760 19.422 19.083 18.744 18.403 18.062 17.720 17.377 17.034 16.689 16.344 15.998 15.651 15.304 14.955 14.606 14.256 13.905 13.553 13.201 12.848 12.493 12.139 11.783 11.426 11.069 10.710 10.351  9.992  9.631  9.269  8.907  8.544  8.180  7.815  7.449  7.083  6.715  6.347  5.978  5.608  5.237 
30.608 30.296 29.984 29.672 29.358 29.044 28.728 28.412 28.096 27.778 27.460 27.140 26.821 26.500 26.178 25.856 25.533 25.209 24.884 24.559 24.233 23.906 23.578 23.249 22.920 22.589 22.258 21.927 21.594 21.261 20.926 20.591 20.256 19.919 19.582 19.243 18.904 18.565 18.224 17.883 17.540 17.197 16.854 16.509 16.164 15.817 15.470 15.122 14.774 14.424 14.074 13.723 13.371 13.018 12.665 12.310 11.955 11.599 11.242 10.884 10.526 10.167  9.806  9.445  9.084  8.721  8.357  7.993  7.628  7.262  6.895  6.528  6.159  5.790  5.420  5.049 
30.431 30.120 29.808 29.495 29.181 28.867 28.552 28.236 27.919 27.601 27.283 26.963 26.643 26.323 26.001 25.679 25.356 25.032 24.707 24.381 24.055 23.728 23.400 23.071 22.741 22.411 22.080 21.748 21.415 21.082 20.747 20.412 20.076 19.740 19.402 19.064 18.725 18.385 18.044 17.702 17.360 17.017 16.673 16.328 15.982 15.636 15.288 14.940 14.591 14.242 13.891 13.540 13.188 12.835 12.481 12.126 11.771 11.415 11.058 10.700 10.341  9.981  9.621  9.260  8.898  8.535  8.171  7.806  7.441  7.075  6.708  6.340  5.971  5.602  5.231  4.860 
30.253 29.942 29.630 29.317 29.003 28.689 28.374 28.058 27.741 27.423 27.105 26.785 26.465 26.144 25.823 25.500 25.177 24.853 24.528 24.203 23.876 23.549 23.221 22.892 22.562 22.232 21.901 21.569 21.236 20.902 20.568 20.232 19.896 19.559 19.222 18.883 18.544 18.204 17.863 17.521 17.178 16.835 16.491 16.146 15.800 15.453 15.106 14.758 14.409 14.059 13.708 13.356 13.004 12.651 12.297 11.942 11.586 11.230 10.873 10.514 10.156  9.796  9.435  9.074  8.711  8.348  7.984  7.620  7.254  6.887  6.520  6.152  5.783  5.413  5.043  4.671 
30.074 29.763 29.451 29.138 28.825 28.510 28.195 27.879 27.562 27.244 26.926 26.606 26.286 25.965 25.644 25.321 24.998 24.674 24.349 24.023 23.696 23.369 23.041 22.712 22.382 22.052 21.720 21.388 21.055 20.721 20.387 20.051 19.715 19.378 19.040 18.702 18.362 18.022 17.681 17.339 16.996 16.653 16.308 15.963 15.617 15.270 14.923 14.574 14.225 13.875 13.524 13.172 12.820 12.467 12.112 11.757 11.402 11.045 10.687 10.329  9.970  9.610  9.249  8.887  8.525  8.162  7.797  7.432  7.067  6.700  6.333  5.964  5.595  5.225  4.854  4.482 
29.895 29.583 29.271 28.958 28.645 28.330 28.015 27.699 27.382 27.064 26.746 26.426 26.106 25.785 25.463 25.141 24.818 24.493 24.168 23.843 23.516 23.189 22.860 22.531 22.201 21.871 21.539 21.207 20.874 20.540 20.205 19.870 19.534 19.196 18.858 18.520 18.180 17.840 17.498 17.156 16.814 16.470 16.125 15.780 15.434 15.087 14.739 14.391 14.041 13.691 13.340 12.988 12.635 12.282 11.927 11.572 11.216 10.859 10.502 10.143  9.784  9.424  9.063  8.701  8.338  7.975  7.610  7.245  6.879  6.512  6.145  5.776  5.407  5.037  4.666  4.294 
29.714 29.403 29.091 28.778 28.464 28.150 27.834 27.518 27.201 26.883 26.565 26.246 25.925 25.604 25.283 24.960 24.636 24.312 23.987 23.661 23.335 23.007 22.679 22.350 22.020 21.689 21.358 21.025 20.692 20.358 20.023 19.688 19.351 19.014 18.676 18.337 17.997 17.657 17.315 16.973 16.630 16.287 15.942 15.596 15.250 14.903 14.555 14.206 13.857 13.507 13.155 12.803 12.450 12.097 11.742 11.387 11.031 10.674 10.316  9.957  9.598  9.237  8.876  8.514  8.151  7.788  7.423  7.058  6.692  6.325  5.957  5.588  5.219  4.848  4.477  4.105 
29.533 29.222 28.909 28.596 28.283 27.968 27.653 27.337 27.020 26.702 26.383 26.064 25.744 25.423 25.101 24.778 24.455 24.130 23.805 23.479 23.153 22.825 22.497 22.168 21.838 21.507 21.175 20.843 20.509 20.175 19.841 19.505 19.168 18.831 18.493 18.154 17.814 17.473 17.132 16.790 16.447 16.103 15.758 15.412 15.066 14.719 14.371 14.022 13.672 13.322 12.970 12.618 12.265 11.911 11.557 11.201 10.845 10.488 10.130  9.771  9.411  9.051  8.690  8.327  7.964  7.601  7.236  6.870  6.504  6.137  5.769  5.400  5.030  4.660  4.288  3.916 
29.351 29.039 28.727 28.414 28.101 27.786 27.471 27.155 26.838 26.520 26.201 25.882 25.562 25.240 24.919 24.596 24.272 23.948 23.623 23.297 22.970 22.642 22.314 21.985 21.655 21.324 20.992 20.660 20.326 19.992 19.657 19.321 18.985 18.647 18.309 17.970 17.630 17.289 16.948 16.605 16.262 15.918 15.573 15.228 14.881 14.534 14.186 13.837 13.487 13.136 12.785 12.433 12.080 11.726 11.371 11.015 10.659 10.301  9.943  9.584  9.225  8.864  8.503  8.140  7.777  7.413  7.048  6.683  6.316  5.949  5.581  5.212  4.842  4.471  4.100  3.728 
29.168 28.857 28.545 28.232 27.918 27.603 27.288 26.972 26.655 26.337 26.018 25.699 25.379 25.058 24.736 24.413 24.089 23.765 23.440 23.114 22.787 22.459 22.131 21.801 21.471 21.140 20.809 20.476 20.143 19.808 19.473 19.138 18.801 18.463 18.125 17.786 17.446 17.105 16.763 16.421 16.078 15.734 15.389 15.043 14.696 14.349 14.001 13.651 13.302 12.951 12.599 12.247 11.894 11.540 11.185 10.829 10.472 10.115  9.757  9.398  9.038  8.677  8.316  7.953  7.590  7.226  6.861  6.495  6.129  5.761  5.393  5.024  4.654  4.283  3.911  3.539 
28.985 28.674 28.361 28.049 27.735 27.420 27.105 26.789 26.472 26.154 25.835 25.516 25.195 24.874 24.552 24.229 23.906 23.581 23.256 22.930 22.603 22.275 21.947 21.618 21.287 20.956 20.625 20.292 19.959 19.624 19.289 18.953 18.616 18.279 17.940 17.601 17.261 16.920 16.579 16.236 15.893 15.548 15.203 14.858 14.511 14.163 13.815 13.466 13.116 12.765 12.413 12.061 11.707 11.353 10.998 10.642 10.286  9.928  9.570  9.211  8.851  8.490  8.128  7.766  7.402  7.038  6.673  6.307  5.941  5.573  5.205  4.835  4.465  4.094  3.723  3.350 
28.801 28.490 28.178 27.865 27.551 27.236 26.921 26.605 26.288 25.970 25.651 25.332 25.011 24.690 24.368 24.045 23.722 23.397 23.072 22.746 22.419 22.091 21.763 21.433 21.103 20.772 20.440 20.107 19.774 19.440 19.104 18.768 18.432 18.094 17.755 17.416 17.076 16.735 16.393 16.051 15.707 15.363 15.018 14.672 14.325 13.978 13.629 13.280 12.930 12.579 12.227 11.874 11.521 11.167 10.812 10.456 10.099  9.741  9.383  9.024  8.664  8.303  7.941  7.578  7.215  6.851  6.485  6.119  5.753  5.385  5.017  4.647  4.277  3.906  3.534  3.161 
28.617 28.306 27.994 27.681 27.367 27.052 26.737 26.421 26.104 25.786 25.467 25.147 24.827 24.506 24.184 23.861 23.537 23.213 22.888 22.561 22.234 21.907 21.578 21.249 20.918 20.587 20.255 19.923 19.589 19.255 18.919 18.583 18.246 17.909 17.570 17.231 16.891 16.550 16.208 15.865 15.522 15.177 14.832 14.486 14.139 13.791 13.443 13.094 12.743 12.392 12.041 11.688 11.334 10.980 10.625 10.269  9.912  9.554  9.196  8.836  8.476  8.115  7.753  7.391  7.027  6.663  6.298  5.931  5.565  5.197  4.828  4.459  4.089  3.717  3.346  2.973 
28.432 28.121 27.809 27.496 27.182 26.868 26.552 26.236 25.919 25.601 25.282 24.963 24.642 24.321 23.999 23.676 23.352 23.028 22.703 22.376 22.049 21.722 21.393 21.064 20.733 20.402 20.070 19.737 19.404 19.069 18.734 18.398 18.061 17.723 17.385 17.045 16.705 16.364 16.022 15.679 15.336 14.991 14.646 14.300 13.953 13.605 13.257 12.907 12.557 12.206 11.854 11.501 11.148 10.793 10.438 10.082  9.725  9.367  9.009  8.649  8.289  7.928  7.566  7.203  6.839  6.475  6.110  5.743  5.376  5.009  4.640  4.270  3.900  3.529  3.157  2.784 
28.247 27.936 27.624 27.311 26.997 26.683 26.367 26.051 25.734 25.416 25.097 24.778 24.457 24.136 23.814 23.491 23.167 22.843 22.517 22.191 21.864 21.536 21.208 20.878 20.548 20.217 19.885 19.552 19.218 18.884 18.548 18.212 17.875 17.537 17.199 16.859 16.519 16.178 15.836 15.493 15.149 14.805 14.460 14.113 13.766 13.419 13.070 12.720 12.370 12.019 11.667 11.314 10.961 10.606 10.251  9.895  9.538  9.180  8.821  8.462  8.101  7.740  7.378  7.015  6.652  6.287  5.922  5.555  5.188  4.820  4.452  4.082  3.712  3.340  2.968  2.595 
28.062 27.751 27.439 27.126 26.812 26.497 26.182 25.865 25.548 25.230 24.912 24.592 24.272 23.950 23.628 23.305 22.982 22.657 22.332 22.006 21.678 21.351 21.022 20.692 20.362 20.031 19.699 19.366 19.032 18.698 18.362 18.026 17.689 17.351 17.012 16.673 16.333 15.991 15.649 15.307 14.963 14.618 14.273 13.927 13.580 13.232 12.883 12.534 12.183 11.832 11.480 11.127 10.773 10.419 10.064  9.707  9.350  8.992  8.634  8.274  7.914  7.552  7.190  6.827  6.464  6.099  5.733  5.367  5.000  4.632  4.263  3.894  3.523  3.152  2.780  2.407 
27.876 27.565 27.253 26.940 26.626 26.312 25.996 25.680 25.363 25.045 24.726 24.406 24.086 23.765 23.443 23.120 22.796 22.471 22.146 21.820 21.493 21.165 20.836 20.506 20.176 19.845 19.513 19.180 18.846 18.511 18.176 17.840 17.503 17.165 16.826 16.487 16.146 15.805 15.463 15.120 14.776 14.432 14.086 13.740 13.393 13.045 12.696 12.347 11.996 11.645 11.293 10.940 10.586 10.232  9.876  9.520  9.163  8.805  8.446  8.086  7.726  7.365  7.002  6.639  6.276  5.911  5.545  5.179  4.812  4.444  4.075  3.705  3.335  2.963  2.591  2.218 
27.690 27.379 27.067 26.754 26.440 26.126 25.810 25.494 25.177 24.859 24.540 24.220 23.900 23.579 23.257 22.934 22.610 22.285 21.960 21.633 21.306 20.978 20.650 20.320 19.990 19.658 19.326 18.993 18.660 18.325 17.990 17.653 17.316 16.978 16.639 16.300 15.959 15.618 15.276 14.933 14.589 14.245 13.899 13.553 13.206 12.858 12.509 12.159 11.809 11.458 11.106 10.753 10.399 10.044  9.689  9.332  8.975  8.617  8.258  7.899  7.538  7.177  6.814  6.451  6.087  5.723  5.357  4.991  4.623  4.255  3.886  3.517  3.146  2.775  2.402  2.029 
27.504 27.193 26.881 26.568 26.254 25.939 25.624 25.308 24.990 24.672 24.354 24.034 23.714 23.392 23.070 22.747 22.423 22.099 21.773 21.447 21.120 20.792 20.463 20.134 19.803 19.472 19.140 18.807 18.473 18.138 17.803 17.467 17.129 16.791 16.453 16.113 15.773 15.431 15.089 14.746 14.402 14.058 13.712 13.366 13.019 12.671 12.322 11.972 11.622 11.270 10.918 10.565 10.211  9.856  9.501  9.145  8.787  8.429  8.070  7.711  7.350  6.989  6.626  6.263  5.899  5.535  5.169  4.802  4.435  4.067  3.698  3.328  2.958  2.586  2.214  1.840 
27.318 27.006 26.694 26.381 26.068 25.753 25.437 25.121 24.804 24.486 24.167 23.848 23.527 23.206 22.884 22.561 22.237 21.912 21.587 21.260 20.933 20.605 20.277 19.947 19.616 19.285 18.953 18.620 18.286 17.951 17.616 17.280 16.942 16.604 16.266 15.926 15.585 15.244 14.902 14.559 14.215 13.870 13.525 13.178 12.831 12.483 12.134 11.785 11.434 11.083 10.730 10.377 10.023  9.669  9.313  8.957  8.599  8.241  7.882  7.523  7.162  6.801  6.438  6.075  5.711  5.346  4.981  4.614  4.247  3.879  3.510  3.140  2.769  2.397  2.025  1.652 
27.131 26.820 26.508 26.195 25.881 25.566 25.251 24.934 24.617 24.299 23.980 23.661 23.340 23.019 22.697 22.374 22.050 21.725 21.400 21.074 20.746 20.418 20.090 19.760 19.429 19.098 18.766 18.433 18.099 17.764 17.429 17.093 16.755 16.417 16.078 15.739 15.398 15.057 14.715 14.372 14.028 13.683 13.337 12.991 12.644 12.296 11.947 11.597 11.246 10.895 10.543 10.190  9.836  9.481  9.125  8.769  8.412  8.053  7.694  7.335  6.974  6.612  6.250  5.887  5.523  5.158  4.792  4.426  4.058  3.690  3.321  2.951  2.580  2.209  1.836  1.463 
26.944 26.633 26.321 26.008 25.694 25.379 25.064 24.748 24.430 24.112 23.794 23.474 23.153 22.832 22.510 22.187 21.863 21.538 21.213 20.887 20.559 20.231 19.903 19.573 19.242 18.911 18.579 18.246 17.912 17.577 17.242 16.905 16.568 16.230 15.891 15.551 15.211 14.869 14.527 14.184 13.840 13.496 13.150 12.803 12.456 12.108 11.759 11.409 11.059 10.707 10.355 10.002  9.648  9.293  8.937  8.581  8.224  7.865  7.506  7.147  6.786  6.424  6.062  5.699  5.335  4.970  4.604  4.237  3.870  3.502  3.133  2.763  2.392  2.020  1.648  1.274 
26.757 26.446 26.134 25.821 25.507 25.192 24.877 24.561 24.243 23.925 23.607 23.287 22.966 22.645 22.323 22.000 21.676 21.351 21.026 20.699 20.372 20.044 19.715 19.386 19.055 18.724 18.392 18.059 17.725 17.390 17.054 16.718 16.381 16.043 15.704 15.364 15.023 14.682 14.340 13.997 13.653 13.308 12.962 12.616 12.269 11.920 11.571 11.222 10.871 10.519 10.167  9.814  9.460  9.105  8.749  8.393  8.036  7.677  7.318  6.958  6.598  6.236  5.874  5.510  5.146  4.781  4.416  4.049  3.681  3.313  2.944  2.574  2.203  1.831  1.459  1.086 
26.570 26.259 25.947 25.634 25.320 25.005 24.690 24.373 24.056 23.738 23.419 23.100 22.779 22.458 22.136 21.813 21.489 21.164 20.839 20.512 20.185 19.857 19.528 19.198 18.868 18.536 18.204 17.871 17.537 17.202 16.867 16.530 16.193 15.855 15.516 15.176 14.836 14.494 14.152 13.809 13.465 13.120 12.775 12.428 12.081 11.733 11.384 11.034 10.683 10.332  9.979  9.626  9.272  8.917  8.561  8.205  7.847  7.489  7.130  6.770  6.409  6.048  5.685  5.322  4.958  4.593  4.227  3.860  3.493  3.125  2.755  2.385  2.015  1.643  1.270  0.897 
26.383 26.071 25.759 25.446 25.132 24.818 24.502 24.186 23.869 23.551 23.232 22.912 22.592 22.270 21.948 21.625 21.301 20.977 20.651 20.325 19.998 19.669 19.341 19.011 18.680 18.349 18.017 17.684 17.350 17.015 16.679 16.343 16.006 15.667 15.329 14.989 14.648 14.307 13.964 13.621 13.277 12.932 12.587 12.240 11.893 11.545 11.196 10.846 10.495 10.144  9.791  9.438  9.084  8.729  8.373  8.017  7.659  7.301  6.942  6.582  6.221  5.859  5.497  5.134  4.769  4.404  4.039  3.672  3.304  2.936  2.567  2.197  1.826  1.454  1.082  0.708 
26.195 25.884 25.572 25.259 24.945 24.630 24.315 23.999 23.681 23.363 23.044 22.725 22.404 22.083 21.761 21.438 21.114 20.789 20.464 20.137 19.810 19.482 19.153 18.823 18.493 18.161 17.829 17.496 17.162 16.827 16.492 16.155 15.818 15.480 15.141 14.801 14.460 14.119 13.777 13.433 13.089 12.744 12.399 12.052 11.705 11.357 11.008 10.658 10.307  9.955  9.603  9.250  8.896  8.541  8.185  7.828  7.471  7.113  6.754  6.394  6.033  5.671  5.309  4.945  4.581  4.216  3.850  3.483  3.116  2.748  2.378  2.008  1.637  1.265  0.893  0.519 
26.008 25.696 25.384 25.071 24.757 24.443 24.127 23.811 23.494 23.176 22.857 22.537 22.217 21.895 21.573 21.250 20.926 20.601 20.276 19.950 19.622 19.294 18.965 18.636 18.305 17.974 17.641 17.308 16.974 16.639 16.304 15.967 15.630 15.292 14.953 14.613 14.272 13.931 13.589 13.245 12.901 12.557 12.211 11.864 11.517 11.169 10.820 10.470 10.119  9.767  9.415  9.062  8.708  8.353  7.997  7.640  7.283  6.924  6.565  6.205  5.844  5.483  5.120  4.757  4.393  4.028  3.662  3.295  2.927  2.559  2.190  1.820  1.449  1.077  0.704  0.331 
25.820 25.509 25.197 24.884 24.570 24.255 23.940 23.623 23.306 22.988 22.669 22.350 22.029 21.708 21.385 21.062 20.738 20.414 20.088 19.762 19.435 19.106 18.778 18.448 18.117 17.786 17.453 17.120 16.786 16.452 16.116 15.779 15.442 15.104 14.765 14.425 14.084 13.743 13.401 13.057 12.713 12.368 12.023 11.676 11.329 10.981 10.631 10.282  9.931  9.579  9.227  8.873  8.519  8.164  7.809  7.452  7.094  6.736  6.377  6.017  5.656  5.294  4.932  4.568  4.204  3.839  3.473  3.106  2.739  2.370  2.001  1.631  1.260  0.888  0.516  0.142 
25.632 25.321 25.009 24.696 24.382 24.067 23.752 23.435 23.118 22.800 22.481 22.162 21.841 21.520 21.198 20.875 20.551 20.226 19.900 19.574 19.247 18.919 18.590 18.260 17.929 17.598 17.266 16.932 16.598 16.264 15.928 15.591 15.254 14.916 14.577 14.237 13.896 13.555 13.213 12.869 12.525 12.180 11.835 11.488 11.141 10.792 10.443 10.093  9.743  9.391  9.038  8.685  8.331  7.976  7.620  7.264  6.906  6.548  6.188  5.828  5.468  5.106  4.743  4.380  4.016  3.651  3.285  2.918  2.550  2.182  1.812  1.442  1.071  0.699  0.327 -0.047 
25.444 25.133 24.821 24.508 24.194 23.879 23.564 23.248 22.930 22.612 22.294 21.974 21.653 21.332 21.010 20.687 20.363 20.038 19.712 19.386 19.059 18.731 18.402 18.072 17.741 17.410 17.078 16.744 16.410 16.076 15.740 15.403 15.066 14.728 14.389 14.049 13.708 13.367 13.024 12.681 12.337 11.992 11.646 11.300 10.952 10.604 10.255  9.905  9.554  9.203  8.850  8.497  8.143  7.788  7.432  7.075  6.718  6.359  6.000  5.640  5.279  4.917  4.554  4.191  3.826  3.461  3.095  2.728  2.360  1.991  1.621  1.251  0.879  0.507  0.134 -0.235 
25.256 24.945 24.633 24.320 24.006 23.691 23.376 23.060 22.742 22.424 22.106 21.786 21.465 21.144 20.822 20.499 20.175 19.850 19.524 19.198 18.870 18.542 18.213 17.883 17.553 17.221 16.889 16.556 16.221 15.887 15.551 15.214 14.876 14.538 14.199 13.859 13.518 13.176 12.833 12.489 12.145 11.799 11.453 11.106 10.757 10.408 10.058  9.707  9.355  9.003  8.649  8.294  7.939  7.582  7.225  6.866  6.507  6.147  5.785  5.423  5.060  4.696  4.331  3.965  3.598  3.230  2.861  2.491  2.121  1.749  1.377  1.003  0.629  0.254 -0.122 -0.424 
25.067 24.756 24.444 24.131 23.817 23.502 23.187 22.870 22.553 22.235 21.916 21.596 21.275 20.954 20.631 20.308 19.984 19.659 19.333 19.006 18.679 18.350 18.021 17.691 17.360 17.028 16.695 16.362 16.027 15.692 15.356 15.018 14.680 14.342 14.002 13.661 13.320 12.977 12.634 12.290 11.945 11.599 11.252 10.905 10.556 10.207  9.857  9.506  9.154  8.801  8.447  8.093  7.738  7.382  7.025  6.667  6.309  5.950  5.590  5.229  4.868  4.506  4.143  3.779  3.415  3.051  2.685  2.319  1.953  1.586  1.218  0.850  0.481  0.112 -0.227 -0.613 
24.876 24.564 24.252 23.939 23.625 23.310 22.995 22.678 22.361 22.043 21.724 21.404 21.083 20.762 20.439 20.116 19.792 19.467 19.141 18.814 18.486 18.158 17.829 17.498 17.167 16.835 16.503 16.169 15.834 15.499 15.163 14.826 14.488 14.149 13.809 13.469 13.127 12.785 12.441 12.097 11.752 11.406 11.059 10.711 10.362 10.012  9.661  9.310  8.957  8.603  8.248  7.893  7.536  7.178  6.819  6.459  6.098  5.736  5.373  5.009  4.644  4.278  3.911  3.543  3.174  2.803  2.432  2.059  1.686  1.311  0.934  0.556  0.177 -0.177 -0.490 -0.802 
24.683 24.371 24.059 23.746 23.432 23.118 22.802 22.485 22.168 21.850 21.530 21.210 20.890 20.568 20.245 19.922 19.597 19.272 18.946 18.619 18.291 17.962 17.632 17.302 16.970 16.638 16.305 15.971 15.636 15.300 14.963 14.626 14.287 13.948 13.607 13.266 12.924 12.581 12.238 11.893 11.547 11.201 10.854 10.506 10.157  9.807  9.457  9.105  8.753  8.400  8.046  7.692  7.336  6.980  6.623  6.266  5.908  5.549  5.189  4.829  4.468  4.106  3.744  3.381  3.018  2.654  2.289  1.924  1.559  1.193  0.826  0.459  0.092 -0.242 -0.616 -0.990 
24.488 24.176 23.864 23.551 23.237 22.922 22.607 22.290 21.973 21.654 21.335 21.015 20.694 20.373 20.050 19.726 19.402 19.077 18.751 18.424 18.096 17.767 17.437 17.107 16.776 16.443 16.110 15.776 15.441 15.106 14.769 14.431 14.093 13.754 13.413 13.072 12.730 12.387 12.043 11.698 11.352 11.005 10.657 10.308  9.959  9.608  9.256  8.903  8.549  8.194  7.838  7.481  7.123  6.764  6.404  6.043  5.680  5.317  4.953  4.588  4.222  3.855  3.487  3.118  2.749  2.379  2.008  1.636  1.265  0.892  0.520  0.147 -0.170 -0.506 -0.842 -1.179 
24.292 23.980 23.668 23.355 23.041 22.726 22.410 22.094 21.776 21.458 21.139 20.818 20.497 20.175 19.853 19.529 19.204 18.879 18.552 18.225 17.897 17.568 17.238 16.907 16.575 16.243 15.909 15.575 15.240 14.904 14.566 14.229 13.890 13.550 13.210 12.868 12.526 12.183 11.839 11.494 11.148 10.802 10.455 10.106  9.757  9.408  9.057  8.706  8.354  8.001  7.647  7.293  6.938  6.582  6.225  5.868  5.510  5.152  4.793  4.433  4.073  3.712  3.350  2.988  2.625  2.262  1.898  1.534  1.169  0.804  0.438  0.072 -0.258 -0.628 -0.997 -1.368 
24.094 23.783 23.470 23.157 22.843 22.528 22.213 21.896 21.579 21.260 20.941 20.621 20.300 19.978 19.655 19.332 19.007 18.682 18.355 18.028 17.700 17.371 17.041 16.710 16.379 16.046 15.713 15.378 15.043 14.707 14.370 14.032 13.693 13.353 13.012 12.670 12.327 11.984 11.639 11.293 10.947 10.599 10.250  9.901  9.550  9.199  8.846  8.493  8.139  7.783  7.427  7.069  6.711  6.352  5.992  5.631  5.269  4.907  4.543  4.179  3.814  3.449  3.082  2.716  2.348  1.980  1.612  1.243  0.873  0.504  0.134 -0.185 -0.527 -0.870 -1.213 -1.556 
23.895 23.584 23.272 22.959 22.645 22.330 22.014 21.697 21.380 21.061 20.742 20.421 20.100 19.778 19.455 19.131 18.807 18.481 18.155 17.827 17.499 17.170 16.839 16.509 16.177 15.844 15.510 15.176 14.840 14.504 14.167 13.829 13.490 13.150 12.810 12.468 12.126 11.783 11.439 11.094 10.749 10.402 10.055  9.707  9.358  9.009  8.658  8.307  7.955  7.603  7.249  6.895  6.541  6.185  5.829  5.472  5.114  4.755  4.395  4.034  3.672  3.309  2.944  2.577  2.209  1.839  1.467  1.092  0.714  0.329 -0.064 -0.387 -0.719 -1.058 -1.401 -1.745 
23.696 23.385 23.072 22.759 22.445 22.130 21.815 21.498 21.180 20.862 20.543 20.222 19.901 19.579 19.256 18.933 18.608 18.282 17.956 17.628 17.300 16.971 16.641 16.310 15.978 15.645 15.311 14.976 14.641 14.304 13.966 13.628 13.289 12.948 12.607 12.265 11.922 11.577 11.232 10.886 10.539 10.192  9.843  9.493  9.142  8.791  8.438  8.085  7.730  7.375  7.019  6.662  6.304  5.946  5.586  5.226  4.865  4.504  4.142  3.779  3.415  3.051  2.686  2.321  1.955  1.588  1.222  0.855  0.487  0.119 -0.201 -0.546 -0.893 -1.239 -1.586 -1.934 
23.495 23.184 22.872 22.558 22.244 21.930 21.614 21.297 20.979 20.661 20.341 20.021 19.700 19.378 19.055 18.731 18.406 18.080 17.754 17.426 17.098 16.769 16.438 16.107 15.775 15.443 15.109 14.775 14.439 14.103 13.766 13.428 13.089 12.749 12.409 12.067 11.725 11.382 11.038 10.693 10.348 10.002  9.654  9.306  8.957  8.607  8.257  7.905  7.552  7.198  6.844  6.488  6.131  5.772  5.412  5.051  4.688  4.324  3.958  3.590  3.219  2.847  2.472  2.096  1.716  1.335  0.951  0.566  0.178 -0.180 -0.505 -0.829 -1.152 -1.476 -1.799 -2.123 
23.295 22.983 22.671 22.358 22.044 21.729 21.413 21.097 20.779 20.460 20.141 19.821 19.499 19.177 18.854 18.530 18.205 17.880 17.553 17.225 16.897 16.567 16.237 15.906 15.574 15.240 14.906 14.571 14.235 13.899 13.561 13.222 12.883 12.542 12.201 11.858 11.515 11.171 10.825 10.479 10.132  9.785  9.436  9.086  8.736  8.384  8.032  7.679  7.325  6.970  6.615  6.258  5.901  5.544  5.185  4.826  4.466  4.105  3.744  3.382  3.020  2.657  2.294  1.930  1.565  1.201  0.835  0.470  0.104 -0.216 -0.564 -0.913 -1.262 -1.611 -1.961 -2.311 
23.092 22.781 22.469 22.156 21.842 21.527 21.211 20.894 20.576 20.258 19.938 19.618 19.297 18.975 18.652 18.328 18.003 17.677 17.351 17.023 16.695 16.366 16.035 15.704 15.373 15.040 14.706 14.372 14.036 13.700 13.363 13.025 12.686 12.346 12.005 11.664 11.321 10.978 10.633 10.288  9.941  9.594  9.246  8.896  8.546  8.195  7.842  7.488  7.133  6.777  6.419  6.061  5.700  5.339  4.976  4.612  4.247  3.880  3.512  3.142  2.772  2.400  2.027  1.653  1.279  0.904  0.528  0.152 -0.167 -0.500 -0.832 -1.165 -1.498 -1.832 -2.166 -2.500 
22.891 22.580 22.267 21.954 21.640 21.325 21.009 20.692 20.375 20.056 19.737 19.416 19.095 18.773 18.450 18.125 17.800 17.475 17.148 16.820 16.491 16.162 15.831 15.500 15.168 14.835 14.500 14.166 13.830 13.493 13.155 12.817 12.478 12.138 11.797 11.455 11.113 10.770 10.426 10.081  9.736  9.391  9.045  8.698  8.351  8.003  7.656  7.308  6.960  6.612  6.263  5.915  5.567  5.219  4.871  4.524  4.177  3.830  3.483  3.137  2.792  2.446  2.102  1.758  1.414  1.071  0.728  0.385  0.043 -0.185 -0.357 -0.527 -0.694 -0.859 -1.021 -1.179 
22.692 22.380 22.068 21.755 21.441 21.127 20.811 20.495 20.178 19.860 19.541 19.221 18.901 18.579 18.257 17.935 17.611 17.287 16.962 16.636 16.309 15.982 15.654 15.326 14.996 14.667 14.336 14.005 13.674 13.342 13.009 12.676 12.343 12.009 11.675 11.340 11.006 10.671 10.336 10.001  9.665  9.330  8.995  8.660  8.325  7.990  7.656  7.322  6.989  6.657  6.325  5.994  5.664  5.335  5.007  4.681  4.356  4.033  3.711  3.392  3.075  2.759  2.446  2.135  1.826  1.520  1.216  0.913  0.613  0.315  0.018 -0.102 -0.114 -0.121 -0.057  0.142 
22.524 22.213 21.901 21.589 21.276 20.962 20.648 20.333 20.017 19.701 19.385 19.068 18.750 18.432 18.113 17.794 17.474 17.154 16.833 16.512 16.191 15.870 15.548 15.226 14.903 14.581 14.258 13.936 13.613 13.291 12.968 12.646 12.325 12.004 11.683 11.363 11.044 10.725 10.408 10.092  9.777  9.464  9.153  8.844  8.537  8.233  7.931  7.633  7.337  7.045  6.757  6.473  6.194  5.919  5.649  5.385  5.126  4.873  4.626  4.385  4.151  3.923  3.702  3.489  3.282  3.082  2.889  2.703  2.525  2.353  2.188  2.031  1.879  1.734  1.596  1.463 
22.435 22.124 21.813 21.502 21.191 20.879 20.568 20.257 19.946 19.634 19.323 19.012 18.701 18.390 18.079 17.768 17.458 17.148 16.838 16.529 16.221 15.913 15.605 15.298 14.993 14.687 14.383 14.080 13.778 13.477 13.178 12.880 12.583 12.288 11.995 11.703 11.414 11.126 10.840 10.557 10.276  9.998  9.722  9.449  9.178  8.911  8.646  8.385  8.127  7.873  7.622  7.374  7.130  6.890  6.654  6.422  6.195  5.971  5.752  5.537  5.327  5.122  4.921  4.725  4.534  4.348  4.168  3.992  3.822  3.657  3.497  3.343  3.195  3.052  2.915  2.784 
22.495 22.185 21.875 21.565 21.257 20.949 20.641 20.334 20.028 19.723 19.418 19.115 18.812 18.509 18.208 17.907 17.608 17.309 17.012 16.715 16.420 16.126 15.833 15.541 15.251 14.962 14.675 14.389 14.105 13.822 13.541 13.262 12.985 12.710 12.437 12.166 11.898 11.631 11.367 11.106 10.847 10.591 10.337 10.086  9.838  9.594  9.352  9.113  8.878  8.646  8.417  8.193  7.971  7.754  7.540  7.330  7.125  6.923  6.725  6.532  6.344  6.159  5.980  5.805  5.635  5.469  5.309  5.154  5.004  4.859  4.719  4.585  4.457  4.334  4.216  4.105 
22.701 22.391 22.081 21.774 21.467 21.161 20.857 20.554 20.253 19.952 19.653 19.355 19.059 18.763 18.470 18.177 17.887 17.597 17.309 17.023 16.738 16.455 16.174 15.895 15.617 15.341 15.067 14.795 14.525 14.257 13.991 13.727 13.466 13.207 12.950 12.696 12.444 12.195 11.948 11.704 11.463 11.225 10.990 10.758 10.529 10.303 10.080  9.861  9.645  9.433  9.224  9.019  8.818  8.620  8.427  8.237  8.052  7.871  7.694  7.521  7.353  7.189  7.030  6.876  6.727  6.582  6.443  6.308  6.179  6.055  5.936  5.823  5.715  5.613  5.517  5.426 
23.024 22.714 22.406 22.099 21.794 21.491 21.189 20.889 20.591 20.295 20.000 19.707 19.416 19.127 18.840 18.554 18.270 17.989 17.709 17.431 17.155 16.882 16.610 16.341 16.073 15.808 15.546 15.285 15.027 14.771 14.518 14.268 14.020 13.774 13.531 13.291 13.054 12.820 12.588 12.360 12.135 11.912 11.693 11.478 11.265 11.056 10.851 10.649 10.450 10.255 10.065  9.877  9.694  9.515  9.340  9.169  9.002  8.840  8.682  8.528  8.379  8.235  8.095  7.960  7.830  7.705  7.585  7.470  7.361  7.257  7.158  7.064  6.976  6.894  6.818  6.747 
23.447 23.137 22.829 22.524 22.220 21.919 21.619 21.322 21.027 20.734 20.443 20.155 19.868 19.584 19.302 19.022 18.745 18.470 18.197 17.927 17.659 17.393 17.130 16.869 16.611 16.356 16.103 15.852 15.605 15.360 15.118 14.879 14.642 14.409 14.179 13.951 13.727 13.506 13.288 13.073 12.862 12.654 12.449 12.248 12.051 11.857 11.667 11.480 11.297 11.119 10.944 10.773 10.606 10.444 10.285 10.131  9.982  9.836  9.696  9.560  9.428  9.301  9.179  9.062  8.950  8.843  8.742  8.645  8.553  8.467  8.387  8.312  8.242  8.178  8.120  8.068 
23.956 23.646 23.339 23.034 22.732 22.432 22.135 21.840 21.548 21.258 20.970 20.686 20.403 20.124 19.846 19.572 19.300 19.031 18.764 18.500 18.239 17.981 17.725 17.472 17.222 16.975 16.731 16.490 16.252 16.017 15.784 15.555 15.330 15.107 14.888 14.672 14.459 14.250 14.044 13.841 13.643 13.447 13.256 13.068 12.884 12.704 12.527 12.355 12.186 12.022 11.862 11.706 11.554 11.407 11.263 11.125 10.991 10.861 10.736 10.616 10.500 10.390 10.284 10.183 10.088  9.997  9.912  9.832  9.757  9.688  9.624  9.565  9.513  9.466  9.424  9.389 
24.542 24.232 23.926 23.622 23.321 23.022 22.727 22.434 22.144 21.857 21.573 21.291 21.013 20.737 20.464 20.194 19.927 19.663 19.402 19.144 18.889 18.637 18.388 18.143 17.900 17.660 17.424 17.191 16.961 16.735 16.512 16.292 16.076 15.863 15.653 15.448 15.245 15.047 14.852 14.660 14.473 14.289 14.110 13.934 13.762 13.594 13.430 13.270 13.115 12.964 12.817 12.674 12.536 12.402 12.273 12.148 12.028 11.913 11.802 11.696 11.595 11.499 11.408 11.322 11.242 11.166 11.096 11.031 10.971 10.917 10.868 10.825 10.788 10.756 10.730 10.710 
25.197 24.888 24.581 24.278 23.978 23.681 23.387 23.096 22.808 22.524 22.242 21.963 21.688 21.416 21.147 20.881 20.618 20.359 20.103 19.850 19.600 19.353 19.110 18.870 18.633 18.400 18.170 17.943 17.720 17.500 17.284 17.071 16.861 16.655 16.452 16.253 16.057 15.865 15.676 15.491 15.309 15.130 14.955 14.783 14.615 14.450 14.288 14.130 13.974 13.822 13.674 13.528 13.385 13.245 13.108 12.974 12.843 12.714 12.588 12.464 12.343 12.223 12.106 11.991 11.878 11.766 11.656 11.547 11.440 11.333 11.228 11.123 11.019 10.916 10.813 10.710 
25.902 25.593 25.287 24.984 24.684 24.388 24.094 23.804 23.517 23.234 22.953 22.676 22.401 22.131 21.863 21.598 21.337 21.078 20.823 20.571 20.323 20.077 19.835 19.595 19.359 19.126 18.896 18.670 18.446 18.225 18.008 17.793 17.582 17.373 17.168 16.965 16.766 16.569 16.375 16.184 15.996 15.810 15.627 15.447 15.270 15.095 14.922 14.753 14.585 14.420 14.257 14.097 13.938 13.782 13.628 13.475 13.325 13.176 13.030 12.884 12.741 12.599 12.458 12.318 12.180 12.043 11.907 11.771 11.637 11.503 11.370 11.237 11.105 10.973 10.842 10.710 
26.609 26.300 25.993 25.690 25.390 25.093 24.799 24.509 24.221 23.936 23.655 23.376 23.101 22.828 22.559 22.293 22.029 21.769 21.511 21.257 21.006 20.757 20.511 20.269 20.029 19.792 19.558 19.326 19.098 18.872 18.649 18.429 18.211 17.996 17.784 17.574 17.366 17.161 16.959 16.759 16.562 16.366 16.173 15.983 15.794 15.608 15.423 15.241 15.061 14.883 14.706 14.532 14.359 14.187 14.018 13.850 13.683 13.518 13.355 13.192 13.031 12.871 12.712 12.554 12.397 12.241 12.086 11.931 11.777 11.623 11.471 11.318 11.166 11.014 10.862 10.710 
27.280 26.971 26.664 26.361 26.060 25.762 25.467 25.175 24.886 24.599 24.316 24.035 23.757 23.482 23.210 22.941 22.674 22.410 22.149 21.890 21.635 21.382 21.131 20.884 20.639 20.396 20.156 19.919 19.684 19.451 19.222 18.994 18.769 18.546 18.326 18.108 17.892 17.678 17.466 17.257 17.050 16.844 16.641 16.440 16.240 16.043 15.847 15.653 15.461 15.270 15.081 14.894 14.708 14.524 14.340 14.159 13.978 13.799 13.621 13.444 13.268 13.093 12.919 12.746 12.573 12.402 12.230 12.060 11.890 11.721 11.552 11.383 11.214 11.046 10.878 10.710 
27.902 27.592 27.285 26.981 26.680 26.381 26.084 25.791 25.500 25.211 24.926 24.642 24.362 24.084 23.808 23.536 23.265 22.997 22.732 22.469 22.209 21.951 21.696 21.443 21.192 20.944 20.698 20.454 20.213 19.973 19.736 19.502 19.269 19.039 18.810 18.584 18.360 18.137 17.917 17.698 17.482 17.267 17.054 16.842 16.633 16.425 16.219 16.014 15.811 15.609 15.408 15.209 15.012 14.815 14.620 14.426 14.233 14.042 13.851 13.661 13.472 13.284 13.097 12.910 12.725 12.539 12.355 12.171 11.987 11.804 11.621 11.439 11.256 11.074 10.892 10.710 
28.471 28.161 27.854 27.549 27.247 26.947 26.649 26.354 26.061 25.771 25.483 25.197 24.914 24.633 24.354 24.078 23.804 23.533 23.263 22.996 22.731 22.469 22.208 21.950 21.694 21.440 21.188 20.939 20.691 20.445 20.202 19.960 19.720 19.482 19.247 19.013 18.780 18.550 18.321 18.094 17.869 17.645 17.423 17.203 16.984 16.766 16.550 16.335 16.122 15.910 15.700 15.490 15.282 15.075 14.869 14.664 14.460 14.257 14.055 13.853 13.653 13.453 13.254 13.056 12.858 12.661 12.465 12.269 12.073 11.877 11.682 11.488 11.293 11.099 10.904 10.710 
28.988 28.679 28.371 28.066 27.763 27.462 27.163 26.866 26.572 26.280 25.990 25.702 25.416 25.132 24.851 24.571 24.294 24.019 23.746 23.475 23.206 22.939 22.674 22.410 22.149 21.890 21.633 21.378 21.124 20.872 20.623 20.375 20.128 19.884 19.641 19.400 19.160 18.922 18.686 18.451 18.218 17.986 17.756 17.527 17.300 17.073 16.848 16.625 16.402 16.181 15.961 15.742 15.524 15.308 15.092 14.877 14.663 14.450 14.237 14.026 13.815 13.605 13.395 13.187 12.978 12.770 12.563 12.356 12.150 11.943 11.737 11.532 11.326 11.121 10.915 10.710 
29.459 29.149 28.841 28.535 28.231 27.929 27.629 27.332 27.036 26.742 26.450 26.160 25.872 25.585 25.301 25.019 24.739 24.460 24.183 23.909 23.636 23.365 23.095 22.828 22.562 22.298 22.036 21.775 21.517 21.260 21.004 20.750 20.498 20.247 19.998 19.750 19.504 19.260 19.016 18.774 18.534 18.295 18.057 17.820 17.585 17.351 17.118 16.886 16.656 16.426 16.198 15.970 15.743 15.518 15.293 15.069 14.846 14.624 14.402 14.181 13.961 13.742 13.523 13.304 13.086 12.869 12.652 12.435 12.219 12.003 11.787 11.571 11.356 11.140 10.925 10.710 
29.886 29.576 29.267 28.961 28.656 28.354 28.053 27.754 27.456 27.161 26.867 26.575 26.285 25.997 25.710 25.425 25.142 24.860 24.580 24.302 24.026 23.751 23.478 23.206 22.936 22.668 22.401 22.136 21.872 21.610 21.350 21.090 20.833 20.576 20.321 20.068 19.816 19.565 19.315 19.067 18.820 18.574 18.329 18.086 17.844 17.602 17.362 17.123 16.885 16.648 16.411 16.176 15.942 15.708 15.475 15.243 15.012 14.781 14.551 14.322 14.093 13.865 13.638 13.411 13.184 12.958 12.732 12.506 12.281 12.056 11.832 11.607 11.383 11.158 10.934 10.710 
30.272 29.962 29.654 29.347 29.042 28.739 28.437 28.137 27.838 27.541 27.246 26.952 26.660 26.369 26.080 25.793 25.507 25.223 24.940 24.659 24.379 24.101 23.825 23.549 23.276 23.003 22.732 22.463 22.195 21.928 21.663 21.399 21.136 20.875 20.615 20.356 20.098 19.842 19.586 19.332 19.079 18.827 18.576 18.327 18.078 17.830 17.583 17.337 17.092 16.848 16.605 16.363 16.121 15.880 15.640 15.401 15.162 14.924 14.686 14.450 14.213 13.977 13.742 13.507 13.272 13.038 12.805 12.571 12.338 12.105 11.872 11.639 11.407 11.175 10.942 10.710 
30.623 30.313 30.005 29.697 29.392 29.088 28.785 28.484 28.184 27.886 27.589 27.294 27.000 26.707 26.416 26.127 25.839 25.552 25.266 24.982 24.700 24.419 24.139 23.860 23.583 23.307 23.033 22.759 22.487 22.216 21.947 21.678 21.411 21.145 20.880 20.616 20.354 20.092 19.832 19.572 19.314 19.057 18.800 18.545 18.290 18.036 17.784 17.532 17.280 17.030 16.781 16.532 16.284 16.036 15.790 15.544 15.298 15.053 14.809 14.565 14.322 14.079 13.836 13.594 13.353 13.111 12.870 12.630 12.389 12.149 11.909 11.669 11.429 11.189 10.950 10.710 
30.941 30.631 30.322 30.015 29.709 29.404 29.101 28.798 28.498 28.198 27.900 27.603 27.308 27.014 26.721 26.429 26.139 25.850 25.562 25.276 24.991 24.707 24.424 24.142 23.862 23.583 23.305 23.028 22.752 22.478 22.204 21.932 21.660 21.390 21.121 20.853 20.586 20.320 20.054 19.790 19.527 19.264 19.003 18.742 18.482 18.223 17.965 17.708 17.451 17.195 16.940 16.685 16.431 16.178 15.925 15.673 15.421 15.170 14.920 14.670 14.420 14.171 13.922 13.673 13.425 13.177 12.930 12.683 12.436 12.189 11.942 11.695 11.449 11.203 10.956 10.710 
31.230 30.920 30.611 30.303 29.996 29.691 29.387 29.084 28.782 28.481 28.182 27.884 27.587 27.291 26.997 26.703 26.411 26.120 25.830 25.542 25.254 24.967 24.682 24.398 24.115 23.832 23.551 23.271 22.992 22.714 22.437 22.161 21.886 21.612 21.339 21.067 20.796 20.526 20.256 19.988 19.720 19.453 19.187 18.921 18.657 18.393 18.130 17.867 17.605 17.344 17.084 16.824 16.565 16.306 16.048 15.790 15.533 15.276 15.020 14.765 14.509 14.254 13.999 13.745 13.491 13.237 12.984 12.731 12.478 12.225 11.972 11.720 11.467 11.215 10.962 10.710 
31.491 31.181 30.872 30.564 30.257 29.951 29.646 29.342 29.040 28.738 28.438 28.139 27.840 27.543 27.247 26.952 26.658 26.365 26.073 25.783 25.493 25.204 24.916 24.629 24.344 24.059 23.775 23.492 23.210 22.929 22.649 22.370 22.091 21.814 21.537 21.262 20.987 20.712 20.439 20.167 19.895 19.624 19.353 19.084 18.815 18.547 18.279 18.012 17.746 17.480 17.215 16.950 16.686 16.422 16.159 15.897 15.634 15.373 15.111 14.850 14.590 14.330 14.070 13.810 13.551 13.292 13.033 12.774 12.516 12.258 11.999 11.741 11.483 11.226 10.968 10.710 
31.728 31.418 31.108 30.800 30.493 30.186 29.881 29.577 29.273 28.971 28.670 28.369 28.070 27.771 27.474 27.177 26.882 26.587 26.294 26.001 25.709 25.418 25.128 24.839 24.551 24.264 23.978 23.692 23.407 23.124 22.841 22.558 22.277 21.996 21.717 21.438 21.159 20.882 20.605 20.329 20.053 19.779 19.504 19.231 18.958 18.686 18.414 18.143 17.873 17.603 17.333 17.064 16.796 16.528 16.260 15.993 15.726 15.460 15.194 14.928 14.663 14.398 14.134 13.869 13.605 13.341 13.077 12.814 12.550 12.287 12.024 11.761 11.498 11.236 10.973 10.710 
31.943 31.633 31.323 31.015 30.707 30.400 30.094 29.789 29.485 29.182 28.880 28.578 28.278 27.978 27.680 27.382 27.085 26.789 26.493 26.199 25.906 25.613 25.321 25.030 24.740 24.450 24.161 23.874 23.586 23.300 23.014 22.730 22.445 22.162 21.879 21.597 21.316 21.035 20.755 20.476 20.197 19.919 19.641 19.364 19.088 18.812 18.537 18.262 17.988 17.714 17.441 17.168 16.895 16.623 16.352 16.080 15.810 15.539 15.269 14.999 14.730 14.460 14.191 13.923 13.654 13.386 13.118 12.850 12.582 12.314 12.047 11.779 11.512 11.245 10.977 10.710 
32.138 31.827 31.518 31.209 30.901 30.594 30.287 29.982 29.677 29.373 29.070 28.768 28.467 28.166 27.866 27.567 27.269 26.971 26.675 26.379 26.083 25.789 25.495 25.202 24.910 24.619 24.328 24.038 23.749 23.460 23.172 22.885 22.598 22.312 22.027 21.742 21.458 21.174 20.891 20.609 20.327 20.046 19.765 19.485 19.206 18.927 18.648 18.370 18.092 17.815 17.538 17.261 16.985 16.710 16.435 16.160 15.885 15.611 15.337 15.063 14.790 14.517 14.244 13.971 13.699 13.426 13.154 12.882 12.610 12.339 12.067 11.796 11.524 11.253 10.981 10.710 
32.314 32.004 31.694 31.385 31.077 30.769 30.463 30.157 29.851 29.547 29.243 28.940 28.638 28.336 28.035 27.735 27.435 27.137 26.839 26.541 26.245 25.949 25.653 25.359 25.065 24.772 24.479 24.187 23.896 23.605 23.315 23.025 22.736 22.448 22.160 21.873 21.587 21.300 21.015 20.730 20.445 20.161 19.878 19.595 19.312 19.030 18.749 18.467 18.187 17.906 17.626 17.347 17.067 16.788 16.510 16.231 15.953 15.676 15.398 15.121 14.844 14.568 14.291 14.015 13.739 13.463 13.187 12.912 12.636 12.361 12.085 11.810 11.535 11.260 10.985 10.710 
32.474 32.164 31.854 31.545 31.236 30.928 30.621 30.315 30.009 29.704 29.399 29.096 28.793 28.490 28.188 27.887 27.587 27.287 26.987 26.689 26.391 26.094 25.797 25.501 25.205 24.910 24.616 24.322 24.029 23.736 23.444 23.153 22.862 22.571 22.281 21.992 21.703 21.415 21.127 20.840 20.553 20.266 19.980 19.694 19.409 19.124 18.840 18.556 18.272 17.989 17.706 17.424 17.141 16.859 16.578 16.296 16.015 15.735 15.454 15.174 14.894 14.614 14.334 14.055 13.775 13.496 13.217 12.938 12.659 12.381 12.102 11.824 11.545 11.267 10.988 10.710 
32.619 32.309 31.999 31.690 31.381 31.073 30.765 30.458 30.152 29.846 29.541 29.237 28.933 28.630 28.327 28.025 27.724 27.423 27.122 26.823 26.523 26.225 25.927 25.629 25.332 25.036 24.740 24.445 24.150 23.855 23.562 23.268 22.976 22.683 22.391 22.100 21.809 21.518 21.228 20.939 20.650 20.361 20.072 19.784 19.497 19.210 18.923 18.636 18.350 18.064 17.779 17.493 17.209 16.924 16.640 16.355 16.072 15.788 15.505 15.222 14.939 14.656 14.373 14.091 13.808 13.526 13.244 12.962 12.681 12.399 12.117 11.836 11.554 11.273 10.991 10.710 
