31.116 30.805 30.494 30.183 29.873 29.562 29.251 28.940 28.629 28.318 28.007 27.696 27.385 27.074 26.764 26.453 26.142 25.831 25.520 25.209 24.898 24.587 24.276 23.965 23.654 23.343 23.032 22.721 22.410 22.099 21.788 21.477 21.165 20.854 20.543 20.231 19.920 19.609 19.297 18.985 18.674 18.362 18.050 17.738 17.425 17.113 16.801 16.488 16.175 15.862 15.548 15.235 14.921 14.607 14.292 13.977 13.662 13.347 13.031 12.714 12.397 12.080 11.762 11.443 11.124 10.804 10.484 10.162  9.841  9.518  9.194  8.870  8.545  8.218  7.891  7.563 
31.114 30.803 30.492 30.181 29.870 29.559 29.248 28.937 28.626 28.315 28.004 27.692 27.381 27.070 26.759 26.447 26.136 25.824 25.513 25.201 24.890 24.578 24.266 23.954 23.642 23.330 23.018 22.706 22.393 22.081 21.768 21.455 21.142 20.829 20.516 20.203 19.889 19.575 19.261 18.947 18.632 18.317 18.002 17.687 17.371 17.055 16.739 16.422 16.105 15.788 15.470 15.152 14.833 14.514 14.194 13.874 13.553 13.232 12.910 12.588 12.265 11.941 11.617 11.292 10.966 10.639 10.312  9.984  9.655  9.325  8.994  8.662  8.330  7.996  7.661  7.326 
31.102 30.791 30.480 30.169 29.858 29.546 29.235 28.923 28.612 28.300 27.989 27.677 27.365 27.053 26.740 26.428 26.116 25.803 25.491 25.178 24.865 24.552 24.238 23.925 23.611 23.298 22.984 22.669 22.355 22.040 21.726 21.411 21.095 20.780 20.464 20.148 19.831 19.515 19.197 18.880 18.562 18.244 17.926 17.607 17.288 16.968 16.648 16.327 16.006 15.685 15.363 15.040 14.717 14.393 14.069 13.744 13.419 13.093 12.766 12.438 12.110 11.781 11.452 11.121 10.790 10.458 10.125  9.792  9.457  9.122  8.785  8.448  8.109  7.770  7.430  7.089 
31.074 30.763 30.452 30.141 29.829 29.518 29.206 28.894 28.582 28.270 27.957 27.644 27.332 27.019 26.705 26.392 26.078 25.765 25.451 25.136 24.822 24.507 24.192 23.877 23.562 23.246 22.930 22.614 22.297 21.980 21.663 21.346 21.028 20.710 20.391 20.072 19.753 19.434 19.114 18.793 18.472 18.151 17.829 17.507 17.184 16.861 16.538 16.213 15.889 15.563 15.237 14.911 14.584 14.256 13.928 13.599 13.269 12.939 12.607 12.276 11.943 11.610 11.276 10.941 10.605 10.268  9.931  9.592  9.253  8.913  8.572  8.230  7.887  7.543  7.198  6.851 
31.029 30.718 30.407 30.096 29.784 29.472 29.160 28.847 28.535 28.222 27.908 27.595 27.281 26.967 26.653 26.338 26.024 25.709 25.393 25.078 24.762 24.445 24.129 23.812 23.495 23.177 22.859 22.541 22.222 21.903 21.584 21.264 20.944 20.623 20.302 19.981 19.659 19.337 19.014 18.691 18.367 18.043 17.718 17.392 17.067 16.740 16.413 16.086 15.757 15.429 15.099 14.769 14.439 14.107 13.775 13.442 13.109 12.775 12.440 12.104 11.768 11.430 11.092 10.753 10.413 10.073  9.731  9.389  9.045  8.701  8.356  8.009  7.662  7.314  6.965  6.614 
30.967 30.656 30.345 30.033 29.721 29.409 29.096 28.783 28.470 28.157 27.843 27.529 27.214 26.899 26.584 26.268 25.952 25.636 25.319 25.002 24.685 24.367 24.049 23.731 23.412 23.092 22.773 22.452 22.132 21.811 21.489 21.167 20.845 20.522 20.199 19.875 19.551 19.226 18.900 18.575 18.248 17.921 17.594 17.265 16.937 16.607 16.277 15.947 15.615 15.284 14.951 14.618 14.284 13.949 13.614 13.278 12.941 12.603 12.265 11.925 11.585 11.245 10.903 10.560 10.217  9.873  9.527  9.181  8.834  8.486  8.137  7.787  7.436  7.084  6.731  6.377 
30.889 30.578 30.267 29.955 29.643 29.330 29.017 28.704 28.390 28.076 27.761 27.447 27.131 26.815 26.499 26.183 25.866 25.548 25.230 24.912 24.594 24.274 23.955 23.635 23.314 22.993 22.672 22.350 22.028 21.705 21.381 21.057 20.733 20.408 20.083 19.757 19.430 19.103 18.775 18.447 18.118 17.789 17.458 17.128 16.796 16.464 16.132 15.798 15.464 15.129 14.794 14.458 14.121 13.783 13.445 13.106 12.766 12.425 12.083 11.741 11.398 11.054 10.709 10.363 10.016  9.669  9.320  8.971  8.620  8.269  7.917  7.563  7.209  6.854  6.497  6.140 
30.797 30.486 30.174 29.862 29.550 29.237 28.924 28.610 28.296 27.981 27.666 27.350 27.034 26.718 26.401 26.083 25.765 25.447 25.128 24.808 24.489 24.168 23.847 23.526 23.204 22.882 22.559 22.235 21.911 21.586 21.261 20.936 20.609 20.283 19.955 19.627 19.298 18.969 18.639 18.309 17.978 17.646 17.314 16.980 16.647 16.312 15.977 15.641 15.305 14.967 14.629 14.290 13.951 13.611 13.269 12.928 12.585 12.241 11.897 11.552 11.206 10.859 10.511 10.162  9.812  9.462  9.110  8.758  8.404  8.050  7.695  7.338  6.981  6.623  6.263  5.903 
30.691 30.380 30.068 29.756 29.443 29.130 28.816 28.502 28.188 27.872 27.557 27.241 26.924 26.607 26.289 25.971 25.652 25.332 25.013 24.692 24.371 24.050 23.728 23.405 23.082 22.758 22.434 22.109 21.783 21.457 21.130 20.803 20.475 20.146 19.817 19.487 19.157 18.826 18.494 18.162 17.828 17.495 17.160 16.825 16.489 16.152 15.815 15.477 15.138 14.798 14.458 14.117 13.775 13.432 13.088 12.744 12.399 12.052 11.705 11.358 11.009 10.659 10.309  9.958  9.605  9.252  8.898  8.543  8.187  7.829  7.471  7.112  6.752  6.391  6.029  5.666 
30.573 30.261 29.950 29.637 29.325 29.011 28.697 28.383 28.068 27.752 27.436 27.119 26.802 26.484 26.166 25.847 25.527 25.207 24.886 24.565 24.243 23.920 23.597 23.273 22.949 22.624 22.298 21.972 21.645 21.318 20.989 20.661 20.331 20.001 19.670 19.339 19.006 18.674 18.340 18.006 17.671 17.335 16.999 16.662 16.324 15.985 15.646 15.305 14.964 14.623 14.280 13.937 13.593 13.248 12.902 12.555 12.207 11.859 11.510 11.160 10.809 10.457 10.104  9.750  9.395  9.040  8.683  8.325  7.967  7.607  7.247  6.885  6.523  6.159  5.794  5.429 
30.443 30.132 29.820 29.508 29.195 28.881 28.567 28.252 27.937 27.621 27.304 26.987 26.669 26.351 26.032 25.712 25.392 25.071 24.749 24.427 24.104 23.780 23.456 23.131 22.806 22.480 22.153 21.826 21.498 21.169 20.839 20.509 20.178 19.847 19.515 19.182 18.848 18.514 18.178 17.842 17.506 17.168 16.830 16.491 16.152 15.811 15.470 15.128 14.785 14.441 14.097 13.752 13.405 13.058 12.710 12.362 12.012 11.662 11.310 10.958 10.605 10.251  9.896  9.540  9.183  8.825  8.466  8.106  7.745  7.384  7.021  6.657  6.292  5.926  5.559  5.191 
30.304 29.992 29.681 29.368 29.055 28.741 28.427 28.112 27.796 27.480 27.163 26.845 26.527 26.208 25.888 25.568 25.247 24.925 24.603 24.280 23.956 23.632 23.307 22.981 22.655 22.327 22.000 21.671 21.342 21.012 20.681 20.350 20.018 19.685 19.351 19.017 18.682 18.346 18.010 17.672 17.334 16.995 16.655 16.315 15.974 15.632 15.289 14.945 14.600 14.255 13.909 13.561 13.213 12.865 12.515 12.164 11.813 11.460 11.107 10.753 10.398 10.042  9.685  9.327  8.968  8.608  8.247  7.885  7.522  7.159  6.794  6.428  6.061  5.693  5.324  4.954 
30.155 29.844 29.532 29.219 28.906 28.592 28.278 27.962 27.646 27.329 27.012 26.694 26.375 26.056 25.736 25.415 25.093 24.771 24.448 24.124 23.800 23.475 23.149 22.822 22.495 22.167 21.838 21.509 21.178 20.848 20.516 20.183 19.850 19.516 19.181 18.846 18.509 18.172 17.834 17.496 17.156 16.816 16.475 16.133 15.790 15.446 15.102 14.757 14.411 14.064 13.716 13.367 13.017 12.667 12.315 11.963 11.610 11.256 10.901 10.545 10.188  9.830  9.471  9.112  8.751  8.389  8.027  7.663  7.298  6.933  6.566  6.198  5.830  5.460  5.089  4.717 
29.998 29.687 29.375 29.062 28.749 28.435 28.120 27.804 27.488 27.171 26.853 26.535 26.216 25.896 25.575 25.254 24.932 24.609 24.285 23.961 23.636 23.310 22.984 22.656 22.328 21.999 21.670 21.339 21.008 20.676 20.344 20.010 19.676 19.341 19.005 18.668 18.331 17.993 17.653 17.314 16.973 16.631 16.289 15.946 15.601 15.256 14.911 14.564 14.216 13.868 13.519 13.169 12.817 12.465 12.113 11.759 11.404 11.048 10.692 10.334  9.976  9.616  9.256  8.894  8.532  8.169  7.804  7.439  7.073  6.706  6.337  5.968  5.597  5.226  4.854  4.480 
29.834 29.523 29.211 28.898 28.584 28.270 27.955 27.639 27.323 27.006 26.688 26.369 26.049 25.729 25.408 25.086 24.763 24.440 24.116 23.791 23.465 23.139 22.812 22.484 22.155 21.825 21.495 21.164 20.832 20.499 20.165 19.831 19.496 19.160 18.823 18.485 18.147 17.807 17.467 17.126 16.784 16.442 16.098 15.754 15.408 15.062 14.715 14.367 14.018 13.669 13.318 12.966 12.614 12.261 11.906 11.551 11.195 10.838 10.480 10.121  9.761  9.400  9.038  8.675  8.312  7.947  7.581  7.214  6.846  6.478  6.108  5.737  5.365  4.992  4.618  4.243 
29.663 29.351 29.039 28.727 28.413 28.099 27.783 27.467 27.151 26.833 26.515 26.196 25.876 25.555 25.234 24.912 24.589 24.265 23.940 23.615 23.288 22.961 22.634 22.305 21.975 21.645 21.314 20.982 20.649 20.316 19.982 19.646 19.310 18.973 18.636 18.297 17.958 17.617 17.276 16.934 16.591 16.248 15.903 15.557 15.211 14.864 14.516 14.166 13.816 13.466 13.114 12.761 12.407 12.053 11.697 11.341 10.983 10.625 10.266  9.906  9.544  9.182  8.819  8.455  8.090  7.723  7.356  6.988  6.619  6.249  5.877  5.505  5.132  4.758  4.382  4.006 
29.485 29.174 28.862 28.549 28.235 27.921 27.606 27.289 26.973 26.655 26.336 26.017 25.697 25.376 25.054 24.731 24.408 24.084 23.759 23.433 23.106 22.778 22.450 22.121 21.791 21.460 21.128 20.796 20.462 20.128 19.793 19.457 19.120 18.782 18.444 18.104 17.764 17.423 17.081 16.738 16.394 16.049 15.704 15.357 15.010 14.662 14.313 13.962 13.611 13.259 12.907 12.553 12.198 11.842 11.486 11.128 10.769 10.410 10.049  9.688  9.326  8.962  8.598  8.232  7.866  7.499  7.130  6.761  6.390  6.019  5.647  5.273  4.898  4.523  4.146  3.769 
29.302 28.991 28.679 28.366 28.052 27.738 27.422 27.106 26.789 26.471 26.152 25.833 25.512 25.191 24.869 24.546 24.222 23.897 23.572 23.245 22.918 22.590 22.261 21.932 21.601 21.270 20.937 20.604 20.270 19.935 19.600 19.263 18.925 18.587 18.248 17.908 17.566 17.225 16.882 16.538 16.193 15.848 15.501 15.154 14.806 14.456 14.106 13.755 13.403 13.050 12.697 12.342 11.986 11.629 11.272 10.913 10.553 10.193  9.831  9.469  9.105  8.741  8.375  8.009  7.641  7.273  6.903  6.533  6.161  5.789  5.415  5.040  4.665  4.288  3.910  3.531 
29.114 28.803 28.491 28.178 27.864 27.549 27.234 26.917 26.600 26.282 25.963 25.643 25.323 25.001 24.679 24.355 24.031 23.706 23.380 23.054 22.726 22.398 22.068 21.738 21.407 21.075 20.742 20.409 20.074 19.738 19.402 19.065 18.727 18.388 18.048 17.707 17.365 17.023 16.679 16.334 15.989 15.643 15.296 14.947 14.598 14.248 13.897 13.545 13.192 12.839 12.484 12.128 11.772 11.414 11.055 10.696 10.335  9.974  9.611  9.248  8.883  8.518  8.151  7.784  7.415  7.046  6.675  6.304  5.931  5.558  5.183  4.807  4.431  4.053  3.674  3.294 
28.922 28.611 28.298 27.985 27.671 27.357 27.041 26.724 26.407 26.089 25.770 25.449 25.129 24.807 24.484 24.161 23.836 23.511 23.185 22.858 22.530 22.201 21.871 21.540 21.209 20.877 20.543 20.209 19.874 19.538 19.201 18.863 18.525 18.185 17.844 17.503 17.160 16.817 16.473 16.128 15.782 15.435 15.087 14.738 14.388 14.037 13.686 13.333 12.979 12.625 12.269 11.913 11.555 11.197 10.837 10.477 10.115  9.753  9.390  9.025  8.660  8.294  7.926  7.558  7.188  6.818  6.447  6.074  5.701  5.326  4.951  4.574  4.196  3.818  3.438  3.057 
28.725 28.414 28.102 27.788 27.474 27.160 26.844 26.527 26.210 25.891 25.572 25.252 24.931 24.609 24.286 23.962 23.637 23.312 22.985 22.658 22.329 22.000 21.670 21.339 21.007 20.674 20.341 20.006 19.670 19.334 18.997 18.658 18.319 17.979 17.638 17.296 16.953 16.609 16.264 15.918 15.572 15.224 14.875 14.526 14.175 13.824 13.471 13.118 12.764 12.408 12.052 11.695 11.337 10.977 10.617 10.256  9.894  9.531  9.167  8.801  8.435  8.068  7.700  7.331  6.960  6.589  6.217  5.844  5.469  5.094  4.718  4.340  3.962  3.582  3.202  2.820 
28.525 28.213 27.901 27.588 27.274 26.959 26.643 26.326 26.009 25.690 25.371 25.050 24.729 24.407 24.084 23.760 23.435 23.109 22.782 22.454 22.126 21.796 21.466 21.134 20.802 20.469 20.135 19.800 19.464 19.127 18.789 18.450 18.111 17.770 17.428 17.086 16.742 16.398 16.053 15.706 15.359 15.011 14.662 14.311 13.960 13.608 13.255 12.901 12.546 12.190 11.833 11.475 11.116 10.757 10.396 10.034  9.671  9.307  8.942  8.576  8.209  7.841  7.473  7.103  6.732  6.360  5.987  5.613  5.238  4.861  4.484  4.106  3.727  3.347  2.965  2.583 
28.321 28.009 27.697 27.384 27.070 26.755 26.439 26.122 25.804 25.485 25.166 24.845 24.524 24.201 23.878 23.554 23.229 22.903 22.576 22.248 21.919 21.589 21.258 20.927 20.594 20.261 19.926 19.591 19.254 18.917 18.579 18.240 17.899 17.558 17.216 16.873 16.529 16.184 15.839 15.492 15.144 14.795 14.446 14.095 13.743 13.391 13.037 12.682 12.327 11.970 11.613 11.254 10.895 10.534 10.173  9.810  9.447  9.082  8.717  8.350  7.983  7.614  7.244  6.874  6.502  6.129  5.756  5.381  5.005  4.628  4.251  3.872  3.492  3.111  2.729  2.346 
28.114 27.802 27.490 27.177 26.863 26.548 26.231 25.915 25.597 25.278 24.958 24.637 24.316 23.993 23.670 23.345 23.020 22.694 22.367 22.038 21.709 21.379 21.048 20.716 20.383 20.049 19.715 19.379 19.042 18.705 18.366 18.026 17.686 17.344 17.002 16.659 16.314 15.969 15.623 15.275 14.927 14.578 14.228 13.876 13.524 13.171 12.817 12.462 12.106 11.749 11.391 11.032 10.671 10.310  9.948  9.585  9.221  8.856  8.490  8.123  7.755  7.385  7.015  6.644  6.272  5.899  5.524  5.149  4.773  4.395  4.017  3.637  3.257  2.875  2.492  2.109 
27.904 27.592 27.280 26.967 26.653 26.337 26.021 25.704 25.386 25.068 24.748 24.427 24.105 23.782 23.459 23.134 22.809 22.482 22.155 21.826 21.497 21.167 20.835 20.503 20.170 19.836 19.501 19.165 18.828 18.490 18.151 17.811 17.470 17.128 16.785 16.442 16.097 15.751 15.404 15.057 14.708 14.358 14.008 13.656 13.304 12.950 12.595 12.240 11.883 11.526 11.167 10.808 10.447 10.085  9.723  9.359  8.995  8.629  8.262  7.895  7.526  7.156  6.786  6.414  6.041  5.667  5.292  4.916  4.539  4.161  3.782  3.402  3.021  2.639  2.256  1.871 
27.691 27.380 27.068 26.754 26.440 26.125 25.809 25.492 25.174 24.855 24.535 24.214 23.892 23.569 23.245 22.921 22.595 22.268 21.941 21.612 21.282 20.952 20.620 20.288 19.955 19.620 19.285 18.949 18.611 18.273 17.934 17.594 17.252 16.910 16.567 16.223 15.878 15.532 15.185 14.837 14.488 14.137 13.786 13.434 13.081 12.727 12.372 12.016 11.659 11.301 10.942 10.582 10.221  9.859  9.496  9.132  8.767  8.401  8.034  7.666  7.296  6.926  6.555  6.183  5.809  5.435  5.060  4.683  4.306  3.927  3.548  3.167  2.786  2.403  2.019  1.634 
27.477 27.165 26.853 26.540 26.225 25.910 25.594 25.277 24.959 24.640 24.319 23.998 23.676 23.354 23.030 22.705 22.379 22.052 21.724 21.395 21.066 20.735 20.403 20.071 19.737 19.402 19.067 18.730 18.393 18.054 17.715 17.374 17.033 16.690 16.347 16.002 15.657 15.311 14.963 14.615 14.265 13.915 13.564 13.211 12.858 12.503 12.148 11.792 11.434 11.076 10.716 10.356  9.995  9.632  9.269  8.904  8.539  8.172  7.804  7.436  7.066  6.696  6.324  5.951  5.577  5.203  4.827  4.450  4.072  3.693  3.313  2.932  2.550  2.167  1.782  1.397 
27.260 26.948 26.636 26.323 26.008 25.693 25.377 25.060 24.742 24.422 24.102 23.781 23.459 23.136 22.812 22.487 22.161 21.834 21.506 21.177 20.847 20.516 20.184 19.852 19.518 19.183 18.847 18.510 18.173 17.834 17.494 17.153 16.812 16.469 16.125 15.780 15.435 15.088 14.740 14.392 14.042 13.691 13.339 12.987 12.633 12.278 11.923 11.566 11.208 10.849 10.489 10.129  9.767  9.404  9.040  8.675  8.309  7.942  7.574  7.205  6.835  6.464  6.092  5.719  5.345  4.970  4.593  4.216  3.838  3.458  3.078  2.696  2.314  1.930  1.546  1.160 
27.041 26.730 26.417 26.104 25.790 25.474 25.158 24.841 24.523 24.203 23.883 23.562 23.240 22.917 22.592 22.267 21.941 21.614 21.286 20.957 20.627 20.296 19.964 19.631 19.297 18.962 18.626 18.289 17.951 17.612 17.272 16.931 16.589 16.246 15.902 15.557 15.211 14.864 14.516 14.167 13.817 13.466 13.114 12.761 12.407 12.052 11.696 11.339 10.981 10.622 10.261  9.900  9.538  9.175  8.811  8.446  8.079  7.712  7.344  6.974  6.604  6.232  5.860  5.487  5.112  4.736  4.360  3.982  3.603  3.224  2.843  2.461  2.078  1.694  1.309  0.923 
26.821 26.509 26.197 25.883 25.569 25.254 24.937 24.620 24.302 23.983 23.662 23.341 23.019 22.695 22.371 22.046 21.720 21.393 21.064 20.735 20.405 20.074 19.742 19.408 19.074 18.739 18.403 18.066 17.727 17.388 17.048 16.707 16.365 16.022 15.677 15.332 14.986 14.639 14.291 13.941 13.591 13.240 12.888 12.534 12.180 11.825 11.468 11.111 10.753 10.393 10.033  9.671  9.309  8.945  8.581  8.215  7.849  7.481  7.112  6.743  6.372  6.000  5.627  5.254  4.879  4.503  4.126  3.748  3.369  2.989  2.607  2.225  1.842  1.458  1.072  0.686 
26.599 26.287 25.975 25.661 25.347 25.032 24.715 24.398 24.080 23.760 23.440 23.119 22.796 22.473 22.149 21.823 21.497 21.170 20.841 20.512 20.182 19.850 19.518 19.185 18.850 18.515 18.179 17.841 17.503 17.164 16.823 16.482 16.139 15.796 15.452 15.106 14.760 14.412 14.064 13.714 13.364 13.013 12.660 12.306 11.952 11.596 11.240 10.882 10.523 10.164  9.803  9.441  9.079  8.715  8.350  7.984  7.617  7.249  6.880  6.510  6.139  5.767  5.394  5.020  4.645  4.269  3.891  3.513  3.134  2.753  2.372  1.989  1.606  1.221  0.835  0.449 
26.375 26.064 25.751 25.438 25.124 24.808 24.492 24.174 23.856 23.537 23.216 22.895 22.572 22.249 21.925 21.599 21.273 20.945 20.617 20.287 19.957 19.626 19.293 18.960 18.625 18.290 17.953 17.616 17.277 16.938 16.597 16.256 15.913 15.570 15.225 14.879 14.533 14.185 13.836 13.487 13.136 12.784 12.432 12.078 11.723 11.367 11.010 10.653 10.294  9.934  9.573  9.211  8.848  8.484  8.119  7.753  7.386  7.017  6.648  6.278  5.907  5.534  5.161  4.786  4.411  4.034  3.657  3.278  2.899  2.518  2.136  1.753  1.369  0.984  0.598  0.211 
26.150 25.839 25.527 25.213 24.899 24.583 24.267 23.950 23.631 23.312 22.991 22.670 22.347 22.024 21.699 21.374 21.047 20.720 20.391 20.062 19.731 19.400 19.067 18.734 18.399 18.063 17.727 17.389 17.050 16.711 16.370 16.028 15.686 15.342 14.997 14.651 14.305 13.957 13.608 13.258 12.907 12.555 12.202 11.848 11.493 11.137 10.780 10.422 10.063  9.703  9.342  8.980  8.616  8.252  7.887  7.521  7.153  6.785  6.415  6.045  5.673  5.301  4.927  4.552  4.177  3.800  3.422  3.043  2.663  2.282  1.900  1.517  1.133  0.748  0.362 -0.026 
25.925 25.613 25.301 24.987 24.673 24.357 24.041 23.724 23.405 23.086 22.765 22.444 22.121 21.798 21.473 21.147 20.821 20.493 20.165 19.835 19.504 19.173 18.840 18.506 18.172 17.836 17.499 17.161 16.823 16.483 16.142 15.800 15.457 15.113 14.769 14.423 14.076 13.728 13.379 13.029 12.678 12.326 11.972 11.618 11.263 10.907 10.550 10.191  9.832  9.472  9.110  8.748  8.385  8.020  7.655  7.288  6.921  6.552  6.182  5.812  5.440  5.067  4.694  4.319  3.943  3.566  3.189  2.810  2.430  2.049  1.667  1.284  0.901  0.516  0.130 -0.263 
25.698 25.386 25.074 24.760 24.446 24.130 23.814 23.497 23.178 22.858 22.538 22.216 21.894 21.570 21.246 20.920 20.593 20.266 19.937 19.607 19.276 18.944 18.612 18.278 17.943 17.607 17.270 16.932 16.593 16.253 15.912 15.570 15.226 14.882 14.537 14.190 13.843 13.494 13.145 12.794 12.442 12.089 11.735 11.380 11.024 10.667 10.308  9.949  9.588  9.226  8.864  8.500  8.134  7.768  7.401  7.032  6.662  6.291  5.919  5.546  5.172  4.797  4.420  4.042  3.663  3.283  2.902  2.520  2.137  1.752  1.366  0.980  0.592  0.203 -0.187 -0.500 
25.468 25.157 24.845 24.531 24.217 23.901 23.585 23.267 22.948 22.629 22.308 21.986 21.663 21.340 21.015 20.689 20.362 20.034 19.705 19.375 19.044 18.712 18.378 18.044 17.709 17.373 17.035 16.697 16.357 16.017 15.675 15.333 14.989 14.644 14.299 13.952 13.604 13.255 12.905 12.554 12.202 11.849 11.495 11.140 10.784 10.427 10.069  9.710  9.350  8.990  8.628  8.265  7.901  7.536  7.170  6.803  6.436  6.067  5.697  5.326  4.953  4.580  4.204  3.828  3.449  3.069  2.686  2.300  1.912  1.520  1.125  0.726  0.324 -0.081 -0.408 -0.737 
25.236 24.925 24.612 24.299 23.984 23.669 23.352 23.035 22.716 22.396 22.075 21.754 21.431 21.107 20.782 20.456 20.129 19.801 19.471 19.141 18.810 18.478 18.144 17.810 17.474 17.138 16.800 16.461 16.121 15.780 15.438 15.095 14.751 14.406 14.059 13.712 13.363 13.014 12.663 12.311 11.958 11.604 11.249 10.892 10.535 10.176  9.817  9.456  9.094  8.731  8.367  8.002  7.636  7.269  6.901  6.531  6.161  5.790  5.418  5.045  4.671  4.297  3.921  3.545  3.168  2.790  2.412  2.033  1.653  1.273  0.892  0.511  0.130 -0.212 -0.593 -0.974 
25.001 24.690 24.377 24.064 23.749 23.434 23.117 22.799 22.480 22.161 21.840 21.518 21.195 20.871 20.546 20.219 19.892 19.564 19.234 18.904 18.573 18.240 17.907 17.572 17.236 16.900 16.562 16.223 15.883 15.542 15.200 14.857 14.513 14.168 13.822 13.474 13.126 12.776 12.426 12.074 11.721 11.368 11.013 10.656 10.299  9.940  9.581  9.220  8.858  8.494  8.129  7.763  7.396  7.027  6.657  6.285  5.912  5.537  5.161  4.784  4.405  4.025  3.643  3.260  2.876  2.491  2.104  1.717  1.329  0.939  0.550  0.160 -0.171 -0.518 -0.864 -1.211 
24.764 24.453 24.141 23.827 23.512 23.197 22.880 22.562 22.243 21.923 21.602 21.280 20.957 20.633 20.308 19.981 19.654 19.325 18.996 18.665 18.333 18.000 17.666 17.331 16.995 16.658 16.320 15.981 15.640 15.299 14.956 14.612 14.268 13.922 13.575 13.227 12.878 12.528 12.177 11.825 11.472 11.118 10.762 10.406 10.049  9.691  9.331  8.971  8.610  8.248  7.885  7.521  7.156  6.790  6.424  6.056  5.688  5.319  4.949  4.578  4.207  3.834  3.461  3.088  2.714  2.339  1.963  1.587  1.210  0.833  0.455  0.077 -0.270 -0.662 -1.055 -1.449 
24.525 24.214 23.901 23.588 23.273 22.957 22.641 22.323 22.004 21.684 21.363 21.041 20.718 20.393 20.068 19.742 19.414 19.085 18.756 18.425 18.093 17.760 17.426 17.091 16.755 16.418 16.079 15.740 15.399 15.058 14.715 14.371 14.026 13.680 13.332 12.984 12.634 12.284 11.932 11.579 11.225 10.870 10.513 10.156  9.797  9.437  9.076  8.714  8.351  7.986  7.621  7.255  6.887  6.519  6.149  5.779  5.407  5.035  4.661  4.287  3.912  3.536  3.160  2.782  2.404  2.026  1.647  1.267  0.887  0.506  0.125 -0.210 -0.578 -0.947 -1.316 -1.686 
24.284 23.973 23.660 23.347 23.032 22.716 22.399 22.081 21.762 21.442 21.121 20.799 20.476 20.151 19.826 19.499 19.171 18.843 18.513 18.182 17.850 17.517 17.183 16.848 16.512 16.174 15.836 15.497 15.156 14.815 14.472 14.128 13.784 13.438 13.091 12.743 12.394 12.044 11.693 11.340 10.987 10.632 10.277  9.920  9.562  9.202  8.842  8.480  8.116  7.752  7.386  7.019  6.650  6.279  5.907  5.534  5.159  4.783  4.404  4.025  3.644  3.261  2.877  2.491  2.105  1.717  1.329  0.939  0.549  0.158 -0.174 -0.523 -0.873 -1.222 -1.572 -1.923 
24.042 23.730 23.418 23.104 22.790 22.474 22.157 21.839 21.520 21.200 20.879 20.556 20.233 19.908 19.583 19.256 18.928 18.599 18.269 17.938 17.606 17.273 16.938 16.603 16.266 15.929 15.590 15.250 14.909 14.567 14.224 13.879 13.534 13.187 12.840 12.491 12.142 11.791 11.439 11.086 10.732 10.377 10.021  9.664  9.306  8.947  8.587  8.226  7.864  7.501  7.138  6.773  6.407  6.041  5.674  5.306  4.937  4.567  4.197  3.825  3.454  3.081  2.708  2.334  1.960  1.585  1.209  0.833  0.457  0.080 -0.260 -0.639 -1.018 -1.398 -1.779 -2.160 
23.798 23.486 23.174 22.860 22.546 22.230 21.913 21.595 21.276 20.956 20.635 20.312 19.989 19.664 19.339 19.012 18.684 18.356 18.026 17.694 17.362 17.029 16.695 16.359 16.023 15.685 15.346 15.006 14.665 14.323 13.979 13.635 13.289 12.943 12.595 12.246 11.895 11.544 11.191 10.838 10.483 10.127  9.770  9.411  9.052  8.691  8.329  7.966  7.602  7.237  6.870  6.503  6.135  5.765  5.395  5.023  4.651  4.278  3.904  3.529  3.153  2.777  2.399  2.022  1.643  1.264  0.885  0.505  0.125 -0.209 -0.572 -0.936 -1.301 -1.666 -2.031 -2.397 
23.553 23.241 22.929 22.615 22.300 21.985 21.668 21.350 21.030 20.710 20.389 20.066 19.743 19.418 19.093 18.766 18.438 18.109 17.779 17.448 17.115 16.782 16.448 16.112 15.776 15.438 15.099 14.759 14.419 14.077 13.734 13.389 13.044 12.698 12.351 12.002 11.653 11.302 10.951 10.598 10.244  9.889  9.533  9.176  8.817  8.457  8.096  7.734  7.370  7.004  6.637  6.269  5.899  5.528  5.154  4.779  4.403  4.024  3.644  3.263  2.879  2.494  2.108  1.721  1.332  0.942  0.551  0.160 -0.176 -0.526 -0.877 -1.228 -1.579 -1.930 -2.282 -2.634 
23.307 22.996 22.683 22.369 22.055 21.739 21.422 21.104 20.785 20.464 20.143 19.820 19.497 19.172 18.846 18.519 18.191 17.862 17.532 17.201 16.868 16.534 16.200 15.864 15.527 15.189 14.850 14.509 14.168 13.825 13.482 13.137 12.791 12.444 12.096 11.747 11.397 11.046 10.693 10.340  9.986  9.630  9.274  8.916  8.558  8.198  7.838  7.476  7.114  6.751  6.386  6.021  5.655  5.289  4.921  4.553  4.184  3.814  3.443  3.072  2.700  2.328  1.955  1.581  1.207  0.832  0.457  0.081 -0.255 -0.627 -1.000 -1.373 -1.747 -2.121 -2.496 -2.871 
23.060 22.748 22.436 22.122 21.807 21.492 21.175 20.857 20.538 20.217 19.896 19.573 19.250 18.925 18.600 18.273 17.945 17.616 17.285 16.954 16.622 16.288 15.954 15.618 15.281 14.943 14.604 14.263 13.922 13.579 13.236 12.891 12.545 12.197 11.849 11.499 11.149 10.797 10.444 10.089  9.734  9.377  9.019  8.660  8.300  7.939  7.576  7.213  6.848  6.482  6.115  5.747  5.378  5.008  4.637  4.265  3.892  3.519  3.144  2.769  2.393  2.016  1.639  1.261  0.883  0.504  0.125 -0.207 -0.568 -0.930 -1.292 -1.654 -2.017 -2.380 -2.744 -3.109 
22.812 22.500 22.188 21.874 21.559 21.243 20.926 20.608 20.289 19.969 19.647 19.325 19.001 18.676 18.350 18.024 17.695 17.366 17.036 16.705 16.372 16.039 15.704 15.368 15.031 14.693 14.354 14.014 13.673 13.331 12.988 12.643 12.298 11.951 11.604 11.255 10.906 10.555 10.203  9.850  9.496  9.140  8.784  8.426  8.067  7.707  7.345  6.982  6.617  6.251  5.884  5.514  5.143  4.770  4.396  4.019  3.641  3.260  2.878  2.495  2.109  1.722  1.334  0.944  0.554  0.163 -0.177 -0.528 -0.879 -1.231 -1.583 -1.934 -2.287 -2.639 -2.992 -3.346 
22.564 22.252 21.940 21.626 21.311 20.995 20.678 20.360 20.041 19.720 19.399 19.076 18.753 18.428 18.102 17.775 17.446 17.117 16.787 16.455 16.122 15.789 15.454 15.117 14.780 14.442 14.102 13.762 13.420 13.077 12.733 12.388 12.042 11.695 11.347 10.997 10.647 10.295  9.942  9.589  9.234  8.878  8.521  8.164  7.805  7.445  7.084  6.723  6.360  5.997  5.633  5.267  4.901  4.535  4.167  3.799  3.430  3.060  2.690  2.319  1.948  1.575  1.203  0.830  0.456  0.082 -0.252 -0.620 -0.989 -1.358 -1.728 -2.098 -2.468 -2.839 -3.211 -3.583 
22.314 22.003 21.690 21.376 21.062 20.746 20.429 20.111 19.792 19.471 19.150 18.827 18.504 18.179 17.853 17.526 17.198 16.869 16.538 16.207 15.874 15.540 15.206 14.870 14.532 14.194 13.855 13.514 13.172 12.830 12.486 12.140 11.794 11.446 11.097 10.747 10.396 10.044  9.690  9.336  8.980  8.623  8.264  7.905  7.544  7.182  6.819  6.455  6.090  5.724  5.356  4.988  4.619  4.248  3.877  3.505  3.132  2.758  2.384  2.009  1.633  1.257  0.880  0.503  0.125 -0.206 -0.566 -0.926 -1.286 -1.647 -2.008 -2.369 -2.731 -3.093 -3.456 -3.820 
22.064 21.752 21.440 21.126 20.811 20.495 20.178 19.860 19.541 19.221 18.899 18.576 18.253 17.928 17.602 17.275 16.947 16.617 16.287 15.955 15.623 15.289 14.954 14.618 14.281 13.943 13.604 13.264 12.923 12.580 12.237 11.892 11.547 11.200 10.852 10.504 10.154  9.803  9.451  9.097  8.743  8.387  8.030  7.672  7.313  6.952  6.589  6.226  5.860  5.493  5.124  4.753  4.381  4.006  3.630  3.252  2.871  2.489  2.105  1.720  1.333  0.944  0.555  0.164 -0.177 -0.529 -0.881 -1.233 -1.585 -1.937 -2.290 -2.642 -2.995 -3.349 -3.703 -4.057 
21.814 21.503 21.190 20.876 20.561 20.246 19.928 19.610 19.291 18.971 18.649 18.326 18.002 17.677 17.351 17.024 16.696 16.366 16.036 15.704 15.371 15.037 14.702 14.366 14.028 13.690 13.350 13.009 12.667 12.324 11.980 11.635 11.289 10.941 10.593 10.243  9.892  9.541  9.188  8.834  8.479  8.123  7.766  7.408  7.050  6.690  6.329  5.968  5.605  5.242  4.878  4.513  4.147  3.781  3.414  3.046  2.677  2.308  1.938  1.568  1.197  0.826  0.454  0.082 -0.250 -0.615 -0.981 -1.348 -1.714 -2.081 -2.449 -2.817 -3.185 -3.554 -3.924 -4.294 
21.563 21.251 20.939 20.625 20.310 19.995 19.678 19.359 19.040 18.720 18.398 18.076 17.752 17.427 17.101 16.774 16.446 16.117 15.786 15.454 15.122 14.788 14.453 14.117 13.779 13.441 13.101 12.760 12.418 12.075 11.731 11.385 11.039 10.691 10.342  9.991  9.640  9.287  8.933  8.578  8.222  7.864  7.506  7.146  6.785  6.423  6.059  5.695  5.330  4.963  4.596  4.227  3.858  3.488  3.116  2.745  2.372  1.999  1.625  1.250  0.875  0.499  0.123 -0.206 -0.564 -0.923 -1.282 -1.641 -2.001 -2.361 -2.722 -3.082 -3.444 -3.806 -4.168 -4.531 
21.311 21.000 20.687 20.373 20.059 19.743 19.426 19.107 18.788 18.468 18.146 17.823 17.500 17.175 16.849 16.521 16.193 15.864 15.533 15.202 14.869 14.535 14.200 13.864 13.527 13.189 12.850 12.510 12.169 11.826 11.483 11.139 10.793 10.447 10.099  9.751  9.402  9.051  8.700  8.348  7.995  7.641  7.287  6.931  6.575  6.218  5.860  5.501  5.142  4.783  4.422  4.062  3.700  3.339  2.977  2.615  2.253  1.891  1.529  1.166  0.805  0.443  0.082 -0.150 -0.314 -0.476 -0.637 -0.795 -0.951 -1.104 -1.255 -1.403 -1.548 -1.689 -1.827 -1.961 
21.065 20.754 20.442 20.128 19.814 19.498 19.181 18.864 18.545 18.226 17.905 17.583 17.261 16.937 16.613 16.287 15.961 15.633 15.305 14.976 14.646 14.315 13.983 13.651 13.318 12.984 12.649 12.314 11.978 11.642 11.305 10.967 10.629 10.291  9.952  9.614  9.274  8.935  8.596  8.256  7.917  7.578  7.239  6.901  6.563  6.225  5.889  5.553  5.218  4.884  4.551  4.220  3.889  3.560  3.233  2.907  2.582  2.259  1.937  1.617  1.298  0.981  0.664  0.349  0.035 -0.144 -0.252 -0.355 -0.458 -0.559 -0.660 -0.760 -0.858 -0.955 -1.051 -1.145 
20.862 20.551 20.239 19.926 19.613 19.299 18.984 18.668 18.352 18.035 17.717 17.398 17.079 16.760 16.439 16.118 15.797 15.475 15.152 14.829 14.506 14.182 13.858 13.533 13.208 12.883 12.558 12.232 11.906 11.580 11.254 10.928 10.602 10.276  9.950  9.625  9.299  8.974  8.649  8.325  8.001  7.678  7.355  7.033  6.712  6.391  6.072  5.753  5.436  5.120  4.805  4.492  4.181  3.871  3.563  3.257  2.953  2.650  2.350  2.052  1.756  1.462  1.169  0.878  0.589  0.301  0.015 -0.143 -0.231 -0.314 -0.396 -0.476 -0.556 -0.636 -0.714 -0.792 
20.736 20.424 20.113 19.801 19.489 19.176 18.863 18.550 18.236 17.922 17.608 17.293 16.978 16.663 16.348 16.032 15.716 15.400 15.084 14.767 14.451 14.134 13.818 13.501 13.184 12.868 12.551 12.235 11.919 11.603 11.287 10.972 10.657 10.342 10.028  9.714  9.400  9.088  8.775  8.464  8.153  7.843  7.534  7.225  6.918  6.611  6.306  6.001  5.698  5.396  5.096  4.797  4.499  4.204  3.910  3.617  3.327  3.039  2.753  2.469  2.187  1.908  1.630  1.355  1.081  0.810  0.540  0.271  0.003 -0.140 -0.216 -0.286 -0.357 -0.426 -0.495 -0.563 
20.687 20.376 20.065 19.754 19.443 19.131 18.820 18.509 18.198 17.887 17.575 17.264 16.953 16.642 16.331 16.020 15.709 15.398 15.087 14.777 14.466 14.156 13.846 13.536 13.227 12.918 12.609 12.301 11.993 11.685 11.378 11.072 10.766 10.460 10.156  9.852  9.548  9.245  8.943  8.642  8.342  8.043  7.744  7.447  7.150  6.854  6.560  6.267  5.974  5.683  5.393  5.104  4.817  4.531  4.247  3.964  3.683  3.404  3.127  2.851  2.579  2.308  2.040  1.775  1.512  1.252  0.995  0.739  0.486  0.234 -0.016 -0.142 -0.209 -0.272 -0.334 -0.396 
20.705 20.394 20.084 19.773 19.463 19.153 18.844 18.534 18.225 17.916 17.607 17.299 16.991 16.683 16.375 16.068 15.761 15.455 15.149 14.843 14.537 14.232 13.928 13.624 13.320 13.017 12.715 12.413 12.112 11.811 11.511 11.211 10.913 10.615 10.317 10.021  9.725  9.431  9.137  8.844  8.552  8.261  7.971  7.682  7.394  7.107  6.821  6.537  6.253  5.971  5.690  5.410  5.132  4.855  4.579  4.304  4.031  3.759  3.488  3.218  2.950  2.683  2.418  2.154  1.893  1.634  1.379  1.128  0.882  0.642  0.407  0.177 -0.049 -0.142 -0.200 -0.259 
20.778 20.468 20.157 19.848 19.538 19.229 18.921 18.613 18.305 17.998 17.692 17.385 17.080 16.774 16.470 16.166 15.862 15.559 15.256 14.954 14.653 14.352 14.052 13.752 13.453 13.155 12.858 12.561 12.265 11.969 11.675 11.381 11.088 10.796 10.504 10.214  9.925  9.636  9.348  9.062  8.776  8.492  8.208  7.926  7.645  7.365  7.086  6.808  6.532  6.257  5.983  5.710  5.439  5.169  4.901  4.634  4.368  4.104  3.841  3.579  3.319  3.060  2.803  2.547  2.292  2.039  1.787  1.536  1.286  1.038  0.790  0.543  0.298  0.053 -0.074 -0.131 
20.895 20.585 20.275 19.965 19.657 19.348 19.041 18.734 18.428 18.122 17.817 17.513 17.209 16.906 16.603 16.302 16.001 15.700 15.401 15.102 14.803 14.506 14.209 13.913 13.618 13.324 13.030 12.737 12.446 12.155 11.864 11.575 11.287 11.000 10.713 10.428 10.144  9.860  9.578  9.297  9.017  8.738  8.461  8.185  7.910  7.636  7.364  7.093  6.824  6.556  6.290  6.026  5.763  5.503  5.244  4.987  4.732  4.479  4.228  3.979  3.732  3.487  3.245  3.004  2.766  2.529  2.294  2.062  1.830  1.601  1.373  1.146  0.920  0.695  0.471  0.247 
21.048 20.738 20.428 20.119 19.811 19.503 19.197 18.891 18.586 18.281 17.978 17.675 17.373 17.072 16.772 16.472 16.174 15.876 15.579 15.283 14.988 14.694 14.400 14.108 13.816 13.526 13.236 12.948 12.660 12.373 12.088 11.803 11.519 11.237 10.955 10.675 10.395 10.117  9.840  9.564  9.289  9.015  8.742  8.470  8.200  7.930  7.662  7.395  7.129  6.864  6.600  6.337  6.075  5.814  5.554  5.296  5.038  4.781  4.525  4.270  4.016  3.762  3.510  3.258  3.007  2.756  2.506  2.257  2.008  1.759  1.511  1.264  1.016  0.769  0.522  0.276 
21.233 20.923 20.613 20.304 19.997 19.690 19.383 19.078 18.774 18.470 18.168 17.866 17.565 17.265 16.966 16.668 16.371 16.075 15.779 15.484 15.191 14.898 14.606 14.315 14.025 13.736 13.448 13.160 12.874 12.588 12.304 12.020 11.737 11.456 11.175 10.894 10.615 10.337 10.060  9.783  9.507  9.233  8.959  8.686  8.413  8.142  7.871  7.601  7.332  7.064  6.797  6.530  6.264  5.998  5.734  5.470  5.206  4.944  4.681  4.420  4.159  3.898  3.638  3.379  3.119  2.861  2.602  2.344  2.086  1.829  1.571  1.314  1.058  0.801  0.544  0.288 
21.430 21.120 20.810 20.502 20.194 19.887 19.581 19.276 18.971 18.668 18.365 18.064 17.763 17.463 17.164 16.866 16.568 16.272 15.976 15.682 15.388 15.095 14.803 14.511 14.221 13.931 13.642 13.354 13.067 12.781 12.495 12.210 11.927 11.643 11.361 11.079 10.799 10.519 10.239  9.961  9.683  9.406  9.129  8.853  8.578  8.304  8.030  7.757  7.485  7.213  6.942  6.671  6.401  6.131  5.862  5.593  5.325  5.058  4.791  4.524  4.257  3.991  3.726  3.461  3.196  2.931  2.667  2.403  2.139  1.875  1.611  1.348  1.085  0.822  0.559  0.296 
21.623 21.313 21.003 20.694 20.386 20.079 19.773 19.467 19.163 18.859 18.556 18.254 17.953 17.652 17.352 17.054 16.756 16.458 16.162 15.866 15.572 15.277 14.984 14.692 14.400 14.109 13.819 13.529 13.241 12.953 12.666 12.379 12.093 11.808 11.524 11.240 10.957 10.675 10.393 10.112  9.832  9.552  9.273  8.994  8.716  8.438  8.162  7.885  7.609  7.334  7.059  6.785  6.511  6.238  5.965  5.692  5.420  5.148  4.877  4.606  4.335  4.065  3.795  3.525  3.255  2.986  2.717  2.448  2.179  1.911  1.642  1.374  1.106  0.838  0.570  0.302 
21.804 21.494 21.184 20.875 20.567 20.260 19.953 19.647 19.342 19.038 18.734 18.432 18.130 17.828 17.528 17.228 16.929 16.631 16.333 16.037 15.741 15.445 15.151 14.857 14.564 14.271 13.979 13.688 13.398 13.108 12.819 12.531 12.243 11.956 11.669 11.383 11.098 10.813 10.529 10.245  9.962  9.680  9.398  9.116  8.836  8.555  8.275  7.996  7.717  7.438  7.160  6.883  6.606  6.329  6.052  5.776  5.500  5.225  4.950  4.675  4.401  4.126  3.852  3.579  3.305  3.032  2.759  2.486  2.213  1.941  1.668  1.396  1.123  0.851  0.579  0.307 
21.972 21.661 21.351 21.042 20.734 20.426 20.119 19.813 19.507 19.203 18.898 18.595 18.292 17.990 17.689 17.388 17.088 16.789 16.490 16.192 15.895 15.599 15.303 15.007 14.713 14.419 14.125 13.832 13.540 13.249 12.958 12.667 12.378 12.088 11.800 11.512 11.224 10.937 10.651 10.365 10.079  9.794  9.510  9.226  8.942  8.659  8.376  8.094  7.812  7.531  7.250  6.969  6.689  6.409  6.129  5.850  5.571  5.292  5.014  4.736  4.458  4.181  3.903  3.626  3.349  3.072  2.796  2.519  2.243  1.967  1.691  1.415  1.139  0.863  0.587  0.311 
22.125 21.814 21.504 21.195 20.886 20.578 20.271 19.965 19.659 19.353 19.049 18.744 18.441 18.138 17.836 17.535 17.234 16.933 16.634 16.335 16.036 15.738 15.441 15.144 14.848 14.553 14.258 13.963 13.670 13.376 13.084 12.791 12.500 12.209 11.918 11.628 11.338 11.049 10.760 10.472 10.185  9.897  9.610  9.324  9.038  8.752  8.467  8.182  7.898  7.614  7.330  7.047  6.764  6.481  6.198  5.916  5.634  5.353  5.071  4.790  4.510  4.229  3.948  3.668  3.388  3.108  2.828  2.549  2.269  1.990  1.711  1.431  1.152  0.873  0.594  0.315 
22.265 21.954 21.644 21.335 21.026 20.718 20.410 20.103 19.796 19.491 19.185 18.881 18.577 18.273 17.970 17.668 17.366 17.065 16.764 16.464 16.164 15.865 15.567 15.269 14.972 14.675 14.378 14.083 13.787 13.492 13.198 12.904 12.611 12.318 12.025 11.733 11.442 11.151 10.860 10.570 10.280  9.991  9.702  9.413  9.125  8.837  8.549  8.262  7.975  7.689  7.403  7.117  6.831  6.546  6.261  5.976  5.691  5.407  5.123  4.839  4.556  4.272  3.989  3.706  3.423  3.140  2.858  2.575  2.293  2.011  1.728  1.446  1.164  0.882  0.600  0.318 
22.392 22.081 21.771 21.462 21.153 20.844 20.536 20.229 19.922 19.616 19.310 19.005 18.700 18.396 18.092 17.789 17.487 17.184 16.883 16.582 16.281 15.981 15.681 15.382 15.084 14.786 14.488 14.191 13.894 13.598 13.302 13.006 12.712 12.417 12.123 11.829 11.536 11.243 10.950 10.658 10.367 10.075  9.784  9.494  9.203  8.913  8.624  8.334  8.045  7.757  7.468  7.180  6.892  6.605  6.317  6.030  5.743  5.456  5.170  4.884  4.598  4.312  4.026  3.740  3.455  3.170  2.884  2.599  2.314  2.029  1.745  1.460  1.175  0.891  0.606  0.321 
22.508 22.197 21.887 21.577 21.268 20.959 20.651 20.344 20.036 19.730 19.423 19.118 18.812 18.508 18.203 17.899 17.596 17.293 16.991 16.689 16.387 16.086 15.786 15.485 15.186 14.886 14.588 14.289 13.991 13.693 13.396 13.099 12.803 12.507 12.211 11.916 11.621 11.327 11.033 10.739 10.445 10.152  9.859  9.567  9.275  8.983  8.691  8.400  8.109  7.818  7.528  7.238  6.948  6.658  6.368  6.079  5.790  5.501  5.212  4.924  4.636  4.347  4.059  3.771  3.484  3.196  2.908  2.621  2.334  2.047  1.759  1.472  1.185  0.898  0.611  0.324 
22.613 22.302 21.992 21.682 21.373 21.064 20.756 20.448 20.140 19.833 19.527 19.220 18.915 18.609 18.304 18.000 17.696 17.392 17.089 16.786 16.484 16.182 15.880 15.579 15.278 14.978 14.678 14.379 14.079 13.781 13.482 13.184 12.886 12.589 12.292 11.995 11.699 11.403 11.107 10.812 10.517 10.222  9.928  9.634  9.340  9.046  8.753  8.460  8.167  7.874  7.582  7.290  6.998  6.706  6.415  6.124  5.833  5.542  5.251  4.960  4.670  4.380  4.090  3.800  3.510  3.220  2.930  2.641  2.351  2.062  1.773  1.483  1.194  0.905  0.616  0.327 
22.709 22.398 22.088 21.778 21.468 21.159 20.851 20.543 20.235 19.927 19.620 19.314 19.007 18.702 18.396 18.091 17.786 17.482 17.178 16.875 16.572 16.269 15.966 15.664 15.363 15.061 14.761 14.460 14.160 13.860 13.560 13.261 12.962 12.663 12.365 12.067 11.770 11.472 11.175 10.878 10.582 10.286  9.990  9.694  9.399  9.103  8.809  8.514  8.219  7.925  7.631  7.337  7.044  6.750  6.457  6.164  5.871  5.579  5.286  4.994  4.701  4.409  4.117  3.825  3.534  3.242  2.950  2.659  2.367  2.076  1.785  1.494  1.202  0.911  0.620  0.329 
22.796 22.485 22.175 21.865 21.555 21.246 20.937 20.629 20.321 20.013 19.705 19.398 19.091 18.785 18.479 18.173 17.868 17.563 17.258 16.953 16.649 16.345 16.041 15.737 15.434 15.130 14.827 14.523 14.220 13.916 13.612 13.308 13.004 12.699 12.393 12.087 11.780 11.472 11.162 10.852 10.539 10.225  9.908  9.590  9.268  8.944  8.617  8.286  7.951  7.612  7.269  6.920  6.567  6.209  5.845  5.476  5.100  4.719  4.331  3.938  3.539  3.133  2.723  2.307  1.886  1.461  1.032  0.600  0.165 -0.319 -0.906 -1.493 -2.079 -2.662 -3.243 -3.820 
22.842 22.531 22.220 21.909 21.598 21.287 20.975 20.664 20.352 20.040 19.728 19.416 19.103 18.791 18.477 18.164 17.850 17.535 17.220 16.905 16.589 16.272 15.954 15.636 15.316 14.996 14.675 14.353 14.029 13.705 13.379 13.051 12.722 12.392 12.060 11.727 11.392 11.055 10.716 10.376 10.034  9.689  9.343  8.994  8.644  8.292  7.937  7.580  7.222  6.861  6.498  6.133  5.767  5.398  5.027  4.655  4.281  3.905  3.528  3.149  2.769  2.388  2.006  1.622  1.238  0.854  0.469  0.083 -0.221 -0.504 -0.787 -1.067 -1.345 -1.620 -1.892 -2.160 
22.757 22.446 22.134 21.821 21.508 21.195 20.880 20.565 20.250 19.933 19.616 19.299 18.980 18.661 18.341 18.021 17.699 17.377 17.054 16.731 16.406 16.080 15.754 15.427 15.099 14.770 14.440 14.109 13.777 13.444 13.110 12.775 12.440 12.103 11.765 11.427 11.087 10.747 10.405 10.063  9.720  9.377  9.032  8.687  8.342  7.996  7.649  7.302  6.955  6.607  6.260  5.912  5.565  5.217  4.870  4.523  4.176  3.830  3.485  3.140  2.795  2.451  2.108  1.766  1.425  1.084  0.745  0.406  0.068 -0.119 -0.200 -0.268 -0.333 -0.394 -0.450 -0.500 
22.598 22.287 21.975 21.662 21.349 21.035 20.720 20.404 20.088 19.771 19.453 19.135 18.816 18.496 18.176 17.855 17.533 17.210 16.887 16.564 16.240 15.915 15.589 15.263 14.937 14.610 14.282 13.955 13.626 13.298 12.969 12.639 12.310 11.980 11.650 11.320 10.990 10.660 10.329  9.999  9.670  9.340  9.011  8.682  8.354  8.026  7.699  7.373  7.047  6.723  6.399  6.077  5.756  5.437  5.119  4.803  4.489  4.176  3.866  3.559  3.255  2.955  2.661  2.375  2.100  1.842  1.604  1.394  1.218  1.082  0.991  0.947  0.948  0.991  1.065  1.160 
22.461 22.150 21.838 21.526 21.214 20.901 20.588 20.275 19.961 19.647 19.332 19.018 18.703 18.387 18.072 17.756 17.441 17.125 16.810 16.494 16.179 15.864 15.549 15.234 14.920 14.607 14.294 13.982 13.671 13.361 13.052 12.744 12.437 12.132 11.829 11.527 11.227 10.929 10.634 10.341 10.051  9.763  9.478  9.196  8.918  8.643  8.372  8.104  7.841  7.582  7.327  7.076  6.831  6.590  6.355  6.124  5.899  5.680  5.466  5.258  5.056  4.861  4.671  4.488  4.311  4.141  3.977  3.821  3.671  3.528  3.392  3.263  3.141  3.027  2.920  2.820 
22.453 22.142 21.832 21.522 21.212 20.903 20.595 20.286 19.979 19.671 19.365 19.059 18.753 18.448 18.144 17.841 17.538 17.236 16.935 16.635 16.337 16.039 15.742 15.447 15.153 14.861 14.570 14.281 13.993 13.707 13.423 13.141 12.861 12.584 12.308 12.035 11.765 11.497 11.232 10.970 10.711 10.455 10.202  9.953  9.707  9.464  9.225  8.991  8.760  8.533  8.310  8.092  7.878  7.669  7.464  7.265  7.070  6.880  6.696  6.517  6.343  6.175  6.013  5.857  5.706  5.562  5.424  5.292  5.167  5.048  4.936  4.830  4.732  4.641  4.557  4.480 
22.628 22.317 22.008 21.700 21.394 21.088 20.783 20.480 20.178 19.878 19.578 19.280 18.983 18.688 18.394 18.101 17.810 17.521 17.233 16.947 16.662 16.379 16.099 15.820 15.542 15.267 14.995 14.724 14.455 14.189 13.925 13.664 13.405 13.149 12.896 12.645 12.398 12.153 11.911 11.673 11.438 11.207 10.979 10.754 10.533 10.316 10.103  9.894  9.690  9.489  9.293  9.101  8.914  8.731  8.554  8.381  8.213  8.051  7.893  7.741  7.595  7.454  7.319  7.190  7.067  6.950  6.839  6.734  6.636  6.544  6.460  6.382  6.310  6.246  6.190  6.140 
22.961 22.651 22.342 22.036 21.732 21.429 21.128 20.829 20.532 20.236 19.943 19.651 19.362 19.074 18.789 18.505 18.224 17.945 17.668 17.393 17.120 16.850 16.582 16.317 16.054 15.793 15.535 15.280 15.028 14.778 14.531 14.287 14.046 13.809 13.574 13.342 13.114 12.890 12.668 12.451 12.236 12.026 11.820 11.617 11.418 11.224 11.034 10.848 10.666 10.489 10.316 10.148  9.985  9.827  9.674  9.526  9.383  9.245  9.113  8.986  8.865  8.750  8.640  8.537  8.439  8.348  8.263  8.185  8.113  8.047  7.988  7.937  7.892  7.854  7.823  7.800 
23.426 23.116 22.809 22.504 22.201 21.901 21.603 21.308 21.014 20.724 20.435 20.149 19.866 19.585 19.307 19.031 18.758 18.487 18.219 17.954 17.691 17.431 17.174 16.919 16.668 16.419 16.173 15.930 15.691 15.454 15.220 14.989 14.762 14.538 14.316 14.098 13.884 13.672 13.464 13.259 13.058 12.859 12.664 12.473 12.285 12.100 11.918 11.740 11.565 11.393 11.225 11.059 10.897 10.738 10.581 10.428 10.277 10.130  9.984  9.842  9.702  9.564  9.428  9.295  9.163  9.033  8.905  8.778  8.653  8.529  8.406  8.284  8.162  8.041  7.920  7.800 
23.992 23.682 23.375 23.071 22.769 22.470 22.174 21.880 21.590 21.301 21.016 20.733 20.452 20.175 19.900 19.628 19.359 19.092 18.828 18.567 18.308 18.052 17.799 17.549 17.301 17.056 16.814 16.575 16.338 16.104 15.873 15.645 15.419 15.196 14.976 14.758 14.544 14.331 14.122 13.915 13.710 13.509 13.309 13.113 12.918 12.726 12.537 12.350 12.165 11.982 11.802 11.624 11.448 11.274 11.101 10.931 10.763 10.596 10.431 10.268 10.106  9.946  9.786  9.629  9.472  9.317  9.162  9.008  8.856  8.703  8.552  8.401  8.250  8.100  7.950  7.800 
24.590 24.281 23.974 23.670 23.368 23.069 22.773 22.479 22.189 21.900 21.615 21.332 21.051 20.773 20.498 20.226 19.956 19.689 19.424 19.162 18.903 18.646 18.391 18.139 17.890 17.643 17.399 17.157 16.918 16.681 16.446 16.214 15.985 15.757 15.532 15.310 15.089 14.871 14.655 14.441 14.230 14.020 13.813 13.608 13.404 13.203 13.003 12.806 12.610 12.416 12.223 12.033 11.844 11.656 11.470 11.286 11.102 10.921 10.740 10.561 10.383 10.205 10.029  9.854  9.680  9.506  9.334  9.162  8.990  8.819  8.649  8.478  8.309  8.139  7.969  7.800 
25.172 24.863 24.556 24.251 23.949 23.649 23.352 23.058 22.766 22.476 22.189 21.905 21.623 21.343 21.066 20.791 20.519 20.249 19.982 19.717 19.454 19.194 18.936 18.680 18.427 18.176 17.927 17.681 17.437 17.195 16.955 16.717 16.481 16.248 16.016 15.787 15.559 15.334 15.110 14.889 14.669 14.451 14.235 14.020 13.807 13.596 13.387 13.179 12.973 12.768 12.565 12.363 12.162 11.963 11.765 11.568 11.372 11.178 10.984 10.792 10.600 10.409 10.219 10.030  9.842  9.654  9.467  9.280  9.094  8.909  8.723  8.538  8.354  8.169  7.984  7.800 
25.716 25.407 25.099 24.794 24.492 24.191 23.893 23.597 23.304 23.013 22.724 22.437 22.153 21.871 21.591 21.314 21.039 20.766 20.495 20.226 19.960 19.695 19.433 19.173 18.915 18.659 18.405 18.154 17.904 17.656 17.410 17.166 16.924 16.684 16.446 16.209 15.975 15.742 15.511 15.281 15.053 14.827 14.602 14.379 14.158 13.938 13.719 13.501 13.286 13.071 12.858 12.645 12.434 12.225 12.016 11.808 11.601 11.396 11.191 10.987 10.784 10.581 10.380 10.179  9.978  9.778  9.579  9.380  9.182  8.984  8.786  8.588  8.391  8.194  7.997  7.800 
26.216 25.907 25.599 25.293 24.990 24.689 24.389 24.092 23.797 23.505 23.214 22.925 22.639 22.354 22.072 21.791 21.513 21.237 20.963 20.690 20.420 20.152 19.885 19.621 19.358 19.097 18.838 18.581 18.326 18.073 17.821 17.571 17.323 17.077 16.832 16.589 16.347 16.107 15.869 15.632 15.396 15.162 14.930 14.699 14.469 14.240 14.013 13.787 13.562 13.339 13.116 12.895 12.674 12.455 12.237 12.019 11.803 11.587 11.372 11.158 10.945 10.732 10.520 10.308 10.097  9.887  9.677  9.467  9.258  9.049  8.841  8.632  8.424  8.216  8.008  7.800 
26.672 26.363 26.055 25.749 25.444 25.142 24.842 24.544 24.247 23.953 23.660 23.370 23.081 22.794 22.509 22.226 21.945 21.665 21.388 21.112 20.838 20.566 20.295 20.027 19.760 19.494 19.231 18.969 18.709 18.450 18.193 17.937 17.683 17.431 17.180 16.931 16.683 16.436 16.191 15.947 15.705 15.464 15.224 14.985 14.748 14.512 14.277 14.043 13.810 13.578 13.348 13.118 12.889 12.661 12.434 12.208 11.983 11.758 11.534 11.311 11.088 10.866 10.645 10.424 10.204  9.984  9.764  9.545  9.326  9.108  8.889  8.671  8.453  8.235  8.018  7.800 
27.087 26.777 26.469 26.162 25.858 25.555 25.254 24.954 24.656 24.360 24.066 23.774 23.483 23.194 22.906 22.621 22.337 22.054 21.774 21.495 21.217 20.942 20.667 20.395 20.124 19.854 19.586 19.320 19.055 18.791 18.529 18.269 18.010 17.752 17.495 17.240 16.986 16.734 16.483 16.233 15.984 15.736 15.490 15.245 15.000 14.757 14.515 14.274 14.034 13.795 13.556 13.319 13.083 12.847 12.612 12.378 12.145 11.912 11.680 11.448 11.217 10.987 10.757 10.528 10.299 10.071  9.842  9.615  9.387  9.160  8.933  8.706  8.479  8.253  8.026  7.800 
27.463 27.153 26.845 26.538 26.233 25.929 25.627 25.326 25.027 24.730 24.434 24.140 23.848 23.556 23.267 22.979 22.692 22.407 22.124 21.842 21.561 21.282 21.005 20.729 20.454 20.180 19.909 19.638 19.369 19.101 18.834 18.569 18.305 18.042 17.781 17.520 17.261 17.003 16.747 16.491 16.236 15.983 15.730 15.479 15.228 14.979 14.730 14.483 14.236 13.990 13.745 13.501 13.258 13.015 12.773 12.532 12.291 12.051 11.811 11.573 11.334 11.096 10.859 10.622 10.385 10.149  9.913  9.678  9.442  9.207  8.972  8.738  8.503  8.269  8.034  7.800 
27.805 27.495 27.186 26.879 26.573 26.268 25.966 25.664 25.364 25.065 24.768 24.473 24.178 23.885 23.594 23.304 23.015 22.727 22.441 22.157 21.873 21.591 21.311 21.031 20.753 20.476 20.201 19.926 19.653 19.381 19.111 18.841 18.573 18.305 18.039 17.774 17.510 17.247 16.986 16.725 16.465 16.206 15.948 15.691 15.435 15.180 14.926 14.672 14.419 14.167 13.916 13.666 13.416 13.167 12.918 12.671 12.423 12.177 11.931 11.685 11.440 11.195 10.951 10.707 10.463 10.220  9.977  9.735  9.492  9.250  9.008  8.766  8.525  8.283  8.042  7.800 
28.114 27.804 27.495 27.188 26.881 26.576 26.273 25.970 25.669 25.369 25.071 24.774 24.478 24.183 23.890 23.598 23.307 23.018 22.729 22.442 22.156 21.871 21.588 21.306 21.024 20.744 20.465 20.188 19.911 19.636 19.361 19.088 18.815 18.544 18.274 18.004 17.736 17.469 17.202 16.937 16.672 16.408 16.146 15.884 15.622 15.362 15.102 14.843 14.585 14.328 14.071 13.815 13.559 13.305 13.050 12.797 12.543 12.291 12.039 11.787 11.536 11.285 11.034 10.784 10.534 10.285 10.035  9.786  9.538  9.289  9.041  8.792  8.544  8.296  8.048  7.800 
28.395 28.085 27.776 27.468 27.161 26.855 26.551 26.248 25.946 25.645 25.346 25.047 24.750 24.454 24.159 23.865 23.572 23.281 22.990 22.701 22.413 22.125 21.839 21.554 21.270 20.987 20.706 20.425 20.145 19.866 19.588 19.311 19.035 18.760 18.486 18.213 17.941 17.669 17.399 17.129 16.860 16.592 16.324 16.058 15.792 15.527 15.262 14.999 14.736 14.473 14.211 13.950 13.690 13.429 13.170 12.911 12.652 12.394 12.136 11.879 11.622 11.366 11.110 10.854 10.598 10.343 10.088  9.833  9.579  9.324  9.070  8.816  8.562  8.308  8.054  7.800 
28.649 28.339 28.030 27.721 27.414 27.108 26.803 26.500 26.197 25.895 25.594 25.295 24.996 24.699 24.402 24.107 23.812 23.519 23.227 22.935 22.645 22.356 22.067 21.780 21.493 21.208 20.923 20.639 20.357 20.075 19.794 19.514 19.235 18.956 18.679 18.402 18.126 17.851 17.577 17.303 17.030 16.758 16.487 16.216 15.946 15.676 15.408 15.140 14.872 14.605 14.339 14.073 13.807 13.543 13.278 13.014 12.751 12.488 12.225 11.963 11.701 11.439 11.178 10.917 10.656 10.396 10.136  9.876  9.616  9.356  9.097  8.837  8.578  8.318  8.059  7.800 
28.880 28.569 28.260 27.952 27.644 27.338 27.032 26.728 26.424 26.122 25.820 25.519 25.220 24.921 24.623 24.326 24.030 23.735 23.441 23.148 22.856 22.564 22.274 21.984 21.695 21.407 21.120 20.834 20.549 20.264 19.981 19.698 19.415 19.134 18.853 18.573 18.294 18.016 17.738 17.461 17.185 16.909 16.634 16.359 16.085 15.812 15.539 15.267 14.996 14.724 14.454 14.184 13.914 13.645 13.376 13.108 12.840 12.573 12.306 12.039 11.772 11.506 11.240 10.974 10.709 10.444 10.179  9.914  9.649  9.385  9.121  8.856  8.592  8.328  8.064  7.800 
29.089 28.779 28.469 28.160 27.853 27.546 27.240 26.935 26.630 26.327 26.024 25.723 25.422 25.122 24.823 24.525 24.228 23.931 23.635 23.341 23.047 22.753 22.461 22.169 21.879 21.589 21.299 21.011 20.723 20.436 20.150 19.864 19.579 19.295 19.012 18.729 18.447 18.165 17.884 17.604 17.324 17.045 16.767 16.489 16.212 15.935 15.659 15.383 15.108 14.833 14.558 14.285 14.011 13.738 13.465 13.193 12.921 12.650 12.378 12.107 11.837 11.566 11.296 11.026 10.757 10.487 10.218  9.949  9.680  9.411  9.143  8.874  8.605  8.337  8.068  7.800 
29.278 28.968 28.658 28.349 28.041 27.734 27.428 27.122 26.817 26.513 26.210 25.907 25.606 25.305 25.005 24.705 24.407 24.109 23.812 23.515 23.220 22.925 22.631 22.337 22.045 21.753 21.461 21.171 20.881 20.592 20.303 20.015 19.728 19.441 19.155 18.870 18.585 18.301 18.017 17.734 17.451 17.169 16.888 16.607 16.326 16.046 15.767 15.488 15.209 14.931 14.653 14.376 14.099 13.822 13.546 13.270 12.995 12.719 12.444 12.170 11.895 11.621 11.347 11.074 10.800 10.527 10.254  9.981  9.708  9.435  9.162  8.890  8.617  8.345  8.072  7.800 
29.450 29.140 28.830 28.521 28.213 27.905 27.598 27.292 26.987 26.682 26.378 26.075 25.772 25.470 25.169 24.869 24.569 24.270 23.971 23.674 23.377 23.080 22.785 22.490 22.195 21.901 21.608 21.316 21.024 20.733 20.442 20.152 19.862 19.573 19.285 18.997 18.710 18.423 18.137 17.851 17.566 17.281 16.997 16.713 16.430 16.147 15.865 15.583 15.301 15.020 14.739 14.459 14.178 13.899 13.619 13.340 13.061 12.783 12.504 12.226 11.948 11.671 11.393 11.116 10.839 10.562 10.286 10.009  9.733  9.457  9.180  8.904  8.628  8.352  8.076  7.800 
29.606 29.295 28.986 28.676 28.368 28.060 27.753 27.446 27.140 26.835 26.530 26.226 25.923 25.620 25.318 25.017 24.716 24.416 24.116 23.817 23.519 23.221 22.924 22.628 22.332 22.036 21.742 21.447 21.154 20.861 20.568 20.276 19.984 19.693 19.403 19.113 18.824 18.535 18.246 17.958 17.670 17.383 17.097 16.810 16.524 16.239 15.954 15.669 15.385 15.101 14.817 14.534 14.251 13.968 13.686 13.403 13.122 12.840 12.559 12.277 11.997 11.716 11.435 11.155 10.875 10.595 10.315 10.035  9.756  9.476  9.197  8.917  8.638  8.359  8.079  7.800 
29.747 29.437 29.127 28.817 28.508 28.200 27.893 27.586 27.279 26.973 26.668 26.364 26.060 25.756 25.453 25.151 24.849 24.548 24.247 23.947 23.648 23.349 23.051 22.753 22.455 22.159 21.862 21.566 21.271 20.976 20.682 20.388 20.095 19.802 19.510 19.218 18.926 18.635 18.345 18.055 17.765 17.475 17.187 16.898 16.610 16.322 16.034 15.747 15.460 15.174 14.888 14.602 14.316 14.031 13.746 13.461 13.176 12.892 12.608 12.324 12.040 11.757 11.473 11.190 10.907 10.624 10.341 10.059  9.776  9.494  9.211  8.929  8.647  8.364  8.082  7.800 
29.875 29.565 29.254 28.945 28.636 28.328 28.020 27.712 27.405 27.099 26.793 26.488 26.184 25.879 25.576 25.273 24.970 24.668 24.366 24.065 23.765 23.465 23.165 22.866 22.568 22.269 21.972 21.675 21.378 21.082 20.786 20.490 20.195 19.901 19.607 19.313 19.020 18.727 18.434 18.142 17.850 17.559 17.268 16.977 16.687 16.397 16.107 15.818 15.529 15.240 14.952 14.663 14.375 14.088 13.800 13.513 13.226 12.939 12.652 12.366 12.080 11.794 11.508 11.222 10.936 10.651 10.365 10.080  9.795  9.510  9.225  8.940  8.655  8.370  8.085  7.800 
