23.716 23.405 23.094 22.783 22.473 22.162 21.851 21.540 21.229 20.918 20.607 20.296 19.985 19.674 19.364 19.053 18.742 18.431 18.120 17.809 17.498 17.187 16.876 16.565 16.254 15.943 15.632 15.321 15.010 14.699 14.387 14.076 13.765 13.454 13.142 12.831 12.519 12.208 11.896 11.584 11.272 10.960 10.648 10.336 10.024  9.711  9.398  9.085  8.772  8.458  8.145  7.831  7.516  7.202  6.886  6.571  6.255  5.939  5.622  5.305  4.987  4.668  4.349  4.029  3.709  3.388  3.066  2.743  2.419  2.095  1.769  1.443  1.115  0.786  0.457  0.126 
23.713 23.403 23.092 22.781 22.470 22.159 21.848 21.537 21.225 20.914 20.603 20.292 19.981 19.669 19.358 19.046 18.735 18.423 18.112 17.800 17.488 17.176 16.864 16.552 16.240 15.928 15.616 15.303 14.990 14.678 14.365 14.052 13.738 13.425 13.111 12.797 12.483 12.169 11.855 11.540 11.225 10.909 10.593 10.277  9.961  9.644  9.327  9.010  8.692  8.373  8.054  7.735  7.415  7.094  6.773  6.452  6.129  5.807  5.483  5.159  4.834  4.508  4.182  3.854  3.526  3.197  2.867  2.536  2.204  1.871  1.537  1.203  0.866  0.529  0.191 -0.149 
23.700 23.389 23.078 22.766 22.455 22.144 21.832 21.521 21.209 20.897 20.586 20.274 19.961 19.649 19.337 19.024 18.712 18.399 18.086 17.773 17.460 17.146 16.832 16.519 16.205 15.890 15.576 15.261 14.946 14.631 14.316 14.000 13.684 13.368 13.051 12.734 12.417 12.099 11.781 11.462 11.143 10.824 10.504 10.184  9.863  9.542  9.220  8.897  8.574  8.250  7.925  7.600  7.274  6.947  6.620  6.291  5.962  5.632  5.301  4.969  4.636  4.302  3.967  3.631  3.293  2.955  2.616  2.275  1.933  1.590  1.246  0.901  0.555  0.207 -0.142 -0.423 
23.667 23.356 23.045 22.734 22.422 22.110 21.798 21.486 21.174 20.861 20.549 20.236 19.922 19.609 19.295 18.981 18.667 18.353 18.038 17.723 17.408 17.093 16.777 16.461 16.144 15.828 15.511 15.193 14.876 14.558 14.239 13.920 13.601 13.281 12.961 12.641 12.320 11.999 11.677 11.354 11.032 10.708 10.385 10.060  9.735  9.410  9.084  8.758  8.431  8.103  7.775  7.446  7.117  6.787  6.457  6.125  5.794  5.461  5.128  4.794  4.459  4.123  3.787  3.449  3.109  2.768  2.425  2.080  1.732  1.381  1.026  0.666  0.299 -0.076 -0.384 -0.697 
23.613 23.302 22.991 22.680 22.368 22.055 21.743 21.430 21.117 20.804 20.490 20.176 19.862 19.547 19.232 18.917 18.601 18.286 17.969 17.653 17.336 17.018 16.700 16.382 16.064 15.745 15.425 15.105 14.785 14.464 14.143 13.821 13.499 13.176 12.853 12.529 12.204 11.879 11.554 11.228 10.901 10.574 10.246  9.917  9.588  9.258  8.927  8.596  8.264  7.931  7.598  7.264  6.929  6.593  6.257  5.920  5.583  5.245  4.906  4.566  4.226  3.885  3.544  3.202  2.859  2.516  2.172  1.827  1.482  1.137  0.791  0.444  0.097 -0.226 -0.598 -0.971 
23.539 23.227 22.916 22.604 22.292 21.979 21.666 21.353 21.039 20.725 20.411 20.096 19.780 19.465 19.149 18.832 18.515 18.198 17.880 17.562 17.243 16.924 16.604 16.284 15.963 15.642 15.321 14.999 14.676 14.353 14.029 13.705 13.380 13.054 12.728 12.402 12.074 11.746 11.418 11.088 10.758 10.427 10.096  9.763  9.430  9.096  8.761  8.426  8.089  7.752  7.413  7.074  6.734  6.393  6.052  5.709  5.366  5.021  4.676  4.330  3.983  3.635  3.287  2.938  2.588  2.238  1.887  1.535  1.183  0.830  0.477  0.124 -0.192 -0.542 -0.894 -1.246 
23.444 23.133 22.821 22.509 22.197 21.884 21.570 21.256 20.942 20.627 20.312 19.996 19.680 19.363 19.045 18.728 18.409 18.091 17.771 17.451 17.131 16.810 16.489 16.167 15.844 15.521 15.198 14.873 14.549 14.223 13.897 13.571 13.244 12.916 12.588 12.259 11.929 11.598 11.267 10.936 10.603 10.270  9.936  9.601  9.265  8.928  8.591  8.252  7.913  7.572  7.231  6.888  6.544  6.199  5.852  5.505  5.156  4.805  4.454  4.101  3.747  3.391  3.034  2.676  2.317  1.957  1.596  1.234  0.872  0.509  0.145 -0.169 -0.506 -0.844 -1.181 -1.520 
23.331 23.020 22.709 22.396 22.084 21.770 21.456 21.142 20.827 20.511 20.195 19.879 19.561 19.244 18.925 18.606 18.287 17.967 17.646 17.325 17.003 16.680 16.357 16.033 15.709 15.384 15.058 14.732 14.405 14.077 13.749 13.420 13.090 12.760 12.429 12.097 11.765 11.432 11.098 10.764 10.428 10.092  9.756  9.418  9.080  8.741  8.402  8.062  7.721  7.379  7.036  6.693  6.349  6.005  5.659  5.313  4.966  4.618  4.269  3.919  3.567  3.214  2.859  2.502  2.143  1.780  1.413  1.041  0.663  0.277 -0.115 -0.439 -0.772 -1.110 -1.451 -1.794 
23.202 22.891 22.579 22.267 21.954 21.640 21.326 21.011 20.695 20.379 20.063 19.745 19.427 19.109 18.789 18.469 18.149 17.828 17.506 17.183 16.860 16.536 16.211 15.886 15.560 15.233 14.906 14.578 14.249 13.919 13.589 13.257 12.925 12.593 12.259 11.925 11.590 11.254 10.917 10.580 10.241  9.902  9.562  9.221  8.880  8.537  8.194  7.849  7.504  7.159  6.812  6.465  6.116  5.767  5.417  5.067  4.716  4.364  4.011  3.657  3.303  2.949  2.593  2.237  1.881  1.524  1.166  0.808  0.449  0.090 -0.236 -0.601 -0.967 -1.334 -1.701 -2.069 
23.057 22.746 22.434 22.122 21.808 21.495 21.180 20.865 20.549 20.232 19.915 19.597 19.278 18.959 18.638 18.318 17.996 17.674 17.351 17.027 16.703 16.378 16.052 15.725 15.398 15.070 14.741 14.411 14.081 13.750 13.418 13.085 12.751 12.416 12.081 11.745 11.407 11.069 10.730 10.390 10.049  9.707  9.365  9.021  8.676  8.330  7.983  7.635  7.287  6.937  6.586  6.234  5.881  5.527  5.172  4.817  4.460  4.103  3.744  3.385  3.025  2.664  2.303  1.941  1.578  1.214  0.851  0.486  0.122 -0.202 -0.557 -0.913 -1.270 -1.627 -1.985 -2.343 
22.899 22.588 22.276 21.963 21.649 21.335 21.020 20.705 20.388 20.071 19.753 19.434 19.115 18.795 18.474 18.152 17.830 17.506 17.182 16.858 16.532 16.206 15.879 15.551 15.222 14.893 14.563 14.232 13.900 13.567 13.234 12.900 12.565 12.229 11.892 11.554 11.216 10.876 10.536 10.195  9.853  9.509  9.165  8.820  8.474  8.126  7.778  7.428  7.077  6.724  6.371  6.015  5.659  5.301  4.942  4.581  4.218  3.855  3.489  3.123  2.755  2.386  2.015  1.644  1.271  0.898  0.524  0.150 -0.176 -0.523 -0.871 -1.219 -1.568 -1.917 -2.267 -2.617 
22.728 22.417 22.105 21.792 21.478 21.164 20.849 20.533 20.216 19.898 19.580 19.261 18.941 18.620 18.298 17.976 17.653 17.329 17.004 16.679 16.352 16.025 15.697 15.369 15.039 14.709 14.378 14.047 13.714 13.381 13.047 12.713 12.377 12.042 11.705 11.368 11.030 10.692 10.353 10.014  9.675  9.334  8.994  8.653  8.312  7.971  7.630  7.289  6.948  6.607  6.266  5.926  5.587  5.248  4.911  4.574  4.239  3.905  3.572  3.241  2.912  2.584  2.259  1.935  1.613  1.292  0.973  0.656  0.340  0.025 -0.151 -0.252 -0.353 -0.452 -0.551 -0.648 
22.557 22.246 21.934 21.621 21.308 20.994 20.679 20.364 20.048 19.731 19.414 19.096 18.777 18.458 18.138 17.817 17.496 17.174 16.852 16.529 16.206 15.882 15.558 15.233 14.908 14.582 14.256 13.930 13.603 13.276 12.949 12.621 12.294 11.966 11.638 11.310 10.983 10.655 10.327  9.999  9.672  9.345  9.018  8.692  8.366  8.040  7.715  7.391  7.067  6.744  6.423  6.102  5.782  5.463  5.146  4.830  4.516  4.204  3.893  3.584  3.276  2.971  2.668  2.367  2.068  1.771  1.475  1.182  0.890  0.600  0.311  0.023 -0.135 -0.223 -0.305 -0.386 
22.427 22.116 21.805 21.493 21.180 20.867 20.554 20.240 19.926 19.612 19.297 18.981 18.666 18.349 18.033 17.716 17.399 17.082 16.764 16.447 16.129 15.810 15.492 15.173 14.855 14.536 14.217 13.898 13.580 13.261 12.942 12.624 12.306 11.987 11.670 11.352 11.035 10.718 10.401 10.085  9.770  9.455  9.140  8.827  8.514  8.201  7.890  7.579  7.270  6.961  6.653  6.347  6.041  5.737  5.434  5.133  4.833  4.535  4.238  3.943  3.650  3.359  3.070  2.782  2.497  2.214  1.933  1.653  1.375  1.100  0.825  0.552  0.281  0.010 -0.137 -0.216 
22.359 22.048 21.737 21.425 21.114 20.802 20.491 20.179 19.867 19.554 19.242 18.930 18.617 18.305 17.992 17.679 17.367 17.054 16.741 16.428 16.116 15.803 15.490 15.178 14.866 14.554 14.242 13.930 13.619 13.308 12.997 12.686 12.376 12.067 11.757 11.449 11.140 10.833 10.526 10.219  9.913  9.608  9.304  9.000  8.697  8.396  8.095  7.794  7.495  7.197  6.900  6.604  6.309  6.016  5.724  5.433  5.144  4.856  4.571  4.287  4.006  3.728  3.453  3.181  2.912  2.648  2.388  2.133  1.882  1.636  1.394  1.157  0.924  0.694  0.467  0.243 
22.350 22.039 21.729 21.418 21.107 20.797 20.487 20.176 19.866 19.556 19.246 18.937 18.627 18.318 18.009 17.700 17.391 17.082 16.774 16.466 16.158 15.851 15.544 15.237 14.931 14.625 14.320 14.015 13.710 13.406 13.103 12.800 12.498 12.196 11.895 11.595 11.296 10.997 10.699 10.402 10.105  9.810  9.515  9.222  8.929  8.637  8.346  8.056  7.767  7.479  7.192  6.906  6.621  6.337  6.054  5.772  5.491  5.211  4.932  4.654  4.377  4.100  3.825  3.550  3.276  3.003  2.730  2.458  2.187  1.916  1.645  1.375  1.105  0.836  0.567  0.298 
22.397 22.086 21.776 21.466 21.156 20.846 20.537 20.228 19.920 19.611 19.304 18.996 18.689 18.382 18.076 17.770 17.464 17.158 16.854 16.549 16.245 15.941 15.638 15.335 15.033 14.731 14.430 14.129 13.828 13.528 13.229 12.930 12.632 12.334 12.037 11.740 11.444 11.149 10.854 10.559 10.266  9.972  9.680  9.388  9.097  8.806  8.516  8.226  7.937  7.649  7.361  7.074  6.787  6.501  6.215  5.930  5.645  5.361  5.078  4.795  4.512  4.230  3.948  3.666  3.385  3.104  2.824  2.544  2.264  1.984  1.705  1.426  1.146  0.867  0.589  0.310 
22.478 22.167 21.857 21.547 21.238 20.929 20.620 20.312 20.004 19.697 19.390 19.083 18.777 18.471 18.166 17.861 17.556 17.252 16.948 16.645 16.342 16.040 15.738 15.436 15.135 14.835 14.535 14.235 13.936 13.637 13.338 13.040 12.743 12.446 12.149 11.853 11.558 11.263 10.968 10.673 10.380 10.086  9.793  9.501  9.209  8.917  8.626  8.335  8.044  7.754  7.465  7.175  6.886  6.598  6.310  6.022  5.734  5.447  5.160  4.874  4.587  4.301  4.015  3.730  3.445  3.159  2.874  2.590  2.305  2.021  1.736  1.452  1.168  0.884  0.600  0.316 
22.571 22.260 21.950 21.640 21.331 21.022 20.713 20.405 20.098 19.790 19.483 19.177 18.871 18.565 18.260 17.955 17.651 17.347 17.043 16.740 16.438 16.135 15.833 15.532 15.231 14.930 14.630 14.330 14.031 13.732 13.433 13.135 12.837 12.540 12.243 11.946 11.650 11.354 11.058 10.763 10.468 10.174  9.880  9.586  9.292  8.999  8.707  8.414  8.122  7.830  7.539  7.248  6.957  6.666  6.376  6.085  5.796  5.506  5.216  4.927  4.638  4.349  4.061  3.772  3.484  3.196  2.908  2.620  2.332  2.045  1.757  1.470  1.182  0.895  0.608  0.320 
22.664 22.353 22.043 21.733 21.424 21.115 20.806 20.498 20.190 19.883 19.576 19.269 18.963 18.657 18.351 18.046 17.742 17.437 17.134 16.830 16.527 16.224 15.922 15.620 15.319 15.017 14.717 14.416 14.116 13.816 13.517 13.218 12.919 12.621 12.323 12.025 11.728 11.431 11.134 10.838 10.542 10.246  9.951  9.656  9.361  9.067  8.772  8.478  8.185  7.891  7.598  7.305  7.012  6.720  6.427  6.135  5.843  5.552  5.260  4.969  4.678  4.387  4.096  3.805  3.514  3.224  2.933  2.643  2.353  2.063  1.773  1.483  1.193  0.903  0.613  0.324 
22.752 22.442 22.131 21.821 21.512 21.203 20.894 20.585 20.277 19.970 19.662 19.355 19.049 18.743 18.437 18.131 17.826 17.522 17.217 16.913 16.610 16.306 16.003 15.701 15.399 15.097 14.795 14.494 14.193 13.892 13.592 13.292 12.993 12.693 12.394 12.096 11.797 11.499 11.201 10.904 10.607 10.310 10.013  9.716  9.420  9.124  8.829  8.533  8.238  7.943  7.648  7.353  7.059  6.765  6.471  6.177  5.883  5.590  5.296  5.003  4.710  4.417  4.124  3.832  3.539  3.247  2.954  2.662  2.370  2.078  1.786  1.494  1.202  0.910  0.618  0.326 
22.834 22.523 22.213 21.903 21.593 21.284 20.975 20.666 20.358 20.050 19.742 19.435 19.128 18.822 18.516 18.210 17.904 17.599 17.294 16.990 16.685 16.381 16.078 15.775 15.472 15.169 14.867 14.565 14.263 13.961 13.660 13.359 13.059 12.759 12.459 12.159 11.859 11.560 11.261 10.962 10.664 10.366 10.068  9.770  9.473  9.175  8.878  8.581  8.285  7.988  7.692  7.396  7.100  6.804  6.509  6.213  5.918  5.623  5.328  5.033  4.739  4.444  4.150  3.855  3.561  3.267  2.973  2.679  2.385  2.091  1.797  1.503  1.209  0.916  0.622  0.328 
22.909 22.598 22.288 21.978 21.668 21.358 21.049 20.740 20.432 20.124 19.816 19.508 19.201 18.894 18.588 18.281 17.975 17.670 17.364 17.059 16.754 16.450 16.146 15.842 15.538 15.235 14.932 14.629 14.326 14.024 13.722 13.420 13.119 12.818 12.517 12.216 11.915 11.615 11.315 11.015 10.716 10.416 10.117  9.818  9.520  9.221  8.923  8.625  8.327  8.029  7.731  7.434  7.137  6.840  6.543  6.246  5.949  5.653  5.356  5.060  4.764  4.468  4.172  3.876  3.580  3.284  2.989  2.693  2.398  2.102  1.807  1.511  1.216  0.921  0.626  0.330 
22.977 22.666 22.356 22.046 21.736 21.426 21.117 20.808 20.499 20.191 19.883 19.575 19.267 18.960 18.653 18.346 18.040 17.734 17.428 17.122 16.817 16.512 16.207 15.903 15.598 15.294 14.991 14.687 14.384 14.081 13.778 13.475 13.173 12.871 12.569 12.267 11.966 11.665 11.364 11.063 10.763 10.462 10.162  9.862  9.562  9.263  8.963  8.664  8.365  8.066  7.767  7.468  7.170  6.872  6.573  6.275  5.977  5.679  5.382  5.084  4.787  4.489  4.192  3.895  3.597  3.300  3.003  2.706  2.409  2.113  1.816  1.519  1.222  0.925  0.629  0.332 
23.039 22.729 22.418 22.108 21.798 21.488 21.179 20.870 20.561 20.252 19.944 19.636 19.328 19.020 18.713 18.406 18.099 17.792 17.486 17.180 16.874 16.569 16.263 15.958 15.653 15.349 15.044 14.740 14.436 14.132 13.829 13.526 13.222 12.920 12.617 12.314 12.012 11.710 11.408 11.107 10.805 10.504 10.203  9.902  9.601  9.300  9.000  8.699  8.399  8.099  7.799  7.500  7.200  6.900  6.601  6.302  6.003  5.704  5.405  5.106  4.807  4.508  4.210  3.911  3.613  3.315  3.016  2.718  2.420  2.122  1.824  1.526  1.228  0.930  0.632  0.334 
23.096 22.785 22.475 22.165 21.855 21.545 21.235 20.926 20.617 20.308 19.999 19.691 19.383 19.075 18.767 18.460 18.153 17.846 17.539 17.233 16.926 16.620 16.314 16.009 15.703 15.398 15.093 14.788 14.484 14.179 13.875 13.571 13.267 12.964 12.660 12.357 12.054 11.751 11.448 11.146 10.844 10.541 10.239  9.938  9.636  9.334  9.033  8.732  8.430  8.129  7.828  7.528  7.227  6.927  6.626  6.326  6.026  5.726  5.426  5.126  4.826  4.526  4.226  3.927  3.627  3.328  3.028  2.729  2.430  2.130  1.831  1.532  1.233  0.933  0.634  0.335 
23.148 22.837 22.526 22.216 21.906 21.596 21.286 20.977 20.668 20.359 20.050 19.741 19.433 19.125 18.817 18.509 18.202 17.894 17.587 17.280 16.973 16.667 16.361 16.055 15.749 15.443 15.137 14.832 14.527 14.222 13.917 13.613 13.308 13.004 12.700 12.396 12.092 11.789 11.485 11.182 10.879 10.576 10.273  9.970  9.668  9.365  9.063  8.761  8.459  8.157  7.855  7.553  7.252  6.950  6.649  6.348  6.047  5.745  5.444  5.144  4.843  4.542  4.241  3.941  3.640  3.340  3.039  2.739  2.438  2.138  1.838  1.537  1.237  0.937  0.637  0.336 
23.195 22.884 22.573 22.263 21.953 21.643 21.333 21.023 20.714 20.405 20.096 19.787 19.478 19.170 18.862 18.554 18.246 17.938 17.631 17.324 17.016 16.710 16.403 16.096 15.790 15.484 15.178 14.872 14.566 14.261 13.955 13.650 13.345 13.040 12.736 12.431 12.127 11.822 11.518 11.214 10.911 10.607 10.303 10.000  9.697  9.393  9.090  8.787  8.485  8.182  7.879  7.577  7.274  6.972  6.670  6.368  6.066  5.764  5.462  5.160  4.858  4.556  4.255  3.953  3.652  3.350  3.049  2.747  2.446  2.145  1.844  1.542  1.241  0.940  0.639  0.337 
23.237 22.927 22.616 22.306 21.995 21.685 21.375 21.066 20.756 20.447 20.138 19.829 19.520 19.211 18.903 18.594 18.286 17.978 17.671 17.363 17.056 16.748 16.441 16.134 15.828 15.521 15.214 14.908 14.602 14.296 13.990 13.684 13.379 13.074 12.768 12.463 12.158 11.853 11.549 11.244 10.940 10.635 10.331 10.027  9.723  9.419  9.115  8.812  8.508  8.205  7.901  7.598  7.295  6.992  6.689  6.386  6.083  5.780  5.477  5.175  4.872  4.570  4.267  3.965  3.662  3.360  3.058  2.756  2.453  2.151  1.849  1.547  1.245  0.943  0.641  0.339 
23.276 22.965 22.655 22.344 22.034 21.724 21.414 21.104 20.794 20.485 20.176 19.866 19.557 19.249 18.940 18.631 18.323 18.015 17.707 17.399 17.091 16.784 16.476 16.169 15.862 15.555 15.248 14.941 14.635 14.328 14.022 13.716 13.410 13.104 12.798 12.492 12.187 11.881 11.576 11.271 10.966 10.661 10.356 10.051  9.747  9.442  9.138  8.834  8.529  8.225  7.921  7.617  7.313  7.009  6.706  6.402  6.099  5.795  5.492  5.188  4.885  4.582  4.278  3.975  3.672  3.369  3.066  2.763  2.460  2.157  1.854  1.551  1.248  0.945  0.642  0.339 
23.311 23.001 22.690 22.379 22.069 21.759 21.449 21.139 20.829 20.520 20.210 19.901 19.592 19.283 18.974 18.665 18.356 18.048 17.740 17.432 17.123 16.816 16.508 16.200 15.893 15.585 15.278 14.971 14.664 14.357 14.051 13.744 13.437 13.131 12.825 12.519 12.213 11.907 11.601 11.295 10.990 10.684 10.379 10.074  9.768  9.463  9.158  8.853  8.549  8.244  7.939  7.635  7.330  7.026  6.721  6.417  6.113  5.809  5.504  5.200  4.896  4.592  4.288  3.985  3.681  3.377  3.073  2.769  2.466  2.162  1.858  1.555  1.251  0.948  0.644  0.340 
23.344 23.033 22.722 22.412 22.101 21.791 21.481 21.171 20.861 20.551 20.242 19.932 19.623 19.314 19.005 18.696 18.387 18.078 17.770 17.461 17.153 16.845 16.537 16.229 15.921 15.613 15.306 14.998 14.691 14.384 14.077 13.770 13.463 13.156 12.849 12.543 12.236 11.930 11.624 11.318 11.012 10.706 10.400 10.094  9.788  9.483  9.177  8.872  8.566  8.261  7.956  7.651  7.345  7.040  6.736  6.431  6.126  5.821  5.516  5.212  4.907  4.602  4.298  3.993  3.689  3.384  3.080  2.776  2.471  2.167  1.863  1.558  1.254  0.950  0.645  0.341 
23.373 23.062 22.751 22.441 22.130 21.820 21.510 21.200 20.890 20.580 20.270 19.961 19.651 19.342 19.032 18.723 18.414 18.106 17.797 17.488 17.180 16.871 16.563 16.255 15.947 15.639 15.331 15.023 14.715 14.408 14.100 13.793 13.486 13.179 12.872 12.565 12.258 11.951 11.644 11.338 11.031 10.725 10.419 10.112  9.806  9.500  9.194  8.888  8.582  8.276  7.971  7.665  7.359  7.054  6.748  6.443  6.138  5.832  5.527  5.222  4.916  4.611  4.306  4.001  3.696  3.391  3.086  2.781  2.476  2.171  1.866  1.561  1.256  0.952  0.647  0.342 
23.399 23.088 22.778 22.467 22.157 21.846 21.536 21.226 20.916 20.606 20.296 19.986 19.677 19.367 19.058 18.749 18.439 18.130 17.821 17.513 17.204 16.895 16.587 16.278 15.970 15.662 15.354 15.046 14.738 14.430 14.122 13.814 13.507 13.199 12.892 12.585 12.277 11.970 11.663 11.356 11.049 10.743 10.436 10.129  9.823  9.516  9.210  8.903  8.597  8.291  7.984  7.678  7.372  7.066  6.760  6.454  6.148  5.842  5.537  5.231  4.925  4.619  4.314  4.008  3.703  3.397  3.092  2.786  2.481  2.175  1.870  1.564  1.259  0.953  0.648  0.342 
23.423 23.113 22.802 22.491 22.181 21.870 21.560 21.250 20.940 20.630 20.320 20.010 19.700 19.391 19.081 18.772 18.462 18.153 17.844 17.535 17.226 16.917 16.608 16.300 15.991 15.683 15.374 15.066 14.758 14.450 14.142 13.834 13.526 13.218 12.910 12.603 12.295 11.988 11.680 11.373 11.066 10.759 10.451 10.144  9.837  9.531  9.224  8.917  8.610  8.303  7.997  7.690  7.384  7.077  6.771  6.464  6.158  5.852  5.545  5.239  4.933  4.627  4.321  4.015  3.709  3.403  3.097  2.791  2.485  2.179  1.873  1.567  1.261  0.955  0.649  0.343 
23.445 23.134 22.824 22.513 22.203 21.892 21.582 21.271 20.961 20.651 20.341 20.031 19.721 19.412 19.102 18.793 18.483 18.174 17.864 17.555 17.246 16.937 16.628 16.319 16.011 15.702 15.393 15.085 14.776 14.468 14.160 13.851 13.543 13.235 12.927 12.619 12.311 12.004 11.696 11.388 11.081 10.773 10.466 10.158  9.851  9.544  9.236  8.929  8.622  8.315  8.008  7.701  7.394  7.087  6.780  6.474  6.167  5.860  5.553  5.247  4.940  4.634  4.327  4.021  3.714  3.408  3.101  2.795  2.488  2.182  1.875  1.569  1.263  0.956  0.650  0.344 
23.465 23.154 22.844 22.533 22.222 21.912 21.601 21.291 20.981 20.671 20.361 20.051 19.741 19.431 19.121 18.812 18.502 18.192 17.883 17.574 17.264 16.955 16.646 16.337 16.028 15.719 15.410 15.102 14.793 14.484 14.176 13.867 13.559 13.251 12.942 12.634 12.326 12.018 11.710 11.402 11.094 10.786 10.479 10.171  9.863  9.556  9.248  8.941  8.633  8.326  8.018  7.711  7.404  7.096  6.789  6.482  6.175  5.868  5.561  5.254  4.947  4.640  4.333  4.026  3.719  3.412  3.105  2.798  2.492  2.185  1.878  1.571  1.264  0.958  0.651  0.344 
23.483 23.173 22.862 22.551 22.240 21.930 21.619 21.309 20.999 20.689 20.378 20.068 19.758 19.448 19.139 18.829 18.519 18.209 17.900 17.590 17.281 16.972 16.662 16.353 16.044 15.735 15.426 15.117 14.808 14.499 14.191 13.882 13.573 13.265 12.956 12.648 12.339 12.031 11.723 11.415 11.106 10.798 10.490 10.182  9.874  9.566  9.259  8.951  8.643  8.335  8.028  7.720  7.412  7.105  6.797  6.490  6.182  5.875  5.567  5.260  4.953  4.645  4.338  4.031  3.723  3.416  3.109  2.802  2.495  2.187  1.880  1.573  1.266  0.959  0.652  0.344 
23.500 23.189 22.878 22.568 22.257 21.946 21.636 21.325 21.015 20.705 20.395 20.084 19.774 19.464 19.154 18.844 18.535 18.225 17.915 17.606 17.296 16.987 16.677 16.368 16.059 15.749 15.440 15.131 14.822 14.513 14.204 13.895 13.586 13.278 12.969 12.660 12.352 12.043 11.735 11.426 11.118 10.809 10.501 10.193  9.885  9.576  9.268  8.960  8.652  8.344  8.036  7.728  7.420  7.112  6.804  6.497  6.189  5.881  5.573  5.266  4.958  4.650  4.343  4.035  3.728  3.420  3.112  2.805  2.497  2.190  1.882  1.575  1.267  0.960  0.652  0.345 
23.515 23.204 22.893 22.582 22.272 21.961 21.651 21.340 21.030 20.719 20.409 20.099 19.789 19.479 19.169 18.859 18.549 18.239 17.929 17.619 17.310 17.000 16.691 16.381 16.072 15.762 15.453 15.144 14.835 14.525 14.216 13.907 13.598 13.289 12.980 12.671 12.363 12.054 11.745 11.436 11.128 10.819 10.511 10.202  9.894  9.585  9.277  8.969  8.660  8.352  8.044  7.736  7.427  7.119  6.811  6.503  6.195  5.887  5.579  5.271  4.963  4.655  4.347  4.039  3.731  3.423  3.116  2.808  2.500  2.192  1.884  1.576  1.269  0.961  0.653  0.345 
23.528 23.218 22.907 22.596 22.285 21.975 21.664 21.354 21.043 20.733 20.423 20.112 19.802 19.492 19.182 18.872 18.562 18.252 17.942 17.632 17.322 17.013 16.703 16.393 16.084 15.774 15.465 15.155 14.846 14.537 14.227 13.918 13.609 13.300 12.991 12.682 12.373 12.064 11.755 11.446 11.137 10.828 10.520 10.211  9.902  9.593  9.285  8.976  8.668  8.359  8.051  7.742  7.434  7.125  6.817  6.509  6.200  5.892  5.584  5.276  4.967  4.659  4.351  4.043  3.735  3.427  3.118  2.810  2.502  2.194  1.886  1.578  1.270  0.962  0.654  0.346 
23.541 23.230 22.919 22.608 22.298 21.987 21.677 21.366 21.055 20.745 20.435 20.124 19.814 19.504 19.194 18.884 18.573 18.263 17.953 17.644 17.334 17.024 16.714 16.404 16.095 15.785 15.475 15.166 14.856 14.547 14.237 13.928 13.619 13.309 13.000 12.691 12.382 12.073 11.764 11.455 11.145 10.837 10.528 10.219  9.910  9.601  9.292  8.983  8.675  8.366  8.057  7.748  7.440  7.131  6.823  6.514  6.205  5.897  5.588  5.280  4.971  4.663  4.355  4.046  3.738  3.429  3.121  2.813  2.504  2.196  1.888  1.579  1.271  0.962  0.654  0.346 
23.552 23.241 22.930 22.620 22.309 21.998 21.688 21.377 21.067 20.756 20.446 20.135 19.825 19.515 19.204 18.894 18.584 18.274 17.964 17.654 17.344 17.034 16.724 16.414 16.105 15.795 15.485 15.175 14.866 14.556 14.247 13.937 13.628 13.318 13.009 12.699 12.390 12.081 11.772 11.462 11.153 10.844 10.535 10.226  9.917  9.608  9.299  8.990  8.681  8.372  8.063  7.754  7.445  7.136  6.828  6.519  6.210  5.901  5.593  5.284  4.975  4.666  4.358  4.049  3.741  3.432  3.123  2.815  2.506  2.197  1.889  1.580  1.272  0.963  0.655  0.346 
23.562 23.251 22.941 22.630 22.319 22.008 21.698 21.387 21.077 20.766 20.456 20.145 19.835 19.525 19.214 18.904 18.594 18.284 17.973 17.663 17.353 17.043 16.733 16.423 16.114 15.804 15.494 15.184 14.874 14.565 14.255 13.945 13.636 13.326 13.017 12.707 12.398 12.088 11.779 11.469 11.160 10.851 10.541 10.232  9.923  9.614  9.305  8.995  8.686  8.377  8.068  7.759  7.450  7.141  6.832  6.523  6.214  5.905  5.596  5.287  4.978  4.670  4.361  4.052  3.743  3.434  3.125  2.817  2.508  2.199  1.890  1.581  1.273  0.964  0.655  0.346 
23.572 23.261 22.950 22.639 22.328 22.018 21.707 21.396 21.086 20.775 20.465 20.154 19.844 19.534 19.223 18.913 18.603 18.292 17.982 17.672 17.362 17.052 16.742 16.432 16.122 15.812 15.502 15.192 14.882 14.572 14.263 13.953 13.643 13.333 13.024 12.714 12.404 12.095 11.785 11.476 11.166 10.857 10.547 10.238  9.929  9.619  9.310  9.001  8.691  8.382  8.073  7.764  7.455  7.145  6.836  6.527  6.218  5.909  5.600  5.291  4.982  4.672  4.363  4.054  3.745  3.436  3.127  2.818  2.509  2.200  1.891  1.582  1.273  0.964  0.656  0.347 
23.580 23.269 22.958 22.648 22.337 22.026 21.715 21.405 21.094 20.784 20.473 20.163 19.852 19.542 19.231 18.921 18.611 18.300 17.990 17.680 17.370 17.059 16.749 16.439 16.129 15.819 15.509 15.199 14.889 14.579 14.269 13.960 13.650 13.340 13.030 12.720 12.411 12.101 11.791 11.482 11.172 10.863 10.553 10.243  9.934  9.624  9.315  9.006  8.696  8.387  8.077  7.768  7.459  7.149  6.840  6.531  6.221  5.912  5.603  5.294  4.984  4.675  4.366  4.057  3.747  3.438  3.129  2.820  2.511  2.202  1.892  1.583  1.274  0.965  0.656  0.347 
23.588 23.277 22.966 22.655 22.345 22.034 21.723 21.412 21.102 20.791 20.481 20.170 19.860 19.549 19.239 18.928 18.618 18.308 17.997 17.687 17.377 17.066 16.756 16.446 16.136 15.826 15.516 15.206 14.896 14.586 14.276 13.966 13.656 13.346 13.036 12.726 12.416 12.107 11.797 11.487 11.177 10.868 10.558 10.248  9.939  9.629  9.319  9.010  8.700  8.391  8.081  7.772  7.462  7.153  6.843  6.534  6.224  5.915  5.606  5.296  4.987  4.677  4.368  4.059  3.749  3.440  3.131  2.821  2.512  2.203  1.893  1.584  1.275  0.966  0.656  0.347 
23.595 23.284 22.973 22.662 22.352 22.041 21.730 21.419 21.109 20.798 20.487 20.177 19.866 19.556 19.245 18.935 18.624 18.314 18.004 17.693 17.383 17.073 16.763 16.452 16.142 15.832 15.522 15.212 14.901 14.591 14.281 13.971 13.661 13.351 13.041 12.731 12.422 12.112 11.802 11.492 11.182 10.872 10.562 10.253  9.943  9.633  9.324  9.014  8.704  8.394  8.085  7.775  7.466  7.156  6.846  6.537  6.227  5.918  5.608  5.299  4.989  4.680  4.370  4.061  3.751  3.442  3.132  2.823  2.513  2.204  1.894  1.585  1.275  0.966  0.657  0.347 
23.601 23.290 22.979 22.669 22.358 22.047 21.736 21.426 21.115 20.804 20.494 20.183 19.873 19.562 19.251 18.941 18.631 18.320 18.010 17.699 17.389 17.079 16.768 16.458 16.148 15.837 15.527 15.217 14.907 14.597 14.287 13.976 13.666 13.356 13.046 12.736 12.426 12.116 11.806 11.496 11.186 10.876 10.567 10.257  9.947  9.637  9.327  9.017  8.708  8.398  8.088  7.778  7.469  7.159  6.849  6.539  6.230  5.920  5.610  5.301  4.991  4.681  4.372  4.062  3.753  3.443  3.133  2.824  2.514  2.205  1.895  1.585  1.276  0.966  0.657  0.347 
23.607 23.296 22.985 22.674 22.364 22.053 21.742 21.431 21.121 20.810 20.499 20.189 19.878 19.568 19.257 18.946 18.636 18.325 18.015 17.705 17.394 17.084 16.773 16.463 16.153 15.842 15.532 15.222 14.912 14.601 14.291 13.981 13.671 13.361 13.051 12.741 12.430 12.120 11.810 11.500 11.190 10.880 10.570 10.260  9.950  9.640  9.331  9.021  8.711  8.401  8.091  7.781  7.471  7.162  6.852  6.542  6.232  5.922  5.613  5.303  4.993  4.683  4.374  4.064  3.754  3.444  3.135  2.825  2.515  2.205  1.896  1.586  1.276  0.967  0.657  0.347 
23.612 23.301 22.990 22.680 22.369 22.058 21.747 21.437 21.126 20.815 20.505 20.194 19.883 19.573 19.262 18.951 18.641 18.330 18.020 17.709 17.399 17.089 16.778 16.468 16.157 15.847 15.537 15.226 14.916 14.606 14.296 13.985 13.675 13.365 13.055 12.744 12.434 12.124 11.814 11.504 11.194 10.884 10.574 10.264  9.954  9.644  9.334  9.024  8.714  8.404  8.094  7.784  7.474  7.164  6.854  6.544  6.234  5.924  5.614  5.305  4.995  4.685  4.375  4.065  3.755  3.446  3.136  2.826  2.516  2.206  1.896  1.587  1.277  0.967  0.657  0.347 
23.617 23.306 22.995 22.684 22.374 22.063 21.752 21.441 21.131 20.820 20.509 20.199 19.888 19.577 19.267 18.956 18.645 18.335 18.024 17.714 17.403 17.093 16.782 16.472 16.162 15.851 15.541 15.230 14.920 14.610 14.299 13.989 13.679 13.369 13.058 12.748 12.438 12.128 11.817 11.507 11.197 10.887 10.577 10.267  9.957  9.646  9.336  9.026  8.716  8.406  8.096  7.786  7.476  7.166  6.856  6.546  6.236  5.926  5.616  5.306  4.996  4.686  4.376  4.066  3.757  3.447  3.137  2.827  2.517  2.207  1.897  1.587  1.277  0.967  0.657  0.348 
23.621 23.310 23.000 22.689 22.378 22.067 21.756 21.446 21.135 20.824 20.513 20.203 19.892 19.581 19.271 18.960 18.650 18.339 18.028 17.718 17.407 17.097 16.786 16.476 16.165 15.855 15.545 15.234 14.924 14.613 14.303 13.993 13.682 13.372 13.062 12.751 12.441 12.131 11.821 11.510 11.200 10.890 10.580 10.269  9.959  9.649  9.339  9.029  8.719  8.409  8.098  7.788  7.478  7.168  6.858  6.548  6.238  5.928  5.618  5.308  4.998  4.688  4.378  4.068  3.758  3.448  3.138  2.828  2.518  2.208  1.898  1.588  1.278  0.968  0.658  0.348 
23.625 23.314 23.004 22.693 22.382 22.071 21.760 21.450 21.139 20.828 20.517 20.207 19.896 19.585 19.275 18.964 18.653 18.343 18.032 17.722 17.411 17.100 16.790 16.479 16.169 15.858 15.548 15.237 14.927 14.617 14.306 13.996 13.685 13.375 13.065 12.754 12.444 12.134 11.823 11.513 11.203 10.892 10.582 10.272  9.962  9.651  9.341  9.031  8.721  8.411  8.100  7.790  7.480  7.170  6.860  6.550  6.239  5.929  5.619  5.309  4.999  4.689  4.379  4.069  3.759  3.448  3.138  2.828  2.518  2.208  1.898  1.588  1.278  0.968  0.658  0.348 
23.629 23.318 23.007 22.696 22.385 22.075 21.764 21.453 21.142 20.832 20.521 20.210 19.899 19.589 19.278 18.967 18.657 18.346 18.035 17.725 17.414 17.104 16.793 16.483 16.172 15.861 15.551 15.240 14.930 14.620 14.309 13.999 13.688 13.378 13.067 12.757 12.447 12.136 11.826 11.515 11.205 10.895 10.584 10.274  9.964  9.654  9.343  9.033  8.723  8.412  8.102  7.792  7.482  7.172  6.861  6.551  6.241  5.931  5.621  5.310  5.000  4.690  4.380  4.070  3.759  3.449  3.139  2.829  2.519  2.209  1.899  1.588  1.278  0.968  0.658  0.348 
23.632 23.321 23.010 22.700 22.389 22.078 21.767 21.456 21.145 20.835 20.524 20.213 19.903 19.592 19.281 18.970 18.660 18.349 18.038 17.728 17.417 17.107 16.796 16.485 16.175 15.864 15.554 15.243 14.933 14.622 14.312 14.001 13.691 13.380 13.070 12.759 12.449 12.139 11.828 11.518 11.207 10.897 10.587 10.276  9.966  9.656  9.345  9.035  8.725  8.414  8.104  7.794  7.483  7.173  6.863  6.552  6.242  5.932  5.622  5.311  5.001  4.691  4.381  4.070  3.760  3.450  3.140  2.830  2.519  2.209  1.899  1.589  1.278  0.968  0.658  0.348 
23.635 23.324 23.013 22.702 22.392 22.081 21.770 21.459 21.148 20.838 20.527 20.216 19.905 19.595 19.284 18.973 18.663 18.352 18.041 17.731 17.420 17.109 16.799 16.488 16.177 15.867 15.556 15.246 14.935 14.625 14.314 14.004 13.693 13.383 13.072 12.762 12.451 12.141 11.830 11.520 11.209 10.899 10.589 10.278  9.968  9.657  9.347  9.037  8.726  8.416  8.105  7.795  7.485  7.174  6.864  6.554  6.243  5.933  5.623  5.312  5.002  4.692  4.382  4.071  3.761  3.451  3.140  2.830  2.520  2.210  1.899  1.589  1.279  0.968  0.658  0.348 
23.638 23.327 23.016 22.705 22.394 22.083 21.773 21.462 21.151 20.840 20.530 20.219 19.908 19.597 19.287 18.976 18.665 18.354 18.044 17.733 17.422 17.112 16.801 16.490 16.180 15.869 15.559 15.248 14.937 14.627 14.316 14.006 13.695 13.385 13.074 12.764 12.453 12.143 11.832 11.522 11.211 10.901 10.590 10.280  9.969  9.659  9.348  9.038  8.728  8.417  8.107  7.796  7.486  7.176  6.865  6.555  6.244  5.934  5.624  5.313  5.003  4.693  4.382  4.072  3.762  3.451  3.141  2.831  2.520  2.210  1.900  1.589  1.279  0.969  0.658  0.348 
23.640 23.329 23.018 22.708 22.397 22.086 21.775 21.464 21.153 20.843 20.532 20.221 19.910 19.600 19.289 18.978 18.667 18.357 18.046 17.735 17.425 17.114 16.803 16.493 16.182 15.871 15.561 15.250 14.940 14.629 14.318 14.008 13.697 13.387 13.076 12.765 12.455 12.144 11.834 11.523 11.213 10.902 10.592 10.281  9.971  9.660  9.350  9.039  8.729  8.419  8.108  7.798  7.487  7.177  6.866  6.556  6.245  5.935  5.625  5.314  5.004  4.693  4.383  4.073  3.762  3.452  3.141  2.831  2.521  2.210  1.900  1.590  1.279  0.969  0.658  0.348 
23.642 23.332 23.021 22.710 22.399 22.088 21.777 21.466 21.156 20.845 20.534 20.223 19.913 19.602 19.291 18.980 18.670 18.359 18.048 17.737 17.427 17.116 16.805 16.495 16.184 15.873 15.563 15.252 14.941 14.631 14.320 14.010 13.699 13.388 13.078 12.767 12.457 12.146 11.835 11.525 11.214 10.904 10.593 10.283  9.972  9.662  9.351  9.041  8.730  8.420  8.109  7.799  7.488  7.178  6.867  6.557  6.246  5.936  5.625  5.315  5.005  4.694  4.384  4.073  3.763  3.452  3.142  2.831  2.521  2.211  1.900  1.590  1.279  0.969  0.658  0.348 
23.644 23.334 23.023 22.712 22.401 22.090 21.779 21.468 21.158 20.847 20.536 20.225 19.914 19.604 19.293 18.982 18.671 18.361 18.050 17.739 17.429 17.118 16.807 16.496 16.186 15.875 15.564 15.254 14.943 14.632 14.322 14.011 13.700 13.390 13.079 12.769 12.458 12.147 11.837 11.526 11.216 10.905 10.595 10.284  9.973  9.663  9.352  9.042  8.731  8.421  8.110  7.800  7.489  7.179  6.868  6.558  6.247  5.937  5.626  5.316  5.005  4.695  4.384  4.074  3.763  3.453  3.142  2.832  2.521  2.211  1.900  1.590  1.279  0.969  0.659  0.348 
23.646 23.335 23.025 22.714 22.403 22.092 21.781 21.470 21.159 20.849 20.538 20.227 19.916 19.605 19.295 18.984 18.673 18.362 18.052 17.741 17.430 17.119 16.809 16.498 16.187 15.877 15.566 15.255 14.945 14.634 14.323 14.013 13.702 13.391 13.081 12.770 12.459 12.149 11.838 11.528 11.217 10.906 10.596 10.285  9.975  9.664  9.353  9.043  8.732  8.422  8.111  7.801  7.490  7.179  6.869  6.558  6.248  5.937  5.627  5.316  5.006  4.695  4.385  4.074  3.764  3.453  3.143  2.832  2.522  2.211  1.901  1.590  1.280  0.969  0.659  0.348 
23.648 23.337 23.026 22.715 22.404 22.094 21.783 21.472 21.161 20.850 20.539 20.229 19.918 19.607 19.296 18.986 18.675 18.364 18.053 17.742 17.432 17.121 16.810 16.500 16.189 15.878 15.567 15.257 14.946 14.635 14.325 14.014 13.703 13.393 13.082 12.771 12.461 12.150 11.839 11.529 11.218 10.907 10.597 10.286  9.976  9.665  9.354  9.044  8.733  8.423  8.112  7.801  7.491  7.180  6.870  6.559  6.249  5.938  5.627  5.317  5.006  4.696  4.385  4.075  3.764  3.454  3.143  2.832  2.522  2.211  1.901  1.590  1.280  0.969  0.659  0.348 
23.649 23.339 23.028 22.717 22.406 22.095 21.784 21.473 21.163 20.852 20.541 20.230 19.919 19.609 19.298 18.987 18.676 18.365 18.055 17.744 17.433 17.122 16.812 16.501 16.190 15.879 15.569 15.258 14.947 14.637 14.326 14.015 13.704 13.394 13.083 12.772 12.462 12.151 11.840 11.530 11.219 10.908 10.598 10.287  9.977  9.666  9.355  9.045  8.734  8.423  8.113  7.802  7.492  7.181  6.870  6.560  6.249  5.939  5.628  5.317  5.007  4.696  4.386  4.075  3.764  3.454  3.143  2.833  2.522  2.212  1.901  1.590  1.280  0.969  0.659  0.348 
23.651 23.340 23.029 22.718 22.407 22.096 21.786 21.475 21.164 20.853 20.542 20.231 19.921 19.610 19.299 18.988 18.677 18.367 18.056 17.745 17.434 17.124 16.813 16.502 16.191 15.881 15.570 15.259 14.948 14.638 14.327 14.016 13.706 13.395 13.084 12.773 12.463 12.152 11.841 11.531 11.220 10.909 10.599 10.288  9.977  9.667  9.356  9.045  8.735  8.424  8.113  7.803  7.492  7.182  6.871  6.560  6.250  5.939  5.628  5.318  5.007  4.697  4.386  4.075  3.765  3.454  3.144  2.833  2.522  2.212  1.901  1.591  1.280  0.969  0.659  0.348 
23.652 23.341 23.030 22.719 22.409 22.098 21.787 21.476 21.165 20.854 20.544 20.233 19.922 19.611 19.300 18.989 18.679 18.368 18.057 17.746 17.436 17.125 16.814 16.503 16.192 15.882 15.571 15.260 14.949 14.639 14.328 14.017 13.707 13.396 13.085 12.774 12.464 12.153 11.842 11.532 11.221 10.910 10.599 10.289  9.978  9.667  9.357  9.046  8.735  8.425  8.114  7.803  7.493  7.182  6.871  6.561  6.250  5.940  5.629  5.318  5.008  4.697  4.386  4.076  3.765  3.454  3.144  2.833  2.523  2.212  1.901  1.591  1.280  0.969  0.659  0.348 
23.653 23.342 23.031 22.721 22.410 22.099 21.788 21.477 21.166 20.855 20.545 20.234 19.923 19.612 19.301 18.991 18.680 18.369 18.058 17.747 17.437 17.126 16.815 16.504 16.193 15.883 15.572 15.261 14.950 14.640 14.329 14.018 13.707 13.397 13.086 12.775 12.464 12.154 11.843 11.532 11.222 10.911 10.600 10.290  9.979  9.668  9.357  9.047  8.736  8.425  8.115  7.804  7.493  7.183  6.872  6.561  6.251  5.940  5.629  5.319  5.008  4.697  4.387  4.076  3.765  3.455  3.144  2.833  2.523  2.212  1.901  1.591  1.280  0.969  0.659  0.348 
23.654 23.343 23.032 22.722 22.411 22.100 21.789 21.478 21.167 20.856 20.546 20.235 19.924 19.613 19.302 18.992 18.681 18.370 18.059 17.748 17.437 17.127 16.816 16.505 16.194 15.884 15.573 15.262 14.951 14.640 14.330 14.019 13.708 13.397 13.087 12.776 12.465 12.154 11.844 11.533 11.222 10.912 10.601 10.290  9.979  9.669  9.358  9.047  8.737  8.426  8.115  7.804  7.494  7.183  6.872  6.562  6.251  5.940  5.630  5.319  5.008  4.698  4.387  4.076  3.766  3.455  3.144  2.834  2.523  2.212  1.902  1.591  1.280  0.970  0.659  0.348 
23.655 23.344 23.033 22.723 22.412 22.101 21.790 21.479 21.168 20.857 20.547 20.236 19.925 19.614 19.303 18.992 18.682 18.371 18.060 17.749 17.438 17.128 16.817 16.506 16.195 15.884 15.574 15.263 14.952 14.641 14.330 14.020 13.709 13.398 13.087 12.777 12.466 12.155 11.844 11.534 11.223 10.912 10.601 10.291  9.980  9.669  9.359  9.048  8.737  8.426  8.116  7.805  7.494  7.184  6.873  6.562  6.251  5.941  5.630  5.319  5.009  4.698  4.387  4.077  3.766  3.455  3.144  2.834  2.523  2.212  1.902  1.591  1.280  0.970  0.659  0.348 
23.656 23.345 23.034 22.723 22.413 22.102 21.791 21.480 21.169 20.858 20.547 20.237 19.926 19.615 19.304 18.993 18.682 18.372 18.061 17.750 17.439 17.128 16.817 16.507 16.196 15.885 15.574 15.264 14.953 14.642 14.331 14.020 13.710 13.399 13.088 12.777 12.467 12.156 11.845 11.534 11.224 10.913 10.602 10.291  9.981  9.670  9.359  9.048  8.738  8.427  8.116  7.805  7.495  7.184  6.873  6.562  6.252  5.941  5.630  5.320  5.009  4.698  4.387  4.077  3.766  3.455  3.145  2.834  2.523  2.212  1.902  1.591  1.280  0.970  0.659  0.348 
23.657 23.346 23.035 22.724 22.413 22.102 21.792 21.481 21.170 20.859 20.548 20.237 19.926 19.616 19.305 18.994 18.683 18.372 18.061 17.751 17.440 17.129 16.818 16.507 16.197 15.886 15.575 15.264 14.953 14.643 14.332 14.021 13.710 13.399 13.089 12.778 12.467 12.156 11.846 11.535 11.224 10.913 10.603 10.292  9.981  9.670  9.359  9.049  8.738  8.427  8.116  7.806  7.495  7.184  6.874  6.563  6.252  5.941  5.631  5.320  5.009  4.698  4.388  4.077  3.766  3.455  3.145  2.834  2.523  2.213  1.902  1.591  1.280  0.970  0.659  0.348 
23.657 23.347 23.036 22.725 22.414 22.103 21.792 21.481 21.171 20.860 20.549 20.238 19.927 19.616 19.305 18.995 18.684 18.373 18.062 17.751 17.440 17.130 16.819 16.508 16.197 15.886 15.576 15.265 14.954 14.643 14.332 14.022 13.711 13.400 13.089 12.778 12.468 12.157 11.846 11.535 11.224 10.914 10.603 10.292  9.981  9.671  9.360  9.049  8.738  8.428  8.117  7.806  7.495  7.185  6.874  6.563  6.252  5.942  5.631  5.320  5.009  4.699  4.388  4.077  3.766  3.456  3.145  2.834  2.523  2.213  1.902  1.591  1.280  0.970  0.659  0.348 
23.658 23.347 23.036 22.725 22.415 22.104 21.793 21.482 21.171 20.860 20.549 20.239 19.928 19.617 19.306 18.995 18.684 18.374 18.063 17.752 17.441 17.130 16.819 16.509 16.198 15.887 15.576 15.265 14.954 14.644 14.333 14.022 13.711 13.400 13.090 12.779 12.468 12.157 11.846 11.536 11.225 10.914 10.603 10.293  9.982  9.671  9.360  9.049  8.739  8.428  8.117  7.806  7.496  7.185  6.874  6.563  6.253  5.942  5.631  5.320  5.009  4.699  4.388  4.077  3.766  3.456  3.145  2.834  2.523  2.213  1.902  1.591  1.280  0.970  0.659  0.348 
23.659 23.348 23.037 22.726 22.415 22.104 21.793 21.483 21.172 20.861 20.550 20.239 19.928 19.617 19.307 18.996 18.685 18.374 18.063 17.752 17.442 17.131 16.820 16.509 16.198 15.887 15.577 15.266 14.955 14.644 14.333 14.023 13.712 13.401 13.090 12.779 12.468 12.158 11.847 11.536 11.225 10.914 10.604 10.293  9.982  9.671  9.361  9.050  8.739  8.428  8.117  7.807  7.496  7.185  6.874  6.564  6.253  5.942  5.631  5.320  5.010  4.699  4.388  4.077  3.767  3.456  3.145  2.834  2.523  2.213  1.902  1.591  1.280  0.970  0.659  0.348 
23.659 23.348 23.037 22.727 22.416 22.105 21.794 21.483 21.172 20.861 20.551 20.240 19.929 19.618 19.307 18.996 18.685 18.375 18.064 17.753 17.442 17.131 16.820 16.510 16.199 15.888 15.577 15.266 14.955 14.645 14.334 14.023 13.712 13.401 13.090 12.780 12.469 12.158 11.847 11.536 11.226 10.915 10.604 10.293  9.982  9.672  9.361  9.050  8.739  8.428  8.118  7.807  7.496  7.185  6.874  6.564  6.253  5.942  5.631  5.321  5.010  4.699  4.388  4.077  3.767  3.456  3.145  2.834  2.523  2.213  1.902  1.591  1.280  0.970  0.659  0.348 
23.660 23.349 23.038 22.727 22.416 22.105 21.794 21.484 21.173 20.862 20.551 20.240 19.929 19.618 19.308 18.997 18.686 18.375 18.064 17.753 17.442 17.132 16.821 16.510 16.199 15.888 15.577 15.267 14.956 14.645 14.334 14.023 13.712 13.402 13.091 12.780 12.469 12.158 11.848 11.537 11.226 10.915 10.604 10.293  9.983  9.672  9.361  9.050  8.739  8.429  8.118  7.807  7.496  7.185  6.875  6.564  6.253  5.942  5.631  5.321  5.010  4.699  4.388  4.077  3.767  3.456  3.145  2.834  2.523  2.213  1.902  1.591  1.280  0.969  0.659  0.348 
23.660 23.349 23.038 22.727 22.417 22.106 21.795 21.484 21.173 20.862 20.551 20.241 19.930 19.619 19.308 18.997 18.686 18.375 18.065 17.754 17.443 17.132 16.821 16.510 16.199 15.889 15.578 15.267 14.956 14.645 14.334 14.024 13.713 13.402 13.091 12.780 12.469 12.159 11.848 11.537 11.226 10.915 10.605 10.294  9.983  9.672  9.361  9.050  8.740  8.429  8.118  7.807  7.496  7.186  6.875  6.564  6.253  5.942  5.631  5.321  5.010  4.699  4.388  4.077  3.767  3.456  3.145  2.834  2.523  2.213  1.902  1.591  1.280  0.969  0.658  0.348 
23.660 23.350 23.039 22.728 22.417 22.106 21.795 21.484 21.173 20.863 20.552 20.241 19.930 19.619 19.308 18.997 18.687 18.376 18.065 17.754 17.443 17.132 16.821 16.511 16.200 15.889 15.578 15.267 14.956 14.646 14.335 14.024 13.713 13.402 13.091 12.780 12.470 12.159 11.848 11.537 11.226 10.916 10.605 10.294  9.983  9.672  9.361  9.051  8.740  8.429  8.118  7.807  7.496  7.186  6.875  6.564  6.253  5.942  5.631  5.321  5.010  4.699  4.388  4.077  3.766  3.455  3.145  2.834  2.523  2.212  1.901  1.590  1.279  0.968  0.657  0.346 
23.661 23.350 23.039 22.728 22.417 22.106 21.795 21.484 21.173 20.862 20.551 20.240 19.929 19.618 19.307 18.996 18.684 18.373 18.061 17.750 17.438 17.126 16.814 16.502 16.189 15.876 15.563 15.249 14.935 14.621 14.306 13.990 13.674 13.357 13.038 12.719 12.399 12.078 11.755 11.431 11.106 10.778 10.449 10.118  9.785  9.449  9.111  8.771  8.428  8.082  7.733  7.381  7.026  6.667  6.306  5.941  5.573  5.201  4.826  4.448  4.066  3.682  3.295  2.904  2.512  2.116  1.719  1.320  0.919  0.517  0.114 -0.227 -0.555 -0.880 -1.202 -1.520 
23.629 23.318 23.006 22.695 22.383 22.070 21.757 21.444 21.131 20.817 20.502 20.188 19.872 19.557 19.241 18.924 18.607 18.289 17.971 17.652 17.333 17.012 16.691 16.370 16.048 15.724 15.401 15.076 14.750 14.424 14.097 13.768 13.439 13.109 12.778 12.446 12.113 11.779 11.444 11.108 10.771 10.433 10.094  9.755  9.414  9.073  8.731  8.388  8.045  7.701  7.356  7.011  6.667  6.322  5.977  5.632  5.288  4.944  4.602  4.260  3.920  3.582  3.245  2.910  2.578  2.248  1.921  1.596  1.274  0.954  0.637  0.322  0.009 -0.110  0.010  0.400 
23.523 23.212 22.900 22.588 22.275 21.962 21.648 21.334 21.019 20.704 20.388 20.071 19.755 19.437 19.119 18.801 18.482 18.163 17.844 17.523 17.203 16.882 16.561 16.240 15.918 15.596 15.274 14.951 14.629 14.306 13.984 13.661 13.339 13.016 12.694 12.372 12.051 11.730 11.409 11.089 10.770 10.451 10.133  9.817  9.501  9.186  8.872  8.560  8.248  7.939  7.630  7.323  7.018  6.714  6.412  6.112  5.813  5.515  5.220  4.926  4.634  4.343  4.054  3.767  3.481  3.196  2.912  2.630  2.349  2.069  1.789  1.510  1.232  0.955  0.677  0.400 
23.430 23.119 22.808 22.497 22.185 21.873 21.561 21.248 20.935 20.622 20.309 19.996 19.682 19.368 19.055 18.741 18.426 18.112 17.798 17.483 17.169 16.855 16.540 16.226 15.912 15.597 15.283 14.969 14.656 14.342 14.029 13.716 13.403 13.090 12.778 12.466 12.155 11.844 11.533 11.223 10.913 10.604 10.295  9.987  9.679  9.372  9.066  8.760  8.454  8.149  7.845  7.541  7.238  6.936  6.634  6.333  6.032  5.732  5.432  5.133  4.835  4.537  4.239  3.942  3.645  3.349  3.053  2.757  2.462  2.167  1.872  1.577  1.283  0.989  0.694  0.400 
23.400 23.089 22.778 22.467 22.156 21.845 21.534 21.223 20.912 20.601 20.290 19.979 19.667 19.356 19.045 18.734 18.423 18.112 17.801 17.490 17.180 16.869 16.558 16.248 15.937 15.627 15.317 15.007 14.697 14.387 14.078 13.769 13.459 13.151 12.842 12.533 12.225 11.917 11.609 11.302 10.995 10.688 10.381 10.075  9.769  9.463  9.157  8.852  8.547  8.242  7.938  7.634  7.330  7.026  6.723  6.420  6.117  5.815  5.512  5.210  4.909  4.607  4.306  4.004  3.703  3.402  3.102  2.801  2.501  2.200  1.900  1.600  1.300  1.000  0.700  0.400 
23.405 23.094 22.783 22.472 22.162 21.851 21.541 21.230 20.920 20.610 20.299 19.989 19.679 19.369 19.059 18.749 18.439 18.130 17.820 17.511 17.201 16.892 16.583 16.274 15.965 15.656 15.348 15.039 14.731 14.423 14.114 13.806 13.499 13.191 12.883 12.576 12.269 11.962 11.655 11.348 11.042 10.735 10.429 10.123  9.817  9.511  9.206  8.900  8.595  8.290  7.985  7.680  7.376  7.071  6.767  6.463  6.158  5.855  5.551  5.247  4.944  4.640  4.337  4.034  3.730  3.427  3.124  2.822  2.519  2.216  1.913  1.610  1.308  1.005  0.703  0.400 
23.424 23.113 22.802 22.491 22.181 21.870 21.560 21.250 20.940 20.630 20.320 20.010 19.700 19.390 19.081 18.772 18.462 18.153 17.844 17.535 17.226 16.917 16.609 16.300 15.992 15.683 15.375 15.067 14.759 14.451 14.143 13.836 13.528 13.221 12.913 12.606 12.299 11.992 11.686 11.379 11.072 10.766 10.460 10.153  9.847  9.541  9.235  8.929  8.624  8.318  8.013  7.707  7.402  7.097  6.792  6.487  6.182  5.877  5.572  5.268  4.963  4.659  4.354  4.050  3.745  3.441  3.137  2.833  2.528  2.224  1.920  1.616  1.312  1.008  0.704  0.400 
23.447 23.136 22.825 22.514 22.204 21.894 21.583 21.273 20.963 20.653 20.343 20.033 19.724 19.414 19.105 18.795 18.486 18.177 17.868 17.559 17.250 16.941 16.633 16.324 16.016 15.708 15.399 15.091 14.783 14.475 14.168 13.860 13.552 13.245 12.938 12.630 12.323 12.016 11.709 11.402 11.095 10.789 10.482 10.175  9.869  9.563  9.256  8.950  8.644  8.338  8.032  7.726  7.420  7.114  6.809  6.503  6.198  5.892  5.587  5.281  4.976  4.671  4.365  4.060  3.755  3.450  3.145  2.840  2.535  2.230  1.925  1.620  1.315  1.010  0.705  0.400 
23.470 23.159 22.849 22.538 22.227 21.917 21.607 21.296 20.986 20.676 20.366 20.057 19.747 19.437 19.128 18.818 18.509 18.200 17.891 17.582 17.273 16.964 16.655 16.347 16.038 15.730 15.421 15.113 14.805 14.497 14.189 13.881 13.573 13.266 12.958 12.650 12.343 12.036 11.728 11.421 11.114 10.807 10.500 10.193  9.886  9.580  9.273  8.966  8.660  8.353  8.047  7.740  7.434  7.128  6.822  6.516  6.209  5.903  5.597  5.291  4.986  4.680  4.374  4.068  3.762  3.456  3.151  2.845  2.539  2.234  1.928  1.622  1.317  1.011  0.706  0.400 
23.492 23.182 22.871 22.560 22.250 21.939 21.629 21.319 21.008 20.698 20.388 20.078 19.769 19.459 19.149 18.840 18.530 18.221 17.912 17.603 17.294 16.985 16.676 16.367 16.058 15.750 15.441 15.133 14.824 14.516 14.208 13.900 13.592 13.284 12.976 12.668 12.360 12.053 11.745 11.438 11.130 10.823 10.516 10.208  9.901  9.594  9.287  8.980  8.673  8.366  8.059  7.752  7.446  7.139  6.832  6.526  6.219  5.913  5.606  5.300  4.993  4.687  4.381  4.074  3.768  3.462  3.156  2.849  2.543  2.237  1.931  1.625  1.318  1.012  0.706  0.400 
23.513 23.202 22.891 22.581 22.270 21.960 21.649 21.339 21.029 20.719 20.409 20.099 19.789 19.479 19.169 18.860 18.550 18.241 17.931 17.622 17.313 17.004 16.695 16.386 16.077 15.768 15.459 15.151 14.842 14.533 14.225 13.917 13.608 13.300 12.992 12.684 12.376 12.068 11.760 11.452 11.145 10.837 10.529 10.222  9.914  9.607  9.299  8.992  8.685  8.377  8.070  7.763  7.456  7.149  6.842  6.535  6.228  5.921  5.614  5.307  5.000  4.693  4.387  4.080  3.773  3.466  3.160  2.853  2.546  2.240  1.933  1.626  1.320  1.013  0.707  0.400 
23.532 23.221 22.910 22.600 22.289 21.978 21.668 21.358 21.047 20.737 20.427 20.117 19.807 19.497 19.187 18.878 18.568 18.258 17.949 17.639 17.330 17.021 16.712 16.402 16.093 15.784 15.475 15.167 14.858 14.549 14.240 13.932 13.623 13.315 13.007 12.698 12.390 12.082 11.774 11.465 11.157 10.849 10.541 10.234  9.926  9.618  9.310  9.003  8.695  8.387  8.080  7.772  7.465  7.157  6.850  6.543  6.235  5.928  5.621  5.313  5.006  4.699  4.392  4.085  3.778  3.470  3.163  2.856  2.549  2.242  1.935  1.628  1.321  1.014  0.707  0.400 
23.549 23.238 22.927 22.617 22.306 21.995 21.685 21.375 21.064 20.754 20.444 20.134 19.824 19.514 19.204 18.894 18.584 18.274 17.965 17.655 17.346 17.036 16.727 16.418 16.108 15.799 15.490 15.181 14.872 14.563 14.254 13.946 13.637 13.328 13.020 12.711 12.403 12.094 11.786 11.477 11.169 10.861 10.553 10.244  9.936  9.628  9.320  9.012  8.704  8.396  8.088  7.781  7.473  7.165  6.857  6.550  6.242  5.934  5.627  5.319  5.012  4.704  4.396  4.089  3.782  3.474  3.167  2.859  2.552  2.244  1.937  1.630  1.322  1.015  0.707  0.400 
23.565 23.254 22.943 22.632 22.322 22.011 21.700 21.390 21.080 20.769 20.459 20.149 19.839 19.529 19.219 18.909 18.599 18.289 17.979 17.670 17.360 17.050 16.741 16.432 16.122 15.813 15.504 15.194 14.885 14.576 14.267 13.958 13.649 13.340 13.031 12.723 12.414 12.105 11.797 11.488 11.179 10.871 10.562 10.254  9.946  9.637  9.329  9.021  8.713  8.404  8.096  7.788  7.480  7.172  6.864  6.556  6.248  5.940  5.632  5.324  5.016  4.709  4.401  4.093  3.785  3.477  3.170  2.862  2.554  2.246  1.939  1.631  1.323  1.015  0.708  0.400 
23.579 23.268 22.957 22.646 22.336 22.025 21.715 21.404 21.094 20.783 20.473 20.163 19.852 19.542 19.232 18.922 18.612 18.302 17.993 17.683 17.373 17.063 16.754 16.444 16.135 15.825 15.516 15.206 14.897 14.588 14.279 13.969 13.660 13.351 13.042 12.733 12.424 12.115 11.807 11.498 11.189 10.880 10.572 10.263  9.954  9.646  9.337  9.029  8.720  8.412  8.103  7.795  7.487  7.178  6.870  6.562  6.254  5.945  5.637  5.329  5.021  4.713  4.405  4.096  3.788  3.480  3.172  2.864  2.556  2.248  1.940  1.632  1.324  1.016  0.708  0.400 
23.592 23.281 22.970 22.659 22.348 22.038 21.727 21.417 21.106 20.796 20.485 20.175 19.865 19.555 19.245 18.934 18.624 18.314 18.004 17.695 17.385 17.075 16.765 16.455 16.146 15.836 15.527 15.217 14.908 14.598 14.289 13.980 13.670 13.361 13.052 12.743 12.434 12.125 11.815 11.506 11.198 10.889 10.580 10.271  9.962  9.653  9.344  9.036  8.727  8.418  8.110  7.801  7.493  7.184  6.875  6.567  6.258  5.950  5.642  5.333  5.025  4.716  4.408  4.100  3.791  3.483  3.175  2.866  2.558  2.250  1.941  1.633  1.325  1.017  0.708  0.400 
23.603 23.292 22.982 22.671 22.360 22.049 21.739 21.428 21.118 20.807 20.497 20.187 19.876 19.566 19.256 18.946 18.635 18.325 18.015 17.705 17.395 17.085 16.776 16.466 16.156 15.846 15.537 15.227 14.917 14.608 14.298 13.989 13.679 13.370 13.061 12.751 12.442 12.133 11.824 11.514 11.205 10.896 10.587 10.278  9.969  9.660  9.351  9.042  8.733  8.424  8.116  7.807  7.498  7.189  6.880  6.572  6.263  5.954  5.646  5.337  5.028  4.720  4.411  4.103  3.794  3.485  3.177  2.868  2.560  2.251  1.943  1.634  1.326  1.017  0.709  0.400 
23.614 23.303 22.992 22.681 22.371 22.060 21.749 21.439 21.128 20.818 20.507 20.197 19.886 19.576 19.266 18.956 18.645 18.335 18.025 17.715 17.405 17.095 16.785 16.475 16.165 15.855 15.546 15.236 14.926 14.617 14.307 13.997 13.688 13.378 13.069 12.759 12.450 12.140 11.831 11.522 11.212 10.903 10.594 10.285  9.975  9.666  9.357  9.048  8.739  8.430  8.121  7.812  7.503  7.194  6.885  6.576  6.267  5.958  5.649  5.340  5.032  4.723  4.414  4.105  3.796  3.488  3.179  2.870  2.561  2.252  1.944  1.635  1.326  1.017  0.709  0.400 
23.623 23.312 23.002 22.691 22.380 22.069 21.759 21.448 21.138 20.827 20.517 20.206 19.896 19.585 19.275 18.965 18.654 18.344 18.034 17.724 17.414 17.104 16.794 16.484 16.174 15.864 15.554 15.244 14.934 14.624 14.315 14.005 13.695 13.386 13.076 12.766 12.457 12.147 11.838 11.528 11.219 10.909 10.600 10.291  9.981  9.672  9.363  9.053  8.744  8.435  8.126  7.816  7.507  7.198  6.889  6.580  6.271  5.962  5.653  5.344  5.035  4.726  4.417  4.108  3.799  3.490  3.181  2.872  2.563  2.254  1.945  1.636  1.327  1.018  0.709  0.400 
23.632 23.321 23.010 22.700 22.389 22.078 21.767 21.457 21.146 20.836 20.525 20.215 19.904 19.594 19.283 18.973 18.663 18.352 18.042 17.732 17.422 17.111 16.801 16.491 16.181 15.871 15.561 15.251 14.941 14.631 14.322 14.012 13.702 13.392 13.082 12.773 12.463 12.153 11.844 11.534 11.225 10.915 10.605 10.296  9.986  9.677  9.368  9.058  8.749  8.439  8.130  7.821  7.511  7.202  6.893  6.583  6.274  5.965  5.656  5.346  5.037  4.728  4.419  4.110  3.800  3.491  3.182  2.873  2.564  2.255  1.946  1.636  1.327  1.018  0.709  0.400 
23.640 23.329 23.018 22.707 22.397 22.086 21.775 21.465 21.154 20.843 20.533 20.222 19.912 19.601 19.291 18.980 18.670 18.360 18.049 17.739 17.429 17.119 16.808 16.498 16.188 15.878 15.568 15.258 14.948 14.638 14.328 14.018 13.708 13.398 13.088 12.779 12.469 12.159 11.849 11.540 11.230 10.920 10.610 10.301  9.991  9.682  9.372  9.062  8.753  8.443  8.134  7.824  7.515  7.205  6.896  6.587  6.277  5.968  5.658  5.349  5.040  4.730  4.421  4.112  3.802  3.493  3.184  2.874  2.565  2.256  1.946  1.637  1.328  1.019  0.709  0.400 
23.647 23.336 23.025 22.714 22.404 22.093 21.782 21.472 21.161 20.850 20.540 20.229 19.919 19.608 19.298 18.987 18.677 18.366 18.056 17.746 17.435 17.125 16.815 16.505 16.194 15.884 15.574 15.264 14.954 14.644 14.334 14.024 13.714 13.404 13.094 12.784 12.474 12.164 11.854 11.544 11.235 10.925 10.615 10.305  9.996  9.686  9.376  9.066  8.757  8.447  8.137  7.828  7.518  7.209  6.899  6.590  6.280  5.970  5.661  5.351  5.042  4.732  4.423  4.113  3.804  3.494  3.185  2.876  2.566  2.257  1.947  1.638  1.328  1.019  0.709  0.400 
