26.716 26.405 26.094 25.783 25.473 25.162 24.851 24.540 24.229 23.918 23.607 23.296 22.985 22.674 22.364 22.053 21.742 21.431 21.120 20.809 20.498 20.187 19.876 19.565 19.254 18.943 18.632 18.321 18.010 17.699 17.388 17.076 16.765 16.454 16.143 15.831 15.520 15.208 14.897 14.585 14.273 13.961 13.649 13.337 13.025 12.712 12.400 12.087 11.774 11.461 11.147 10.833 10.519 10.205  9.890  9.575  9.260  8.944  8.628  8.311  7.994  7.676  7.358  7.039  6.719  6.399  6.078  5.756  5.434  5.111  4.787  4.462  4.136  3.809  3.481  3.151 
26.714 26.403 26.092 25.781 25.470 25.159 24.848 24.537 24.226 23.915 23.603 23.292 22.981 22.670 22.358 22.047 21.736 21.424 21.113 20.801 20.489 20.177 19.866 19.554 19.242 18.930 18.617 18.305 17.992 17.680 17.367 17.054 16.741 16.428 16.115 15.801 15.487 15.173 14.859 14.545 14.230 13.915 13.600 13.284 12.968 12.652 12.335 12.018 11.701 11.383 11.065 10.747 10.428 10.108  9.788  9.467  9.146  8.824  8.502  8.179  7.855  7.531  7.206  6.880  6.554  6.226  5.898  5.569  5.239  4.908  4.577  4.244  3.910  3.575  3.240  2.903 
26.701 26.390 26.079 25.768 25.457 25.146 24.834 24.523 24.211 23.899 23.588 23.276 22.964 22.652 22.339 22.027 21.715 21.402 21.089 20.776 20.463 20.150 19.837 19.523 19.209 18.895 18.581 18.267 17.952 17.638 17.322 17.007 16.692 16.376 16.060 15.743 15.427 15.110 14.792 14.475 14.157 13.838 13.519 13.200 12.880 12.560 12.240 11.919 11.597 11.275 10.953 10.629 10.306  9.981  9.657  9.331  9.005  8.678  8.350  8.022  7.693  7.363  7.033  6.702  6.369  6.036  5.702  5.368  5.032  4.695  4.358  4.019  3.679  3.339  2.997  2.654 
26.672 26.361 26.050 25.739 25.427 25.116 24.804 24.492 24.180 23.867 23.555 23.242 22.929 22.616 22.303 21.989 21.675 21.361 21.047 20.733 20.418 20.103 19.788 19.473 19.157 18.841 18.525 18.208 17.892 17.575 17.257 16.939 16.621 16.303 15.984 15.665 15.345 15.025 14.705 14.384 14.062 13.741 13.418 13.096 12.772 12.449 12.124 11.799 11.474 11.148 10.821 10.494 10.166  9.838  9.508  9.178  8.848  8.517  8.184  7.852  7.518  7.184  6.848  6.512  6.175  5.837  5.499  5.159  4.818  4.477  4.134  3.791  3.446  3.100  2.754  2.406 
26.625 26.314 26.003 25.691 25.380 25.068 24.755 24.443 24.130 23.817 23.504 23.190 22.876 22.562 22.248 21.933 21.618 21.303 20.987 20.671 20.355 20.038 19.722 19.404 19.087 18.769 18.451 18.132 17.813 17.494 17.174 16.854 16.533 16.212 15.890 15.569 15.246 14.923 14.600 14.276 13.952 13.627 13.301 12.975 12.649 12.322 11.994 11.665 11.336 11.007 10.677 10.346 10.014  9.682  9.348  9.015  8.680  8.345  8.009  7.672  7.334  6.995  6.656  6.316  5.974  5.632  5.289  4.945  4.600  4.254  3.907  3.560  3.211  2.860  2.509  2.157 
26.560 26.249 25.938 25.626 25.314 25.002 24.689 24.376 24.063 23.749 23.435 23.120 22.806 22.491 22.175 21.859 21.543 21.227 20.910 20.592 20.275 19.957 19.638 19.319 19.000 18.680 18.360 18.039 17.718 17.397 17.075 16.752 16.429 16.106 15.782 15.458 15.133 14.807 14.481 14.154 13.827 13.499 13.171 12.842 12.512 12.182 11.851 11.520 11.188 10.855 10.521 10.187  9.852  9.516  9.179  8.842  8.504  8.165  7.825  7.485  7.143  6.801  6.458  6.114  5.769  5.423  5.076  4.728  4.379  4.029  3.678  3.327  2.974  2.620  2.265  1.909 
26.479 26.167 25.856 25.544 25.232 24.919 24.606 24.293 23.979 23.664 23.350 23.034 22.719 22.403 22.087 21.770 21.452 21.135 20.817 20.498 20.179 19.859 19.539 19.219 18.898 18.576 18.255 17.932 17.609 17.286 16.962 16.637 16.312 15.987 15.660 15.334 15.006 14.678 14.350 14.021 13.691 13.360 13.029 12.698 12.365 12.032 11.699 11.364 11.029 10.693 10.356 10.019  9.681  9.342  9.002  8.662  8.320  7.978  7.635  7.291  6.947  6.601  6.254  5.907  5.558  5.209  4.859  4.507  4.155  3.802  3.447  3.092  2.736  2.378  2.020  1.660 
26.381 26.070 25.759 25.447 25.134 24.821 24.508 24.194 23.879 23.565 23.249 22.933 22.617 22.300 21.983 21.665 21.347 21.028 20.709 20.389 20.069 19.748 19.427 19.105 18.782 18.459 18.136 17.812 17.487 17.162 16.836 16.509 16.182 15.855 15.527 15.198 14.868 14.538 14.207 13.876 13.544 13.211 12.878 12.543 12.209 11.873 11.537 11.200 10.862 10.523 10.184  9.844  9.503  9.161  8.818  8.475  8.131  7.786  7.440  7.093  6.745  6.396  6.047  5.696  5.345  4.992  4.639  4.284  3.929  3.572  3.215  2.856  2.497  2.136  1.774  1.411 
26.270 25.959 25.648 25.335 25.023 24.709 24.396 24.081 23.766 23.451 23.135 22.819 22.502 22.184 21.866 21.547 21.228 20.908 20.588 20.267 19.946 19.624 19.301 18.978 18.654 18.330 18.005 17.679 17.353 17.026 16.699 16.370 16.042 15.712 15.382 15.051 14.720 14.388 14.055 13.722 13.387 13.052 12.717 12.380 12.043 11.705 11.367 11.027 10.687 10.346 10.004  9.661  9.318  8.974  8.628  8.282  7.935  7.588  7.239  6.889  6.539  6.187  5.835  5.482  5.127  4.772  4.416  4.059  3.700  3.341  2.981  2.619  2.257  1.893  1.529  1.163 
26.146 25.835 25.523 25.211 24.898 24.585 24.271 23.956 23.641 23.325 23.008 22.691 22.374 22.056 21.737 21.417 21.097 20.777 20.455 20.133 19.811 19.488 19.164 18.840 18.515 18.189 17.863 17.536 17.208 16.880 16.551 16.221 15.891 15.560 15.228 14.895 14.562 14.228 13.894 13.558 13.222 12.885 12.548 12.209 11.870 11.530 11.189 10.848 10.505 10.162  9.818  9.473  9.127  8.780  8.433  8.085  7.735  7.385  7.034  6.682  6.329  5.975  5.620  5.264  4.907  4.549  4.191  3.831  3.470  3.108  2.745  2.381  2.016  1.650  1.283  0.914 
26.011 25.700 25.388 25.075 24.762 24.448 24.134 23.819 23.503 23.187 22.870 22.553 22.235 21.916 21.596 21.276 20.955 20.634 20.312 19.989 19.666 19.342 19.017 18.691 18.365 18.038 17.711 17.383 17.054 16.724 16.394 16.063 15.731 15.398 15.065 14.731 14.396 14.060 13.724 13.387 13.049 12.711 12.371 12.031 11.690 11.348 11.005 10.662 10.317  9.972  9.626  9.279  8.931  8.582  8.232  7.882  7.530  7.178  6.825  6.470  6.115  5.759  5.402  5.044  4.685  4.324  3.963  3.601  3.238  2.874  2.508  2.142  1.775  1.406  1.036  0.666 
25.865 25.553 25.241 24.929 24.616 24.302 23.987 23.672 23.356 23.039 22.722 22.404 22.085 21.766 21.446 21.125 20.803 20.481 20.158 19.835 19.511 19.186 18.860 18.533 18.206 17.878 17.550 17.220 16.890 16.559 16.228 15.896 15.562 15.228 14.894 14.558 14.222 13.885 13.547 13.209 12.869 12.529 12.188 11.846 11.503 11.159 10.815 10.470 10.123  9.776  9.428  9.080  8.730  8.379  8.028  7.675  7.322  6.967  6.612  6.256  5.898  5.540  5.181  4.821  4.459  4.097  3.734  3.370  3.004  2.638  2.270  1.902  1.532  1.162  0.790  0.417 
25.709 25.398 25.086 24.773 24.460 24.145 23.831 23.515 23.199 22.882 22.564 22.246 21.927 21.607 21.286 20.965 20.643 20.320 19.996 19.672 19.347 19.021 18.694 18.367 18.039 17.710 17.381 17.050 16.719 16.387 16.054 15.721 15.387 15.051 14.716 14.379 14.041 13.703 13.364 13.024 12.683 12.341 11.998 11.655 11.311 10.965 10.619 10.272  9.925  9.576  9.226  8.876  8.524  8.172  7.818  7.464  7.109  6.753  6.396  6.037  5.678  5.318  4.957  4.595  4.232  3.868  3.503  3.136  2.769  2.401  2.032  1.661  1.290  0.917  0.543  0.169 
25.544 25.233 24.921 24.608 24.295 23.981 23.666 23.350 23.033 22.716 22.398 22.079 21.759 21.439 21.118 20.796 20.473 20.150 19.826 19.501 19.175 18.849 18.521 18.193 17.864 17.535 17.204 16.873 16.541 16.208 15.874 15.539 15.204 14.868 14.531 14.193 13.854 13.514 13.174 12.833 12.490 12.147 11.803 11.459 11.113 10.766 10.419 10.070  9.721  9.371  9.020  8.668  8.315  7.961  7.606  7.250  6.893  6.535  6.176  5.817  5.456  5.094  4.731  4.367  4.003  3.637  3.270  2.902  2.533  2.163  1.792  1.420  1.046  0.672  0.297 -0.080 
25.372 25.061 24.749 24.436 24.122 23.808 23.493 23.177 22.860 22.542 22.224 21.905 21.585 21.264 20.942 20.620 20.297 19.973 19.648 19.323 18.996 18.669 18.341 18.012 17.683 17.352 17.021 16.689 16.356 16.022 15.687 15.352 15.015 14.678 14.340 14.001 13.661 13.320 12.979 12.636 12.293 11.949 11.604 11.258 10.911 10.563 10.214  9.865  9.514  9.162  8.810  8.457  8.102  7.747  7.390  7.033  6.675  6.315  5.954  5.592  5.229  4.865  4.499  4.132  3.763  3.392  3.020  2.647  2.271  1.894  1.516  1.136  0.754  0.371 -0.013 -0.329 
25.193 24.881 24.569 24.256 23.943 23.628 23.313 22.996 22.679 22.361 22.043 21.723 21.403 21.082 20.760 20.437 20.113 19.789 19.463 19.137 18.810 18.482 18.153 17.824 17.493 17.162 16.829 16.496 16.162 15.827 15.491 15.155 14.817 14.478 14.139 13.798 13.457 13.115 12.772 12.427 12.082 11.736 11.389 11.041 10.692 10.342  9.990  9.638  9.285  8.931  8.576  8.220  7.862  7.504  7.145  6.784  6.423  6.061  5.697  5.333  4.968  4.601  4.234  3.866  3.497  3.127  2.757  2.385  2.013  1.641  1.267  0.894  0.519  0.145 -0.194 -0.577 
25.005 24.693 24.381 24.068 23.754 23.440 23.124 22.808 22.490 22.172 21.853 21.533 21.212 20.891 20.568 20.245 19.921 19.595 19.269 18.943 18.615 18.286 17.957 17.626 17.295 16.963 16.630 16.296 15.961 15.625 15.289 14.951 14.613 14.273 13.933 13.592 13.249 12.906 12.562 12.217 11.871 11.524 11.176 10.827 10.477 10.126  9.774  9.421  9.066  8.711  8.354  7.997  7.638  7.277  6.916  6.553  6.189  5.824  5.458  5.090  4.720  4.350  3.978  3.604  3.229  2.853  2.475  2.096  1.715  1.333  0.949  0.563  0.176 -0.177 -0.502 -0.826 
24.810 24.498 24.186 23.873 23.559 23.244 22.928 22.612 22.294 21.976 21.656 21.336 21.015 20.693 20.370 20.046 19.721 19.395 19.069 18.741 18.413 18.083 17.753 17.422 17.090 16.756 16.422 16.087 15.752 15.415 15.077 14.738 14.398 14.058 13.716 13.374 13.030 12.686 12.340 11.994 11.646 11.298 10.949 10.599 10.248  9.896  9.543  9.189  8.834  8.478  8.122  7.764  7.406  7.047  6.687  6.326  5.964  5.602  5.238  4.874  4.509  4.144  3.777  3.410  3.043  2.674  2.305  1.936  1.565  1.194  0.823  0.450  0.078 -0.271 -0.672 -1.074 
24.607 24.296 23.983 23.670 23.356 23.041 22.725 22.408 22.091 21.772 21.452 21.132 20.810 20.488 20.165 19.840 19.515 19.189 18.862 18.534 18.205 17.875 17.544 17.213 16.880 16.546 16.211 15.876 15.539 15.201 14.863 14.523 14.183 13.841 13.498 13.155 12.810 12.464 12.117 11.769 11.421 11.071 10.720 10.368 10.014  9.660  9.305  8.949  8.591  8.233  7.874  7.513  7.152  6.789  6.426  6.061  5.696  5.330  4.963  4.595  4.226  3.856  3.486  3.115  2.743  2.370  1.997  1.624  1.250  0.875  0.500  0.124 -0.210 -0.580 -0.951 -1.323 
24.398 24.087 23.774 23.461 23.147 22.832 22.516 22.199 21.881 21.562 21.242 20.921 20.599 20.276 19.953 19.628 19.303 18.976 18.648 18.320 17.991 17.660 17.329 16.997 16.663 16.329 15.994 15.658 15.321 14.983 14.644 14.304 13.963 13.621 13.278 12.934 12.589 12.243 11.896 11.548 11.198 10.848 10.497 10.145  9.791  9.436  9.080  8.723  8.365  8.005  7.644  7.282  6.918  6.553  6.187  5.819  5.450  5.079  4.707  4.334  3.959  3.583  3.206  2.827  2.448  2.067  1.686  1.304  0.921  0.537  0.153 -0.175 -0.523 -0.872 -1.222 -1.571 
24.184 23.873 23.560 23.247 22.933 22.617 22.301 21.984 21.666 21.347 21.026 20.705 20.383 20.060 19.736 19.411 19.085 18.758 18.430 18.101 17.771 17.440 17.108 16.775 16.441 16.106 15.770 15.433 15.095 14.756 14.416 14.075 13.733 13.390 13.046 12.701 12.355 12.008 11.660 11.311 10.962 10.611 10.259  9.906  9.552  9.198  8.842  8.485  8.128  7.770  7.411  7.050  6.690  6.328  5.965  5.602  5.238  4.873  4.507  4.141  3.774  3.406  3.037  2.667  2.296  1.924  1.549  1.172  0.791  0.405  0.014 -0.327 -0.696 -1.068 -1.443 -1.820 
23.964 23.653 23.341 23.027 22.713 22.398 22.081 21.764 21.446 21.126 20.806 20.485 20.163 19.839 19.515 19.190 18.863 18.536 18.208 17.879 17.548 17.217 16.884 16.551 16.217 15.881 15.545 15.207 14.869 14.529 14.188 13.847 13.504 13.160 12.815 12.469 12.122 11.774 11.424 11.074 10.723 10.370 10.016  9.662  9.306  8.949  8.591  8.233  7.873  7.512  7.150  6.787  6.423  6.058  5.692  5.325  4.958  4.589  4.220  3.850  3.479  3.107  2.735  2.362  1.988  1.614  1.240  0.864  0.489  0.113 -0.221 -0.590 -0.959 -1.328 -1.698 -2.069 
23.740 23.429 23.116 22.803 22.488 22.173 21.857 21.539 21.221 20.901 20.581 20.259 19.937 19.613 19.289 18.963 18.637 18.309 17.980 17.651 17.320 16.989 16.656 16.322 15.988 15.652 15.315 14.978 14.639 14.299 13.958 13.616 13.273 12.930 12.584 12.238 11.891 11.543 11.193 10.843 10.491 10.138  9.784  9.429  9.072  8.714  8.355  7.995  7.633  7.271  6.906  6.541  6.174  5.805  5.436  5.065  4.693  4.320  3.945  3.569  3.192  2.814  2.435  2.056  1.675  1.294  0.912  0.530  0.147 -0.184 -0.538 -0.893 -1.248 -1.604 -1.960 -2.317 
23.512 23.201 22.888 22.575 22.260 21.945 21.628 21.311 20.992 20.672 20.352 20.030 19.707 19.383 19.059 18.733 18.406 18.078 17.749 17.419 17.088 16.756 16.422 16.088 15.753 15.417 15.079 14.741 14.401 14.061 13.719 13.377 13.033 12.689 12.343 11.996 11.649 11.300 10.950 10.600 10.248  9.896  9.542  9.187  8.832  8.476  8.118  7.760  7.401  7.041  6.680  6.318  5.955  5.592  5.227  4.862  4.495  4.127  3.758  3.388  3.016  2.642  2.267  1.889  1.509  1.125  0.737  0.342 -0.064 -0.400 -0.748 -1.105 -1.466 -1.831 -2.198 -2.566 
23.280 22.969 22.657 22.343 22.029 21.713 21.396 21.079 20.760 20.440 20.119 19.798 19.475 19.151 18.826 18.500 18.173 17.844 17.515 17.185 16.854 16.521 16.188 15.853 15.517 15.181 14.843 14.504 14.164 13.823 13.480 13.137 12.793 12.447 12.101 11.753 11.404 11.054 10.703 10.351  9.998  9.643  9.288  8.932  8.574  8.216  7.856  7.495  7.134  6.771  6.407  6.043  5.677  5.311  4.943  4.575  4.206  3.836  3.465  3.093  2.721  2.347  1.974  1.599  1.224  0.848  0.472  0.095 -0.171 -0.355 -0.534 -0.709 -0.878 -1.039 -1.193 -1.340 
23.045 22.734 22.421 22.108 21.793 21.477 21.161 20.843 20.524 20.205 19.884 19.562 19.239 18.915 18.590 18.265 17.938 17.610 17.281 16.951 16.620 16.289 15.956 15.622 15.288 14.952 14.616 14.279 13.941 13.602 13.263 12.922 12.581 12.240 11.897 11.555 11.211 10.867 10.523 10.179  9.834  9.488  9.143  8.798  8.452  8.107  7.762  7.417  7.073  6.729  6.386  6.043  5.701  5.360  5.020  4.681  4.343  4.006  3.670  3.336  3.003  2.671  2.340  2.011  1.683  1.357  1.032  0.708  0.385  0.063 -0.111 -0.195 -0.274 -0.350 -0.426 -0.500 
22.828 22.516 22.204 21.891 21.577 21.262 20.947 20.630 20.313 19.995 19.676 19.357 19.036 18.715 18.393 18.071 17.747 17.423 17.098 16.773 16.447 16.121 15.793 15.466 15.138 14.809 14.480 14.151 13.821 13.491 13.161 12.830 12.500 12.169 11.838 11.507 11.176 10.846 10.515 10.185  9.855  9.525  9.196  8.868  8.539  8.212  7.885  7.559  7.234  6.910  6.586  6.264  5.943  5.623  5.304  4.986  4.670  4.355  4.041  3.728  3.417  3.108  2.799  2.492  2.187  1.885  1.585  1.291  1.005  0.729  0.465  0.212 -0.034 -0.149 -0.214 -0.275 
22.671 22.360 22.048 21.736 21.423 21.110 20.796 20.482 20.167 19.852 19.536 19.220 18.903 18.586 18.269 17.951 17.633 17.314 16.995 16.676 16.357 16.037 15.717 15.397 15.077 14.756 14.436 14.116 13.795 13.475 13.155 12.835 12.515 12.195 11.876 11.557 11.238 10.920 10.602 10.285  9.968  9.652  9.336  9.021  8.707  8.394  8.082  7.771  7.460  7.151  6.843  6.536  6.230  5.925  5.622  5.320  5.019  4.720  4.423  4.127  3.833  3.541  3.252  2.964  2.680  2.397  2.118  1.841  1.567  1.297  1.029  0.763  0.500  0.240 -0.019 -0.135 
22.588 22.277 21.966 21.655 21.343 21.031 20.719 20.407 20.095 19.782 19.470 19.157 18.844 18.531 18.218 17.904 17.591 17.278 16.965 16.651 16.338 16.025 15.712 15.399 15.086 14.773 14.461 14.149 13.837 13.525 13.214 12.904 12.593 12.284 11.974 11.666 11.358 11.051 10.744 10.439 10.134  9.830  9.528  9.226  8.925  8.626  8.327  8.030  7.735  7.440  7.147  6.856  6.566  6.277  5.990  5.705  5.421  5.139  4.859  4.580  4.302  4.026  3.752  3.479  3.208  2.938  2.669  2.402  2.135  1.870  1.605  1.342  1.079  0.816  0.554  0.292 
22.576 22.265 21.954 21.644 21.333 21.023 20.712 20.402 20.092 19.782 19.472 19.162 18.853 18.543 18.234 17.925 17.617 17.308 17.000 16.692 16.384 16.077 15.769 15.463 15.156 14.850 14.545 14.240 13.935 13.631 13.327 13.024 12.721 12.419 12.117 11.816 11.516 11.216 10.917 10.618 10.320 10.023  9.727  9.431  9.136  8.842  8.548  8.256  7.964  7.672  7.382  7.092  6.803  6.514  6.227  5.940  5.653  5.368  5.083  4.799  4.515  4.232  3.949  3.667  3.386  3.105  2.824  2.544  2.264  1.985  1.706  1.427  1.148  0.869  0.591  0.313 
22.620 22.309 21.999 21.688 21.378 21.069 20.759 20.450 20.142 19.833 19.525 19.217 18.909 18.602 18.295 17.989 17.682 17.376 17.071 16.765 16.460 16.156 15.852 15.548 15.244 14.941 14.639 14.337 14.035 13.733 13.432 13.132 12.832 12.532 12.233 11.934 11.636 11.338 11.040 10.744 10.447 10.151  9.856  9.561  9.266  8.972  8.678  8.385  8.092  7.800  7.508  7.217  6.926  6.635  6.345  6.055  5.766  5.477  5.188  4.900  4.612  4.324  4.037  3.750  3.463  3.177  2.890  2.604  2.319  2.033  1.747  1.462  1.177  0.892  0.606  0.321 
22.690 22.380 22.069 21.759 21.450 21.140 20.831 20.523 20.214 19.906 19.599 19.292 18.985 18.678 18.372 18.066 17.761 17.455 17.151 16.846 16.542 16.238 15.935 15.632 15.329 15.027 14.725 14.424 14.123 13.822 13.522 13.221 12.922 12.623 12.324 12.025 11.727 11.429 11.132 10.834 10.538 10.241  9.945  9.649  9.354  9.059  8.764  8.470  8.176  7.882  7.589  7.296  7.003  6.710  6.418  6.126  5.834  5.543  5.252  4.961  4.670  4.379  4.089  3.799  3.509  3.219  2.929  2.639  2.350  2.061  1.771  1.482  1.193  0.904  0.615  0.326 
22.769 22.458 22.148 21.838 21.528 21.219 20.910 20.601 20.293 19.985 19.677 19.370 19.063 18.757 18.451 18.145 17.839 17.534 17.230 16.925 16.621 16.317 16.014 15.711 15.408 15.106 14.804 14.502 14.201 13.900 13.599 13.298 12.998 12.699 12.399 12.100 11.801 11.503 11.205 10.907 10.609 10.312 10.015  9.718  9.421  9.125  8.829  8.533  8.238  7.943  7.648  7.353  7.059  6.764  6.470  6.176  5.883  5.589  5.296  5.003  4.710  4.417  4.125  3.832  3.540  3.247  2.955  2.663  2.371  2.079  1.788  1.496  1.204  0.913  0.621  0.329 
22.846 22.535 22.225 21.915 21.605 21.296 20.987 20.678 20.370 20.062 19.754 19.446 19.139 18.833 18.526 18.220 17.915 17.609 17.304 16.999 16.695 16.391 16.087 15.783 15.480 15.177 14.875 14.573 14.271 13.969 13.668 13.366 13.066 12.765 12.465 12.165 11.865 11.566 11.267 10.968 10.669 10.371 10.073  9.775  9.477  9.180  8.882  8.585  8.289  7.992  7.696  7.399  7.103  6.808  6.512  6.216  5.921  5.626  5.331  5.036  4.741  4.447  4.152  3.858  3.564  3.270  2.976  2.682  2.388  2.094  1.800  1.506  1.213  0.919  0.625  0.332 
22.919 22.608 22.297 21.987 21.678 21.368 21.059 20.750 20.442 20.133 19.825 19.518 19.210 18.903 18.597 18.290 17.984 17.678 17.373 17.068 16.763 16.458 16.154 15.850 15.546 15.243 14.939 14.636 14.334 14.031 13.729 13.427 13.126 12.824 12.523 12.222 11.922 11.621 11.321 11.021 10.722 10.422 10.123  9.824  9.525  9.227  8.928  8.630  8.332  8.034  7.736  7.439  7.141  6.844  6.547  6.250  5.954  5.657  5.361  5.064  4.768  4.472  4.176  3.880  3.584  3.288  2.992  2.697  2.401  2.106  1.810  1.515  1.220  0.924  0.629  0.334 
22.986 22.675 22.365 22.054 21.745 21.435 21.126 20.817 20.508 20.200 19.891 19.583 19.276 18.969 18.662 18.355 18.048 17.742 17.436 17.130 16.825 16.520 16.215 15.910 15.606 15.302 14.998 14.694 14.391 14.088 13.785 13.482 13.180 12.878 12.576 12.274 11.973 11.671 11.370 11.069 10.769 10.468 10.168  9.868  9.568  9.268  8.969  8.669  8.370  8.071  7.772  7.474  7.175  6.877  6.578  6.280  5.982  5.684  5.386  5.089  4.791  4.493  4.196  3.899  3.601  3.304  3.007  2.710  2.413  2.116  1.819  1.522  1.226  0.929  0.632  0.335 
23.047 22.737 22.426 22.116 21.806 21.496 21.187 20.878 20.569 20.260 19.952 19.644 19.336 19.028 18.721 18.414 18.107 17.800 17.494 17.188 16.882 16.576 16.271 15.965 15.660 15.356 15.051 14.747 14.443 14.139 13.836 13.532 13.229 12.926 12.623 12.321 12.019 11.716 11.414 11.113 10.811 10.510 10.209  9.907  9.607  9.306  9.005  8.705  8.405  8.105  7.805  7.505  7.205  6.905  6.606  6.307  6.007  5.708  5.409  5.110  4.812  4.513  4.214  3.916  3.617  3.319  3.020  2.722  2.424  2.126  1.827  1.529  1.231  0.933  0.635  0.337 
23.104 22.793 22.482 22.172 21.862 21.552 21.243 20.933 20.624 20.315 20.007 19.698 19.390 19.082 18.775 18.467 18.160 17.853 17.546 17.240 16.933 16.627 16.321 16.016 15.710 15.405 15.100 14.795 14.490 14.186 13.882 13.578 13.274 12.970 12.667 12.363 12.060 11.757 11.455 11.152 10.850 10.547 10.245  9.943  9.641  9.340  9.038  8.737  8.436  8.135  7.834  7.533  7.232  6.932  6.631  6.331  6.030  5.730  5.430  5.130  4.830  4.530  4.231  3.931  3.631  3.332  3.032  2.733  2.433  2.134  1.835  1.535  1.236  0.937  0.637  0.338 
23.155 22.844 22.533 22.223 21.913 21.603 21.293 20.984 20.675 20.366 20.057 19.748 19.440 19.132 18.824 18.516 18.208 17.901 17.594 17.287 16.980 16.674 16.367 16.061 15.755 15.449 15.144 14.838 14.533 14.228 13.923 13.619 13.314 13.010 12.706 12.402 12.098 11.794 11.491 11.188 10.884 10.581 10.278  9.976  9.673  9.371  9.068  8.766  8.464  8.162  7.860  7.558  7.257  6.955  6.654  6.352  6.051  5.750  5.449  5.148  4.847  4.546  4.245  3.945  3.644  3.343  3.043  2.742  2.442  2.141  1.841  1.541  1.240  0.940  0.640  0.339 
23.201 22.891 22.580 22.270 21.959 21.649 21.340 21.030 20.721 20.411 20.102 19.794 19.485 19.177 18.868 18.560 18.252 17.945 17.637 17.330 17.023 16.716 16.409 16.103 15.796 15.490 15.184 14.878 14.572 14.267 13.961 13.656 13.351 13.046 12.741 12.437 12.132 11.828 11.524 11.220 10.916 10.612 10.309 10.005  9.702  9.398  9.095  8.792  8.489  8.187  7.884  7.581  7.279  6.977  6.674  6.372  6.070  5.768  5.466  5.164  4.862  4.560  4.259  3.957  3.656  3.354  3.052  2.751  2.450  2.148  1.847  1.546  1.244  0.943  0.642  0.340 
23.244 22.933 22.622 22.312 22.002 21.691 21.382 21.072 20.762 20.453 20.144 19.835 19.526 19.217 18.909 18.601 18.292 17.984 17.677 17.369 17.062 16.754 16.447 16.140 15.833 15.527 15.220 14.914 14.608 14.302 13.996 13.690 13.384 13.079 12.774 12.469 12.164 11.859 11.554 11.249 10.945 10.640 10.336 10.032  9.728  9.424  9.120  8.816  8.513  8.209  7.906  7.602  7.299  6.996  6.693  6.390  6.087  5.784  5.481  5.179  4.876  4.573  4.271  3.968  3.666  3.364  3.061  2.759  2.457  2.154  1.852  1.550  1.248  0.946  0.644  0.341 
23.282 22.971 22.661 22.350 22.040 21.730 21.420 21.110 20.800 20.491 20.181 19.872 19.563 19.254 18.946 18.637 18.329 18.021 17.713 17.405 17.097 16.789 16.482 16.174 15.867 15.560 15.253 14.947 14.640 14.334 14.027 13.721 13.415 13.109 12.803 12.497 12.192 11.886 11.581 11.276 10.971 10.666 10.361 10.056  9.752  9.447  9.142  8.838  8.534  8.230  7.926  7.622  7.318  7.014  6.710  6.406  6.103  5.799  5.496  5.192  4.889  4.585  4.282  3.979  3.676  3.372  3.069  2.766  2.463  2.160  1.857  1.554  1.251  0.948  0.645  0.342 
23.317 23.006 22.696 22.385 22.075 21.765 21.455 21.145 20.835 20.525 20.216 19.906 19.597 19.288 18.979 18.671 18.362 18.053 17.745 17.437 17.129 16.821 16.513 16.206 15.898 15.591 15.283 14.976 14.669 14.362 14.056 13.749 13.443 13.136 12.830 12.524 12.218 11.912 11.606 11.300 10.995 10.689 10.384 10.078  9.773  9.468  9.163  8.858  8.553  8.248  7.944  7.639  7.334  7.030  6.725  6.421  6.117  5.812  5.508  5.204  4.900  4.596  4.292  3.988  3.684  3.380  3.077  2.773  2.469  2.165  1.862  1.558  1.254  0.950  0.647  0.343 
23.349 23.038 22.727 22.417 22.107 21.796 21.486 21.176 20.866 20.557 20.247 19.937 19.628 19.319 19.010 18.701 18.392 18.083 17.775 17.466 17.158 16.850 16.542 16.234 15.926 15.618 15.311 15.003 14.696 14.389 14.082 13.775 13.468 13.161 12.854 12.548 12.241 11.935 11.628 11.322 11.016 10.710 10.404 10.098  9.793  9.487  9.181  8.876  8.570  8.265  7.960  7.655  7.350  7.044  6.739  6.434  6.130  5.825  5.520  5.215  4.910  4.606  4.301  3.997  3.692  3.388  3.083  2.779  2.474  2.170  1.866  1.561  1.257  0.953  0.648  0.344 
23.378 23.067 22.756 22.446 22.135 21.825 21.515 21.205 20.895 20.585 20.275 19.966 19.656 19.347 19.038 18.728 18.419 18.111 17.802 17.493 17.185 16.876 16.568 16.260 15.952 15.644 15.336 15.028 14.720 14.413 14.105 13.798 13.491 13.183 12.876 12.569 12.262 11.956 11.649 11.342 11.036 10.729 10.423 10.117  9.810  9.504  9.198  8.892  8.586  8.280  7.975  7.669  7.363  7.058  6.752  6.447  6.141  5.836  5.531  5.225  4.920  4.615  4.310  4.004  3.699  3.394  3.089  2.784  2.479  2.174  1.869  1.564  1.259  0.954  0.649  0.345 
23.404 23.093 22.783 22.472 22.162 21.851 21.541 21.231 20.921 20.611 20.301 19.991 19.682 19.372 19.063 18.753 18.444 18.135 17.826 17.517 17.209 16.900 16.591 16.283 15.975 15.666 15.358 15.050 14.742 14.434 14.127 13.819 13.511 13.204 12.896 12.589 12.282 11.975 11.668 11.361 11.054 10.747 10.440 10.133  9.827  9.520  9.214  8.907  8.601  8.294  7.988  7.682  7.376  7.070  6.764  6.458  6.152  5.846  5.540  5.234  4.929  4.623  4.317  4.011  3.706  3.400  3.095  2.789  2.484  2.178  1.873  1.567  1.262  0.956  0.651  0.345 
23.428 23.117 22.807 22.496 22.185 21.875 21.565 21.254 20.944 20.634 20.324 20.015 19.705 19.395 19.086 18.776 18.467 18.158 17.849 17.540 17.231 16.922 16.613 16.304 15.996 15.687 15.379 15.071 14.762 14.454 14.146 13.838 13.530 13.222 12.915 12.607 12.299 11.992 11.684 11.377 11.070 10.763 10.455 10.148  9.841  9.534  9.228  8.921  8.614  8.307  8.000  7.694  7.387  7.081  6.774  6.468  6.162  5.855  5.549  5.243  4.936  4.630  4.324  4.018  3.712  3.406  3.100  2.794  2.488  2.182  1.876  1.570  1.264  0.958  0.652  0.346 
23.450 23.139 22.828 22.518 22.207 21.897 21.586 21.276 20.966 20.656 20.346 20.036 19.726 19.416 19.107 18.797 18.488 18.178 17.869 17.560 17.250 16.941 16.632 16.324 16.015 15.706 15.398 15.089 14.780 14.472 14.164 13.856 13.547 13.239 12.931 12.623 12.315 12.008 11.700 11.392 11.085 10.777 10.470 10.162  9.855  9.547  9.240  8.933  8.626  8.319  8.012  7.705  7.398  7.091  6.784  6.477  6.170  5.864  5.557  5.250  4.943  4.637  4.330  4.024  3.717  3.411  3.104  2.798  2.491  2.185  1.878  1.572  1.265  0.959  0.653  0.346 
23.470 23.159 22.848 22.537 22.227 21.916 21.606 21.296 20.985 20.675 20.365 20.055 19.745 19.435 19.125 18.816 18.506 18.197 17.887 17.578 17.269 16.959 16.650 16.341 16.032 15.723 15.414 15.106 14.797 14.488 14.180 13.871 13.563 13.255 12.946 12.638 12.330 12.022 11.714 11.406 11.098 10.790 10.482 10.175  9.867  9.559  9.252  8.944  8.637  8.329  8.022  7.714  7.407  7.100  6.793  6.485  6.178  5.871  5.564  5.257  4.950  4.643  4.336  4.029  3.722  3.415  3.108  2.801  2.494  2.188  1.881  1.574  1.267  0.960  0.654  0.347 
23.488 23.177 22.866 22.555 22.245 21.934 21.624 21.313 21.003 20.693 20.383 20.073 19.762 19.453 19.143 18.833 18.523 18.214 17.904 17.594 17.285 16.976 16.666 16.357 16.048 15.739 15.430 15.121 14.812 14.503 14.195 13.886 13.577 13.269 12.960 12.652 12.343 12.035 11.727 11.418 11.110 10.802 10.494 10.186  9.878  9.570  9.262  8.954  8.647  8.339  8.031  7.723  7.416  7.108  6.801  6.493  6.186  5.878  5.571  5.263  4.956  4.648  4.341  4.034  3.726  3.419  3.112  2.805  2.497  2.190  1.883  1.576  1.269  0.961  0.654  0.347 
23.504 23.193 22.882 22.572 22.261 21.950 21.640 21.329 21.019 20.709 20.399 20.088 19.778 19.468 19.158 18.848 18.539 18.229 17.919 17.610 17.300 16.991 16.681 16.372 16.062 15.753 15.444 15.135 14.826 14.517 14.208 13.899 13.590 13.281 12.973 12.664 12.355 12.047 11.738 11.430 11.121 10.813 10.505 10.196  9.888  9.580  9.272  8.964  8.655  8.347  8.039  7.731  7.424  7.116  6.808  6.500  6.192  5.884  5.577  5.269  4.961  4.653  4.346  4.038  3.731  3.423  3.115  2.808  2.500  2.193  1.885  1.578  1.270  0.963  0.655  0.348 
23.519 23.208 22.897 22.586 22.276 21.965 21.655 21.344 21.034 20.723 20.413 20.103 19.793 19.483 19.173 18.863 18.553 18.243 17.933 17.623 17.314 17.004 16.694 16.385 16.075 15.766 15.457 15.147 14.838 14.529 14.220 13.911 13.602 13.293 12.984 12.675 12.366 12.057 11.749 11.440 11.131 10.823 10.514 10.206  9.897  9.589  9.280  8.972  8.664  8.355  8.047  7.739  7.431  7.122  6.814  6.506  6.198  5.890  5.582  5.274  4.966  4.658  4.350  4.042  3.734  3.426  3.118  2.811  2.503  2.195  1.887  1.579  1.271  0.963  0.656  0.348 
23.532 23.221 22.911 22.600 22.289 21.979 21.668 21.358 21.047 20.737 20.426 20.116 19.806 19.496 19.186 18.875 18.565 18.256 17.946 17.636 17.326 17.016 16.707 16.397 16.087 15.778 15.468 15.159 14.850 14.540 14.231 13.922 13.612 13.303 12.994 12.685 12.376 12.067 11.758 11.449 11.141 10.832 10.523 10.214  9.905  9.597  9.288  8.980  8.671  8.362  8.054  7.745  7.437  7.129  6.820  6.512  6.204  5.895  5.587  5.279  4.970  4.662  4.354  4.046  3.738  3.429  3.121  2.813  2.505  2.197  1.889  1.581  1.272  0.964  0.656  0.348 
23.545 23.234 22.923 22.612 22.301 21.991 21.680 21.370 21.059 20.749 20.438 20.128 19.818 19.507 19.197 18.887 18.577 18.267 17.957 17.647 17.337 17.027 16.718 16.408 16.098 15.789 15.479 15.169 14.860 14.550 14.241 13.932 13.622 13.313 13.004 12.694 12.385 12.076 11.767 11.458 11.149 10.840 10.531 10.222  9.913  9.604  9.295  8.987  8.678  8.369  8.060  7.752  7.443  7.134  6.826  6.517  6.208  5.900  5.591  5.283  4.974  4.666  4.357  4.049  3.741  3.432  3.124  2.815  2.507  2.199  1.890  1.582  1.273  0.965  0.657  0.348 
23.556 23.245 22.934 22.623 22.313 22.002 21.691 21.381 21.070 20.760 20.449 20.139 19.829 19.518 19.208 18.898 18.588 18.278 17.967 17.657 17.347 17.038 16.728 16.418 16.108 15.798 15.488 15.179 14.869 14.560 14.250 13.940 13.631 13.322 13.012 12.703 12.393 12.084 11.775 11.466 11.156 10.847 10.538 10.229  9.920  9.611  9.302  8.993  8.684  8.375  8.066  7.757  7.448  7.139  6.831  6.522  6.213  5.904  5.595  5.287  4.978  4.669  4.361  4.052  3.743  3.435  3.126  2.817  2.509  2.200  1.892  1.583  1.274  0.966  0.657  0.349 
23.566 23.255 22.944 22.633 22.323 22.012 21.701 21.391 21.080 20.770 20.459 20.149 19.838 19.528 19.218 18.907 18.597 18.287 17.977 17.667 17.357 17.047 16.737 16.427 16.117 15.807 15.497 15.187 14.878 14.568 14.258 13.949 13.639 13.329 13.020 12.710 12.401 12.091 11.782 11.473 11.163 10.854 10.545 10.235  9.926  9.617  9.308  8.999  8.689  8.380  8.071  7.762  7.453  7.144  6.835  6.526  6.217  5.908  5.599  5.290  4.981  4.672  4.364  4.055  3.746  3.437  3.128  2.819  2.511  2.202  1.893  1.584  1.275  0.967  0.658  0.349 
23.575 23.264 22.953 22.643 22.332 22.021 21.711 21.400 21.089 20.779 20.468 20.158 19.847 19.537 19.227 18.916 18.606 18.296 17.986 17.675 17.365 17.055 16.745 16.435 16.125 15.815 15.505 15.195 14.885 14.576 14.266 13.956 13.646 13.337 13.027 12.717 12.408 12.098 11.789 11.479 11.170 10.860 10.551 10.241  9.932  9.622  9.313  9.004  8.694  8.385  8.076  7.767  7.457  7.148  6.839  6.530  6.221  5.912  5.603  5.293  4.984  4.675  4.366  4.057  3.748  3.439  3.130  2.821  2.512  2.203  1.894  1.585  1.276  0.967  0.658  0.349 
23.583 23.273 22.962 22.651 22.340 22.030 21.719 21.408 21.098 20.787 20.476 20.166 19.855 19.545 19.235 18.924 18.614 18.304 17.993 17.683 17.373 17.063 16.753 16.442 16.132 15.822 15.512 15.202 14.892 14.582 14.273 13.963 13.653 13.343 13.033 12.724 12.414 12.104 11.794 11.485 11.175 10.866 10.556 10.246  9.937  9.627  9.318  9.009  8.699  8.390  8.080  7.771  7.461  7.152  6.843  6.533  6.224  5.915  5.606  5.296  4.987  4.678  4.369  4.059  3.750  3.441  3.132  2.823  2.513  2.204  1.895  1.586  1.277  0.968  0.658  0.349 
23.591 23.280 22.969 22.659 22.348 22.037 21.726 21.416 21.105 20.794 20.484 20.173 19.863 19.552 19.242 18.932 18.621 18.311 18.000 17.690 17.380 17.070 16.759 16.449 16.139 15.829 15.519 15.209 14.899 14.589 14.279 13.969 13.659 13.349 13.039 12.729 12.419 12.110 11.800 11.490 11.180 10.871 10.561 10.251  9.942  9.632  9.322  9.013  8.703  8.394  8.084  7.775  7.465  7.156  6.846  6.537  6.227  5.918  5.608  5.299  4.990  4.680  4.371  4.061  3.752  3.443  3.133  2.824  2.515  2.205  1.896  1.587  1.277  0.968  0.659  0.350 
23.598 23.287 22.976 22.666 22.355 22.044 21.733 21.423 21.112 20.801 20.491 20.180 19.870 19.559 19.249 18.938 18.628 18.317 18.007 17.697 17.386 17.076 16.766 16.455 16.145 15.835 15.525 15.215 14.905 14.595 14.284 13.974 13.664 13.354 13.044 12.734 12.425 12.115 11.805 11.495 11.185 10.875 10.565 10.256  9.946  9.636  9.326  9.017  8.707  8.397  8.088  7.778  7.468  7.159  6.849  6.540  6.230  5.920  5.611  5.301  4.992  4.682  4.373  4.063  3.754  3.444  3.135  2.825  2.516  2.206  1.897  1.587  1.278  0.969  0.659  0.350 
23.604 23.293 22.983 22.672 22.361 22.050 21.740 21.429 21.118 20.807 20.497 20.186 19.876 19.565 19.255 18.944 18.634 18.323 18.013 17.702 17.392 17.082 16.771 16.461 16.151 15.840 15.530 15.220 14.910 14.600 14.290 13.979 13.669 13.359 13.049 12.739 12.429 12.119 11.809 11.499 11.189 10.879 10.570 10.260  9.950  9.640  9.330  9.020  8.711  8.401  8.091  7.781  7.471  7.162  6.852  6.542  6.233  5.923  5.613  5.304  4.994  4.684  4.375  4.065  3.755  3.446  3.136  2.827  2.517  2.207  1.898  1.588  1.279  0.969  0.659  0.350 
23.610 23.299 22.988 22.678 22.367 22.056 21.745 21.434 21.124 20.813 20.502 20.192 19.881 19.571 19.260 18.950 18.639 18.329 18.018 17.708 17.397 17.087 16.776 16.466 16.156 15.845 15.535 15.225 14.915 14.604 14.294 13.984 13.674 13.364 13.054 12.744 12.433 12.123 11.813 11.503 11.193 10.883 10.573 10.263  9.953  9.643  9.333  9.024  8.714  8.404  8.094  7.784  7.474  7.164  6.855  6.545  6.235  5.925  5.615  5.306  4.996  4.686  4.376  4.067  3.757  3.447  3.137  2.828  2.518  2.208  1.898  1.589  1.279  0.969  0.660  0.350 
23.615 23.304 22.994 22.683 22.372 22.061 21.750 21.440 21.129 20.818 20.508 20.197 19.886 19.576 19.265 18.955 18.644 18.333 18.023 17.712 17.402 17.092 16.781 16.471 16.160 15.850 15.540 15.229 14.919 14.609 14.298 13.988 13.678 13.368 13.058 12.747 12.437 12.127 11.817 11.507 11.197 10.887 10.577 10.267  9.957  9.647  9.336  9.026  8.716  8.407  8.097  7.787  7.477  7.167  6.857  6.547  6.237  5.927  5.617  5.307  4.997  4.688  4.378  4.068  3.758  3.448  3.138  2.829  2.519  2.209  1.899  1.589  1.279  0.970  0.660  0.350 
23.620 23.309 22.998 22.687 22.377 22.066 21.755 21.444 21.134 20.823 20.512 20.202 19.891 19.580 19.270 18.959 18.648 18.338 18.027 17.717 17.406 17.096 16.785 16.475 16.165 15.854 15.544 15.233 14.923 14.613 14.302 13.992 13.682 13.371 13.061 12.751 12.441 12.131 11.820 11.510 11.200 10.890 10.580 10.270  9.959  9.649  9.339  9.029  8.719  8.409  8.099  7.789  7.479  7.169  6.859  6.549  6.239  5.929  5.619  5.309  4.999  4.689  4.379  4.069  3.759  3.449  3.139  2.829  2.520  2.210  1.900  1.590  1.280  0.970  0.660  0.350 
23.624 23.313 23.003 22.692 22.381 22.070 21.759 21.449 21.138 20.827 20.516 20.206 19.895 19.584 19.274 18.963 18.653 18.342 18.031 17.721 17.410 17.100 16.789 16.479 16.168 15.858 15.547 15.237 14.927 14.616 14.306 13.995 13.685 13.375 13.065 12.754 12.444 12.134 11.823 11.513 11.203 10.893 10.582 10.272  9.962  9.652  9.342  9.032  8.721  8.411  8.101  7.791  7.481  7.171  6.861  6.551  6.241  5.931  5.621  5.310  5.000  4.690  4.380  4.070  3.760  3.450  3.140  2.830  2.520  2.210  1.900  1.590  1.280  0.970  0.660  0.350 
23.628 23.317 23.006 22.696 22.385 22.074 21.763 21.452 21.142 20.831 20.520 20.210 19.899 19.588 19.277 18.967 18.656 18.346 18.035 17.724 17.414 17.103 16.793 16.482 16.172 15.861 15.551 15.240 14.930 14.619 14.309 13.999 13.688 13.378 13.067 12.757 12.447 12.136 11.826 11.516 11.206 10.895 10.585 10.275  9.964  9.654  9.344  9.034  8.724  8.413  8.103  7.793  7.483  7.173  6.863  6.552  6.242  5.932  5.622  5.312  5.002  4.692  4.381  4.071  3.761  3.451  3.141  2.831  2.521  2.211  1.901  1.591  1.281  0.971  0.660  0.350 
23.632 23.321 23.010 22.699 22.388 22.078 21.767 21.456 21.145 20.834 20.524 20.213 19.902 19.592 19.281 18.970 18.660 18.349 18.038 17.728 17.417 17.107 16.796 16.485 16.175 15.864 15.554 15.243 14.933 14.622 14.312 14.001 13.691 13.381 13.070 12.760 12.449 12.139 11.829 11.518 11.208 10.898 10.587 10.277  9.967  9.656  9.346  9.036  8.726  8.415  8.105  7.795  7.485  7.174  6.864  6.554  6.244  5.933  5.623  5.313  5.003  4.693  4.382  4.072  3.762  3.452  3.142  2.832  2.521  2.211  1.901  1.591  1.281  0.971  0.661  0.350 
23.635 23.324 23.013 22.702 22.392 22.081 21.770 21.459 21.148 20.838 20.527 20.216 19.905 19.595 19.284 18.973 18.663 18.352 18.041 17.731 17.420 17.109 16.799 16.488 16.178 15.867 15.557 15.246 14.936 14.625 14.315 14.004 13.694 13.383 13.073 12.762 12.452 12.141 11.831 11.521 11.210 10.900 10.589 10.279  9.969  9.658  9.348  9.038  8.727  8.417  8.107  7.796  7.486  7.176  6.866  6.555  6.245  5.935  5.624  5.314  5.004  4.694  4.383  4.073  3.763  3.453  3.142  2.832  2.522  2.212  1.902  1.591  1.281  0.971  0.661  0.351 
23.638 23.327 23.016 22.705 22.395 22.084 21.773 21.462 21.151 20.841 20.530 20.219 19.908 19.598 19.287 18.976 18.665 18.355 18.044 17.733 17.423 17.112 16.802 16.491 16.180 15.870 15.559 15.249 14.938 14.627 14.317 14.006 13.696 13.385 13.075 12.764 12.454 12.143 11.833 11.523 11.212 10.902 10.591 10.281  9.970  9.660  9.350  9.039  8.729  8.419  8.108  7.798  7.487  7.177  6.867  6.556  6.246  5.936  5.625  5.315  5.005  4.695  4.384  4.074  3.764  3.453  3.143  2.833  2.523  2.212  1.902  1.592  1.281  0.971  0.661  0.351 
23.641 23.330 23.019 22.708 22.397 22.086 21.776 21.465 21.154 20.843 20.532 20.222 19.911 19.600 19.289 18.979 18.668 18.357 18.047 17.736 17.425 17.115 16.804 16.493 16.183 15.872 15.561 15.251 14.940 14.630 14.319 14.009 13.698 13.387 13.077 12.766 12.456 12.145 11.835 11.524 11.214 10.903 10.593 10.283  9.972  9.662  9.351  9.041  8.730  8.420  8.110  7.799  7.489  7.178  6.868  6.558  6.247  5.937  5.626  5.316  5.006  4.695  4.385  4.075  3.764  3.454  3.144  2.833  2.523  2.213  1.902  1.592  1.282  0.971  0.661  0.351 
23.643 23.332 23.021 22.710 22.400 22.089 21.778 21.467 21.156 20.846 20.535 20.224 19.913 19.602 19.292 18.981 18.670 18.360 18.049 17.738 17.427 17.117 16.806 16.495 16.185 15.874 15.564 15.253 14.942 14.632 14.321 14.011 13.700 13.389 13.079 12.768 12.458 12.147 11.837 11.526 11.216 10.905 10.595 10.284  9.974  9.663  9.353  9.042  8.732  8.421  8.111  7.800  7.490  7.179  6.869  6.559  6.248  5.938  5.627  5.317  5.007  4.696  4.386  4.075  3.765  3.455  3.144  2.834  2.523  2.213  1.903  1.592  1.282  0.971  0.661  0.351 
23.645 23.334 23.023 22.713 22.402 22.091 21.780 21.469 21.158 20.848 20.537 20.226 19.915 19.605 19.294 18.983 18.672 18.362 18.051 17.740 17.429 17.119 16.808 16.497 16.187 15.876 15.565 15.255 14.944 14.634 14.323 14.012 13.702 13.391 13.080 12.770 12.459 12.149 11.838 11.528 11.217 10.907 10.596 10.285  9.975  9.664  9.354  9.043  8.733  8.422  8.112  7.801  7.491  7.180  6.870  6.560  6.249  5.939  5.628  5.318  5.007  4.697  4.386  4.076  3.765  3.455  3.145  2.834  2.524  2.213  1.903  1.592  1.282  0.972  0.661  0.351 
23.647 23.336 23.025 22.715 22.404 22.093 21.782 21.471 21.160 20.850 20.539 20.228 19.917 19.607 19.296 18.985 18.674 18.363 18.053 17.742 17.431 17.121 16.810 16.499 16.189 15.878 15.567 15.256 14.946 14.635 14.325 14.014 13.703 13.393 13.082 12.771 12.461 12.150 11.840 11.529 11.218 10.908 10.597 10.287  9.976  9.666  9.355  9.045  8.734  8.423  8.113  7.802  7.492  7.181  6.871  6.560  6.250  5.939  5.629  5.318  5.008  4.697  4.387  4.076  3.766  3.455  3.145  2.835  2.524  2.214  1.903  1.593  1.282  0.972  0.661  0.351 
23.649 23.338 23.027 22.716 22.406 22.095 21.784 21.473 21.162 20.851 20.541 20.230 19.919 19.608 19.297 18.987 18.676 18.365 18.054 17.744 17.433 17.122 16.812 16.501 16.190 15.879 15.569 15.258 14.947 14.637 14.326 14.015 13.705 13.394 13.083 12.773 12.462 12.152 11.841 11.530 11.220 10.909 10.598 10.288  9.977  9.667  9.356  9.046  8.735  8.424  8.114  7.803  7.493  7.182  6.872  6.561  6.251  5.940  5.630  5.319  5.008  4.698  4.387  4.077  3.766  3.456  3.145  2.835  2.524  2.214  1.903  1.593  1.282  0.972  0.661  0.351 
23.651 23.340 23.029 22.718 22.407 22.096 21.786 21.475 21.164 20.853 20.542 20.231 19.921 19.610 19.299 18.988 18.678 18.367 18.056 17.745 17.434 17.124 16.813 16.502 16.192 15.881 15.570 15.259 14.949 14.638 14.327 14.017 13.706 13.395 13.085 12.774 12.463 12.153 11.842 11.531 11.221 10.910 10.600 10.289  9.978  9.668  9.357  9.047  8.736  8.425  8.115  7.804  7.494  7.183  6.872  6.562  6.251  5.941  5.630  5.320  5.009  4.698  4.388  4.077  3.767  3.456  3.146  2.835  2.525  2.214  1.904  1.593  1.282  0.972  0.661  0.351 
23.652 23.341 23.030 22.720 22.409 22.098 21.787 21.476 21.165 20.855 20.544 20.233 19.922 19.611 19.301 18.990 18.679 18.368 18.057 17.747 17.436 17.125 16.814 16.504 16.193 15.882 15.571 15.261 14.950 14.639 14.329 14.018 13.707 13.397 13.086 12.775 12.464 12.154 11.843 11.532 11.222 10.911 10.601 10.290  9.979  9.669  9.358  9.047  8.737  8.426  8.116  7.805  7.494  7.184  6.873  6.562  6.252  5.941  5.631  5.320  5.010  4.699  4.388  4.078  3.767  3.457  3.146  2.835  2.525  2.214  1.904  1.593  1.283  0.972  0.662  0.351 
23.654 23.343 23.032 22.721 22.410 22.099 21.788 21.477 21.167 20.856 20.545 20.234 19.923 19.612 19.301 18.990 18.679 18.368 18.057 17.746 17.435 17.124 16.812 16.501 16.189 15.877 15.565 15.253 14.940 14.627 14.314 14.000 13.686 13.371 13.055 12.739 12.422 12.104 11.784 11.464 11.142 10.818 10.493 10.166  9.837  9.506  9.172  8.836  8.497  8.155  7.809  7.461  7.109  6.753  6.393  6.030  5.662  5.291  4.915  4.536  4.152  3.764  3.373  2.978  2.579  2.178  1.773  1.366  0.957  0.546  0.134 -0.247 -0.644 -1.039 -1.431 -1.820 
23.630 23.319 23.008 22.696 22.384 22.072 21.760 21.447 21.134 20.820 20.506 20.192 19.877 19.562 19.247 18.931 18.614 18.297 17.980 17.662 17.343 17.024 16.704 16.383 16.061 15.739 15.416 15.092 14.767 14.441 14.114 13.787 13.458 13.128 12.797 12.465 12.132 11.797 11.462 11.125 10.787 10.448 10.107  9.766  9.423  9.080  8.735  8.389  8.042  7.695  7.346  6.997  6.648  6.298  5.947  5.597  5.246  4.896  4.545  4.195  3.846  3.497  3.148  2.801  2.454  2.108  1.763  1.419  1.076  0.735  0.394  0.055 -0.108 -0.134 -0.124 -0.080 
23.529 23.218 22.906 22.594 22.281 21.968 21.654 21.339 21.024 20.709 20.392 20.076 19.758 19.441 19.122 18.803 18.484 18.164 17.843 17.522 17.201 16.879 16.556 16.233 15.910 15.586 15.262 14.938 14.613 14.288 13.963 13.637 13.312 12.987 12.662 12.337 12.012 11.688 11.365 11.042 10.720 10.400 10.080  9.762  9.445  9.130  8.817  8.507  8.199  7.893  7.591  7.291  6.995  6.703  6.414  6.130  5.851  5.575  5.305  5.040  4.781  4.527  4.278  4.036  3.800  3.571  3.348  3.132  2.922  2.720  2.525  2.337  2.156  1.983  1.818  1.660 
23.429 23.118 22.806 22.495 22.183 21.871 21.559 21.247 20.935 20.622 20.309 19.996 19.684 19.371 19.058 18.745 18.432 18.119 17.807 17.494 17.182 16.871 16.559 16.248 15.938 15.628 15.319 15.011 14.703 14.396 14.091 13.786 13.483 13.180 12.880 12.580 12.283 11.987 11.693 11.400 11.110 10.822 10.537 10.254  9.973  9.696  9.421  9.149  8.880  8.615  8.353  8.094  7.840  7.589  7.343  7.100  6.863  6.629  6.401  6.177  5.958  5.745  5.537  5.334  5.138  4.947  4.762  4.583  4.411  4.246  4.087  3.935  3.790  3.653  3.523  3.400 
23.448 23.137 22.827 22.517 22.208 21.899 21.590 21.282 20.975 20.668 20.361 20.055 19.750 19.445 19.141 18.838 18.535 18.233 17.932 17.632 17.332 17.034 16.736 16.440 16.145 15.851 15.558 15.266 14.976 14.687 14.400 14.114 13.830 13.547 13.266 12.987 12.709 12.434 12.160 11.888 11.618 11.350 11.085 10.821 10.559 10.300 10.043  9.788  9.535  9.284  9.036  8.790  8.546  8.304  8.064  7.826  7.591  7.357  7.125  6.895  6.667  6.441  6.217  5.994  5.772  5.552  5.333  5.115  4.898  4.683  4.468  4.253  4.040  3.826  3.613  3.400 
23.601 23.291 22.981 22.673 22.365 22.058 21.752 21.447 21.143 20.840 20.538 20.236 19.936 19.637 19.339 19.041 18.745 18.450 18.156 17.863 17.571 17.280 16.991 16.702 16.415 16.129 15.844 15.561 15.278 14.997 14.717 14.439 14.162 13.886 13.612 13.338 13.067 12.796 12.527 12.260 11.994 11.729 11.465 11.203 10.943 10.683 10.425 10.169  9.914  9.660  9.407  9.156  8.905  8.657  8.409  8.162  7.917  7.672  7.429  7.186  6.945  6.704  6.465  6.226  5.988  5.750  5.513  5.277  5.041  4.806  4.571  4.336  4.102  3.868  3.634  3.400 
23.825 23.515 23.206 22.897 22.590 22.284 21.979 21.675 21.372 21.071 20.770 20.470 20.172 19.874 19.578 19.283 18.989 18.696 18.404 18.113 17.823 17.535 17.247 16.961 16.675 16.391 16.108 15.826 15.545 15.266 14.987 14.710 14.433 14.158 13.884 13.611 13.339 13.068 12.798 12.530 12.262 11.995 11.730 11.465 11.202 10.939 10.678 10.417 10.157  9.899  9.641  9.384  9.128  8.872  8.618  8.364  8.111  7.859  7.607  7.356  7.106  6.856  6.607  6.358  6.110  5.862  5.615  5.368  5.121  4.875  4.629  4.383  4.137  3.891  3.646  3.400 
24.067 23.757 23.448 23.140 22.833 22.527 22.222 21.918 21.615 21.313 21.013 20.713 20.414 20.117 19.821 19.525 19.231 18.938 18.646 18.355 18.065 17.776 17.488 17.201 16.915 16.630 16.346 16.063 15.781 15.500 15.220 14.942 14.664 14.387 14.111 13.835 13.561 13.288 13.016 12.744 12.474 12.204 11.935 11.667 11.400 11.133 10.868 10.603 10.338 10.075  9.812  9.550  9.289  9.028  8.768  8.508  8.249  7.991  7.733  7.475  7.218  6.962  6.706  6.450  6.194  5.939  5.685  5.430  5.176  4.922  4.668  4.414  4.160  3.907  3.653  3.400 
24.303 23.993 23.684 23.375 23.068 22.762 22.457 22.152 21.849 21.547 21.246 20.945 20.646 20.348 20.051 19.755 19.460 19.165 18.872 18.580 18.288 17.998 17.709 17.420 17.133 16.846 16.560 16.276 15.992 15.709 15.427 15.146 14.865 14.586 14.307 14.029 13.752 13.476 13.201 12.926 12.652 12.379 12.106 11.835 11.564 11.293 11.024 10.754 10.486 10.218  9.951  9.684  9.418  9.153  8.888  8.623  8.359  8.095  7.832  7.569  7.307  7.045  6.783  6.521  6.260  5.999  5.739  5.478  5.218  4.958  4.698  4.438  4.179  3.919  3.660  3.400 
24.524 24.214 23.904 23.596 23.288 22.982 22.676 22.371 22.067 21.764 21.463 21.162 20.861 20.562 20.264 19.967 19.670 19.375 19.080 18.786 18.494 18.202 17.910 17.620 17.331 17.042 16.755 16.468 16.182 15.896 15.612 15.328 15.045 14.763 14.482 14.201 13.921 13.642 13.363 13.085 12.808 12.532 12.256 11.981 11.706 11.432 11.158 10.885 10.613 10.341 10.070  9.799  9.529  9.259  8.990  8.721  8.452  8.184  7.916  7.648  7.381  7.115  6.848  6.582  6.316  6.050  5.784  5.519  5.254  4.989  4.724  4.459  4.194  3.929  3.665  3.400 
24.727 24.417 24.107 23.798 23.490 23.183 22.877 22.572 22.268 21.964 21.661 21.360 21.059 20.758 20.459 20.161 19.863 19.566 19.270 18.975 18.680 18.387 18.094 17.802 17.511 17.220 16.930 16.641 16.353 16.065 15.779 15.493 15.207 14.922 14.638 14.355 14.072 13.790 13.509 13.228 12.947 12.668 12.389 12.110 11.832 11.555 11.278 11.001 10.725 10.450 10.175  9.900  9.626  9.353  9.079  8.806  8.534  8.262  7.990  7.718  7.447  7.176  6.905  6.634  6.364  6.094  5.824  5.554  5.285  5.015  4.746  4.477  4.207  3.938  3.669  3.400 
24.912 24.602 24.292 23.983 23.675 23.368 23.061 22.755 22.450 22.146 21.843 21.540 21.238 20.937 20.637 20.337 20.038 19.740 19.443 19.146 18.850 18.555 18.260 17.967 17.674 17.381 17.090 16.799 16.508 16.219 15.930 15.641 15.353 15.066 14.780 14.494 14.208 13.924 13.640 13.356 13.073 12.790 12.508 12.227 11.946 11.665 11.385 11.105 10.826 10.547 10.269  9.991  9.714  9.436  9.159  8.883  8.607  8.331  8.055  7.780  7.505  7.230  6.956  6.681  6.407  6.133  5.859  5.586  5.312  5.039  4.766  4.492  4.219  3.946  3.673  3.400 
25.081 24.770 24.460 24.151 23.843 23.535 23.228 22.922 22.616 22.312 22.007 21.704 21.401 21.099 20.798 20.497 20.197 19.898 19.599 19.301 19.004 18.707 18.411 18.116 17.821 17.527 17.234 16.941 16.649 16.357 16.066 15.776 15.486 15.196 14.908 14.619 14.332 14.045 13.758 13.472 13.186 12.901 12.616 12.332 12.048 11.765 11.482 11.199 10.917 10.635 10.354 10.073  9.792  9.512  9.232  8.952  8.673  8.393  8.115  7.836  7.557  7.279  7.001  6.724  6.446  6.169  5.891  5.614  5.337  5.060  4.783  4.507  4.230  3.953  3.677  3.400 
25.233 24.923 24.613 24.304 23.995 23.687 23.380 23.073 22.767 22.462 22.157 21.853 21.549 21.246 20.944 20.643 20.342 20.041 19.741 19.442 19.144 18.846 18.548 18.252 17.955 17.660 17.365 17.070 16.776 16.483 16.190 15.898 15.606 15.314 15.023 14.733 14.443 14.154 13.865 13.576 13.288 13.001 12.714 12.427 12.141 11.855 11.569 11.284 10.999 10.715 10.430 10.147  9.863  9.580  9.297  9.014  8.732  8.450  8.168  7.886  7.605  7.324  7.043  6.762  6.481  6.200  5.920  5.640  5.359  5.079  4.799  4.519  4.240  3.960  3.680  3.400 
25.372 25.061 24.751 24.442 24.133 23.825 23.517 23.210 22.904 22.598 22.292 21.988 21.683 21.380 21.077 20.774 20.472 20.171 19.870 19.570 19.270 18.971 18.673 18.375 18.077 17.780 17.483 17.187 16.892 16.597 16.302 16.008 15.714 15.421 15.128 14.836 14.544 14.253 13.962 13.671 13.381 13.092 12.802 12.513 12.225 11.936 11.648 11.361 11.073 10.786 10.500 10.213  9.927  9.642  9.356  9.071  8.786  8.501  8.216  7.932  7.648  7.364  7.080  6.796  6.513  6.229  5.946  5.663  5.380  5.097  4.814  4.531  4.248  3.965  3.683  3.400 
25.497 25.187 24.877 24.567 24.258 23.950 23.642 23.334 23.028 22.721 22.415 22.110 21.805 21.501 21.197 20.894 20.591 20.289 19.987 19.686 19.385 19.085 18.785 18.486 18.187 17.889 17.591 17.293 16.996 16.700 16.404 16.108 15.813 15.518 15.224 14.930 14.636 14.343 14.050 13.758 13.465 13.174 12.882 12.591 12.301 12.010 11.720 11.430 11.141 10.852 10.563 10.274  9.986  9.698  9.410  9.122  8.834  8.547  8.260  7.973  7.687  7.400  7.114  6.828  6.541  6.255  5.970  5.684  5.398  5.113  4.827  4.542  4.256  3.971  3.685  3.400 
25.611 25.301 24.991 24.681 24.372 24.063 23.755 23.447 23.140 22.833 22.527 22.221 21.916 21.611 21.306 21.002 20.699 20.396 20.093 19.791 19.489 19.188 18.887 18.587 18.287 17.987 17.688 17.390 17.091 16.793 16.496 16.199 15.902 15.606 15.310 15.014 14.719 14.424 14.130 13.836 13.542 13.248 12.955 12.662 12.369 12.077 11.785 11.493 11.202 10.911 10.620 10.329 10.038  9.748  9.458  9.168  8.879  8.589  8.300  8.011  7.722  7.433  7.144  6.856  6.567  6.279  5.991  5.703  5.415  5.127  4.839  4.551  4.263  3.976  3.688  3.400 
25.715 25.404 25.094 24.784 24.475 24.166 23.857 23.549 23.242 22.934 22.628 22.321 22.016 21.710 21.405 21.100 20.796 20.493 20.189 19.886 19.584 19.281 18.980 18.678 18.377 18.077 17.777 17.477 17.177 16.878 16.579 16.281 15.983 15.685 15.388 15.091 14.794 14.498 14.202 13.906 13.611 13.316 13.021 12.726 12.432 12.138 11.844 11.550 11.257 10.964 10.671 10.379 10.086  9.794  9.502  9.210  8.919  8.627  8.336  8.045  7.754  7.463  7.172  6.882  6.591  6.301  6.010  5.720  5.430  5.140  4.850  4.560  4.270  3.980  3.690  3.400 
25.808 25.498 25.187 24.877 24.568 24.259 23.950 23.642 23.334 23.026 22.719 22.413 22.106 21.800 21.495 21.190 20.885 20.580 20.276 19.972 19.669 19.366 19.064 18.761 18.459 18.158 17.857 17.556 17.255 16.955 16.655 16.356 16.056 15.758 15.459 15.161 14.863 14.565 14.267 13.970 13.673 13.377 13.080 12.784 12.488 12.193 11.897 11.602 11.307 11.013 10.718 10.424 10.130  9.836  9.542  9.248  8.955  8.662  8.369  8.076  7.783  7.490  7.197  6.905  6.612  6.320  6.028  5.736  5.444  5.152  4.860  4.568  4.276  3.984  3.692  3.400 
25.893 25.582 25.272 24.962 24.653 24.343 24.034 23.726 23.418 23.110 22.802 22.495 22.188 21.882 21.576 21.270 20.965 20.660 20.355 20.051 19.747 19.443 19.140 18.837 18.534 18.231 17.929 17.627 17.326 17.025 16.724 16.423 16.123 15.823 15.523 15.224 14.924 14.626 14.327 14.028 13.730 13.432 13.135 12.837 12.540 12.243 11.946 11.649 11.353 11.057 10.761 10.465 10.169  9.873  9.578  9.283  8.988  8.693  8.398  8.103  7.809  7.514  7.220  6.926  6.632  6.338  6.044  5.750  5.456  5.162  4.868  4.575  4.281  3.987  3.694  3.400 
25.970 25.659 25.349 25.039 24.729 24.420 24.111 23.802 23.493 23.185 22.878 22.570 22.263 21.956 21.650 21.343 21.037 20.732 20.427 20.122 19.817 19.513 19.209 18.905 18.601 18.298 17.995 17.692 17.390 17.088 16.786 16.485 16.183 15.882 15.581 15.281 14.981 14.680 14.381 14.081 13.782 13.483 13.184 12.885 12.586 12.288 11.990 11.692 11.394 11.096 10.799 10.502 10.205  9.908  9.611  9.314  9.018  8.721  8.425  8.129  7.833  7.537  7.241  6.945  6.649  6.354  6.058  5.763  5.467  5.172  4.876  4.581  4.286  3.991  3.695  3.400 
26.040 25.729 25.419 25.109 24.799 24.489 24.180 23.871 23.562 23.254 22.946 22.638 22.331 22.023 21.716 21.410 21.103 20.797 20.491 20.186 19.881 19.576 19.271 18.967 18.662 18.358 18.055 17.751 17.448 17.145 16.843 16.540 16.238 15.936 15.634 15.333 15.031 14.730 14.429 14.129 13.828 13.528 13.228 12.928 12.628 12.329 12.030 11.730 11.431 11.133 10.834 10.535 10.237  9.939  9.641  9.343  9.045  8.747  8.449  8.152  7.854  7.557  7.260  6.962  6.665  6.368  6.071  5.774  5.477  5.181  4.884  4.587  4.290  3.993  3.697  3.400 
26.103 25.792 25.482 25.172 24.862 24.552 24.243 23.933 23.625 23.316 23.008 22.700 22.392 22.084 21.777 21.470 21.163 20.857 20.550 20.244 19.938 19.633 19.328 19.023 18.718 18.413 18.109 17.805 17.501 17.197 16.894 16.590 16.287 15.985 15.682 15.380 15.077 14.775 14.474 14.172 13.871 13.569 13.268 12.967 12.667 12.366 12.066 11.765 11.465 11.165 10.866 10.566 10.266  9.967  9.667  9.368  9.069  8.770  8.471  8.172  7.874  7.575  7.277  6.978  6.680  6.381  6.083  5.785  5.487  5.188  4.890  4.592  4.294  3.996  3.698  3.400 
26.160 25.850 25.539 25.229 24.919 24.609 24.299 23.990 23.681 23.372 23.064 22.755 22.447 22.139 21.832 21.524 21.217 20.910 20.604 20.297 19.991 19.685 19.379 19.073 18.768 18.463 18.158 17.853 17.549 17.244 16.940 16.636 16.332 16.029 15.725 15.422 15.119 14.816 14.514 14.211 13.909 13.607 13.305 13.003 12.701 12.400 12.098 11.797 11.496 11.195 10.894 10.593 10.293  9.992  9.692  9.392  9.091  8.791  8.491  8.191  7.891  7.592  7.292  6.992  6.693  6.393  6.094  5.794  5.495  5.196  4.896  4.597  4.298  3.998  3.699  3.400 
