31.816 31.505 31.194 30.883 30.573 30.262 29.951 29.640 29.329 29.018 28.707 28.396 28.085 27.774 27.464 27.153 26.842 26.531 26.220 25.909 25.598 25.287 24.976 24.665 24.354 24.043 23.732 23.421 23.110 22.799 22.488 22.177 21.866 21.554 21.243 20.932 20.620 20.309 19.998 19.686 19.374 19.063 18.751 18.439 18.127 17.814 17.502 17.189 16.877 16.564 16.251 15.937 15.624 15.310 14.996 14.681 14.366 14.051 13.736 13.420 13.103 12.787 12.469 12.152 11.833 11.514 11.195 10.874 10.554 10.232  9.910  9.587  9.263  8.938  8.612  8.286 
31.814 31.503 31.192 30.881 30.570 30.259 29.948 29.637 29.326 29.015 28.704 28.393 28.082 27.770 27.459 27.148 26.836 26.525 26.214 25.902 25.590 25.279 24.967 24.655 24.343 24.032 23.719 23.407 23.095 22.783 22.470 22.158 21.845 21.532 21.219 20.906 20.592 20.279 19.965 19.651 19.337 19.022 18.708 18.393 18.078 17.762 17.446 17.130 16.814 16.497 16.180 15.862 15.544 15.226 14.907 14.588 14.268 13.948 13.627 13.306 12.984 12.661 12.338 12.015 11.690 11.365 11.039 10.713 10.386 10.058  9.729  9.399  9.068  8.737  8.405  8.071 
31.803 31.492 31.181 30.870 30.559 30.248 29.936 29.625 29.314 29.002 28.690 28.379 28.067 27.755 27.443 27.131 26.818 26.506 26.193 25.881 25.568 25.255 24.942 24.629 24.316 24.002 23.688 23.374 23.060 22.746 22.432 22.117 21.802 21.487 21.172 20.856 20.540 20.224 19.908 19.591 19.274 18.956 18.639 18.321 18.002 17.683 17.364 17.044 16.724 16.404 16.083 15.761 15.439 15.117 14.794 14.471 14.146 13.822 13.497 13.171 12.844 12.517 12.189 11.861 11.531 11.201 10.871 10.539 10.207  9.874  9.540  9.205  8.870  8.533  8.196  7.857 
31.778 31.467 31.156 30.845 30.533 30.222 29.910 29.598 29.286 28.974 28.662 28.349 28.037 27.724 27.411 27.098 26.785 26.471 26.157 25.843 25.529 25.215 24.900 24.586 24.271 23.955 23.640 23.324 23.008 22.692 22.375 22.059 21.741 21.424 21.106 20.788 20.470 20.151 19.832 19.512 19.192 18.872 18.552 18.230 17.909 17.587 17.264 16.941 16.618 16.294 15.970 15.645 15.319 14.993 14.666 14.339 14.011 13.683 13.354 13.024 12.693 12.362 12.030 11.697 11.364 11.030 10.695 10.359 10.023  9.685  9.347  9.008  8.668  8.327  7.986  7.643 
31.738 31.427 31.115 30.804 30.492 30.181 29.868 29.556 29.244 28.931 28.618 28.305 27.991 27.678 27.364 27.049 26.735 26.420 26.105 25.790 25.475 25.159 24.843 24.527 24.210 23.893 23.576 23.258 22.940 22.622 22.304 21.985 21.665 21.346 21.026 20.705 20.385 20.063 19.742 19.420 19.097 18.774 18.451 18.127 17.802 17.477 17.152 16.826 16.500 16.172 15.845 15.517 15.188 14.858 14.528 14.198 13.867 13.535 13.202 12.869 12.535 12.200 11.864 11.528 11.191 10.853 10.515 10.175  9.835  9.494  9.152  8.809  8.465  8.121  7.775  7.429 
31.682 31.371 31.059 30.748 30.436 30.124 29.811 29.499 29.186 28.872 28.559 28.245 27.931 27.616 27.301 26.986 26.671 26.355 26.039 25.722 25.406 25.088 24.771 24.453 24.135 23.817 23.498 23.178 22.859 22.539 22.218 21.897 21.576 21.254 20.932 20.610 20.287 19.963 19.639 19.315 18.990 18.664 18.338 18.012 17.685 17.357 17.029 16.700 16.371 16.041 15.711 15.380 15.048 14.716 14.383 14.049 13.715 13.380 13.044 12.707 12.370 12.032 11.693 11.354 11.014 10.672 10.331  9.988  9.644  9.300  8.954  8.608  8.261  7.913  7.564  7.214 
31.611 31.300 30.989 30.677 30.365 30.053 29.740 29.427 29.113 28.799 28.485 28.171 27.856 27.540 27.225 26.909 26.592 26.276 25.958 25.641 25.323 25.005 24.686 24.367 24.047 23.727 23.407 23.086 22.765 22.443 22.121 21.798 21.475 21.151 20.827 20.503 20.178 19.852 19.526 19.199 18.872 18.545 18.216 17.887 17.558 17.228 16.897 16.566 16.234 15.902 15.569 15.235 14.901 14.566 14.230 13.894 13.556 13.219 12.880 12.541 12.201 11.860 11.518 11.176 10.832 10.488 10.143  9.798  9.451  9.104  8.755  8.406  8.056  7.705  7.353  7.000 
31.528 31.217 30.905 30.593 30.281 29.968 29.655 29.342 29.028 28.713 28.399 28.083 27.768 27.452 27.136 26.819 26.501 26.184 25.866 25.547 25.228 24.909 24.589 24.268 23.947 23.626 23.304 22.982 22.659 22.336 22.012 21.688 21.363 21.038 20.712 20.386 20.059 19.731 19.403 19.075 18.746 18.416 18.085 17.754 17.423 17.091 16.758 16.424 16.090 15.756 15.420 15.084 14.747 14.410 14.072 13.733 13.393 13.053 12.711 12.369 12.027 11.683 11.339 10.994 10.648 10.301  9.954  9.605  9.256  8.906  8.555  8.203  7.850  7.496  7.141  6.786 
31.432 31.121 30.809 30.497 30.185 29.872 29.558 29.245 28.930 28.615 28.300 27.985 27.668 27.352 27.035 26.717 26.399 26.081 25.761 25.442 25.122 24.801 24.480 24.159 23.837 23.514 23.191 22.868 22.544 22.219 21.894 21.568 21.242 20.915 20.588 20.260 19.931 19.602 19.272 18.942 18.611 18.279 17.947 17.614 17.280 16.946 16.611 16.276 15.940 15.603 15.265 14.927 14.588 14.248 13.908 13.567 13.225 12.882 12.538 12.194 11.849 11.503 11.157 10.809 10.461 10.112  9.762  9.411  9.059  8.706  8.353  7.998  7.643  7.287  6.930  6.571 
31.325 31.014 30.702 30.390 30.077 29.764 29.451 29.136 28.822 28.507 28.191 27.875 27.558 27.241 26.923 26.605 26.286 25.967 25.647 25.327 25.006 24.684 24.362 24.040 23.717 23.393 23.069 22.744 22.419 22.093 21.766 21.439 21.112 20.783 20.455 20.125 19.795 19.464 19.133 18.801 18.468 18.135 17.801 17.466 17.131 16.795 16.458 16.121 15.783 15.444 15.105 14.764 14.423 14.082 13.739 13.396 13.052 12.707 12.362 12.015 11.668 11.320 10.971 10.622 10.271  9.920  9.567  9.214  8.860  8.506  8.150  7.793  7.436  7.077  6.718  6.357 
31.208 30.897 30.585 30.273 29.960 29.647 29.333 29.019 28.704 28.388 28.072 27.755 27.438 27.120 26.802 26.483 26.164 25.844 25.523 25.202 24.880 24.558 24.235 23.912 23.588 23.263 22.938 22.612 22.286 21.959 21.631 21.303 20.974 20.644 20.314 19.983 19.652 19.320 18.987 18.653 18.319 17.984 17.649 17.313 16.976 16.638 16.300 15.961 15.621 15.280 14.939 14.597 14.254 13.911 13.566 13.221 12.875 12.529 12.181 11.833 11.484 11.134 10.783 10.432 10.079  9.726  9.371  9.016  8.660  8.303  7.946  7.587  7.227  6.867  6.505  6.143 
31.082 30.771 30.459 30.147 29.834 29.520 29.206 28.892 28.576 28.260 27.944 27.627 27.309 26.991 26.672 26.353 26.033 25.712 25.391 25.069 24.747 24.424 24.100 23.776 23.451 23.125 22.799 22.472 22.145 21.817 21.488 21.159 20.829 20.498 20.167 19.834 19.502 19.168 18.834 18.499 18.164 17.828 17.491 17.153 16.815 16.476 16.136 15.795 15.454 15.112 14.769 14.425 14.081 13.736 13.390 13.043 12.695 12.347 11.998 11.648 11.297 10.945 10.593 10.239  9.885  9.530  9.174  8.817  8.459  8.100  7.741  7.380  7.019  6.656  6.293  5.929 
30.948 30.637 30.325 30.012 29.699 29.386 29.071 28.756 28.441 28.125 27.808 27.491 27.173 26.854 26.535 26.215 25.894 25.573 25.251 24.929 24.606 24.282 23.958 23.632 23.307 22.980 22.653 22.326 21.997 21.668 21.339 21.008 20.677 20.345 20.013 19.680 19.346 19.011 18.676 18.340 18.003 17.666 17.327 16.989 16.649 16.308 15.967 15.625 15.282 14.939 14.595 14.250 13.904 13.557 13.210 12.861 12.512 12.162 11.811 11.460 11.107 10.754 10.400 10.045  9.689  9.332  8.974  8.616  8.256  7.896  7.535  7.173  6.809  6.445  6.080  5.714 
30.806 30.495 30.183 29.870 29.557 29.243 28.929 28.614 28.298 27.982 27.665 27.347 27.029 26.710 26.390 26.069 25.748 25.427 25.104 24.781 24.458 24.133 23.808 23.482 23.156 22.829 22.501 22.173 21.843 21.514 21.183 20.852 20.520 20.187 19.853 19.519 19.184 18.849 18.512 18.175 17.837 17.499 17.159 16.819 16.478 16.137 15.794 15.451 15.107 14.762 14.417 14.070 13.723 13.375 13.026 12.676 12.326 11.975 11.622 11.269 10.915 10.561 10.205  9.849  9.491  9.133  8.774  8.414  8.053  7.691  7.328  6.964  6.600  6.234  5.867  5.500 
30.657 30.346 30.034 29.722 29.409 29.095 28.780 28.465 28.149 27.832 27.515 27.197 26.878 26.559 26.239 25.918 25.596 25.274 24.951 24.628 24.303 23.979 23.653 23.326 22.999 22.672 22.343 22.014 21.684 21.353 21.022 20.690 20.357 20.023 19.689 19.354 19.018 18.681 18.344 18.006 17.667 17.327 16.987 16.646 16.304 15.961 15.618 15.273 14.928 14.582 14.235 13.888 13.539 13.190 12.840 12.489 12.137 11.785 11.431 11.077 10.721 10.365 10.008  9.651  9.292  8.932  8.572  8.210  7.848  7.485  7.121  6.756  6.389  6.023  5.655  5.286 
30.503 30.192 29.880 29.567 29.254 28.940 28.625 28.309 27.993 27.676 27.359 27.040 26.721 26.402 26.081 25.760 25.438 25.116 24.792 24.468 24.144 23.818 23.492 23.165 22.837 22.509 22.180 21.850 21.519 21.188 20.856 20.523 20.189 19.855 19.520 19.184 18.847 18.510 18.172 17.833 17.493 17.152 16.811 16.469 16.126 15.782 15.437 15.092 14.746 14.399 14.051 13.702 13.353 13.002 12.651 12.299 11.946 11.592 11.238 10.882 10.526 10.168  9.810  9.451  9.091  8.730  8.369  8.006  7.642  7.278  6.913  6.546  6.179  5.811  5.442  5.071 
30.343 30.031 29.719 29.407 29.093 28.779 28.464 28.149 27.832 27.515 27.197 26.879 26.559 26.239 25.919 25.597 25.275 24.952 24.628 24.304 23.979 23.653 23.326 22.999 22.670 22.341 22.012 21.681 21.350 21.018 20.685 20.352 20.017 19.682 19.346 19.010 18.672 18.334 17.995 17.655 17.315 16.973 16.631 16.288 15.944 15.599 15.254 14.907 14.560 14.212 13.863 13.514 13.163 12.812 12.460 12.107 11.753 11.398 11.042 10.685 10.328  9.970  9.610  9.250  8.889  8.527  8.165  7.801  7.436  7.070  6.704  6.336  5.968  5.599  5.228  4.857 
30.177 29.866 29.554 29.241 28.928 28.613 28.298 27.983 27.666 27.349 27.031 26.712 26.393 26.072 25.751 25.430 25.107 24.784 24.460 24.135 23.809 23.483 23.156 22.828 22.499 22.170 21.839 21.508 21.177 20.844 20.511 20.176 19.842 19.506 19.169 18.832 18.494 18.155 17.815 17.474 17.133 16.791 16.448 16.104 15.759 15.414 15.067 14.720 14.372 14.023 13.674 13.323 12.972 12.619 12.266 11.912 11.557 11.202 10.845 10.487 10.129  9.770  9.409  9.048  8.686  8.323  7.959  7.595  7.229  6.862  6.495  6.126  5.757  5.386  5.015  4.643 
30.007 29.696 29.384 29.071 28.758 28.443 28.128 27.812 27.496 27.178 26.860 26.541 26.221 25.901 25.580 25.258 24.935 24.611 24.287 23.961 23.635 23.309 22.981 22.653 22.324 21.994 21.663 21.332 20.999 20.666 20.332 19.998 19.662 19.326 18.989 18.651 18.312 17.972 17.632 17.291 16.949 16.606 16.262 15.917 15.572 15.226 14.879 14.531 14.182 13.832 13.482 13.130 12.778 12.425 12.071 11.716 11.360 11.004 10.646 10.288  9.928  9.568  9.207  8.845  8.482  8.118  7.753  7.388  7.021  6.654  6.285  5.916  5.545  5.174  4.802  4.429 
29.833 29.522 29.210 28.897 28.584 28.269 27.954 27.638 27.321 27.004 26.685 26.366 26.046 25.725 25.404 25.082 24.758 24.434 24.110 23.784 23.458 23.131 22.803 22.474 22.145 21.814 21.483 21.151 20.819 20.485 20.151 19.815 19.479 19.142 18.805 18.466 18.127 17.787 17.446 17.104 16.761 16.418 16.073 15.728 15.382 15.035 14.687 14.339 13.989 13.639 13.287 12.935 12.582 12.228 11.874 11.518 11.162 10.804 10.446 10.087  9.726  9.365  9.004  8.641  8.277  7.912  7.547  7.180  6.813  6.444  6.075  5.705  5.334  4.961  4.588  4.214 
29.656 29.344 29.032 28.719 28.406 28.091 27.776 27.460 27.143 26.825 26.507 26.187 25.867 25.546 25.224 24.902 24.579 24.254 23.929 23.604 23.277 22.950 22.621 22.292 21.962 21.632 21.300 20.968 20.635 20.301 19.966 19.630 19.294 18.956 18.618 18.279 17.939 17.598 17.257 16.915 16.571 16.227 15.882 15.536 15.190 14.842 14.494 14.144 13.794 13.443 13.091 12.739 12.385 12.030 11.675 11.319 10.961 10.603 10.244  9.884  9.523  9.162  8.799  8.435  8.071  7.706  7.339  6.972  6.604  6.235  5.865  5.494  5.122  4.749  4.375  4.000 
29.474 29.163 28.851 28.538 28.224 27.910 27.594 27.278 26.961 26.643 26.325 26.005 25.685 25.364 25.042 24.719 24.396 24.071 23.746 23.420 23.093 22.765 22.437 22.107 21.777 21.446 21.114 20.781 20.448 20.113 19.778 19.442 19.105 18.767 18.429 18.089 17.749 17.408 17.066 16.723 16.379 16.035 15.689 15.343 14.995 14.647 14.298 13.949 13.598 13.246 12.894 12.540 12.186 11.831 11.475 11.118 10.760 10.401 10.041  9.681  9.319  8.957  8.594  8.229  7.864  7.498  7.131  6.763  6.394  6.024  5.654  5.282  4.909  4.536  4.161  3.786 
29.290 28.979 28.667 28.354 28.040 27.725 27.410 27.094 26.776 26.458 26.140 25.820 25.500 25.178 24.856 24.533 24.210 23.885 23.559 23.233 22.906 22.578 22.249 21.920 21.589 21.258 20.926 20.592 20.259 19.924 19.588 19.252 18.914 18.576 18.237 17.897 17.557 17.215 16.873 16.529 16.185 15.840 15.494 15.147 14.799 14.451 14.101 13.751 13.400 13.047 12.694 12.340 11.986 11.630 11.273 10.916 10.557 10.198  9.838  9.476  9.114  8.751  8.387  8.023  7.657  7.290  6.922  6.554  6.184  5.814  5.443  5.070  4.697  4.323  3.948  3.571 
29.103 28.792 28.480 28.167 27.853 27.538 27.223 26.906 26.589 26.271 25.952 25.632 25.312 24.990 24.668 24.345 24.021 23.696 23.370 23.044 22.717 22.388 22.059 21.729 21.399 21.067 20.734 20.401 20.067 19.732 19.396 19.059 18.721 18.383 18.044 17.703 17.362 17.020 16.677 16.333 15.989 15.643 15.297 14.950 14.601 14.252 13.902 13.552 13.200 12.847 12.494 12.139 11.784 11.428 11.071 10.712 10.354  9.994  9.633  9.271  8.909  8.545  8.180  7.815  7.449  7.081  6.713  6.344  5.974  5.603  5.231  4.858  4.484  4.110  3.734  3.357 
28.913 28.602 28.290 27.977 27.663 27.348 27.033 26.716 26.399 26.081 25.762 25.442 25.121 24.800 24.477 24.154 23.830 23.505 23.179 22.852 22.525 22.196 21.867 21.537 21.206 20.874 20.541 20.208 19.873 19.538 19.202 18.864 18.527 18.188 17.848 17.507 17.166 16.823 16.480 16.136 15.791 15.445 15.098 14.751 14.402 14.053 13.702 13.351 12.999 12.646 12.292 11.937 11.581 11.224 10.867 10.508 10.149  9.788  9.427  9.065  8.702  8.338  7.973  7.607  7.240  6.872  6.504  6.134  5.763  5.392  5.019  4.646  4.272  3.896  3.520  3.143 
28.721 28.410 28.098 27.785 27.471 27.156 26.841 26.524 26.207 25.888 25.569 25.249 24.929 24.607 24.284 23.961 23.637 23.312 22.986 22.659 22.331 22.002 21.673 21.342 21.011 20.679 20.346 20.012 19.677 19.342 19.005 18.668 18.330 17.991 17.651 17.310 16.968 16.625 16.282 15.937 15.592 15.245 14.898 14.550 14.201 13.851 13.501 13.149 12.796 12.443 12.089 11.733 11.377 11.020 10.662 10.303  9.943  9.582  9.221  8.858  8.494  8.130  7.765  7.398  7.031  6.663  6.294  5.923  5.552  5.180  4.807  4.434  4.059  3.683  3.306  2.929 
28.527 28.216 27.904 27.591 27.277 26.962 26.646 26.330 26.012 25.694 25.375 25.055 24.734 24.412 24.090 23.766 23.442 23.116 22.790 22.463 22.135 21.806 21.477 21.146 20.815 20.482 20.149 19.815 19.480 19.144 18.807 18.470 18.131 17.792 17.452 17.110 16.768 16.425 16.081 15.737 15.391 15.044 14.697 14.349 13.999 13.649 13.298 12.946 12.593 12.239 11.884 11.529 11.172 10.815 10.456 10.097  9.737  9.376  9.013  8.650  8.286  7.922  7.556  7.189  6.821  6.453  6.083  5.713  5.341  4.969  4.595  4.221  3.846  3.470  3.092  2.714 
28.331 28.020 27.708 27.395 27.081 26.766 26.450 26.134 25.816 25.498 25.179 24.858 24.537 24.216 23.893 23.569 23.245 22.919 22.593 22.266 21.938 21.609 21.279 20.948 20.616 20.284 19.951 19.616 19.281 18.945 18.608 18.270 17.931 17.592 17.251 16.910 16.567 16.224 15.880 15.535 15.189 14.842 14.494 14.146 13.796 13.446 13.094 12.742 12.389 12.034 11.679 11.323 10.966 10.609 10.250  9.890  9.530  9.168  8.806  8.442  8.078  7.713  7.346  6.979  6.611  6.242  5.872  5.501  5.129  4.757  4.383  4.008  3.633  3.256  2.878  2.500 
28.134 27.822 27.510 27.197 26.883 26.568 26.253 25.936 25.618 25.300 24.981 24.660 24.339 24.017 23.694 23.371 23.046 22.721 22.394 22.067 21.739 21.409 21.079 20.749 20.417 20.084 19.751 19.416 19.081 18.744 18.407 18.069 17.730 17.390 17.050 16.708 16.365 16.022 15.677 15.332 14.986 14.639 14.291 13.942 13.592 13.241 12.889 12.537 12.183 11.829 11.473 11.117 10.760 10.402 10.043  9.683  9.322  8.960  8.597  8.233  7.869  7.503  7.137  6.769  6.401  6.031  5.661  5.290  4.918  4.544  4.170  3.795  3.419  3.042  2.665  2.286 
27.935 27.623 27.311 26.998 26.684 26.369 26.053 25.736 25.419 25.100 24.781 24.461 24.140 23.818 23.495 23.171 22.846 22.520 22.194 21.866 21.538 21.209 20.879 20.548 20.216 19.883 19.549 19.214 18.879 18.542 18.205 17.867 17.528 17.188 16.847 16.505 16.162 15.818 15.474 15.128 14.782 14.434 14.086 13.737 13.387 13.036 12.684 12.331 11.977 11.622 11.267 10.910 10.553 10.194  9.835  9.474  9.113  8.751  8.388  8.024  7.659  7.293  6.926  6.559  6.190  5.820  5.450  5.078  4.706  4.332  3.958  3.582  3.206  2.829  2.451  2.071 
27.734 27.423 27.110 26.797 26.483 26.168 25.852 25.536 25.218 24.900 24.580 24.260 23.939 23.616 23.293 22.969 22.645 22.319 21.992 21.665 21.336 21.007 20.677 20.345 20.013 19.680 19.347 19.012 18.676 18.339 18.002 17.663 17.324 16.984 16.643 16.301 15.958 15.614 15.269 14.923 14.576 14.229 13.880 13.531 13.181 12.829 12.477 12.124 11.770 11.415 11.059 10.702 10.345  9.986  9.626  9.266  8.904  8.542  8.178  7.814  7.449  7.083  6.716  6.348  5.979  5.609  5.238  4.866  4.493  4.120  3.745  3.369  2.993  2.615  2.237  1.857 
27.532 27.221 26.908 26.595 26.281 25.966 25.650 25.334 25.016 24.697 24.378 24.058 23.736 23.414 23.091 22.767 22.442 22.116 21.790 21.462 21.133 20.804 20.473 20.142 19.810 19.477 19.143 18.808 18.472 18.135 17.798 17.459 17.120 16.779 16.438 16.096 15.752 15.408 15.063 14.717 14.370 14.023 13.674 13.324 12.974 12.622 12.270 11.917 11.562 11.207 10.851 10.494 10.136  9.777  9.417  9.057  8.695  8.332  7.969  7.604  7.239  6.872  6.505  6.136  5.767  5.397  5.026  4.654  4.281  3.907  3.532  3.156  2.779  2.401  2.023  1.643 
27.329 27.018 26.705 26.392 26.078 25.763 25.447 25.131 24.813 24.494 24.175 23.854 23.533 23.211 22.887 22.563 22.238 21.912 21.586 21.258 20.929 20.600 20.269 19.938 19.606 19.272 18.938 18.603 18.267 17.930 17.592 17.254 16.914 16.574 16.232 15.890 15.546 15.202 14.857 14.511 14.164 13.816 13.467 13.117 12.766 12.415 12.062 11.709 11.354 10.999 10.642 10.285  9.927  9.568  9.208  8.847  8.485  8.122  7.758  7.393  7.028  6.661  6.293  5.925  5.555  5.185  4.814  4.441  4.068  3.694  3.319  2.943  2.566  2.187  1.809  1.429 
27.125 26.814 26.501 26.188 25.874 25.559 25.243 24.926 24.609 24.290 23.970 23.650 23.328 23.006 22.683 22.359 22.034 21.708 21.381 21.053 20.724 20.395 20.064 19.733 19.400 19.067 18.733 18.397 18.061 17.724 17.386 17.048 16.708 16.367 16.025 15.683 15.339 14.995 14.650 14.303 13.956 13.608 13.259 12.909 12.558 12.206 11.854 11.500 11.145 10.790 10.433 10.076  9.717  9.358  8.998  8.637  8.275  7.911  7.547  7.182  6.817  6.450  6.082  5.713  5.344  4.973  4.601  4.229  3.855  3.481  3.106  2.729  2.352  1.974  1.594  1.214 
26.920 26.609 26.296 25.983 25.669 25.354 25.038 24.721 24.403 24.085 23.765 23.445 23.123 22.801 22.478 22.153 21.828 21.502 21.175 20.847 20.518 20.189 19.858 19.526 19.194 18.861 18.526 18.191 17.855 17.518 17.180 16.841 16.501 16.160 15.818 15.475 15.132 14.787 14.442 14.095 13.748 13.400 13.051 12.701 12.350 11.998 11.645 11.291 10.936 10.580 10.224  9.866  9.507  9.148  8.787  8.426  8.064  7.701  7.336  6.971  6.605  6.238  5.870  5.501  5.131  4.761  4.389  4.016  3.642  3.268  2.892  2.516  2.138  1.760  1.380  1.000 
26.714 26.403 26.090 25.777 25.463 25.148 24.832 24.515 24.197 23.879 23.559 23.238 22.917 22.595 22.271 21.947 21.622 21.296 20.969 20.641 20.312 19.982 19.651 19.320 18.987 18.654 18.319 17.984 17.647 17.310 16.972 16.633 16.293 15.952 15.610 15.267 14.924 14.579 14.233 13.887 13.539 13.191 12.842 12.491 12.140 11.788 11.435 11.081 10.726 10.370 10.013  9.656  9.297  8.937  8.577  8.215  7.853  7.489  7.125  6.760  6.393  6.026  5.658  5.289  4.919  4.548  4.176  3.803  3.429  3.055  2.679  2.302  1.924  1.546  1.166  0.786 
26.507 26.196 25.884 25.570 25.256 24.941 24.625 24.308 23.991 23.672 23.352 23.032 22.710 22.388 22.064 21.740 21.415 21.089 20.761 20.433 20.104 19.775 19.444 19.112 18.779 18.446 18.111 17.776 17.439 17.102 16.764 16.425 16.085 15.744 15.402 15.059 14.715 14.370 14.024 13.678 13.330 12.982 12.632 12.282 11.931 11.578 11.225 10.871 10.516 10.160  9.803  9.445  9.086  8.726  8.366  8.004  7.641  7.278  6.913  6.548  6.182  5.814  5.446  5.077  4.706  4.335  3.963  3.590  3.216  2.841  2.465  2.088  1.711  1.332  0.952  0.571 
26.300 25.988 25.676 25.363 25.049 24.734 24.418 24.101 23.783 23.464 23.145 22.824 22.502 22.180 21.857 21.532 21.207 20.881 20.554 20.225 19.896 19.567 19.236 18.904 18.571 18.237 17.903 17.567 17.231 16.894 16.555 16.216 15.876 15.535 15.193 14.850 14.506 14.161 13.815 13.468 13.121 12.772 12.422 12.072 11.720 11.368 11.015 10.661 10.305  9.949  9.592  9.234  8.875  8.515  8.154  7.793  7.430  7.066  6.701  6.336  5.969  5.602  5.233  4.864  4.494  4.122  3.750  3.377  3.003  2.628  2.252  1.875  1.497  1.118  0.738  0.357 
26.092 25.780 25.468 25.155 24.841 24.526 24.210 23.893 23.575 23.256 22.936 22.616 22.294 21.972 21.648 21.324 20.998 20.672 20.345 20.017 19.688 19.358 19.027 18.695 18.362 18.029 17.694 17.358 17.022 16.684 16.346 16.007 15.666 15.325 14.983 14.640 14.296 13.951 13.605 13.258 12.910 12.562 12.212 11.861 11.510 11.157 10.804 10.450 10.094  9.738  9.381  9.023  8.664  8.304  7.943  7.581  7.218  6.854  6.489  6.124  5.757  5.389  5.021  4.651  4.281  3.909  3.537  3.164  2.789  2.414  2.038  1.661  1.283  0.904  0.524  0.143 
25.883 25.572 25.260 24.946 24.632 24.317 24.001 23.684 23.366 23.047 22.728 22.407 22.085 21.763 21.439 21.115 20.790 20.463 20.136 19.808 19.479 19.149 18.818 18.486 18.153 17.819 17.485 17.149 16.812 16.475 16.136 15.797 15.457 15.115 14.773 14.430 14.086 13.741 13.395 13.048 12.700 12.351 12.001 11.651 11.299 10.947 10.593 10.239  9.883  9.527  9.169  8.811  8.452  8.092  7.731  7.369  7.006  6.642  6.277  5.911  5.544  5.177  4.808  4.438  4.068  3.696  3.324  2.950  2.576  2.201  1.824  1.447  1.069  0.690  0.310 -0.071 
25.674 25.363 25.050 24.737 24.423 24.108 23.792 23.475 23.157 22.838 22.518 22.198 21.876 21.553 21.230 20.905 20.580 20.254 19.926 19.598 19.269 18.939 18.608 18.276 17.943 17.609 17.275 16.939 16.602 16.265 15.926 15.587 15.246 14.905 14.563 14.219 13.875 13.530 13.184 12.837 12.489 12.140 11.790 11.440 11.088 10.735 10.382 10.027  9.672  9.315  8.958  8.599  8.240  7.880  7.519  7.157  6.794  6.430  6.065  5.699  5.332  4.964  4.595  4.226  3.855  3.483  3.111  2.737  2.363  1.987  1.611  1.234  0.855  0.476  0.096 -0.286 
25.464 25.153 24.841 24.527 24.213 23.898 23.582 23.265 22.947 22.628 22.309 21.988 21.666 21.343 21.020 20.695 20.370 20.043 19.716 19.388 19.058 18.728 18.397 18.065 17.732 17.398 17.063 16.727 16.390 16.052 15.713 15.373 15.033 14.691 14.348 14.004 13.660 13.314 12.967 12.620 12.271 11.921 11.571 11.219 10.866 10.512 10.158  9.802  9.445  9.087  8.729  8.369  8.008  7.646  7.283  6.919  6.554  6.188  5.821  5.452  5.083  4.713  4.342  3.969  3.596  3.222  2.846  2.470  2.093  1.714  1.335  0.955  0.573  0.190 -0.191 -0.500 
25.253 24.941 24.629 24.316 24.001 23.686 23.370 23.053 22.735 22.416 22.096 21.775 21.453 21.130 20.807 20.482 20.156 19.830 19.502 19.173 18.844 18.513 18.182 17.849 17.516 17.182 16.846 16.510 16.173 15.835 15.496 15.155 14.814 14.472 14.129 13.785 13.440 13.095 12.748 12.400 12.051 11.702 11.351 11.000 10.647 10.294  9.940  9.584  9.228  8.871  8.514  8.155  7.795  7.435  7.073  6.711  6.348  5.984  5.619  5.253  4.886  4.518  4.148  3.777  3.405  3.030  2.654  2.276  1.896  1.513  1.127  0.737  0.343 -0.058 -0.384 -0.714 
25.038 24.727 24.415 24.102 23.787 23.472 23.156 22.839 22.521 22.202 21.882 21.561 21.239 20.916 20.592 20.267 19.941 19.615 19.287 18.958 18.629 18.298 17.966 17.634 17.300 16.966 16.630 16.294 15.956 15.617 15.278 14.937 14.596 14.253 13.910 13.565 13.220 12.873 12.525 12.177 11.827 11.476 11.125 10.772 10.418 10.063  9.707  9.350  8.992  8.633  8.273  7.912  7.550  7.187  6.823  6.458  6.092  5.726  5.358  4.989  4.620  4.250  3.879  3.507  3.135  2.762  2.388  2.014  1.639  1.264  0.888  0.512  0.135 -0.197 -0.562 -0.929 
24.822 24.511 24.198 23.885 23.571 23.255 22.939 22.622 22.304 21.985 21.665 21.343 21.021 20.698 20.374 20.049 19.723 19.396 19.068 18.740 18.410 18.079 17.747 17.414 17.081 16.746 16.410 16.074 15.736 15.398 15.058 14.718 14.376 14.034 13.691 13.346 13.001 12.655 12.308 11.960 11.611 11.260 10.909 10.557 10.204  9.850  9.495  9.139  8.782  8.423  8.064  7.703  7.341  6.978  6.614  6.248  5.881  5.512  5.142  4.771  4.398  4.023  3.647  3.270  2.890  2.510  2.127  1.743  1.358  0.970  0.581  0.190 -0.190 -0.509 -0.826 -1.143 
24.604 24.293 23.980 23.667 23.353 23.038 22.721 22.404 22.086 21.767 21.446 21.125 20.803 20.480 20.156 19.831 19.505 19.177 18.849 18.520 18.190 17.859 17.527 17.194 16.860 16.525 16.189 15.852 15.514 15.175 14.834 14.493 14.151 13.808 13.464 13.119 12.773 12.426 12.078 11.728 11.378 11.027 10.675 10.322  9.968  9.613  9.257  8.900  8.543  8.184  7.824  7.464  7.103  6.741  6.378  6.014  5.649  5.284  4.918  4.551  4.183  3.815  3.446  3.077  2.706  2.336  1.964  1.593  1.220  0.847  0.474  0.100 -0.235 -0.609 -0.983 -1.357 
24.384 24.072 23.760 23.447 23.132 22.817 22.501 22.184 21.865 21.546 21.226 20.905 20.582 20.259 19.935 19.610 19.284 18.957 18.629 18.300 17.970 17.639 17.307 16.974 16.640 16.305 15.969 15.632 15.294 14.955 14.615 14.274 13.932 13.589 13.245 12.900 12.554 12.207 11.859 11.509 11.159 10.807 10.455 10.101  9.746  9.390  9.033  8.675  8.316  7.955  7.593  7.230  6.866  6.501  6.135  5.767  5.399  5.029  4.658  4.287  3.914  3.540  3.166  2.790  2.414  2.037  1.660  1.282  0.903  0.525  0.145 -0.180 -0.527 -0.875 -1.223 -1.571 
24.163 23.851 23.539 23.226 22.911 22.596 22.280 21.962 21.644 21.325 21.004 20.683 20.361 20.037 19.713 19.388 19.061 18.734 18.406 18.076 17.746 17.415 17.082 16.749 16.415 16.079 15.743 15.406 15.067 14.728 14.388 14.047 13.704 13.361 13.017 12.672 12.326 11.979 11.631 11.282 10.932 10.581 10.229  9.877  9.523  9.169  8.813  8.457  8.100  7.742  7.384  7.024  6.664  6.303  5.941  5.579  5.215  4.851  4.487  4.121  3.755  3.387  3.019  2.649  2.278  1.905  1.529  1.151  0.769  0.384 -0.004 -0.340 -0.698 -1.059 -1.422 -1.786 
23.940 23.629 23.317 23.003 22.689 22.373 22.057 21.740 21.421 21.102 20.782 20.461 20.138 19.815 19.491 19.165 18.839 18.512 18.183 17.854 17.524 17.192 16.860 16.527 16.192 15.857 15.520 15.183 14.844 14.505 14.164 13.823 13.480 13.136 12.791 12.446 12.099 11.751 11.402 11.052 10.701 10.349  9.996  9.642  9.286  8.930  8.573  8.214  7.855  7.495  7.134  6.772  6.408  6.044  5.679  5.314  4.947  4.580  4.211  3.842  3.473  3.102  2.731  2.360  1.988  1.615  1.242  0.868  0.494  0.119 -0.209 -0.566 -0.924 -1.282 -1.641 -2.000 
23.716 23.405 23.093 22.779 22.465 22.149 21.833 21.516 21.197 20.878 20.557 20.236 19.914 19.590 19.266 18.940 18.614 18.286 17.958 17.629 17.298 16.967 16.635 16.301 15.967 15.632 15.295 14.958 14.620 14.281 13.940 13.599 13.257 12.914 12.570 12.225 11.879 11.532 11.184 10.835 10.485 10.134  9.782  9.428  9.074  8.719  8.362  8.004  7.645  7.285  6.923  6.560  6.196  5.830  5.462  5.093  4.723  4.350  3.976  3.601  3.224  2.845  2.465  2.083  1.700  1.316  0.931  0.545  0.159 -0.170 -0.511 -0.851 -1.191 -1.532 -1.873 -2.214 
23.492 23.181 22.868 22.555 22.241 21.925 21.609 21.291 20.973 20.654 20.333 20.012 19.689 19.366 19.041 18.716 18.389 18.062 17.733 17.403 17.073 16.741 16.408 16.075 15.740 15.404 15.068 14.730 14.391 14.051 13.710 13.369 13.026 12.682 12.337 11.991 11.644 11.296 10.947 10.598 10.247  9.895  9.542  9.189  8.834  8.478  8.122  7.765  7.406  7.047  6.687  6.326  5.965  5.603  5.239  4.875  4.511  4.146  3.780  3.413  3.046  2.678  2.309  1.940  1.571  1.201  0.831  0.460  0.088 -0.242 -0.605 -0.969 -1.333 -1.698 -2.063 -2.429 
23.266 22.955 22.643 22.329 22.015 21.699 21.383 21.066 20.747 20.428 20.107 19.786 19.464 19.140 18.816 18.490 18.164 17.836 17.508 17.179 16.848 16.517 16.184 15.851 15.516 15.181 14.844 14.506 14.168 13.828 13.488 13.146 12.803 12.459 12.114 11.768 11.421 11.073 10.724 10.373 10.022  9.669  9.315  8.960  8.604  8.247  7.889  7.529  7.169  6.807  6.444  6.080  5.715  5.349  4.982  4.614  4.245  3.875  3.504  3.132  2.760  2.387  2.013  1.638  1.263  0.888  0.512  0.135 -0.190 -0.539 -0.889 -1.239 -1.589 -1.940 -2.291 -2.643 
23.040 22.729 22.417 22.103 21.789 21.473 21.157 20.839 20.521 20.201 19.881 19.559 19.237 18.913 18.588 18.263 17.936 17.608 17.280 16.950 16.619 16.288 15.955 15.621 15.287 14.951 14.614 14.276 13.938 13.598 13.257 12.916 12.573 12.229 11.885 11.539 11.193 10.846 10.497 10.148  9.798  9.447  9.095  8.742  8.388  8.034  7.678  7.322  6.965  6.607  6.248  5.889  5.528  5.167  4.804  4.440  4.076  3.710  3.342  2.973  2.603  2.230  1.854  1.476  1.093  0.706  0.312 -0.089 -0.417 -0.754 -1.097 -1.444 -1.794 -2.147 -2.502 -2.857 
22.814 22.502 22.190 21.877 21.562 21.247 20.930 20.613 20.294 19.975 19.654 19.333 19.010 18.687 18.362 18.037 17.710 17.382 17.054 16.724 16.393 16.061 15.729 15.395 15.060 14.724 14.387 14.049 13.710 13.370 13.029 12.686 12.343 11.999 11.653 11.307 10.959 10.611 10.261  9.911  9.559  9.206  8.853  8.498  8.142  7.786  7.428  7.069  6.710  6.350  5.988  5.626  5.263  4.899  4.535  4.169  3.803  3.436  3.069  2.700  2.332  1.962  1.593  1.222  0.851  0.480  0.109 -0.218 -0.573 -0.929 -1.285 -1.641 -1.998 -2.355 -2.713 -3.071 
22.586 22.274 21.962 21.649 21.334 21.019 20.702 20.385 20.066 19.747 19.426 19.105 18.782 18.459 18.134 17.808 17.482 17.154 16.826 16.496 16.165 15.834 15.501 15.168 14.833 14.498 14.161 13.823 13.485 13.145 12.805 12.463 12.121 11.777 11.432 11.087 10.740 10.392 10.043  9.693  9.342  8.990  8.636  8.282  7.926  7.569  7.210  6.850  6.489  6.126  5.763  5.397  5.030  4.662  4.293  3.922  3.549  3.176  2.801  2.425  2.048  1.670  1.291  0.912  0.532  0.151 -0.175 -0.519 -0.864 -1.209 -1.554 -1.900 -2.245 -2.592 -2.938 -3.286 
22.358 22.047 21.735 21.421 21.107 20.791 20.475 20.157 19.839 19.519 19.198 18.877 18.554 18.230 17.906 17.580 17.253 16.925 16.596 16.267 15.936 15.604 15.271 14.937 14.602 14.266 13.929 13.591 13.251 12.911 12.570 12.228 11.885 11.541 11.196 10.850 10.502 10.154  9.805  9.455  9.105  8.753  8.400  8.046  7.692  7.336  6.980  6.623  6.265  5.907  5.547  5.187  4.826  4.464  4.102  3.739  3.375  3.011  2.646  2.280  1.914  1.548  1.181  0.813  0.446  0.077 -0.250 -0.609 -0.969 -1.329 -1.690 -2.051 -2.413 -2.775 -3.137 -3.500 
22.130 21.819 21.506 21.193 20.878 20.563 20.246 19.929 19.610 19.291 18.970 18.649 18.326 18.003 17.678 17.353 17.026 16.698 16.370 16.040 15.709 15.377 15.044 14.711 14.376 14.040 13.703 13.365 13.026 12.685 12.344 12.002 11.658 11.314 10.968 10.621 10.274  9.925  9.575  9.224  8.871  8.518  8.163  7.808  7.451  7.094  6.735  6.375  6.014  5.652  5.289  4.925  4.561  4.195  3.828  3.461  3.093  2.724  2.355  1.984  1.614  1.242  0.871  0.498  0.126 -0.198 -0.548 -0.899 -1.249 -1.600 -1.951 -2.303 -2.655 -3.008 -3.361 -3.714 
21.901 21.589 21.277 20.964 20.649 20.334 20.017 19.699 19.381 19.061 18.741 18.419 18.096 17.773 17.448 17.122 16.795 16.468 16.139 15.809 15.478 15.146 14.813 14.480 14.145 13.809 13.472 13.134 12.796 12.456 12.115 11.774 11.431 11.087 10.743 10.397 10.051  9.704  9.355  9.006  8.656  8.305  7.953  7.600  7.246  6.891  6.535  6.178  5.820  5.460  5.099  4.736  4.372  4.006  3.637  3.267  2.894  2.518  2.139  1.757  1.371  0.982  0.589  0.194 -0.195 -0.530 -0.863 -1.198 -1.534 -1.871 -2.211 -2.552 -2.894 -3.238 -3.583 -3.929 
21.672 21.361 21.049 20.735 20.421 20.105 19.789 19.471 19.152 18.833 18.512 18.191 17.868 17.544 17.219 16.893 16.567 16.239 15.910 15.580 15.249 14.917 14.584 14.249 13.914 13.578 13.241 12.902 12.563 12.222 11.881 11.538 11.195 10.850 10.505 10.158  9.810  9.462  9.112  8.761  8.410  8.057  7.703  7.349  6.993  6.637  6.280  5.922  5.563  5.203  4.843  4.481  4.119  3.756  3.393  3.029  2.664  2.299  1.933  1.567  1.200  0.832  0.465  0.096 -0.228 -0.582 -0.936 -1.291 -1.646 -2.001 -2.357 -2.713 -3.070 -3.427 -3.785 -4.143 
21.442 21.131 20.818 20.505 20.190 19.875 19.558 19.241 18.922 18.603 18.282 17.961 17.638 17.314 16.990 16.664 16.338 16.010 15.681 15.352 15.021 14.689 14.356 14.023 13.688 13.352 13.015 12.677 12.338 11.998 11.657 11.315 10.972 10.627 10.282  9.935  9.588  9.239  8.889  8.537  8.185  7.831  7.476  7.120  6.763  6.404  6.044  5.683  5.321  4.957  4.593  4.227  3.860  3.492  3.123  2.753  2.382  2.010  1.637  1.264  0.890  0.516  0.142 -0.182 -0.528 -0.874 -1.221 -1.568 -1.915 -2.263 -2.611 -2.959 -3.308 -3.657 -4.007 -4.357 
21.212 20.901 20.589 20.275 19.961 19.645 19.329 19.011 18.692 18.373 18.052 17.730 17.407 17.084 16.759 16.433 16.106 15.778 15.449 15.119 14.788 14.456 14.123 13.789 13.454 13.118 12.780 12.442 12.103 11.763 11.422 11.080 10.737 10.393 10.048  9.702  9.355  9.007  8.659  8.309  7.959  7.607  7.255  6.902  6.548  6.194  5.839  5.482  5.126  4.768  4.410  4.051  3.691  3.331  2.970  2.608  2.246  1.884  1.521  1.157  0.793  0.429  0.064 -0.261 -0.618 -0.975 -1.333 -1.691 -2.050 -2.409 -2.768 -3.128 -3.488 -3.848 -4.210 -4.571 
20.983 20.671 20.359 20.046 19.731 19.416 19.099 18.782 18.463 18.143 17.823 17.501 17.178 16.855 16.530 16.204 15.877 15.549 15.221 14.891 14.560 14.227 13.894 13.560 13.225 12.889 12.551 12.213 11.873 11.532 11.191 10.848 10.504 10.159  9.813  9.466  9.118  8.769  8.418  8.067  7.715  7.361  7.007  6.651  6.295  5.937  5.579  5.220  4.860  4.499  4.137  3.774  3.411  3.047  2.682  2.317  1.951  1.584  1.217  0.850  0.482  0.113 -0.209 -0.559 -0.909 -1.260 -1.610 -1.962 -2.313 -2.665 -3.017 -3.370 -3.723 -4.077 -4.431 -4.786 
20.752 20.440 20.128 19.814 19.500 19.184 18.868 18.550 18.232 17.912 17.591 17.270 16.947 16.623 16.299 15.973 15.646 15.318 14.990 14.660 14.329 13.998 13.665 13.331 12.997 12.661 12.325 11.987 11.649 11.310 10.970 10.629 10.288  9.945  9.602  9.258  8.914  8.569  8.223  7.878  7.531  7.185  6.838  6.492  6.145  5.799  5.453  5.107  4.762  4.418  4.074  3.731  3.390  3.049  2.710  2.372  2.034  1.698  1.364  1.030  0.697  0.365  0.034 -0.170 -0.309 -0.447 -0.583 -0.718 -0.850 -0.981 -1.110 -1.237 -1.362 -1.485 -1.605 -1.723 
20.534 20.223 19.910 19.597 19.283 18.969 18.653 18.336 18.019 17.701 17.382 17.062 16.742 16.420 16.098 15.775 15.452 15.127 14.802 14.477 14.150 13.823 13.496 13.168 12.840 12.511 12.181 11.852 11.521 11.191 10.860 10.530 10.198  9.867  9.536  9.205  8.874  8.543  8.212  7.881  7.550  7.220  6.890  6.561  6.232  5.903  5.575  5.248  4.922  4.597  4.273  3.950  3.629  3.310  2.994  2.680  2.369  2.061  1.756  1.456  1.158  0.864  0.573  0.285 -0.003 -0.162 -0.263 -0.362 -0.461 -0.559 -0.655 -0.751 -0.845 -0.937 -1.028 -1.118 
20.374 20.063 19.752 19.439 19.127 18.813 18.500 18.185 17.870 17.555 17.239 16.923 16.607 16.289 15.972 15.654 15.336 15.017 14.698 14.379 14.060 13.740 13.420 13.100 12.780 12.460 12.140 11.820 11.500 11.180 10.860 10.540 10.221  9.902  9.583  9.265  8.947  8.629  8.312  7.996  7.680  7.365  7.050  6.737  6.424  6.112  5.801  5.491  5.182  4.874  4.567  4.261  3.956  3.652  3.350  3.048  2.748  2.450  2.154  1.861  1.572  1.289  1.012  0.742  0.479  0.221 -0.032 -0.158 -0.242 -0.324 -0.405 -0.485 -0.565 -0.643 -0.720 -0.796 
20.294 19.983 19.671 19.360 19.049 18.737 18.425 18.113 17.801 17.488 17.176 16.863 16.551 16.238 15.925 15.612 15.299 14.986 14.673 14.360 14.048 13.735 13.422 13.110 12.798 12.486 12.174 11.862 11.551 11.240 10.930 10.620 10.311 10.002  9.693  9.385  9.078  8.772  8.466  8.161  7.857  7.554  7.251  6.950  6.650  6.350  6.052  5.755  5.459  5.164  4.870  4.578  4.287  3.997  3.708  3.421  3.135  2.850  2.566  2.284  2.003  1.723  1.444  1.166  0.889  0.614  0.339  0.065 -0.084 -0.162 -0.235 -0.305 -0.375 -0.444 -0.512 -0.580 
20.286 19.975 19.664 19.354 19.043 18.733 18.422 18.112 17.802 17.493 17.183 16.873 16.564 16.255 15.946 15.637 15.329 15.021 14.713 14.405 14.098 13.791 13.484 13.178 12.872 12.567 12.262 11.958 11.654 11.351 11.048 10.746 10.444 10.143  9.843  9.544  9.246  8.948  8.651  8.355  8.060  7.766  7.473  7.181  6.890  6.600  6.312  6.024  5.738  5.454  5.170  4.888  4.607  4.328  4.050  3.773  3.498  3.225  2.952  2.681  2.412  2.144  1.877  1.612  1.347  1.084  0.822  0.561  0.302  0.043 -0.096 -0.166 -0.232 -0.295 -0.357 -0.419 
20.338 20.028 19.717 19.407 19.098 18.788 18.479 18.171 17.863 17.555 17.247 16.940 16.634 16.328 16.022 15.717 15.412 15.107 14.804 14.500 14.197 13.895 13.593 13.292 12.992 12.692 12.392 12.094 11.796 11.498 11.202 10.906 10.611 10.317 10.023  9.731  9.439  9.148  8.859  8.570  8.282  7.995  7.709  7.425  7.141  6.859  6.578  6.298  6.019  5.742  5.466  5.191  4.918  4.647  4.377  4.108  3.841  3.576  3.312  3.050  2.790  2.531  2.274  2.018  1.764  1.511  1.260  1.010  0.761  0.514  0.268  0.022 -0.107 -0.170 -0.229 -0.287 
20.440 20.129 19.819 19.509 19.200 18.892 18.584 18.277 17.970 17.664 17.358 17.053 16.749 16.445 16.142 15.839 15.537 15.236 14.936 14.636 14.336 14.038 13.740 13.443 13.146 12.851 12.556 12.262 11.969 11.676 11.385 11.094 10.804 10.515 10.227  9.940  9.654  9.369  9.085  8.802  8.520  8.240  7.960  7.681  7.404  7.128  6.853  6.579  6.306  6.035  5.765  5.496  5.229  4.963  4.699  4.436  4.175  3.915  3.657  3.401  3.147  2.894  2.643  2.394  2.147  1.901  1.658  1.416  1.176  0.937  0.700  0.464  0.230 -0.004 -0.123 -0.180 
20.580 20.269 19.960 19.650 19.342 19.034 18.727 18.421 18.116 17.811 17.507 17.203 16.901 16.599 16.298 15.997 15.698 15.399 15.101 14.803 14.507 14.211 13.917 13.623 13.330 13.038 12.746 12.456 12.166 11.878 11.590 11.304 11.018 10.733 10.450 10.167  9.886  9.605  9.326  9.048  8.770  8.494  8.220  7.946  7.673  7.402  7.132  6.863  6.596  6.329  6.064  5.801  5.538  5.277  5.017  4.759  4.502  4.247  3.993  3.741  3.492  3.244  2.999  2.757  2.518  2.283  2.052  1.826  1.605  1.390  1.180  0.976  0.776  0.582  0.391  0.203 
20.752 20.442 20.132 19.823 19.515 19.208 18.902 18.597 18.292 17.988 17.685 17.383 17.082 16.782 16.483 16.184 15.887 15.590 15.295 15.000 14.706 14.413 14.121 13.830 13.541 13.252 12.964 12.677 12.392 12.107 11.823 11.541 11.260 10.980 10.701 10.423 10.146  9.871  9.596  9.323  9.052  8.781  8.512  8.244  7.977  7.712  7.448  7.185  6.923  6.663  6.404  6.146  5.890  5.635  5.381  5.128  4.876  4.626  4.376  4.128  3.881  3.635  3.390  3.145  2.902  2.659  2.417  2.175  1.928  1.665  1.348  0.885  0.041 -1.221 -2.999 -5.000 
20.951 20.641 20.331 20.022 19.714 19.408 19.101 18.796 18.492 18.188 17.885 17.583 17.282 16.982 16.682 16.383 16.085 15.787 15.490 15.194 14.898 14.603 14.308 14.013 13.719 13.425 13.131 12.837 12.544 12.250 11.956 11.662 11.367 11.072 10.777 10.480 10.183  9.885  9.586  9.285  8.983  8.680  8.374  8.067  7.758  7.447  7.133  6.816  6.497  6.175  5.849  5.520  5.188  4.852  4.513  4.169  3.822  3.471  3.116  2.757  2.394  2.028  1.659  1.287  0.912  0.536  0.157 -0.215 -0.631 -1.047 -1.461 -1.874 -2.285 -2.693 -3.098 -3.500 
21.090 20.779 20.469 20.159 19.849 19.540 19.230 18.922 18.613 18.304 17.996 17.688 17.380 17.073 16.765 16.458 16.150 15.843 15.535 15.227 14.920 14.612 14.304 13.996 13.687 13.378 13.069 12.759 12.449 12.138 11.827 11.515 11.202 10.889 10.575 10.260  9.944  9.628  9.310  8.992  8.673  8.352  8.031  7.709  7.386  7.061  6.736  6.409  6.082  5.754  5.424  5.094  4.762  4.430  4.097  3.763  3.428  3.092  2.755  2.418  2.081  1.743  1.404  1.065  0.726  0.387  0.048 -0.210 -0.440 -0.670 -0.897 -1.123 -1.347 -1.568 -1.786 -2.000 
21.110 20.799 20.488 20.177 19.866 19.554 19.243 18.932 18.620 18.308 17.996 17.684 17.372 17.060 16.748 16.435 16.122 15.809 15.496 15.183 14.869 14.555 14.241 13.927 13.612 13.297 12.982 12.666 12.350 12.034 11.717 11.400 11.083 10.766 10.448 10.129  9.811  9.492  9.173  8.854  8.535  8.215  7.896  7.576  7.256  6.937  6.618  6.298  5.979  5.661  5.343  5.025  4.708  4.391  4.075  3.760  3.446  3.132  2.820  2.508  2.197  1.888  1.579  1.271  0.964  0.658  0.353  0.049 -0.117 -0.189 -0.251 -0.310 -0.364 -0.414 -0.460 -0.500 
21.078 20.767 20.456 20.144 19.833 19.521 19.210 18.898 18.586 18.274 17.962 17.649 17.337 17.024 16.712 16.399 16.086 15.773 15.460 15.147 14.834 14.520 14.207 13.894 13.581 13.268 12.955 12.642 12.329 12.016 11.703 11.391 11.079 10.767 10.455 10.144  9.833  9.522  9.212  8.903  8.594  8.286  7.978  7.671  7.365  7.060  6.756  6.452  6.150  5.849  5.549  5.250  4.953  4.657  4.363  4.071  3.780  3.492  3.205  2.921  2.640  2.362  2.086  1.813  1.544  1.278  1.015  0.754  0.497  0.242 -0.010 -0.109 -0.034  0.305  0.650  1.000 
21.063 20.752 20.441 20.131 19.820 19.509 19.199 18.888 18.578 18.268 17.958 17.648 17.338 17.029 16.720 16.411 16.102 15.793 15.485 15.178 14.871 14.564 14.258 13.953 13.648 13.344 13.042 12.740 12.439 12.139 11.841 11.544 11.249 10.955 10.663 10.373 10.086  9.800  9.517  9.237  8.960  8.686  8.415  8.147  7.883  7.623  7.367  7.116  6.869  6.626  6.389  6.157  5.930  5.709  5.494  5.284  5.081  4.884  4.693  4.509  4.331  4.160  3.996  3.839  3.689  3.546  3.410  3.281  3.159  3.044  2.936  2.835  2.741  2.654  2.574  2.500 
21.147 20.836 20.527 20.218 19.909 19.602 19.295 18.990 18.685 18.381 18.078 17.775 17.474 17.174 16.875 16.577 16.280 15.984 15.690 15.397 15.106 14.815 14.527 14.240 13.955 13.671 13.390 13.110 12.833 12.557 12.284 12.013 11.745 11.479 11.216 10.955 10.698 10.443 10.191  9.943  9.698  9.456  9.218  8.983  8.752  8.525  8.301  8.082  7.867  7.656  7.450  7.248  7.051  6.858  6.670  6.487  6.309  6.137  5.969  5.807  5.650  5.498  5.352  5.212  5.077  4.949  4.826  4.709  4.598  4.494  4.395  4.303  4.218  4.139  4.066  4.000 
21.404 21.094 20.785 20.478 20.172 19.868 19.566 19.265 18.965 18.668 18.371 18.077 17.784 17.493 17.204 16.916 16.630 16.347 16.065 15.785 15.507 15.231 14.957 14.686 14.416 14.149 13.885 13.622 13.363 13.106 12.851 12.599 12.350 12.104 11.861 11.621 11.384 11.150 10.920 10.693 10.469 10.249 10.032  9.819  9.610  9.405  9.204  9.006  8.813  8.624  8.440  8.260  8.084  7.913  7.747  7.585  7.429  7.277  7.130  6.989  6.853  6.722  6.596  6.476  6.362  6.253  6.150  6.053  5.962  5.877  5.798  5.726  5.660  5.600  5.547  5.500 
21.809 21.499 21.191 20.885 20.582 20.280 19.981 19.684 19.389 19.096 18.805 18.517 18.231 17.947 17.665 17.385 17.108 16.834 16.561 16.292 16.024 15.759 15.497 15.238 14.981 14.727 14.475 14.227 13.981 13.738 13.499 13.262 13.029 12.798 12.571 12.348 12.127 11.910 11.697 11.487 11.281 11.079 10.880 10.685 10.495 10.308 10.126  9.947  9.773  9.604  9.438  9.278  9.122  8.970  8.824  8.682  8.545  8.413  8.287  8.165  8.049  7.938  7.833  7.733  7.639  7.550  7.468  7.391  7.320  7.255  7.197  7.145  7.099  7.059  7.026  7.000 
22.331 22.021 21.714 21.410 21.108 20.808 20.512 20.218 19.926 19.637 19.351 19.067 18.786 18.508 18.233 17.960 17.690 17.423 17.158 16.897 16.639 16.383 16.130 15.881 15.634 15.391 15.150 14.913 14.680 14.449 14.222 13.998 13.778 13.561 13.347 13.138 12.932 12.729 12.531 12.336 12.145 11.959 11.776 11.597 11.423 11.253 11.087 10.926 10.769 10.616 10.469 10.325 10.187 10.054  9.925  9.801  9.683  9.569  9.461  9.358  9.261  9.169  9.082  9.002  8.926  8.857  8.794  8.736  8.684  8.639  8.600  8.567  8.541  8.520  8.507  8.500 
22.950 22.641 22.335 22.031 21.731 21.433 21.139 20.847 20.558 20.273 19.990 19.711 19.434 19.161 18.891 18.624 18.360 18.099 17.841 17.586 17.335 17.087 16.842 16.600 16.362 16.127 15.896 15.668 15.443 15.222 15.004 14.789 14.578 14.371 14.167 13.967 13.770 13.577 13.387 13.201 13.018 12.840 12.664 12.492 12.324 12.159 11.998 11.840 11.686 11.535 11.387 11.242 11.101 10.963 10.828 10.696 10.566 10.440 10.316 10.195 10.077  9.960  9.846  9.734  9.624  9.516  9.410  9.305  9.201  9.099  8.997  8.897  8.797  8.698  8.599  8.500 
23.641 23.332 23.026 22.723 22.423 22.126 21.833 21.542 21.255 20.971 20.690 20.413 20.138 19.867 19.599 19.334 19.072 18.813 18.558 18.306 18.056 17.811 17.568 17.328 17.092 16.858 16.628 16.401 16.177 15.956 15.739 15.524 15.312 15.104 14.898 14.696 14.496 14.300 14.106 13.916 13.728 13.543 13.360 13.181 13.004 12.830 12.659 12.490 12.323 12.159 11.997 11.838 11.681 11.526 11.373 11.223 11.074 10.927 10.782 10.639 10.497 10.357 10.218 10.080  9.944  9.809  9.675  9.542  9.410  9.279  9.148  9.018  8.888  8.758  8.629  8.500 
24.345 24.035 23.729 23.426 23.126 22.829 22.535 22.244 21.957 21.672 21.391 21.112 20.837 20.564 20.295 20.029 19.765 19.505 19.248 18.993 18.742 18.494 18.248 18.006 17.766 17.529 17.295 17.064 16.836 16.611 16.388 16.168 15.951 15.736 15.524 15.315 15.108 14.903 14.702 14.502 14.306 14.111 13.919 13.729 13.541 13.356 13.172 12.991 12.812 12.634 12.459 12.286 12.114 11.944 11.775 11.609 11.444 11.280 11.118 10.957 10.797 10.638 10.481 10.324 10.169 10.014  9.861  9.708  9.555  9.403  9.252  9.101  8.951  8.800  8.650  8.500 
25.018 24.709 24.402 24.098 23.798 23.500 23.205 22.913 22.624 22.338 22.054 21.774 21.496 21.221 20.949 20.680 20.413 20.150 19.889 19.631 19.375 19.123 18.872 18.625 18.380 18.138 17.899 17.662 17.427 17.195 16.966 16.739 16.514 16.292 16.072 15.855 15.640 15.427 15.216 15.007 14.801 14.596 14.394 14.193 13.994 13.798 13.603 13.410 13.219 13.029 12.841 12.655 12.470 12.286 12.104 11.924 11.744 11.566 11.389 11.213 11.039 10.865 10.692 10.520 10.349 10.178 10.009  9.840  9.671  9.503  9.335  9.168  9.000  8.834  8.667  8.500 
25.643 25.333 25.027 24.722 24.421 24.122 23.826 23.532 23.241 22.953 22.668 22.385 22.104 21.827 21.551 21.279 21.009 20.741 20.476 20.214 19.954 19.696 19.441 19.189 18.938 18.690 18.445 18.202 17.961 17.722 17.486 17.251 17.019 16.790 16.562 16.336 16.112 15.891 15.671 15.453 15.237 15.023 14.811 14.600 14.392 14.184 13.979 13.775 13.573 13.372 13.172 12.974 12.777 12.582 12.388 12.195 12.003 11.812 11.622 11.434 11.246 11.059 10.873 10.687 10.502 10.318 10.135  9.952  9.769  9.587  9.406  9.224  9.043  8.862  8.681  8.500 
26.216 25.906 25.599 25.294 24.992 24.692 24.394 24.099 23.807 23.517 23.229 22.943 22.660 22.380 22.101 21.825 21.552 21.280 21.011 20.745 20.480 20.218 19.958 19.700 19.444 19.191 18.940 18.690 18.443 18.198 17.955 17.714 17.475 17.237 17.002 16.769 16.537 16.307 16.079 15.853 15.628 15.405 15.184 14.964 14.746 14.529 14.314 14.100 13.887 13.676 13.466 13.258 13.050 12.844 12.639 12.435 12.232 12.030 11.828 11.628 11.429 11.230 11.032 10.834 10.638 10.442 10.246 10.051  9.856  9.662  9.468  9.274  9.080  8.887  8.693  8.500 
26.738 26.428 26.120 25.815 25.512 25.211 24.912 24.616 24.321 24.029 23.739 23.452 23.166 22.883 22.602 22.322 22.045 21.770 21.498 21.227 20.958 20.691 20.427 20.164 19.903 19.645 19.388 19.133 18.880 18.629 18.379 18.132 17.886 17.642 17.400 17.159 16.920 16.683 16.447 16.213 15.980 15.749 15.520 15.291 15.065 14.839 14.615 14.392 14.170 13.950 13.731 13.512 13.295 13.079 12.864 12.650 12.437 12.224 12.013 11.802 11.592 11.383 11.174 10.966 10.759 10.552 10.345 10.139  9.933  9.728  9.523  9.318  9.113  8.909  8.704  8.500 
27.212 26.902 26.594 26.288 25.984 25.682 25.383 25.085 24.789 24.495 24.203 23.913 23.626 23.340 23.056 22.774 22.493 22.215 21.939 21.664 21.392 21.121 20.852 20.585 20.320 20.056 19.794 19.534 19.276 19.019 18.764 18.510 18.259 18.008 17.760 17.513 17.267 17.023 16.780 16.539 16.299 16.060 15.823 15.587 15.353 15.119 14.887 14.656 14.426 14.197 13.969 13.742 13.516 13.291 13.067 12.844 12.622 12.400 12.179 11.959 11.740 11.521 11.303 11.085 10.868 10.651 10.435 10.219 10.003  9.788  9.573  9.358  9.143  8.929  8.714  8.500 
27.642 27.332 27.024 26.717 26.413 26.110 25.809 25.510 25.213 24.918 24.624 24.332 24.042 23.754 23.468 23.183 22.900 22.619 22.339 22.061 21.785 21.510 21.238 20.966 20.697 20.429 20.162 19.898 19.634 19.373 19.112 18.854 18.596 18.340 18.086 17.833 17.581 17.331 17.082 16.834 16.587 16.342 16.098 15.855 15.613 15.372 15.133 14.894 14.657 14.420 14.184 13.950 13.716 13.483 13.251 13.019 12.789 12.559 12.330 12.101 11.873 11.646 11.419 11.192 10.966 10.741 10.516 10.291 10.066  9.842  9.618  9.394  9.170  8.947  8.723  8.500 
28.032 27.722 27.413 27.107 26.802 26.498 26.196 25.896 25.598 25.301 25.006 24.712 24.420 24.130 23.841 23.554 23.268 22.984 22.702 22.421 22.141 21.863 21.587 21.312 21.039 20.767 20.496 20.227 19.959 19.693 19.428 19.164 18.902 18.641 18.381 18.123 17.866 17.610 17.355 17.101 16.849 16.597 16.347 16.098 15.849 15.602 15.356 15.110 14.866 14.622 14.380 14.138 13.897 13.657 13.417 13.178 12.940 12.703 12.466 12.229 11.994 11.758 11.524 11.289 11.055 10.822 10.589 10.356 10.123  9.891  9.659  9.427  9.195  8.963  8.732  8.500 
28.386 28.076 27.767 27.460 27.154 26.850 26.547 26.246 25.947 25.648 25.352 25.057 24.763 24.471 24.180 23.890 23.602 23.316 23.031 22.747 22.465 22.184 21.904 21.626 21.349 21.073 20.799 20.526 20.254 19.984 19.714 19.446 19.179 18.914 18.649 18.386 18.124 17.862 17.602 17.343 17.085 16.828 16.572 16.317 16.063 15.810 15.558 15.306 15.056 14.806 14.557 14.308 14.061 13.814 13.568 13.322 13.077 12.833 12.589 12.346 12.103 11.861 11.619 11.377 11.136 10.896 10.655 10.415 10.175  9.935  9.696  9.456  9.217  8.978  8.739  8.500 
28.706 28.396 28.087 27.780 27.474 27.169 26.866 26.564 26.263 25.963 25.665 25.369 25.073 24.779 24.487 24.195 23.905 23.616 23.329 23.043 22.758 22.474 22.191 21.910 21.630 21.351 21.073 20.797 20.521 20.247 19.974 19.702 19.431 19.161 18.892 18.624 18.357 18.092 17.827 17.563 17.300 17.038 16.777 16.517 16.257 15.999 15.741 15.484 15.227 14.972 14.717 14.463 14.210 13.957 13.704 13.453 13.202 12.951 12.701 12.451 12.202 11.954 11.705 11.457 11.210 10.962 10.715 10.468 10.222  9.976  9.729  9.483  9.237  8.992  8.746  8.500 
28.997 28.687 28.378 28.070 27.763 27.458 27.154 26.851 26.549 26.249 25.950 25.652 25.355 25.059 24.765 24.472 24.180 23.889 23.599 23.311 23.023 22.737 22.452 22.168 21.885 21.603 21.322 21.042 20.763 20.486 20.209 19.933 19.659 19.385 19.112 18.840 18.569 18.299 18.030 17.762 17.495 17.228 16.962 16.697 16.433 16.169 15.907 15.645 15.383 15.123 14.863 14.603 14.344 14.086 13.828 13.571 13.314 13.058 12.802 12.547 12.292 12.038 11.783 11.530 11.276 11.023 10.770 10.517 10.264 10.012  9.760  9.508  9.256  9.004  8.752  8.500 
29.261 28.950 28.641 28.333 28.026 27.720 27.415 27.112 26.809 26.508 26.208 25.908 25.610 25.313 25.017 24.722 24.429 24.136 23.844 23.554 23.264 22.975 22.688 22.401 22.116 21.831 21.547 21.265 20.983 20.702 20.422 20.143 19.865 19.588 19.312 19.036 18.761 18.488 18.215 17.942 17.671 17.400 17.130 16.861 16.592 16.324 16.057 15.790 15.524 15.259 14.994 14.730 14.466 14.203 13.940 13.678 13.416 13.155 12.894 12.634 12.374 12.114 11.854 11.595 11.336 11.077 10.819 10.561 10.303 10.045  9.787  9.530  9.272  9.015  8.757  8.500 
29.500 29.189 28.880 28.571 28.264 27.958 27.652 27.348 27.045 26.743 26.441 26.141 25.842 25.543 25.246 24.950 24.654 24.360 24.066 23.774 23.482 23.191 22.902 22.613 22.325 22.038 21.752 21.466 21.182 20.898 20.616 20.334 20.052 19.772 19.492 19.214 18.936 18.658 18.382 18.106 17.831 17.556 17.282 17.009 16.737 16.465 16.193 15.923 15.653 15.383 15.114 14.845 14.577 14.309 14.042 13.775 13.509 13.243 12.977 12.712 12.447 12.183 11.918 11.654 11.391 11.127 10.864 10.601 10.338 10.075  9.812  9.550  9.287  9.025  8.762  8.500 
29.716 29.406 29.096 28.788 28.480 28.173 27.867 27.562 27.258 26.955 26.653 26.352 26.051 25.752 25.453 25.156 24.859 24.563 24.268 23.973 23.680 23.387 23.096 22.805 22.515 22.225 21.937 21.649 21.362 21.076 20.791 20.506 20.222 19.939 19.656 19.375 19.094 18.813 18.533 18.254 17.976 17.698 17.420 17.144 16.868 16.592 16.317 16.043 15.769 15.495 15.222 14.949 14.677 14.406 14.134 13.863 13.593 13.323 13.053 12.783 12.514 12.245 11.977 11.708 11.440 11.172 10.904 10.637 10.369 10.102  9.835  9.568  9.301  9.034  8.767  8.500 
29.912 29.602 29.292 28.984 28.676 28.368 28.062 27.757 27.452 27.148 26.845 26.543 26.242 25.941 25.641 25.342 25.044 24.747 24.450 24.154 23.859 23.565 23.272 22.979 22.687 22.395 22.105 21.815 21.526 21.237 20.950 20.662 20.376 20.090 19.805 19.521 19.237 18.953 18.671 18.389 18.107 17.826 17.546 17.266 16.986 16.707 16.429 16.151 15.874 15.597 15.320 15.044 14.768 14.493 14.218 13.943 13.669 13.395 13.121 12.848 12.575 12.302 12.030 11.757 11.485 11.213 10.941 10.670 10.398 10.127  9.855  9.584  9.313  9.042  8.771  8.500 
30.090 29.780 29.470 29.161 28.853 28.545 28.239 27.933 27.628 27.323 27.019 26.716 26.414 26.113 25.812 25.512 25.212 24.914 24.616 24.318 24.022 23.726 23.431 23.137 22.843 22.550 22.257 21.965 21.674 21.383 21.094 20.804 20.515 20.227 19.940 19.653 19.366 19.081 18.795 18.510 18.226 17.942 17.659 17.376 17.094 16.812 16.531 16.250 15.969 15.689 15.409 15.130 14.851 14.572 14.294 14.016 13.738 13.461 13.183 12.907 12.630 12.354 12.077 11.801 11.526 11.250 10.975 10.699 10.424 10.149  9.874  9.599  9.324  9.049  8.775  8.500 
30.252 29.941 29.631 29.322 29.014 28.706 28.399 28.092 27.787 27.482 27.177 26.873 26.570 26.268 25.966 25.665 25.365 25.065 24.766 24.467 24.169 23.872 23.575 23.279 22.984 22.689 22.395 22.101 21.808 21.516 21.224 20.933 20.642 20.352 20.062 19.773 19.484 19.196 18.908 18.621 18.334 18.048 17.762 17.476 17.192 16.907 16.623 16.339 16.056 15.773 15.490 15.208 14.926 14.644 14.362 14.081 13.801 13.520 13.240 12.960 12.680 12.400 12.121 11.842 11.562 11.284 11.005 10.726 10.448 10.169  9.891  9.613  9.334  9.056  8.778  8.500 
30.398 30.087 29.777 29.468 29.159 28.851 28.544 28.237 27.931 27.625 27.320 27.016 26.712 26.409 26.106 25.804 25.503 25.202 24.902 24.602 24.303 24.004 23.706 23.409 23.112 22.816 22.520 22.225 21.930 21.636 21.342 21.049 20.757 20.464 20.173 19.881 19.591 19.300 19.010 18.721 18.432 18.143 17.855 17.567 17.280 16.993 16.706 16.420 16.134 15.848 15.563 15.278 14.993 14.709 14.425 14.141 13.857 13.574 13.291 13.008 12.725 12.442 12.160 11.878 11.596 11.314 11.032 10.751 10.469 10.188  9.906  9.625  9.344  9.062  8.781  8.500 
