32.116 31.805 31.494 31.183 30.873 30.562 30.251 29.940 29.629 29.318 29.007 28.696 28.385 28.075 27.764 27.453 27.142 26.831 26.520 26.209 25.898 25.587 25.276 24.965 24.654 24.343 24.032 23.721 23.410 23.099 22.788 22.477 22.166 21.855 21.543 21.232 20.921 20.609 20.298 19.986 19.675 19.363 19.051 18.739 18.427 18.115 17.803 17.490 17.177 16.865 16.552 16.238 15.925 15.611 15.297 14.983 14.668 14.353 14.038 13.722 13.406 13.089 12.772 12.455 12.137 11.818 11.499 11.179 10.859 10.537 10.216  9.893  9.569  9.245  8.920  8.594 
32.114 31.803 31.492 31.181 30.870 30.559 30.248 29.937 29.626 29.315 29.004 28.693 28.382 28.071 27.759 27.448 27.137 26.825 26.514 26.202 25.891 25.579 25.267 24.956 24.644 24.332 24.020 23.708 23.396 23.083 22.771 22.458 22.146 21.833 21.520 21.207 20.894 20.580 20.267 19.953 19.639 19.324 19.010 18.695 18.380 18.065 17.749 17.433 17.117 16.801 16.484 16.166 15.849 15.531 15.212 14.893 14.574 14.254 13.934 13.613 13.291 12.969 12.647 12.323 11.999 11.675 11.350 11.024 10.697 10.370 10.042  9.713  9.383  9.052  8.721  8.389 
32.104 31.793 31.482 31.171 30.860 30.548 30.237 29.926 29.614 29.303 28.991 28.679 28.367 28.056 27.744 27.431 27.119 26.807 26.494 26.182 25.869 25.556 25.243 24.930 24.617 24.304 23.990 23.676 23.362 23.048 22.734 22.420 22.105 21.790 21.475 21.159 20.844 20.528 20.211 19.895 19.578 19.261 18.943 18.626 18.308 17.989 17.670 17.351 17.031 16.711 16.390 16.069 15.748 15.426 15.103 14.780 14.457 14.133 13.808 13.483 13.157 12.830 12.503 12.175 11.847 11.518 11.188 10.857 10.526 10.194  9.861  9.527  9.192  8.857  8.520  8.183 
32.080 31.769 31.458 31.146 30.835 30.524 30.212 29.900 29.588 29.276 28.964 28.651 28.339 28.026 27.713 27.400 27.087 26.773 26.460 26.146 25.832 25.518 25.203 24.889 24.574 24.259 23.944 23.628 23.312 22.996 22.680 22.363 22.046 21.729 21.412 21.094 20.776 20.457 20.139 19.820 19.500 19.180 18.860 18.539 18.218 17.896 17.574 17.252 16.929 16.606 16.282 15.957 15.632 15.307 14.981 14.654 14.327 13.999 13.671 13.342 13.012 12.682 12.351 12.019 11.686 11.353 11.019 10.684 10.349 10.013  9.676  9.338  8.999  8.659  8.319  7.977 
32.041 31.730 31.419 31.107 30.796 30.484 30.172 29.859 29.547 29.234 28.921 28.608 28.295 27.981 27.668 27.354 27.039 26.725 26.410 26.095 25.780 25.464 25.148 24.832 24.516 24.199 23.882 23.565 23.247 22.929 22.611 22.292 21.974 21.654 21.335 21.015 20.694 20.373 20.052 19.730 19.408 19.086 18.763 18.440 18.116 17.791 17.467 17.141 16.815 16.489 16.162 15.834 15.506 15.178 14.848 14.519 14.188 13.857 13.525 13.193 12.860 12.526 12.191 11.856 11.520 11.183 10.846 10.508 10.169  9.829  9.488  9.146  8.804  8.461  8.117  7.771 
31.987 31.676 31.365 31.053 30.741 30.429 30.117 29.804 29.491 29.178 28.865 28.551 28.237 27.922 27.608 27.293 26.977 26.662 26.346 26.030 25.713 25.396 25.079 24.762 24.444 24.126 23.807 23.488 23.169 22.849 22.529 22.209 21.888 21.567 21.245 20.923 20.600 20.277 19.954 19.630 19.305 18.981 18.655 18.329 18.003 17.676 17.349 17.021 16.692 16.363 16.033 15.703 15.372 15.041 14.708 14.376 14.042 13.708 13.373 13.038 12.702 12.365 12.027 11.689 11.350 11.010 10.669 10.328  9.985  9.642  9.298  8.954  8.608  8.261  7.914  7.566 
31.920 31.608 31.297 30.985 30.673 30.361 30.048 29.735 29.422 29.108 28.794 28.480 28.165 27.850 27.534 27.218 26.902 26.586 26.269 25.952 25.634 25.316 24.997 24.679 24.359 24.040 23.720 23.399 23.079 22.757 22.435 22.113 21.791 21.468 21.144 20.820 20.496 20.171 19.845 19.519 19.193 18.866 18.538 18.210 17.881 17.552 17.222 16.892 16.561 16.229 15.897 15.564 15.231 14.897 14.562 14.227 13.890 13.554 13.216 12.878 12.539 12.199 11.859 11.518 11.176 10.833 10.490 10.145  9.800  9.454  9.107  8.760  8.411  8.062  7.711  7.360 
31.839 31.528 31.217 30.905 30.593 30.280 29.967 29.654 29.340 29.026 28.711 28.396 28.081 27.765 27.449 27.132 26.815 26.498 26.180 25.862 25.543 25.224 24.904 24.584 24.264 23.943 23.621 23.300 22.977 22.655 22.331 22.008 21.683 21.359 21.033 20.708 20.381 20.055 19.727 19.399 19.071 18.742 18.412 18.082 17.751 17.420 17.088 16.756 16.422 16.089 15.754 15.419 15.083 14.747 14.410 14.072 13.733 13.394 13.054 12.714 12.372 12.030 11.687 11.343 10.999 10.654 10.307  9.961  9.613  9.264  8.915  8.564  8.213  7.861  7.508  7.154 
31.747 31.436 31.125 30.813 30.500 30.187 29.874 29.560 29.246 28.932 28.616 28.301 27.985 27.669 27.352 27.035 26.717 26.399 26.080 25.761 25.441 25.121 24.800 24.479 24.158 23.836 23.513 23.190 22.866 22.542 22.218 21.893 21.567 21.241 20.914 20.587 20.259 19.930 19.601 19.272 18.941 18.611 18.279 17.947 17.615 17.281 16.947 16.613 16.278 15.942 15.605 15.268 14.930 14.592 14.253 13.913 13.572 13.230 12.888 12.545 12.202 11.857 11.512 11.166 10.819 10.472 10.123  9.774  9.424  9.073  8.721  8.368  8.015  7.660  7.305  6.949 
31.645 31.333 31.022 30.710 30.397 30.084 29.771 29.457 29.142 28.827 28.512 28.196 27.879 27.562 27.245 26.927 26.608 26.289 25.970 25.650 25.330 25.009 24.687 24.365 24.042 23.719 23.396 23.071 22.747 22.421 22.095 21.769 21.442 21.114 20.786 20.457 20.128 19.798 19.468 19.136 18.805 18.472 18.139 17.806 17.471 17.136 16.801 16.464 16.127 15.790 15.451 15.112 14.772 14.432 14.091 13.749 13.406 13.063 12.719 12.374 12.028 11.681 11.334 10.986 10.637 10.287  9.937  9.585  9.233  8.880  8.526  8.171  7.815  7.459  7.101  6.743 
31.532 31.221 30.910 30.597 30.285 29.971 29.658 29.343 29.029 28.713 28.397 28.081 27.764 27.447 27.129 26.810 26.491 26.171 25.851 25.530 25.209 24.887 24.565 24.242 23.919 23.594 23.270 22.945 22.619 22.292 21.965 21.638 21.310 20.981 20.651 20.321 19.991 19.659 19.327 18.995 18.662 18.328 17.993 17.658 17.322 16.986 16.648 16.310 15.972 15.632 15.292 14.952 14.610 14.268 13.925 13.581 13.237 12.891 12.545 12.199 11.851 11.503 11.153 10.803 10.453 10.101  9.749  9.395  9.041  8.686  8.330  7.973  7.616  7.257  6.898  6.537 
31.411 31.100 30.788 30.476 30.163 29.850 29.536 29.221 28.906 28.591 28.275 27.958 27.640 27.322 27.004 26.685 26.365 26.045 25.724 25.403 25.081 24.758 24.435 24.111 23.787 23.462 23.137 22.810 22.484 22.156 21.828 21.500 21.170 20.840 20.510 20.179 19.847 19.514 19.181 18.847 18.513 18.177 17.841 17.505 17.168 16.830 16.491 16.152 15.811 15.471 15.129 14.787 14.444 14.100 13.755 13.410 13.064 12.717 12.369 12.021 11.672 11.321 10.971 10.619 10.266  9.913  9.559  9.204  8.848  8.491  8.133  7.775  7.415  7.055  6.694  6.331 
31.282 30.971 30.660 30.347 30.034 29.721 29.407 29.092 28.776 28.461 28.144 27.827 27.509 27.191 26.872 26.552 26.232 25.911 25.590 25.268 24.945 24.622 24.298 23.974 23.649 23.323 22.997 22.670 22.342 22.014 21.685 21.355 21.025 20.694 20.362 20.030 19.697 19.363 19.029 18.694 18.358 18.022 17.685 17.347 17.008 16.669 16.329 15.988 15.647 15.305 14.962 14.618 14.274 13.928 13.582 13.235 12.888 12.540 12.190 11.840 11.490 11.138 10.786 10.432 10.078  9.723  9.367  9.011  8.653  8.295  7.936  7.575  7.214  6.852  6.489  6.126 
31.146 30.835 30.523 30.211 29.898 29.584 29.270 28.955 28.639 28.323 28.006 27.689 27.371 27.052 26.733 26.413 26.092 25.771 25.449 25.126 24.803 24.479 24.155 23.830 23.504 23.178 22.850 22.523 22.194 21.865 21.535 21.205 20.874 20.542 20.209 19.876 19.542 19.207 18.872 18.536 18.199 17.862 17.523 17.184 16.845 16.504 16.163 15.821 15.478 15.135 14.791 14.446 14.100 13.754 13.406 13.058 12.709 12.359 12.009 11.658 11.305 10.952 10.599 10.244  9.888  9.532  9.175  8.817  8.458  8.098  7.737  7.375  7.013  6.650  6.285  5.920 
31.004 30.693 30.381 30.068 29.755 29.441 29.127 28.812 28.496 28.179 27.862 27.545 27.226 26.907 26.588 26.267 25.946 25.624 25.302 24.979 24.655 24.331 24.006 23.680 23.354 23.027 22.699 22.370 22.041 21.711 21.381 21.049 20.717 20.385 20.051 19.717 19.382 19.047 18.710 18.373 18.036 17.697 17.358 17.018 16.677 16.336 15.993 15.650 15.307 14.962 14.617 14.271 13.924 13.576 13.227 12.878 12.528 12.177 11.825 11.473 11.119 10.765 10.410 10.054  9.697  9.339  8.981  8.621  8.261  7.900  7.538  7.175  6.811  6.446  6.081  5.714 
30.855 30.544 30.232 29.920 29.606 29.292 28.978 28.663 28.347 28.030 27.713 27.395 27.076 26.757 26.437 26.116 25.794 25.472 25.150 24.826 24.502 24.177 23.851 23.525 23.198 22.870 22.542 22.213 21.883 21.552 21.221 20.889 20.556 20.223 19.889 19.554 19.218 18.882 18.545 18.207 17.868 17.529 17.189 16.848 16.506 16.164 15.820 15.476 15.132 14.786 14.440 14.092 13.744 13.396 13.046 12.696 12.344 11.992 11.639 11.286 10.931 10.576 10.219  9.862  9.504  9.146  8.786  8.425  8.064  7.701  7.338  6.974  6.609  6.243  5.876  5.509 
30.701 30.390 30.078 29.766 29.452 29.138 28.824 28.508 28.192 27.875 27.558 27.239 26.921 26.601 26.281 25.959 25.638 25.315 24.992 24.668 24.344 24.018 23.692 23.365 23.038 22.710 22.381 22.051 21.721 21.389 21.057 20.725 20.391 20.057 19.722 19.387 19.050 18.713 18.375 18.037 17.697 17.357 17.016 16.674 16.332 15.988 15.644 15.299 14.954 14.607 14.260 13.912 13.563 13.213 12.862 12.511 12.159 11.806 11.452 11.097 10.741 10.385 10.028  9.670  9.311  8.951  8.590  8.228  7.866  7.502  7.138  6.773  6.407  6.040  5.672  5.303 
30.543 30.232 29.920 29.607 29.294 28.979 28.665 28.349 28.033 27.716 27.398 27.080 26.760 26.440 26.120 25.798 25.476 25.154 24.830 24.506 24.181 23.855 23.529 23.201 22.873 22.545 22.215 21.885 21.554 21.222 20.890 20.557 20.223 19.888 19.552 19.216 18.879 18.541 18.203 17.863 17.523 17.182 16.840 16.498 16.154 15.810 15.465 15.120 14.773 14.426 14.078 13.729 13.379 13.028 12.677 12.324 11.971 11.617 11.262 10.907 10.550 10.193  9.835  9.476  9.116  8.755  8.393  8.030  7.667  7.302  6.937  6.571  6.204  5.836  5.467  5.097 
30.380 30.068 29.756 29.444 29.130 28.816 28.501 28.185 27.869 27.552 27.234 26.915 26.596 26.276 25.955 25.633 25.311 24.988 24.664 24.339 24.014 23.688 23.361 23.033 22.705 22.376 22.046 21.715 21.384 21.052 20.719 20.385 20.050 19.715 19.379 19.042 18.704 18.366 18.027 17.687 17.346 17.004 16.662 16.319 15.975 15.630 15.284 14.938 14.590 14.242 13.893 13.543 13.193 12.841 12.489 12.136 11.782 11.427 11.072 10.715 10.358  9.999  9.640  9.280  8.920  8.558  8.195  7.832  7.467  7.102  6.736  6.369  6.001  5.632  5.262  4.891 
30.213 29.901 29.589 29.277 28.963 28.649 28.334 28.018 27.701 27.384 27.066 26.747 26.428 26.107 25.786 25.464 25.142 24.818 24.494 24.169 23.844 23.517 23.190 22.862 22.533 22.204 21.873 21.542 21.210 20.878 20.544 20.210 19.875 19.539 19.202 18.865 18.527 18.188 17.848 17.507 17.166 16.824 16.481 16.137 15.792 15.447 15.100 14.753 14.405 14.056 13.707 13.356 13.005 12.653 12.300 11.946 11.591 11.236 10.879 10.522 10.164  9.805  9.445  9.084  8.723  8.360  7.997  7.632  7.267  6.901  6.534  6.166  5.798  5.428  5.057  4.686 
30.042 29.731 29.419 29.106 28.792 28.478 28.163 27.847 27.530 27.213 26.895 26.576 26.256 25.935 25.614 25.292 24.969 24.645 24.321 23.996 23.670 23.343 23.016 22.687 22.358 22.028 21.697 21.366 21.034 20.701 20.367 20.032 19.697 19.360 19.023 18.685 18.347 18.007 17.667 17.326 16.984 16.641 16.297 15.953 15.608 15.262 14.915 14.567 14.218 13.869 13.519 13.168 12.816 12.463 12.109 11.755 11.399 11.043 10.686 10.328  9.969  9.609  9.249  8.887  8.525  8.162  7.798  7.433  7.067  6.700  6.332  5.964  5.594  5.224  4.852  4.480 
29.868 29.557 29.245 28.932 28.618 28.304 27.989 27.673 27.356 27.038 26.720 26.401 26.081 25.760 25.439 25.116 24.793 24.470 24.145 23.819 23.493 23.166 22.838 22.510 22.180 21.850 21.519 21.187 20.854 20.521 20.187 19.852 19.516 19.179 18.842 18.503 18.164 17.824 17.483 17.142 16.799 16.456 16.112 15.767 15.421 15.074 14.727 14.379 14.030 13.680 13.329 12.977 12.625 12.271 11.917 11.562 11.206 10.849 10.491 10.133  9.773  9.413  9.052  8.689  8.326  7.963  7.598  7.232  6.866  6.498  6.130  5.760  5.390  5.019  4.647  4.274 
29.691 29.380 29.068 28.755 28.441 28.127 27.811 27.495 27.179 26.861 26.542 26.223 25.903 25.582 25.261 24.938 24.615 24.291 23.966 23.640 23.314 22.986 22.658 22.329 22.000 21.669 21.338 21.006 20.673 20.339 20.004 19.669 19.333 18.996 18.658 18.319 17.979 17.639 17.298 16.956 16.613 16.269 15.924 15.579 15.233 14.886 14.538 14.189 13.839 13.489 13.137 12.785 12.432 12.078 11.723 11.368 11.011 10.654 10.296  9.936  9.576  9.215  8.854  8.491  8.127  7.763  7.398  7.031  6.664  6.296  5.927  5.557  5.186  4.815  4.442  4.069 
29.511 29.200 28.888 28.575 28.261 27.947 27.632 27.316 26.999 26.681 26.362 26.043 25.723 25.402 25.080 24.757 24.434 24.110 23.784 23.459 23.132 22.804 22.476 22.147 21.817 21.486 21.154 20.822 20.489 20.155 19.820 19.484 19.147 18.810 18.472 18.133 17.793 17.452 17.110 16.768 16.425 16.080 15.735 15.390 15.043 14.695 14.347 13.998 13.648 13.297 12.945 12.592 12.239 11.884 11.529 11.173 10.816 10.458 10.099  9.739  9.379  9.017  8.655  8.292  7.928  7.563  7.197  6.830  6.462  6.094  5.724  5.354  4.982  4.610  4.237  3.863 
29.329 29.018 28.706 28.393 28.079 27.765 27.449 27.133 26.816 26.498 26.180 25.860 25.540 25.219 24.897 24.574 24.250 23.926 23.601 23.275 22.948 22.620 22.291 21.962 21.632 21.301 20.969 20.636 20.303 19.968 19.633 19.297 18.960 18.622 18.284 17.944 17.604 17.263 16.921 16.578 16.235 15.890 15.545 15.199 14.851 14.504 14.155 13.805 13.455 13.103 12.751 12.398 12.044 11.689 11.333 10.977 10.619 10.261  9.901  9.541  9.180  8.818  8.456  8.092  7.727  7.362  6.995  6.628  6.260  5.891  5.521  5.150  4.778  4.405  4.032  3.657 
29.145 28.834 28.522 28.209 27.895 27.580 27.265 26.949 26.632 26.314 25.995 25.675 25.355 25.034 24.712 24.389 24.065 23.740 23.415 23.089 22.762 22.434 22.105 21.775 21.445 21.114 20.782 20.449 20.115 19.780 19.445 19.108 18.771 18.433 18.094 17.755 17.414 17.073 16.730 16.387 16.043 15.698 15.353 15.006 14.659 14.310 13.961 13.611 13.260 12.909 12.556 12.202 11.848 11.493 11.137 10.780 10.422 10.063  9.703  9.343  8.981  8.619  8.256  7.891  7.526  7.161  6.794  6.426  6.057  5.688  5.317  4.946  4.574  4.201  3.826  3.451 
28.959 28.648 28.335 28.022 27.709 27.394 27.079 26.762 26.445 26.127 25.808 25.489 25.168 24.847 24.524 24.201 23.878 23.553 23.227 22.901 22.574 22.246 21.917 21.587 21.256 20.925 20.593 20.259 19.925 19.590 19.255 18.918 18.581 18.242 17.903 17.563 17.223 16.881 16.538 16.195 15.851 15.505 15.159 14.813 14.465 14.116 13.767 13.416 13.065 12.713 12.360 12.006 11.651 11.296 10.939 10.582 10.224  9.864  9.504  9.143  8.781  8.419  8.055  7.691  7.325  6.959  6.592  6.224  5.854  5.485  5.114  4.742  4.369  3.996  3.621  3.246 
28.771 28.459 28.147 27.834 27.521 27.206 26.890 26.574 26.257 25.939 25.620 25.300 24.979 24.658 24.336 24.013 23.689 23.364 23.038 22.711 22.384 22.056 21.727 21.397 21.066 20.734 20.402 20.069 19.734 19.399 19.063 18.727 18.389 18.050 17.711 17.371 17.030 16.688 16.345 16.001 15.657 15.311 14.965 14.618 14.270 13.921 13.571 13.220 12.869 12.516 12.163 11.809 11.454 11.098 10.741 10.383 10.025  9.665  9.305  8.943  8.581  8.218  7.854  7.489  7.123  6.757  6.389  6.021  5.651  5.281  4.910  4.538  4.165  3.791  3.416  3.040 
28.581 28.270 27.958 27.645 27.331 27.016 26.700 26.384 26.067 25.749 25.430 25.110 24.789 24.468 24.145 23.822 23.498 23.173 22.847 22.520 22.193 21.865 21.535 21.205 20.874 20.542 20.210 19.876 19.542 19.207 18.871 18.534 18.196 17.857 17.517 17.177 16.836 16.493 16.150 15.806 15.462 15.116 14.769 14.422 14.074 13.724 13.374 13.023 12.672 12.319 11.965 11.611 11.255 10.899 10.542 10.184  9.825  9.465  9.105  8.743  8.380  8.017  7.653  7.288  6.921  6.554  6.186  5.818  5.448  5.077  4.706  4.333  3.960  3.586  3.210  2.834 
28.390 28.079 27.766 27.453 27.139 26.825 26.509 26.193 25.875 25.557 25.238 24.918 24.597 24.276 23.953 23.630 23.306 22.981 22.655 22.328 22.000 21.672 21.343 21.012 20.681 20.349 20.016 19.683 19.348 19.013 18.677 18.339 18.001 17.662 17.323 16.982 16.640 16.298 15.955 15.611 15.266 14.920 14.573 14.225 13.877 13.527 13.177 12.826 12.474 12.121 11.767 11.412 11.056 10.700 10.343  9.984  9.625  9.265  8.904  8.542  8.179  7.816  7.451  7.085  6.719  6.352  5.983  5.614  5.244  4.873  4.502  4.129  3.755  3.381  3.005  2.629 
28.197 27.886 27.574 27.261 26.947 26.632 26.316 26.000 25.683 25.364 25.045 24.725 24.404 24.083 23.760 23.437 23.113 22.787 22.461 22.135 21.807 21.478 21.149 20.818 20.487 20.155 19.822 19.488 19.153 18.818 18.481 18.144 17.806 17.467 17.127 16.786 16.444 16.102 15.758 15.414 15.069 14.723 14.376 14.028 13.679 13.329 12.979 12.627 12.275 11.922 11.568 11.213 10.857 10.500 10.142  9.784  9.424  9.064  8.703  8.341  7.978  7.614  7.249  6.883  6.516  6.149  5.780  5.411  5.041  4.669  4.297  3.924  3.550  3.175  2.800  2.423 
28.003 27.692 27.380 27.067 26.753 26.438 26.122 25.806 25.489 25.170 24.851 24.531 24.210 23.889 23.566 23.242 22.918 22.593 22.267 21.940 21.612 21.283 20.954 20.623 20.292 19.960 19.626 19.293 18.958 18.622 18.285 17.948 17.609 17.270 16.930 16.589 16.247 15.904 15.561 15.216 14.871 14.525 14.177 13.829 13.480 13.131 12.780 12.428 12.076 11.722 11.368 11.013 10.657 10.300  9.942  9.583  9.223  8.863  8.501  8.139  7.776  7.411  7.046  6.680  6.313  5.945  5.577  5.207  4.837  4.465  4.093  3.719  3.345  2.970  2.594  2.217 
27.808 27.497 27.185 26.872 26.558 26.243 25.927 25.611 25.293 24.975 24.656 24.336 24.015 23.693 23.371 23.047 22.723 22.397 22.071 21.744 21.416 21.087 20.758 20.427 20.096 19.763 19.430 19.096 18.761 18.425 18.088 17.751 17.412 17.073 16.733 16.391 16.049 15.706 15.363 15.018 14.672 14.326 13.979 13.630 13.281 12.931 12.580 12.228 11.876 11.522 11.168 10.812 10.456 10.099  9.741  9.382  9.022  8.661  8.299  7.937  7.573  7.209  6.843  6.477  6.110  5.742  5.373  5.003  4.632  4.261  3.888  3.515  3.140  2.765  2.389  2.011 
27.613 27.301 26.989 26.676 26.362 26.047 25.731 25.415 25.097 24.779 24.460 24.140 23.819 23.497 23.174 22.851 22.526 22.201 21.874 21.547 21.219 20.890 20.561 20.230 19.898 19.566 19.233 18.898 18.563 18.227 17.891 17.553 17.214 16.875 16.534 16.193 15.851 15.508 15.164 14.819 14.473 14.127 13.779 13.431 13.081 12.731 12.380 12.028 11.675 11.321 10.967 10.611 10.255  9.897  9.539  9.180  8.820  8.459  8.097  7.734  7.370  7.006  6.640  6.274  5.907  5.538  5.169  4.799  4.428  4.056  3.683  3.310  2.935  2.560  2.183  1.806 
27.416 27.104 26.792 26.479 26.165 25.850 25.535 25.218 24.900 24.582 24.263 23.943 23.622 23.300 22.977 22.653 22.329 22.003 21.677 21.350 21.022 20.693 20.363 20.032 19.700 19.368 19.035 18.700 18.365 18.029 17.692 17.354 17.015 16.676 16.335 15.994 15.652 15.308 14.964 14.619 14.273 13.927 13.579 13.230 12.881 12.531 12.179 11.827 11.474 11.120 10.765 10.410 10.053  9.696  9.337  8.978  8.618  8.256  7.894  7.531  7.167  6.803  6.437  6.070  5.703  5.334  4.965  4.595  4.224  3.852  3.479  3.105  2.730  2.354  1.978  1.600 
27.218 26.907 26.594 26.281 25.967 25.653 25.337 25.020 24.703 24.384 24.065 23.745 23.424 23.102 22.779 22.455 22.131 21.805 21.479 21.151 20.823 20.494 20.164 19.833 19.502 19.169 18.836 18.501 18.166 17.830 17.493 17.155 16.816 16.476 16.136 15.794 15.452 15.108 14.764 14.419 14.073 13.726 13.378 13.030 12.680 12.330 11.978 11.626 11.273 10.919 10.564 10.208  9.851  9.493  9.135  8.775  8.415  8.054  7.691  7.328  6.964  6.599  6.233  5.867  5.499  5.130  4.761  4.391  4.019  3.647  3.274  2.900  2.525  2.149  1.772  1.394 
27.020 26.708 26.396 26.083 25.769 25.454 25.138 24.822 24.504 24.186 23.866 23.546 23.225 22.903 22.580 22.256 21.932 21.606 21.280 20.952 20.624 20.295 19.965 19.634 19.302 18.970 18.636 18.302 17.966 17.630 17.293 16.955 16.616 16.276 15.935 15.594 15.251 14.908 14.564 14.218 13.872 13.525 13.177 12.829 12.479 12.128 11.777 11.424 11.071 10.717 10.362 10.006  9.649  9.291  8.932  8.573  8.212  7.851  7.488  7.125  6.761  6.396  6.030  5.663  5.295  4.926  4.557  4.186  3.815  3.442  3.069  2.695  2.319  1.943  1.566  1.189 
26.820 26.509 26.197 25.884 25.570 25.255 24.939 24.622 24.305 23.986 23.667 23.347 23.026 22.704 22.381 22.057 21.732 21.407 21.080 20.753 20.425 20.095 19.765 19.434 19.103 18.770 18.436 18.102 17.766 17.430 17.093 16.754 16.415 16.076 15.735 15.393 15.050 14.707 14.362 14.017 13.671 13.324 12.976 12.627 12.277 11.926 11.575 11.222 10.869 10.515 10.159  9.803  9.446  9.088  8.729  8.370  8.009  7.647  7.285  6.921  6.557  6.192  5.826  5.459  5.091  4.722  4.352  3.981  3.610  3.237  2.864  2.489  2.114  1.738  1.361  0.983 
26.621 26.309 25.997 25.684 25.370 25.055 24.739 24.423 24.105 23.787 23.467 23.147 22.826 22.504 22.181 21.857 21.532 21.207 20.880 20.553 20.224 19.895 19.565 19.234 18.902 18.569 18.236 17.901 17.565 17.229 16.892 16.554 16.214 15.874 15.534 15.192 14.849 14.505 14.161 13.816 13.469 13.122 12.774 12.425 12.075 11.724 11.373 11.020 10.666 10.312  9.957  9.600  9.243  8.885  8.526  8.166  7.805  7.444  7.081  6.718  6.353  5.988  5.622  5.254  4.886  4.517  4.148  3.777  3.405  3.032  2.659  2.284  1.909  1.533  1.155  0.777 
26.420 26.109 25.797 25.484 25.170 24.855 24.539 24.222 23.905 23.586 23.267 22.947 22.625 22.303 21.980 21.656 21.332 21.006 20.679 20.352 20.024 19.694 19.364 19.033 18.701 18.368 18.034 17.700 17.364 17.028 16.690 16.352 16.013 15.673 15.332 14.990 14.647 14.304 13.959 13.614 13.267 12.920 12.572 12.223 11.873 11.522 11.170 10.817 10.464 10.109  9.754  9.397  9.040  8.682  8.323  7.963  7.602  7.240  6.877  6.514  6.149  5.784  5.417  5.050  4.682  4.313  3.943  3.572  3.200  2.827  2.454  2.079  1.703  1.327  0.950  0.571 
26.220 25.908 25.596 25.283 24.969 24.654 24.338 24.022 23.704 23.385 23.066 22.746 22.424 22.102 21.779 21.455 21.131 20.805 20.478 20.151 19.822 19.493 19.163 18.832 18.500 18.167 17.833 17.498 17.163 16.826 16.489 16.150 15.811 15.471 15.130 14.788 14.445 14.101 13.757 13.411 13.065 12.717 12.369 12.020 11.670 11.319 10.967 10.614 10.260  9.906  9.550  9.194  8.837  8.478  8.119  7.759  7.398  7.036  6.673  6.310  5.945  5.579  5.213  4.846  4.477  4.108  3.738  3.367  2.995  2.622  2.248  1.874  1.498  1.122  0.744  0.366 
26.018 25.707 25.395 25.082 24.768 24.453 24.137 23.820 23.503 23.184 22.865 22.544 22.223 21.901 21.578 21.254 20.929 20.603 20.277 19.949 19.621 19.291 18.961 18.630 18.298 17.965 17.631 17.296 16.961 16.624 16.287 15.948 15.609 15.269 14.928 14.586 14.243 13.899 13.554 13.209 12.862 12.515 12.166 11.817 11.467 11.116 10.764 10.411 10.057  9.702  9.347  8.990  8.633  8.275  7.915  7.555  7.194  6.832  6.469  6.105  5.741  5.375  5.008  4.641  4.273  3.903  3.533  3.162  2.790  2.417  2.043  1.668  1.293  0.916  0.538  0.160 
25.817 25.505 25.193 24.880 24.566 24.251 23.935 23.618 23.301 22.982 22.663 22.342 22.021 21.699 21.376 21.052 20.727 20.401 20.075 19.747 19.419 19.089 18.759 18.428 18.096 17.763 17.429 17.094 16.758 16.422 16.084 15.746 15.406 15.066 14.725 14.383 14.040 13.696 13.351 13.006 12.659 12.312 11.963 11.614 11.264 10.912 10.560 10.207  9.854  9.499  9.143  8.787  8.429  8.071  7.711  7.351  6.990  6.628  6.265  5.901  5.536  5.170  4.804  4.436  4.068  3.698  3.328  2.957  2.585  2.212  1.838  1.463  1.087  0.710  0.333 -0.046 
25.615 25.303 24.991 24.678 24.364 24.049 23.733 23.416 23.099 22.780 22.461 22.140 21.819 21.497 21.174 20.850 20.525 20.199 19.872 19.545 19.216 18.887 18.557 18.225 17.893 17.560 17.226 16.891 16.556 16.219 15.881 15.543 15.204 14.863 14.522 14.180 13.837 13.493 13.148 12.802 12.456 12.108 11.760 11.410 11.060 10.709 10.357 10.004  9.650  9.295  8.939  8.583  8.225  7.867  7.507  7.147  6.786  6.423  6.060  5.696  5.331  4.966  4.599  4.231  3.863  3.493  3.123  2.751  2.379  2.006  1.632  1.257  0.881  0.504  0.126 -0.251 
25.412 25.101 24.789 24.476 24.162 23.847 23.531 23.214 22.896 22.578 22.258 21.938 21.616 21.294 20.971 20.647 20.322 19.996 19.670 19.342 19.013 18.684 18.353 18.022 17.690 17.357 17.023 16.688 16.352 16.015 15.677 15.338 14.999 14.658 14.316 13.974 13.631 13.286 12.941 12.595 12.247 11.899 11.550 11.200 10.849 10.496 10.143  9.789  9.434  9.078  8.721  8.363  8.004  7.644  7.283  6.920  6.557  6.193  5.828  5.462  5.094  4.726  4.357  3.987  3.615  3.243  2.870  2.496  2.121  1.744  1.367  0.989  0.610  0.230 -0.151 -0.457 
25.208 24.897 24.585 24.272 23.957 23.642 23.326 23.010 22.692 22.373 22.054 21.733 21.412 21.089 20.766 20.442 20.116 19.790 19.463 19.135 18.807 18.477 18.146 17.814 17.482 17.148 16.814 16.478 16.142 15.805 15.467 15.127 14.787 14.446 14.104 13.761 13.418 13.073 12.727 12.381 12.033 11.685 11.335 10.985 10.634 10.281  9.928  9.575  9.220  8.864  8.507  8.150  7.792  7.433  7.073  6.712  6.350  5.988  5.625  5.261  4.896  4.530  4.164  3.797  3.430  3.061  2.692  2.323  1.953  1.582  1.210  0.838  0.465  0.092 -0.258 -0.663 
25.002 24.690 24.378 24.065 23.751 23.436 23.120 22.803 22.485 22.166 21.847 21.526 21.205 20.882 20.559 20.235 19.909 19.583 19.256 18.928 18.599 18.269 17.938 17.607 17.274 16.940 16.606 16.270 15.934 15.596 15.258 14.919 14.578 14.237 13.895 13.552 13.208 12.863 12.516 12.169 11.821 11.472 11.122 10.771 10.418 10.065  9.711  9.356  8.999  8.642  8.283  7.924  7.563  7.201  6.838  6.475  6.110  5.744  5.377  5.009  4.640  4.270  3.899  3.527  3.155  2.781  2.407  2.032  1.657  1.281  0.904  0.527  0.150 -0.173 -0.521 -0.869 
24.793 24.482 24.170 23.857 23.542 23.227 22.911 22.594 22.276 21.958 21.638 21.317 20.995 20.673 20.349 20.025 19.699 19.373 19.045 18.717 18.388 18.058 17.727 17.395 17.062 16.728 16.393 16.057 15.720 15.382 15.044 14.704 14.364 14.022 13.680 13.337 12.992 12.647 12.301 11.954 11.607 11.258 10.908 10.558 10.206  9.854  9.501  9.147  8.793  8.437  8.081  7.723  7.365  7.006  6.647  6.286  5.925  5.562  5.199  4.835  4.469  4.103  3.735  3.365  2.994  2.621  2.246  1.867  1.486  1.101  0.711  0.315 -0.085 -0.411 -0.742 -1.074 
24.583 24.272 23.960 23.646 23.332 23.017 22.701 22.384 22.066 21.747 21.427 21.107 20.785 20.462 20.139 19.814 19.489 19.162 18.835 18.506 18.177 17.847 17.516 17.184 16.850 16.516 16.181 15.845 15.508 15.170 14.831 14.491 14.150 13.808 13.465 13.121 12.776 12.430 12.083 11.735 11.387 11.037 10.686 10.334  9.981  9.627  9.272  8.916  8.559  8.201  7.842  7.483  7.122  6.760  6.398  6.035  5.670  5.305  4.940  4.573  4.206  3.838  3.469  3.099  2.729  2.359  1.988  1.616  1.244  0.872  0.499  0.125 -0.202 -0.561 -0.920 -1.280 
24.371 24.060 23.747 23.434 23.120 22.805 22.489 22.172 21.854 21.535 21.215 20.894 20.572 20.249 19.925 19.601 19.275 18.949 18.621 18.293 17.963 17.633 17.301 16.969 16.636 16.302 15.967 15.631 15.294 14.956 14.617 14.278 13.937 13.595 13.253 12.910 12.565 12.220 11.874 11.527 11.179 10.830 10.480 10.129  9.777  9.424  9.070  8.715  8.359  8.001  7.643  7.283  6.922  6.560  6.196  5.832  5.465  5.097  4.728  4.356  3.984  3.609  3.233  2.855  2.475  2.094  1.711  1.327  0.941  0.554  0.166 -0.169 -0.498 -0.827 -1.156 -1.486 
24.158 23.847 23.535 23.221 22.907 22.592 22.276 21.959 21.641 21.322 21.002 20.681 20.359 20.036 19.712 19.387 19.062 18.735 18.407 18.079 17.749 17.418 17.087 16.754 16.421 16.086 15.751 15.414 15.077 14.738 14.399 14.059 13.717 13.375 13.032 12.687 12.342 11.996 11.649 11.300 10.951 10.601 10.250  9.898  9.546  9.192  8.837  8.482  8.125  7.768  7.410  7.051  6.691  6.330  5.969  5.607  5.244  4.880  4.516  4.151  3.785  3.419  3.052  2.684  2.316  1.948  1.579  1.209  0.839  0.468  0.098 -0.232 -0.596 -0.961 -1.326 -1.691 
23.943 23.632 23.320 23.006 22.692 22.377 22.061 21.744 21.426 21.107 20.787 20.466 20.144 19.821 19.497 19.172 18.847 18.520 18.192 17.864 17.534 17.204 16.872 16.540 16.207 15.872 15.537 15.201 14.864 14.525 14.186 13.846 13.505 13.163 12.820 12.476 12.131 11.785 11.437 11.089 10.740 10.389 10.038  9.685  9.332  8.977  8.621  8.264  7.906  7.546  7.186  6.824  6.461  6.097  5.732  5.366  4.998  4.630  4.261  3.890  3.519  3.147  2.774  2.400  2.025  1.650  1.274  0.898  0.521  0.144 -0.178 -0.521 -0.865 -1.208 -1.552 -1.897 
23.728 23.417 23.104 22.791 22.477 22.162 21.845 21.528 21.210 20.891 20.571 20.250 19.928 19.605 19.281 18.956 18.630 18.303 17.975 17.646 17.316 16.986 16.654 16.321 15.987 15.653 15.317 14.980 14.643 14.304 13.965 13.624 13.283 12.941 12.597 12.253 11.908 11.562 11.215 10.867 10.518 10.169  9.818  9.466  9.114  8.761  8.407  8.052  7.696  7.340  6.983  6.625  6.266  5.906  5.546  5.185  4.823  4.461  4.098  3.734  3.370  3.005  2.640  2.274  1.908  1.541  1.173  0.805  0.437  0.068 -0.263 -0.630 -0.997 -1.365 -1.734 -2.103 
23.512 23.200 22.888 22.575 22.260 21.945 21.629 21.312 20.994 20.675 20.355 20.034 19.712 19.389 19.065 18.740 18.414 18.087 17.759 17.431 17.101 16.770 16.438 16.106 15.772 15.437 15.102 14.765 14.427 14.089 13.749 13.408 13.066 12.724 12.380 12.035 11.689 11.342 10.994 10.645 10.295  9.944  9.592  9.239  8.885  8.530  8.174  7.817  7.459  7.099  6.739  6.378  6.016  5.653  5.290  4.925  4.560  4.193  3.826  3.459  3.090  2.721  2.352  1.981  1.611  1.240  0.868  0.496  0.123 -0.200 -0.551 -0.902 -1.253 -1.604 -1.956 -2.309 
23.294 22.983 22.670 22.357 22.043 21.728 21.411 21.094 20.776 20.457 20.137 19.815 19.493 19.170 18.846 18.521 18.195 17.868 17.540 17.211 16.882 16.551 16.219 15.886 15.553 15.218 14.882 14.546 14.208 13.870 13.531 13.190 12.849 12.507 12.164 11.820 11.475 11.129 10.783 10.435 10.087  9.737  9.387  9.036  8.683  8.330  7.976  7.621  7.264  6.907  6.548  6.189  5.827  5.465  5.100  4.735  4.367  3.997  3.625  3.251  2.875  2.497  2.115  1.732  1.346  0.958  0.568  0.176 -0.180 -0.515 -0.848 -1.181 -1.514 -1.848 -2.181 -2.514 
23.077 22.765 22.453 22.140 21.825 21.510 21.194 20.877 20.558 20.239 19.919 19.598 19.276 18.953 18.629 18.304 17.978 17.651 17.322 16.993 16.663 16.332 16.000 15.667 15.333 14.998 14.662 14.326 13.988 13.649 13.309 12.968 12.626 12.283 11.939 11.594 11.248 10.901 10.553 10.204  9.854  9.503  9.151  8.799  8.445  8.091  7.735  7.379  7.022  6.664  6.305  5.945  5.584  5.223  4.861  4.498  4.135  3.771  3.406  3.041  2.675  2.308  1.941  1.573  1.205  0.837  0.468  0.099 -0.226 -0.581 -0.937 -1.293 -1.649 -2.005 -2.362 -2.720 
22.857 22.546 22.234 21.920 21.606 21.291 20.975 20.657 20.339 20.020 19.700 19.379 19.057 18.734 18.410 18.085 17.759 17.432 17.104 16.775 16.445 16.114 15.783 15.450 15.116 14.782 14.446 14.110 13.772 13.433 13.094 12.753 12.412 12.069 11.726 11.381 11.036 10.689 10.341  9.992  9.642  9.291  8.939  8.586  8.231  7.875  7.519  7.160  6.801  6.440  6.079  5.716  5.351  4.986  4.619  4.251  3.882  3.512  3.141  2.769  2.397  2.023  1.648  1.273  0.898  0.522  0.145 -0.177 -0.520 -0.862 -1.205 -1.549 -1.892 -2.236 -2.581 -2.926 
22.639 22.327 22.015 21.702 21.387 21.072 20.756 20.438 20.120 19.801 19.481 19.159 18.837 18.514 18.190 17.865 17.538 17.211 16.883 16.554 16.224 15.893 15.561 15.228 14.893 14.558 14.222 13.885 13.547 13.208 12.868 12.528 12.186 11.843 11.499 11.154 10.809 10.462 10.115  9.766  9.417  9.067  8.716  8.364  8.011  7.658  7.303  6.948  6.592  6.235  5.878  5.520  5.161  4.801  4.441  4.080  3.718  3.356  2.993  2.630  2.266  1.901  1.536  1.171  0.805  0.439  0.072 -0.254 -0.612 -0.971 -1.330 -1.689 -2.049 -2.409 -2.770 -3.131 
22.419 22.108 21.795 21.482 21.168 20.852 20.536 20.219 19.901 19.582 19.261 18.940 18.618 18.295 17.971 17.646 17.320 16.993 16.665 16.336 16.006 15.675 15.343 15.010 14.676 14.341 14.005 13.668 13.330 12.991 12.651 12.309 11.967 11.624 11.280 10.934 10.588 10.241  9.892  9.542  9.192  8.840  8.487  8.134  7.779  7.423  7.066  6.708  6.349  5.989  5.628  5.267  4.904  4.540  4.176  3.811  3.445  3.078  2.711  2.343  1.974  1.605  1.236  0.866  0.495  0.124 -0.198 -0.545 -0.893 -1.241 -1.589 -1.938 -2.287 -2.637 -2.987 -3.337 
22.199 21.887 21.575 21.262 20.947 20.632 20.316 19.998 19.680 19.361 19.040 18.719 18.397 18.074 17.750 17.424 17.098 16.771 16.443 16.114 15.784 15.453 15.121 14.788 14.454 14.119 13.783 13.446 13.109 12.770 12.430 12.090 11.748 11.406 11.063 10.719 10.373 10.028  9.681  9.333  8.984  8.635  8.284  7.933  7.581  7.228  6.873  6.518  6.162  5.805  5.446  5.086  4.725  4.362  3.997  3.630  3.262  2.890  2.516  2.139  1.759  1.376  0.988  0.597  0.202 -0.198 -0.522 -0.849 -1.179 -1.512 -1.846 -2.183 -2.521 -2.861 -3.201 -3.543 
21.979 21.668 21.355 21.042 20.728 20.412 20.096 19.779 19.460 19.141 18.821 18.500 18.177 17.854 17.530 17.205 16.878 16.551 16.223 15.894 15.563 15.232 14.900 14.567 14.232 13.897 13.561 13.224 12.885 12.546 12.206 11.864 11.522 11.178 10.834 10.489 10.142  9.795  9.447  9.097  8.747  8.396  8.044  7.691  7.337  6.982  6.626  6.270  5.912  5.554  5.195  4.835  4.474  4.113  3.751  3.389  3.025  2.661  2.297  1.932  1.566  1.201  0.834  0.467  0.100 -0.222 -0.573 -0.924 -1.276 -1.628 -1.980 -2.333 -2.686 -3.040 -3.394 -3.749 
21.757 21.446 21.134 20.820 20.506 20.191 19.874 19.557 19.239 18.920 18.599 18.278 17.956 17.633 17.309 16.984 16.658 16.331 16.003 15.674 15.344 15.013 14.681 14.348 14.014 13.679 13.344 13.007 12.669 12.331 11.991 11.650 11.308 10.966 10.622 10.277  9.931  9.584  9.236  8.886  8.536  8.184  7.831  7.477  7.122  6.766  6.408  6.049  5.688  5.326  4.963  4.599  4.234  3.867  3.499  3.130  2.760  2.389  2.017  1.644  1.270  0.896  0.521  0.146 -0.176 -0.518 -0.860 -1.203 -1.545 -1.888 -2.232 -2.575 -2.919 -3.264 -3.609 -3.954 
21.537 21.225 20.913 20.600 20.285 19.970 19.654 19.336 19.018 18.699 18.378 18.057 17.735 17.411 17.087 16.762 16.435 16.108 15.780 15.450 15.120 14.789 14.456 14.123 13.789 13.454 13.117 12.780 12.442 12.103 11.763 11.422 11.079 10.736 10.393 10.048  9.702  9.355  9.008  8.659  8.310  7.960  7.608  7.257  6.904  6.550  6.196  5.841  5.485  5.128  4.771  4.413  4.055  3.695  3.335  2.975  2.614  2.252  1.890  1.528  1.165  0.801  0.437  0.073 -0.250 -0.603 -0.957 -1.312 -1.666 -2.021 -2.376 -2.732 -3.088 -3.445 -3.802 -4.160 
21.315 21.004 20.692 20.378 20.064 19.749 19.433 19.115 18.797 18.478 18.158 17.836 17.514 17.191 16.867 16.542 16.215 15.888 15.560 15.231 14.901 14.570 14.238 13.904 13.570 13.235 12.899 12.561 12.223 11.884 11.543 11.202 10.859 10.515 10.171  9.825  9.478  9.130  8.781  8.431  8.080  7.728  7.375  7.020  6.665  6.309  5.951  5.593  5.234  4.873  4.512  4.150  3.788  3.424  3.060  2.695  2.329  1.962  1.596  1.228  0.860  0.492  0.123 -0.197 -0.543 -0.888 -1.235 -1.581 -1.928 -2.275 -2.622 -2.970 -3.318 -3.667 -4.016 -4.366 
21.093 20.782 20.470 20.156 19.842 19.526 19.210 18.893 18.574 18.255 17.935 17.613 17.291 16.968 16.643 16.318 15.992 15.665 15.336 15.007 14.677 14.346 14.014 13.681 13.347 13.012 12.676 12.339 12.001 11.662 11.323 10.982 10.641 10.298  9.955  9.611  9.266  8.920  8.573  8.226  7.877  7.527  7.177  6.826  6.473  6.120  5.766  5.410  5.053  4.695  4.336  3.974  3.611  3.246  2.879  2.509  2.136  1.760  1.380  0.997  0.609  0.217 -0.179 -0.501 -0.827 -1.156 -1.489 -1.824 -2.161 -2.501 -2.842 -3.186 -3.530 -3.877 -4.224 -4.571 
20.872 20.561 20.248 19.935 19.621 19.305 18.989 18.672 18.353 18.034 17.714 17.392 17.070 16.747 16.422 16.097 15.770 15.443 15.115 14.785 14.455 14.123 13.791 13.457 13.123 12.787 12.451 12.113 11.775 11.435 11.095 10.753 10.410 10.067  9.722  9.377  9.030  8.683  8.334  7.985  7.634  7.283  6.931  6.578  6.224  5.869  5.513  5.157  4.800  4.442  4.083  3.724  3.363  3.003  2.641  2.280  1.917  1.554  1.191  0.827  0.463  0.098 -0.222 -0.570 -0.919 -1.268 -1.617 -1.967 -2.316 -2.667 -3.017 -3.368 -3.720 -4.072 -4.424 -4.777 
20.649 20.338 20.025 19.712 19.398 19.082 18.766 18.449 18.130 17.811 17.491 17.170 16.848 16.524 16.200 15.875 15.549 15.222 14.894 14.565 14.236 13.905 13.573 13.240 12.907 12.572 12.237 11.901 11.564 11.226 10.887 10.547 10.207  9.865  9.523  9.180  8.837  8.492  8.147  7.801  7.455  7.108  6.760  6.411  6.063  5.713  5.363  5.013  4.663  4.312  3.960  3.609  3.258  2.906  2.554  2.203  1.852  1.501  1.150  0.799  0.450  0.101 -0.119 -0.272 -0.418 -0.562 -0.706 -0.847 -0.987 -1.124 -1.260 -1.394 -1.525 -1.653 -1.779 -1.902 
20.438 20.126 19.814 19.501 19.187 18.872 18.557 18.240 17.923 17.605 17.286 16.966 16.646 16.324 16.002 15.679 15.355 15.031 14.706 14.380 14.054 13.727 13.399 13.071 12.742 12.413 12.083 11.753 11.422 11.091 10.760 10.428 10.097  9.765  9.433  9.101  8.769  8.437  8.105  7.774  7.443  7.112  6.782  6.452  6.123  5.795  5.467  5.140  4.815  4.490  4.166  3.843  3.521  3.200  2.881  2.562  2.245  1.929  1.614  1.300  0.987  0.675  0.364  0.054 -0.127 -0.235 -0.337 -0.437 -0.536 -0.635 -0.732 -0.828 -0.923 -1.016 -1.109 -1.200 
20.276 19.965 19.653 19.341 19.028 18.715 18.401 18.086 17.771 17.456 17.140 16.823 16.506 16.189 15.871 15.553 15.235 14.916 14.596 14.277 13.957 13.637 13.316 12.996 12.675 12.355 12.034 11.713 11.392 11.071 10.750 10.430 10.109  9.789  9.469  9.150  8.830  8.512  8.193  7.876  7.559  7.242  6.927  6.612  6.299  5.986  5.674  5.364  5.054  4.747  4.440  4.135  3.832  3.530  3.229  2.931  2.634  2.338  2.045  1.752  1.462  1.172  0.884  0.598  0.312  0.028 -0.131 -0.220 -0.303 -0.384 -0.465 -0.546 -0.625 -0.703 -0.781 -0.858 
20.190 19.879 19.567 19.256 18.944 18.633 18.320 18.008 17.696 17.383 17.071 16.758 16.445 16.132 15.818 15.505 15.192 14.879 14.565 14.252 13.939 13.625 13.312 12.999 12.686 12.374 12.061 11.749 11.437 11.126 10.815 10.504 10.194  9.884  9.575  9.266  8.958  8.651  8.344  8.038  7.733  7.429  7.126  6.823  6.522  6.222  5.923  5.625  5.328  5.033  4.740  4.448  4.157  3.868  3.581  3.296  3.013  2.731  2.452  2.174  1.898  1.624  1.351  1.081  0.812  0.544  0.277  0.012 -0.133 -0.209 -0.280 -0.350 -0.420 -0.489 -0.557 -0.625 
20.176 19.866 19.555 19.244 18.934 18.623 18.313 18.003 17.692 17.383 17.073 16.763 16.453 16.144 15.835 15.526 15.217 14.909 14.600 14.292 13.985 13.677 13.370 13.064 12.757 12.451 12.146 11.841 11.536 11.232 10.928 10.625 10.322 10.019  9.717  9.416  9.115  8.815  8.514  8.215  7.915  7.616  7.317  7.019  6.720  6.421  6.123  5.823  5.524  5.223  4.922  4.620  4.316  4.011  3.704  3.394  3.082  2.768  2.450  2.130  1.807  1.481  1.153  0.821  0.488  0.152 -0.217 -0.660 -1.103 -1.545 -1.986 -2.425 -2.863 -3.298 -3.731 -4.160 
20.215 19.904 19.593 19.283 18.973 18.662 18.353 18.043 17.733 17.424 17.114 16.805 16.496 16.187 15.879 15.570 15.262 14.953 14.645 14.336 14.028 13.720 13.412 13.103 12.795 12.487 12.178 11.870 11.561 11.252 10.943 10.633 10.324 10.014  9.703  9.393  9.082  8.770  8.458  8.145  7.832  7.518  7.204  6.889  6.573  6.256  5.939  5.621  5.302  4.982  4.662  4.341  4.019  3.696  3.373  3.049  2.724  2.398  2.072  1.746  1.418  1.091  0.763  0.434  0.106 -0.162 -0.425 -0.688 -0.949 -1.209 -1.467 -1.723 -1.977 -2.228 -2.476 -2.720 
20.234 19.923 19.612 19.301 18.991 18.680 18.369 18.058 17.747 17.436 17.125 16.814 16.503 16.192 15.880 15.569 15.258 14.946 14.635 14.323 14.012 13.700 13.388 13.076 12.764 12.452 12.139 11.827 11.514 11.201 10.888 10.575 10.262  9.949  9.636  9.322  9.009  8.695  8.381  8.068  7.754  7.441  7.128  6.815  6.502  6.189  5.877  5.565  5.253  4.942  4.631  4.320  4.010  3.701  3.392  3.084  2.776  2.469  2.163  1.857  1.552  1.247  0.943  0.640  0.337  0.034 -0.158 -0.292 -0.425 -0.555 -0.684 -0.810 -0.932 -1.052 -1.168 -1.280 
20.226 19.915 19.604 19.293 18.982 18.671 18.360 18.049 17.738 17.427 17.116 16.805 16.493 16.182 15.871 15.560 15.249 14.938 14.627 14.315 14.004 13.693 13.383 13.072 12.761 12.450 12.140 11.830 11.519 11.209 10.900 10.590 10.281  9.972  9.663  9.354  9.046  8.739  8.432  8.125  7.819  7.513  7.208  6.904  6.600  6.297  5.995  5.694  5.394  5.095  4.797  4.501  4.206  3.912  3.621  3.331  3.042  2.756  2.472  2.190  1.910  1.632  1.356  1.082  0.810  0.540  0.272  0.005 -0.110 -0.134 -0.152 -0.162 -0.163 -0.147 -0.042  0.160 
20.233 19.922 19.611 19.301 18.990 18.680 18.370 18.060 17.750 17.440 17.130 16.821 16.512 16.203 15.894 15.585 15.277 14.969 14.661 14.353 14.046 13.739 13.432 13.126 12.820 12.514 12.209 11.905 11.601 11.297 10.994 10.692 10.390 10.089  9.789  9.490  9.191  8.893  8.596  8.300  8.005  7.711  7.418  7.127  6.836  6.547  6.259  5.973  5.687  5.404  5.122  4.841  4.562  4.285  4.009  3.735  3.462  3.192  2.923  2.655  2.390  2.126  1.865  1.608  1.359  1.122  0.907  0.726  0.594  0.527  0.535  0.623  0.787  1.017  1.294  1.600 
20.289 19.978 19.668 19.358 19.049 18.740 18.432 18.124 17.817 17.510 17.204 16.898 16.593 16.289 15.985 15.682 15.380 15.079 14.778 14.479 14.181 13.883 13.587 13.292 12.999 12.707 12.417 12.128 11.841 11.556 11.272 10.991 10.713 10.437 10.163  9.892  9.624  9.359  9.097  8.838  8.583  8.332  8.085  7.842  7.603  7.368  7.138  6.913  6.693  6.477  6.268  6.063  5.864  5.671  5.484  5.303  5.127  4.958  4.796  4.639  4.490  4.346  4.210  4.080  3.956  3.840  3.730  3.627  3.530  3.440  3.357  3.280  3.211  3.147  3.090  3.040 
20.477 20.167 19.858 19.550 19.244 18.938 18.635 18.332 18.031 17.731 17.433 17.136 16.841 16.547 16.254 15.964 15.675 15.387 15.102 14.818 14.536 14.257 13.979 13.703 13.430 13.159 12.890 12.623 12.360 12.098 11.840 11.584 11.331 11.081 10.834 10.590 10.350 10.113  9.879  9.649  9.422  9.200  8.981  8.765  8.554  8.347  8.145  7.946  7.752  7.563  7.378  7.198  7.022  6.852  6.686  6.525  6.370  6.219  6.074  5.934  5.800  5.671  5.548  5.430  5.318  5.212  5.111  5.017  4.928  4.846  4.769  4.699  4.635  4.577  4.525  4.480 
20.844 20.534 20.226 19.920 19.616 19.314 19.015 18.717 18.421 18.127 17.835 17.546 17.258 16.973 16.690 16.409 16.131 15.854 15.580 15.309 15.040 14.773 14.509 14.248 13.989 13.733 13.480 13.230 12.982 12.737 12.496 12.257 12.022 11.790 11.561 11.335 11.113 10.895 10.680 10.468 10.260 10.057  9.857  9.660  9.468  9.280  9.096  8.917  8.741  8.571  8.404  8.242  8.085  7.932  7.785  7.642  7.504  7.371  7.243  7.120  7.003  6.890  6.784  6.682  6.586  6.496  6.412  6.333  6.260  6.193  6.132  6.077  6.029  5.986  5.950  5.920 
21.348 21.039 20.732 20.427 20.125 19.825 19.528 19.234 18.942 18.652 18.366 18.081 17.800 17.521 17.245 16.971 16.700 16.432 16.167 15.905 15.645 15.388 15.135 14.884 14.636 14.392 14.150 13.912 13.677 13.445 13.216 12.991 12.769 12.551 12.336 12.125 11.917 11.713 11.513 11.316 11.124 10.935 10.751 10.570 10.394 10.222 10.054  9.891  9.732  9.577  9.427  9.281  9.141  9.005  8.873  8.747  8.626  8.509  8.398  8.292  8.191  8.096  8.006  7.921  7.842  7.769  7.701  7.639  7.583  7.533  7.489  7.450  7.418  7.393  7.373  7.360 
21.957 21.647 21.341 21.037 20.736 20.439 20.144 19.852 19.563 19.277 18.994 18.714 18.438 18.164 17.893 17.625 17.361 17.099 16.841 16.586 16.334 16.085 15.840 15.597 15.359 15.123 14.891 14.663 14.438 14.217 13.999 13.784 13.574 13.367 13.164 12.965 12.770 12.578 12.391 12.207 12.028 11.853 11.682 11.515 11.353 11.195 11.041 10.892 10.747 10.607 10.472 10.341 10.216 10.095  9.979  9.868  9.762  9.661  9.565  9.475  9.390  9.310  9.236  9.168  9.104  9.047  8.995  8.950  8.910  8.876  8.847  8.826  8.810  8.800  8.797  8.800 
22.649 22.340 22.034 21.731 21.432 21.136 20.843 20.553 20.267 19.984 19.704 19.428 19.155 18.885 18.619 18.356 18.096 17.840 17.587 17.338 17.092 16.850 16.611 16.376 16.144 15.916 15.691 15.470 15.253 15.039 14.829 14.623 14.420 14.221 14.026 13.835 13.647 13.463 13.282 13.106 12.933 12.763 12.598 12.436 12.278 12.123 11.972 11.825 11.681 11.541 11.404 11.270 11.139 11.012 10.888 10.767 10.649 10.534 10.421 10.311 10.204 10.099  9.997  9.896  9.797  9.701  9.606  9.512  9.420  9.329  9.239  9.151  9.062  8.975  8.887  8.800 
23.402 23.092 22.787 22.484 22.185 21.890 21.598 21.309 21.024 20.742 20.463 20.188 19.917 19.648 19.384 19.122 18.864 18.610 18.359 18.111 17.866 17.625 17.388 17.153 16.923 16.695 16.471 16.250 16.032 15.818 15.607 15.400 15.195 14.994 14.796 14.601 14.410 14.221 14.036 13.853 13.674 13.497 13.324 13.153 12.985 12.820 12.658 12.498 12.341 12.187 12.035 11.885 11.738 11.593 11.450 11.310 11.171 11.035 10.900 10.767 10.635 10.506 10.377 10.251 10.125 10.001  9.878  9.755  9.634  9.513  9.393  9.274  9.155  9.037  8.918  8.800 
24.158 23.849 23.543 23.240 22.941 22.645 22.352 22.063 21.777 21.494 21.215 20.939 20.666 20.396 20.130 19.866 19.606 19.350 19.096 18.846 18.599 18.355 18.114 17.876 17.641 17.409 17.181 16.955 16.733 16.513 16.296 16.082 15.871 15.663 15.458 15.255 15.056 14.858 14.664 14.472 14.283 14.096 13.911 13.729 13.550 13.373 13.197 13.025 12.854 12.685 12.519 12.354 12.191 12.030 11.871 11.713 11.558 11.403 11.250 11.099 10.949 10.800 10.652 10.505 10.359 10.215 10.071  9.928  9.785  9.643  9.502  9.361  9.221  9.080  8.940  8.800 
24.878 24.568 24.262 23.959 23.659 23.362 23.068 22.777 22.490 22.205 21.924 21.645 21.370 21.097 20.828 20.561 20.298 20.037 19.780 19.525 19.273 19.025 18.779 18.536 18.295 18.058 17.823 17.591 17.361 17.135 16.911 16.689 16.470 16.254 16.040 15.829 15.620 15.413 15.209 15.007 14.807 14.610 14.414 14.221 14.030 13.840 13.653 13.468 13.284 13.102 12.922 12.744 12.567 12.392 12.218 12.046 11.875 11.705 11.537 11.370 11.203 11.038 10.874 10.711 10.549 10.388 10.227 10.067  9.907  9.748  9.589  9.431  9.273  9.115  8.958  8.800 
25.544 25.235 24.928 24.624 24.324 24.025 23.730 23.438 23.148 22.862 22.578 22.296 22.018 21.743 21.470 21.200 20.932 20.668 20.406 20.146 19.890 19.636 19.384 19.135 18.889 18.645 18.404 18.165 17.929 17.695 17.463 17.234 17.007 16.783 16.560 16.340 16.122 15.906 15.692 15.481 15.271 15.063 14.857 14.653 14.451 14.251 14.052 13.855 13.659 13.466 13.273 13.083 12.893 12.705 12.519 12.333 12.149 11.966 11.784 11.603 11.423 11.244 11.066 10.888 10.712 10.536 10.360 10.186 10.011  9.837  9.664  9.491  9.318  9.145  8.973  8.800 
26.154 25.845 25.538 25.234 24.932 24.633 24.336 24.042 23.751 23.462 23.175 22.892 22.610 22.332 22.055 21.782 21.511 21.242 20.976 20.712 20.450 20.191 19.934 19.680 19.428 19.178 18.931 18.685 18.442 18.201 17.963 17.726 17.492 17.259 17.029 16.800 16.574 16.349 16.126 15.906 15.687 15.469 15.254 15.040 14.828 14.617 14.408 14.200 13.994 13.789 13.586 13.384 13.183 12.984 12.785 12.588 12.392 12.197 12.003 11.809 11.617 11.426 11.235 11.045 10.855 10.667 10.478 10.291 10.103  9.916  9.730  9.544  9.357  9.172  8.986  8.800 
26.710 26.400 26.093 25.788 25.486 25.185 24.887 24.592 24.299 24.008 23.719 23.433 23.149 22.867 22.588 22.311 22.036 21.764 21.493 21.225 20.959 20.695 20.433 20.174 19.916 19.661 19.408 19.156 18.907 18.660 18.415 18.171 17.930 17.690 17.452 17.216 16.982 16.749 16.518 16.289 16.061 15.835 15.611 15.388 15.167 14.947 14.728 14.511 14.295 14.080 13.867 13.655 13.444 13.234 13.025 12.817 12.610 12.404 12.199 11.995 11.791 11.588 11.386 11.185 10.984 10.784 10.584 10.385 10.186  9.987  9.789  9.591  9.393  9.195  8.998  8.800 
27.215 26.905 26.597 26.292 25.988 25.687 25.388 25.091 24.796 24.504 24.213 23.924 23.638 23.354 23.071 22.791 22.513 22.237 21.963 21.691 21.421 21.152 20.886 20.622 20.359 20.099 19.840 19.583 19.328 19.075 18.824 18.574 18.326 18.080 17.835 17.592 17.351 17.111 16.873 16.636 16.400 16.166 15.934 15.703 15.473 15.245 15.017 14.791 14.567 14.343 14.120 13.899 13.679 13.459 13.241 13.023 12.807 12.591 12.376 12.162 11.948 11.735 11.523 11.311 11.100 10.889 10.679 10.469 10.260 10.051  9.842  9.633  9.425  9.216  9.008  8.800 
27.673 27.363 27.055 26.749 26.445 26.143 25.842 25.544 25.248 24.953 24.661 24.370 24.082 23.795 23.510 23.227 22.946 22.666 22.389 22.113 21.839 21.567 21.297 21.028 20.761 20.496 20.232 19.970 19.710 19.452 19.195 18.939 18.685 18.433 18.182 17.933 17.685 17.438 17.193 16.950 16.707 16.466 16.226 15.988 15.750 15.514 15.279 15.045 14.813 14.581 14.350 14.120 13.891 13.663 13.436 13.210 12.985 12.760 12.536 12.313 12.090 11.868 11.646 11.425 11.205 10.985 10.765 10.546 10.327 10.108  9.890  9.672  9.454  9.236  9.018  8.800 
28.088 27.778 27.470 27.163 26.859 26.556 26.254 25.955 25.657 25.361 25.067 24.775 24.484 24.195 23.908 23.622 23.338 23.056 22.775 22.496 22.219 21.943 21.669 21.396 21.125 20.856 20.588 20.321 20.056 19.793 19.531 19.270 19.011 18.753 18.497 18.242 17.988 17.735 17.484 17.234 16.985 16.738 16.491 16.246 16.002 15.759 15.517 15.275 15.035 14.796 14.558 14.320 14.084 13.848 13.613 13.379 13.146 12.913 12.681 12.449 12.218 11.988 11.758 11.529 11.300 11.071 10.843 10.615 10.388 10.160  9.933  9.706  9.480  9.253  9.027  8.800 
28.465 28.154 27.846 27.539 27.234 26.930 26.628 26.328 26.029 25.731 25.436 25.141 24.849 24.558 24.268 23.980 23.694 23.409 23.125 22.843 22.563 22.284 22.006 21.730 21.455 21.182 20.910 20.639 20.370 20.102 19.835 19.570 19.306 19.043 18.782 18.522 18.262 18.005 17.748 17.492 17.237 16.984 16.731 16.480 16.230 15.980 15.732 15.484 15.237 14.991 14.746 14.502 14.258 14.016 13.774 13.532 13.292 13.052 12.812 12.573 12.335 12.097 11.859 11.622 11.386 11.150 10.914 10.678 10.443 10.208  9.973  9.738  9.503  9.269  9.034  8.800 
28.806 28.496 28.187 27.880 27.574 27.270 26.967 26.665 26.365 26.067 25.769 25.474 25.179 24.886 24.595 24.305 24.016 23.729 23.442 23.158 22.874 22.592 22.312 22.032 21.754 21.477 21.202 20.927 20.654 20.382 20.112 19.842 19.574 19.306 19.040 18.775 18.511 18.248 17.987 17.726 17.466 17.207 16.949 16.692 16.436 16.181 15.926 15.673 15.420 15.168 14.917 14.666 14.417 14.168 13.919 13.671 13.424 13.177 12.931 12.685 12.440 12.196 11.951 11.707 11.464 11.221 10.978 10.735 10.493 10.250 10.008  9.767  9.525  9.283  9.042  8.800 
29.115 28.805 28.496 28.189 27.882 27.577 27.274 26.971 26.670 26.371 26.072 25.775 25.479 25.184 24.891 24.599 24.308 24.019 23.730 23.443 23.157 22.872 22.589 22.307 22.025 21.745 21.466 21.189 20.912 20.636 20.362 20.089 19.816 19.545 19.275 19.005 18.737 18.470 18.203 17.938 17.673 17.409 17.146 16.884 16.623 16.363 16.103 15.844 15.586 15.328 15.072 14.816 14.560 14.305 14.051 13.797 13.544 13.291 13.039 12.787 12.536 12.285 12.034 11.784 11.534 11.285 11.036 10.787 10.538 10.289 10.041  9.792  9.544  9.296  9.048  8.800 
29.396 29.086 28.777 28.469 28.162 27.856 27.552 27.249 26.947 26.646 26.347 26.048 25.751 25.455 25.160 24.866 24.573 24.282 23.991 23.702 23.413 23.126 22.840 22.555 22.271 21.988 21.706 21.426 21.146 20.867 20.589 20.312 20.036 19.761 19.487 19.214 18.941 18.670 18.399 18.130 17.861 17.593 17.325 17.059 16.793 16.528 16.263 15.999 15.736 15.474 15.212 14.951 14.690 14.430 14.170 13.911 13.653 13.394 13.137 12.880 12.623 12.366 12.110 11.854 11.599 11.343 11.088 10.833 10.579 10.324 10.070  9.816  9.562  9.308  9.054  8.800 
29.650 29.340 29.031 28.722 28.415 28.109 27.804 27.500 27.198 26.896 26.595 26.296 25.997 25.700 25.403 25.108 24.813 24.520 24.228 23.936 23.646 23.356 23.068 22.781 22.494 22.209 21.924 21.640 21.358 21.076 20.795 20.515 20.235 19.957 19.679 19.403 19.127 18.852 18.577 18.304 18.031 17.759 17.487 17.217 16.946 16.677 16.408 16.140 15.873 15.606 15.339 15.073 14.808 14.543 14.279 14.015 13.751 13.488 13.225 12.963 12.701 12.440 12.178 11.917 11.657 11.396 11.136 10.876 10.616 10.356 10.097  9.837  9.578  9.319  9.059  8.800 
29.881 29.570 29.261 28.953 28.645 28.339 28.033 27.729 27.425 27.122 26.821 26.520 26.220 25.922 25.624 25.327 25.031 24.736 24.442 24.149 23.856 23.565 23.274 22.985 22.696 22.408 22.121 21.835 21.550 21.265 20.981 20.698 20.416 20.135 19.854 19.574 19.295 19.016 18.739 18.462 18.185 17.909 17.634 17.360 17.086 16.813 16.540 16.268 15.996 15.725 15.454 15.184 14.915 14.645 14.377 14.108 13.841 13.573 13.306 13.039 12.772 12.506 12.240 11.975 11.709 11.444 11.179 10.914 10.650 10.385 10.121  9.856  9.592  9.328  9.064  8.800 
30.090 29.779 29.470 29.161 28.853 28.546 28.240 27.935 27.631 27.328 27.025 26.724 26.423 26.123 25.824 25.526 25.228 24.932 24.636 24.341 24.047 23.754 23.462 23.170 22.879 22.589 22.300 22.011 21.724 21.437 21.150 20.865 20.580 20.296 20.012 19.729 19.447 19.166 18.885 18.605 18.325 18.046 17.767 17.490 17.212 16.935 16.659 16.383 16.108 15.833 15.559 15.285 15.011 14.738 14.466 14.193 13.921 13.650 13.379 13.108 12.837 12.567 12.297 12.027 11.757 11.488 11.218 10.949 10.680 10.411 10.143  9.874  9.605  9.337  9.068  8.800 
30.279 29.969 29.659 29.350 29.042 28.735 28.428 28.123 27.818 27.514 27.210 26.908 26.606 26.305 26.005 25.706 25.407 25.109 24.812 24.516 24.220 23.925 23.631 23.338 23.045 22.753 22.462 22.171 21.881 21.592 21.304 21.016 20.728 20.442 20.156 19.870 19.585 19.301 19.017 18.734 18.452 18.170 17.888 17.607 17.327 17.047 16.767 16.488 16.210 15.931 15.654 15.376 15.099 14.823 14.546 14.270 13.995 13.720 13.445 13.170 12.896 12.621 12.347 12.074 11.800 11.527 11.254 10.981 10.708 10.435 10.162  9.890  9.617  9.345  9.072  8.800 
30.451 30.140 29.831 29.522 29.213 28.906 28.599 28.293 27.987 27.682 27.378 27.075 26.773 26.471 26.170 25.869 25.569 25.270 24.972 24.674 24.377 24.081 23.785 23.490 23.196 22.902 22.609 22.316 22.024 21.733 21.442 21.152 20.863 20.574 20.286 19.998 19.710 19.424 19.138 18.852 18.567 18.282 17.998 17.714 17.431 17.148 16.865 16.583 16.302 16.020 15.739 15.459 15.179 14.899 14.620 14.340 14.061 13.783 13.505 13.226 12.949 12.671 12.394 12.116 11.839 11.563 11.286 11.009 10.733 10.457 10.180  9.904  9.628  9.352  9.076  8.800 
30.607 30.296 29.986 29.677 29.368 29.060 28.753 28.447 28.141 27.835 27.531 27.227 26.923 26.621 26.319 26.017 25.716 25.416 25.117 24.818 24.519 24.222 23.925 23.628 23.332 23.037 22.742 22.448 22.154 21.861 21.568 21.276 20.985 20.694 20.403 20.113 19.824 19.535 19.246 18.958 18.671 18.384 18.097 17.811 17.525 17.239 16.954 16.669 16.385 16.101 15.817 15.534 15.251 14.968 14.686 14.404 14.122 13.840 13.559 13.278 12.997 12.716 12.436 12.155 11.875 11.595 11.315 11.035 10.756 10.476 10.197  9.917  9.638  9.359  9.079  8.800 
