27.916 27.605 27.294 26.983 26.673 26.362 26.051 25.740 25.429 25.118 24.807 24.496 24.185 23.874 23.564 23.253 22.942 22.631 22.320 22.009 21.698 21.387 21.076 20.765 20.454 20.143 19.832 19.521 19.210 18.899 18.588 18.277 17.965 17.654 17.343 17.031 16.720 16.408 16.097 15.785 15.473 15.161 14.849 14.537 14.225 13.913 13.600 13.287 12.974 12.661 12.347 12.034 11.720 11.405 11.091 10.776 10.460 10.144  9.828  9.512  9.194  8.877  8.558  8.239  7.920  7.600  7.279  6.957  6.635  6.312  5.988  5.663  5.337  5.010  4.682  4.353 
27.914 27.603 27.292 26.981 26.670 26.359 26.048 25.737 25.426 25.115 24.803 24.492 24.181 23.870 23.558 23.247 22.936 22.624 22.313 22.001 21.689 21.377 21.066 20.754 20.442 20.130 19.817 19.505 19.193 18.880 18.567 18.254 17.941 17.628 17.315 17.001 16.687 16.373 16.059 15.745 15.430 15.115 14.800 14.484 14.169 13.852 13.536 13.219 12.902 12.584 12.266 11.947 11.628 11.309 10.989 10.668 10.347 10.025  9.703  9.380  9.057  8.732  8.407  8.082  7.755  7.428  7.100  6.771  6.441  6.110  5.779  5.446  5.113  4.778  4.442  4.106 
27.901 27.590 27.279 26.968 26.657 26.346 26.034 25.723 25.411 25.100 24.788 24.476 24.164 23.852 23.539 23.227 22.915 22.602 22.289 21.976 21.663 21.350 21.037 20.723 20.410 20.096 19.781 19.467 19.153 18.838 18.523 18.208 17.892 17.576 17.260 16.944 16.627 16.310 15.993 15.675 15.357 15.039 14.720 14.401 14.081 13.761 13.441 13.120 12.798 12.476 12.154 11.831 11.507 11.183 10.858 10.533 10.207  9.880  9.552  9.224  8.895  8.566  8.235  7.904  7.572  7.239  6.905  6.571  6.235  5.899  5.561  5.223  4.883  4.543  4.201  3.859 
27.872 27.561 27.250 26.939 26.628 26.316 26.004 25.692 25.380 25.068 24.755 24.442 24.129 23.816 23.503 23.189 22.876 22.562 22.248 21.933 21.619 21.304 20.989 20.673 20.358 20.042 19.726 19.409 19.092 18.775 18.458 18.140 17.822 17.504 17.185 16.866 16.546 16.226 15.906 15.585 15.264 14.942 14.620 14.297 13.974 13.650 13.326 13.001 12.676 12.350 12.023 11.696 11.368 11.040 10.711 10.381 10.051  9.719  9.387  9.055  8.721  8.387  8.052  7.716  7.379  7.041  6.703  6.363  6.023  5.681  5.339  4.995  4.651  4.306  3.959  3.611 
27.826 27.515 27.203 26.892 26.580 26.268 25.956 25.643 25.331 25.017 24.704 24.391 24.077 23.763 23.448 23.134 22.819 22.503 22.188 21.872 21.556 21.239 20.922 20.605 20.288 19.970 19.652 19.333 19.014 18.695 18.375 18.055 17.734 17.413 17.092 16.770 16.448 16.125 15.802 15.478 15.154 14.829 14.503 14.177 13.851 13.524 13.196 12.868 12.539 12.210 11.879 11.549 11.217 10.885 10.552 10.218  9.884  9.549  9.213  8.876  8.538  8.200  7.860  7.520  7.179  6.837  6.494  6.151  5.806  5.460  5.113  4.766  4.417  4.067  3.716  3.364 
27.761 27.450 27.139 26.827 26.515 26.203 25.890 25.577 25.264 24.950 24.636 24.321 24.007 23.692 23.376 23.060 22.744 22.428 22.111 21.794 21.476 21.158 20.839 20.521 20.201 19.882 19.562 19.241 18.920 18.599 18.277 17.954 17.631 17.308 16.984 16.660 16.335 16.009 15.683 15.357 15.030 14.702 14.374 14.045 13.715 13.385 13.055 12.723 12.391 12.058 11.725 11.391 11.056 10.720 10.384 10.046  9.708  9.370  9.030  8.690  8.348  8.006  7.663  7.319  6.975  6.629  6.282  5.935  5.586  5.236  4.886  4.534  4.182  3.828  3.473  3.117 
27.680 27.369 27.057 26.745 26.433 26.121 25.807 25.494 25.180 24.866 24.551 24.236 23.920 23.604 23.288 22.971 22.654 22.336 22.018 21.700 21.381 21.061 20.741 20.421 20.100 19.779 19.457 19.134 18.811 18.488 18.164 17.840 17.515 17.189 16.863 16.536 16.209 15.881 15.553 15.224 14.894 14.564 14.233 13.901 13.569 13.236 12.903 12.568 12.233 11.898 11.561 11.224 10.886 10.547 10.208  9.867  9.526  9.184  8.841  8.498  8.153  7.807  7.461  7.114  6.766  6.416  6.066  5.715  5.363  5.010  4.656  4.301  3.945  3.588  3.229  2.870 
27.583 27.272 26.961 26.649 26.336 26.023 25.710 25.396 25.081 24.767 24.451 24.136 23.819 23.502 23.185 22.867 22.549 22.230 21.911 21.591 21.271 20.950 20.629 20.307 19.985 19.662 19.339 19.015 18.690 18.365 18.039 17.713 17.386 17.058 16.730 16.401 16.072 15.742 15.411 15.080 14.748 14.415 14.082 13.748 13.413 13.078 12.742 12.405 12.067 11.729 11.390 11.050 10.709 10.367 10.025  9.682  9.337  8.993  8.647  8.300  7.953  7.604  7.255  6.904  6.553  6.201  5.848  5.493  5.138  4.782  4.425  4.067  3.707  3.347  2.985  2.623 
27.473 27.162 26.850 26.538 26.225 25.912 25.598 25.284 24.969 24.654 24.338 24.021 23.704 23.387 23.069 22.750 22.431 22.111 21.791 21.470 21.149 20.827 20.504 20.181 19.858 19.533 19.208 18.883 18.557 18.230 17.902 17.574 17.246 16.917 16.587 16.256 15.925 15.593 15.260 14.927 14.592 14.258 13.922 13.586 13.249 12.911 12.573 12.233 11.893 11.552 11.211 10.868 10.525 10.181  9.836  9.490  9.143  8.796  8.447  8.098  7.748  7.396  7.044  6.691  6.337  5.982  5.626  5.269  4.911  4.552  4.192  3.831  3.469  3.105  2.741  2.376 
27.350 27.038 26.727 26.414 26.101 25.788 25.474 25.159 24.844 24.528 24.212 23.895 23.577 23.259 22.940 22.621 22.301 21.980 21.659 21.337 21.015 20.692 20.368 20.044 19.719 19.393 19.067 18.740 18.413 18.084 17.756 17.426 17.096 16.765 16.433 16.101 15.768 15.434 15.099 14.764 14.428 14.092 13.754 13.416 13.077 12.737 12.396 12.055 11.713 11.370 11.026 10.681 10.335  9.989  9.642  9.293  8.944  8.594  8.243  7.892  7.539  7.185  6.830  6.475  6.118  5.761  5.402  5.043  4.682  4.320  3.958  3.594  3.229  2.863  2.497  2.129 
27.215 26.904 26.592 26.279 25.966 25.653 25.338 25.023 24.708 24.391 24.075 23.757 23.439 23.120 22.801 22.481 22.160 21.839 21.516 21.194 20.870 20.546 20.222 19.896 19.570 19.244 18.916 18.588 18.259 17.930 17.599 17.268 16.937 16.604 16.271 15.937 15.603 15.267 14.931 14.594 14.256 13.918 13.578 13.238 12.897 12.556 12.213 11.870 11.526 11.181 10.835 10.488 10.140  9.792  9.442  9.092  8.741  8.388  8.035  7.681  7.326  6.970  6.614  6.256  5.897  5.537  5.176  4.814  4.451  4.087  3.722  3.356  2.989  2.621  2.252  1.881 
27.069 26.758 26.446 26.134 25.821 25.507 25.192 24.877 24.561 24.244 23.927 23.609 23.290 22.971 22.651 22.330 22.009 21.687 21.364 21.040 20.716 20.391 20.066 19.739 19.412 19.085 18.756 18.427 18.097 17.766 17.435 17.102 16.769 16.436 16.101 15.766 15.430 15.093 14.755 14.417 14.077 13.737 13.396 13.054 12.712 12.368 12.024 11.679 11.333 10.986 10.638 10.290  9.940  9.590  9.238  8.886  8.533  8.179  7.824  7.468  7.111  6.753  6.394  6.034  5.673  5.311  4.948  4.584  4.219  3.853  3.486  3.118  2.748  2.378  2.007  1.634 
26.915 26.603 26.291 25.979 25.665 25.351 25.036 24.721 24.405 24.088 23.770 23.452 23.133 22.813 22.492 22.171 21.849 21.526 21.203 20.878 20.553 20.228 19.901 19.574 19.246 18.917 18.588 18.258 17.927 17.595 17.262 16.929 16.594 16.260 15.924 15.587 15.250 14.912 14.572 14.233 13.892 13.550 13.208 12.865 12.521 12.176 11.830 11.483 11.135 10.787 10.437 10.087  9.736  9.384  9.031  8.677  8.322  7.966  7.609  7.251  6.892  6.532  6.171  5.810  5.447  5.083  4.718  4.352  3.985  3.617  3.248  2.878  2.507  2.135  1.762  1.387 
26.751 26.440 26.128 25.815 25.502 25.187 24.872 24.557 24.240 23.923 23.605 23.286 22.967 22.646 22.325 22.003 21.681 21.357 21.033 20.708 20.383 20.056 19.729 19.401 19.072 18.743 18.412 18.081 17.749 17.416 17.083 16.748 16.413 16.077 15.740 15.402 15.064 14.724 14.384 14.043 13.701 13.358 13.014 12.670 12.324 11.978 11.630 11.282 10.933 10.583 10.232  9.880  9.527  9.174  8.819  8.463  8.107  7.749  7.391  7.031  6.671  6.309  5.947  5.583  5.219  4.853  4.487  4.119  3.750  3.381  3.010  2.638  2.265  1.891  1.516  1.140 
26.580 26.269 25.956 25.644 25.330 25.016 24.700 24.384 24.068 23.750 23.432 23.113 22.793 22.472 22.151 21.828 21.505 21.181 20.857 20.531 20.205 19.878 19.550 19.221 18.892 18.561 18.230 17.898 17.565 17.231 16.897 16.561 16.225 15.888 15.550 15.211 14.872 14.531 14.190 13.848 13.504 13.160 12.815 12.469 12.123 11.775 11.426 11.077 10.727 10.375 10.023  9.670  9.315  8.960  8.604  8.247  7.889  7.530  7.170  6.809  6.447  6.084  5.720  5.355  4.989  4.622  4.254  3.885  3.514  3.143  2.771  2.397  2.023  1.647  1.271  0.893 
26.401 26.090 25.778 25.465 25.151 24.837 24.522 24.205 23.888 23.571 23.252 22.933 22.612 22.291 21.969 21.647 21.323 20.999 20.673 20.347 20.021 19.693 19.364 19.035 18.705 18.374 18.042 17.709 17.375 17.041 16.705 16.369 16.032 15.694 15.355 15.015 14.675 14.333 13.991 13.647 13.303 12.958 12.612 12.265 11.917 11.568 11.219 10.868 10.516 10.164  9.810  9.456  9.100  8.744  8.386  8.028  7.669  7.308  6.947  6.585  6.221  5.857  5.491  5.125  4.758  4.389  4.020  3.649  3.277  2.905  2.531  2.156  1.780  1.403  1.025  0.646 
26.217 25.905 25.593 25.280 24.966 24.652 24.336 24.020 23.703 23.385 23.066 22.746 22.426 22.104 21.782 21.459 21.135 20.810 20.484 20.158 19.830 19.502 19.173 18.843 18.512 18.180 17.848 17.514 17.180 16.845 16.509 16.172 15.834 15.495 15.155 14.815 14.473 14.131 13.787 13.443 13.098 12.752 12.405 12.057 11.708 11.358 11.007 10.655 10.303  9.949  9.594  9.239  8.882  8.524  8.166  7.806  7.446  7.084  6.721  6.358  5.993  5.628  5.261  4.893  4.525  4.155  3.784  3.412  3.039  2.665  2.290  1.914  1.537  1.158  0.779  0.399 
26.026 25.715 25.402 25.089 24.776 24.461 24.145 23.829 23.511 23.193 22.874 22.554 22.233 21.911 21.589 21.265 20.941 20.616 20.290 19.963 19.635 19.306 18.976 18.646 18.315 17.982 17.649 17.315 16.980 16.644 16.307 15.969 15.631 15.291 14.951 14.609 14.267 13.924 13.580 13.234 12.888 12.541 12.193 11.845 11.495 11.144 10.792 10.439 10.086  9.731  9.375  9.019  8.661  8.302  7.943  7.582  7.220  6.858  6.494  6.129  5.764  5.397  5.029  4.660  4.290  3.919  3.547  3.174  2.800  2.425  2.049  1.672  1.293  0.914  0.533  0.151 
25.830 25.519 25.207 24.893 24.579 24.265 23.949 23.632 23.315 22.996 22.677 22.357 22.036 21.714 21.391 21.067 20.742 20.417 20.090 19.763 19.434 19.105 18.775 18.444 18.112 17.779 17.446 17.111 16.775 16.439 16.101 15.763 15.424 15.084 14.742 14.400 14.057 13.713 13.368 13.022 12.676 12.328 11.979 11.629 11.279 10.927 10.574 10.221  9.866  9.510  9.154  8.796  8.438  8.078  7.717  7.356  6.993  6.629  6.265  5.899  5.532  5.165  4.796  4.426  4.055  3.683  3.310  2.936  2.561  2.184  1.807  1.429  1.049  0.669  0.287 -0.096 
25.629 25.318 25.006 24.693 24.379 24.064 23.748 23.431 23.113 22.795 22.475 22.155 21.833 21.511 21.188 20.864 20.539 20.213 19.886 19.558 19.230 18.900 18.570 18.238 17.906 17.572 17.238 16.903 16.567 16.230 15.892 15.553 15.213 14.872 14.530 14.188 13.844 13.499 13.154 12.807 12.460 12.111 11.762 11.411 11.060 10.707 10.354  9.999  9.644  9.288  8.930  8.572  8.212  7.851  7.490  7.127  6.763  6.397  6.031  5.663  5.294  4.924  4.552  4.179  3.804  3.428  3.050  2.671  2.290  1.908  1.524  1.139  0.753  0.365 -0.023 -0.343 
25.424 25.113 24.801 24.487 24.173 23.858 23.542 23.225 22.907 22.589 22.269 21.948 21.627 21.304 20.981 20.656 20.331 20.005 19.677 19.349 19.020 18.690 18.359 18.027 17.694 17.360 17.025 16.689 16.352 16.014 15.675 15.335 14.995 14.653 14.310 13.966 13.621 13.275 12.928 12.580 12.231 11.881 11.530 11.178 10.825 10.470 10.115  9.759  9.401  9.043  8.683  8.322  7.961  7.598  7.234  6.869  6.503  6.136  5.768  5.399  5.029  4.658  4.286  3.913  3.539  3.165  2.790  2.414  2.037  1.659  1.281  0.903  0.524  0.144 -0.200 -0.590 
25.213 24.902 24.589 24.276 23.962 23.647 23.331 23.013 22.695 22.376 22.056 21.735 21.414 21.091 20.767 20.442 20.116 19.790 19.462 19.133 18.804 18.473 18.142 17.809 17.476 17.141 16.806 16.469 16.132 15.793 15.454 15.114 14.772 14.430 14.087 13.742 13.397 13.051 12.703 12.355 12.005 11.655 11.303 10.950 10.596 10.242  9.886  9.528  9.170  8.811  8.450  8.088  7.725  7.360  6.995  6.628  6.259  5.890  5.519  5.146  4.773  4.398  4.021  3.643  3.264  2.883  2.501  2.117  1.732  1.345  0.957  0.567  0.175 -0.177 -0.507 -0.837 
24.997 24.685 24.373 24.060 23.745 23.430 23.114 22.797 22.478 22.159 21.839 21.518 21.196 20.872 20.548 20.223 19.897 19.570 19.242 18.912 18.582 18.251 17.919 17.586 17.252 16.916 16.580 16.243 15.905 15.566 15.225 14.884 14.542 14.198 13.854 13.509 13.162 12.815 12.466 12.117 11.767 11.415 11.063 10.709 10.355 10.000  9.643  9.286  8.928  8.568  8.208  7.847  7.485  7.122  6.758  6.394  6.028  5.662  5.295  4.927  4.558  4.189  3.818  3.447  3.076  2.703  2.330  1.956  1.582  1.207  0.831  0.455  0.078 -0.274 -0.679 -1.084 
24.775 24.464 24.152 23.838 23.524 23.208 22.892 22.575 22.256 21.937 21.617 21.295 20.973 20.649 20.325 20.000 19.673 19.346 19.017 18.688 18.358 18.026 17.694 17.360 17.025 16.690 16.353 16.016 15.677 15.337 14.996 14.654 14.311 13.967 13.622 13.276 12.929 12.580 12.231 11.880 11.528 11.175 10.822 10.467 10.110  9.753  9.395  9.035  8.675  8.313  7.951  7.587  7.222  6.856  6.489  6.121  5.753  5.383  5.012  4.641  4.268  3.895  3.521  3.146  2.771  2.395  2.018  1.640  1.263  0.884  0.505  0.126 -0.211 -0.584 -0.957 -1.331 
24.549 24.238 23.925 23.612 23.298 22.982 22.666 22.348 22.030 21.710 21.389 21.068 20.745 20.422 20.097 19.771 19.445 19.117 18.788 18.458 18.128 17.796 17.463 17.129 16.794 16.458 16.121 15.783 15.444 15.104 14.763 14.421 14.078 13.734 13.389 13.043 12.695 12.347 11.998 11.647 11.295 10.943 10.589 10.234  9.877  9.520  9.161  8.801  8.440  8.078  7.714  7.348  6.982  6.614  6.244  5.873  5.501  5.127  4.752  4.375  3.997  3.617  3.237  2.855  2.472  2.088  1.702  1.317  0.930  0.543  0.155 -0.175 -0.526 -0.876 -1.227 -1.579 
24.320 24.008 23.696 23.382 23.068 22.752 22.436 22.118 21.799 21.480 21.159 20.837 20.514 20.190 19.866 19.540 19.213 18.884 18.555 18.225 17.894 17.562 17.228 16.894 16.558 16.222 15.884 15.546 15.206 14.865 14.524 14.181 13.837 13.492 13.146 12.799 12.451 12.102 11.751 11.400 11.048 10.695 10.341  9.985  9.629  9.272  8.914  8.555  8.195  7.834  7.472  7.109  6.745  6.381  6.015  5.649  5.282  4.914  4.546  4.176  3.806  3.436  3.064  2.692  2.319  1.946  1.571  1.195  0.816  0.431  0.038 -0.305 -0.677 -1.056 -1.440 -1.826 
24.086 23.775 23.462 23.149 22.834 22.519 22.202 21.884 21.566 21.246 20.925 20.603 20.280 19.956 19.631 19.305 18.978 18.650 18.320 17.990 17.659 17.326 16.993 16.658 16.322 15.985 15.647 15.308 14.968 14.627 14.285 13.941 13.597 13.251 12.905 12.557 12.208 11.858 11.506 11.154 10.800 10.446 10.090  9.733  9.375  9.016  8.656  8.295  7.932  7.569  7.205  6.839  6.473  6.105  5.737  5.367  4.997  4.626  4.254  3.881  3.507  3.133  2.758  2.382  2.006  1.629  1.251  0.873  0.495  0.116 -0.220 -0.590 -0.960 -1.330 -1.701 -2.073 
23.850 23.538 23.226 22.912 22.597 22.282 21.965 21.647 21.328 21.009 20.688 20.365 20.042 19.718 19.393 19.067 18.739 18.411 18.081 17.751 17.419 17.087 16.753 16.418 16.082 15.745 15.407 15.068 14.728 14.387 14.045 13.702 13.357 13.012 12.665 12.317 11.968 11.619 11.267 10.915 10.562 10.207  9.851  9.494  9.136  8.776  8.415  8.053  7.689  7.324  6.958  6.590  6.221  5.851  5.479  5.105  4.731  4.355  3.978  3.599  3.220  2.839  2.457  2.074  1.691  1.307  0.922  0.536  0.150 -0.182 -0.537 -0.893 -1.249 -1.606 -1.962 -2.320 
23.610 23.299 22.987 22.673 22.358 22.043 21.726 21.408 21.089 20.769 20.448 20.125 19.802 19.478 19.152 18.826 18.498 18.169 17.840 17.509 17.177 16.844 16.509 16.174 15.838 15.500 15.162 14.822 14.482 14.140 13.797 13.453 13.108 12.762 12.415 12.067 11.718 11.367 11.016 10.664 10.310  9.956  9.601  9.244  8.887  8.529  8.170  7.809  7.448  7.086  6.724  6.360  5.995  5.630  5.264  4.896  4.528  4.160  3.790  3.419  3.046  2.673  2.297  1.920  1.540  1.157  0.771  0.382 -0.011 -0.350 -0.714 -1.082 -1.451 -1.822 -2.194 -2.567 
23.369 23.057 22.745 22.431 22.117 21.801 21.484 21.166 20.847 20.527 20.206 19.883 19.560 19.236 18.910 18.583 18.256 17.927 17.597 17.266 16.934 16.600 16.266 15.931 15.594 15.256 14.918 14.578 14.236 13.894 13.551 13.206 12.861 12.514 12.166 11.817 11.467 11.116 10.763 10.410 10.055  9.699  9.342  8.984  8.625  8.265  7.903  7.541  7.177  6.813  6.448  6.081  5.714  5.345  4.976  4.606  4.235  3.863  3.491  3.117  2.743  2.369  1.993  1.618  1.241  0.864  0.487  0.109 -0.226 -0.594 -0.963 -1.332 -1.702 -2.072 -2.443 -2.814 
23.124 22.813 22.500 22.187 21.872 21.556 21.239 20.921 20.602 20.282 19.961 19.638 19.315 18.990 18.665 18.338 18.010 17.681 17.351 17.020 16.688 16.355 16.020 15.685 15.348 15.011 14.672 14.332 13.991 13.649 13.306 12.962 12.616 12.270 11.922 11.573 11.223 10.872 10.519 10.166  9.811  9.454  9.097  8.738  8.378  8.017  7.654  7.290  6.925  6.558  6.190  5.820  5.450  5.078  4.704  4.330  3.954  3.577  3.199  2.820  2.440  2.059  1.677  1.295  0.912  0.528  0.144 -0.188 -0.546 -0.904 -1.263 -1.621 -1.981 -2.340 -2.701 -3.061 
22.878 22.567 22.254 21.941 21.626 21.310 20.993 20.675 20.356 20.035 19.714 19.392 19.068 18.743 18.417 18.090 17.762 17.433 17.103 16.771 16.439 16.105 15.770 15.435 15.098 14.760 14.420 14.080 13.739 13.396 13.053 12.708 12.363 12.016 11.668 11.319 10.969 10.618 10.266  9.913  9.559  9.204  8.848  8.491  8.133  7.774  7.415  7.054  6.692  6.330  5.966  5.602  5.237  4.871  4.504  4.137  3.768  3.400  3.030  2.660  2.289  1.918  1.547  1.175  0.803  0.431  0.059 -0.187 -0.356 -0.521 -0.683 -0.841 -0.995 -1.143 -1.287 -1.426 
22.632 22.320 22.008 21.694 21.380 21.064 20.747 20.429 20.110 19.790 19.469 19.147 18.824 18.500 18.174 17.848 17.521 17.192 16.863 16.533 16.201 15.869 15.536 15.202 14.867 14.531 14.194 13.857 13.518 13.179 12.839 12.499 12.157 11.815 11.473 11.130 10.786 10.442 10.098  9.753  9.408  9.063  8.718  8.373  8.027  7.683  7.338  6.994  6.650  6.307  5.965  5.623  5.283  4.944  4.606  4.269  3.934  3.601  3.269  2.939  2.610  2.284  1.959  1.636  1.314  0.994  0.675  0.358  0.042 -0.131 -0.222 -0.306 -0.389 -0.470 -0.550 -0.629 
22.410 22.099 21.787 21.474 21.160 20.845 20.530 20.213 19.896 19.578 19.259 18.939 18.619 18.298 17.976 17.653 17.330 17.006 16.681 16.356 16.030 15.703 15.376 15.049 14.721 14.393 14.064 13.735 13.405 13.075 12.745 12.415 12.085 11.755 11.424 11.094 10.764 10.434 10.104  9.774  9.445  9.116  8.788  8.460  8.133  7.807  7.482  7.157  6.833  6.510  6.189  5.868  5.549  5.231  4.915  4.600  4.286  3.974  3.663  3.354  3.047  2.741  2.437  2.134  1.832  1.532  1.234  0.937  0.641  0.346  0.052 -0.103 -0.174 -0.241 -0.306 -0.371 
22.255 21.944 21.632 21.320 21.008 20.694 20.381 20.066 19.752 19.437 19.121 18.805 18.489 18.172 17.854 17.537 17.219 16.901 16.582 16.263 15.944 15.625 15.305 14.986 14.666 14.346 14.026 13.706 13.386 13.067 12.747 12.427 12.108 11.789 11.470 11.152 10.834 10.516 10.199  9.883  9.567  9.252  8.937  8.623  8.310  7.998  7.687  7.377  7.068  6.760  6.454  6.148  5.844  5.541  5.240  4.940  4.641  4.344  4.048  3.754  3.461  3.170  2.881  2.592  2.306  2.021  1.737  1.454  1.173  0.893  0.615  0.337  0.061 -0.084 -0.153 -0.214 
22.177 21.866 21.554 21.243 20.932 20.620 20.308 19.996 19.684 19.371 19.059 18.746 18.434 18.121 17.808 17.495 17.182 16.869 16.556 16.243 15.930 15.617 15.305 14.992 14.680 14.367 14.055 13.743 13.432 13.121 12.810 12.500 12.190 11.880 11.571 11.263 10.955 10.648 10.341 10.035  9.730  9.426  9.122  8.820  8.518  8.218  7.918  7.619  7.322  7.026  6.731  6.437  6.144  5.853  5.563  5.275  4.988  4.702  4.418  4.136  3.854  3.575  3.297  3.020  2.745  2.471  2.198  1.927  1.658  1.389  1.122  0.856  0.591  0.328  0.065 -0.066 
22.167 21.856 21.545 21.235 20.924 20.614 20.303 19.993 19.683 19.373 19.063 18.754 18.444 18.135 17.826 17.517 17.208 16.900 16.592 16.284 15.977 15.670 15.363 15.057 14.751 14.445 14.140 13.836 13.532 13.229 12.926 12.624 12.322 12.022 11.722 11.423 11.124 10.827 10.530 10.235  9.940  9.646  9.353  9.062  8.771  8.481  8.193  7.906  7.619  7.334  7.051  6.768  6.487  6.206  5.927  5.649  5.373  5.097  4.823  4.550  4.277  4.006  3.736  3.467  3.199  2.932  2.665  2.400  2.135  1.870  1.606  1.343  1.080  0.818  0.555  0.293 
22.218 21.907 21.597 21.287 20.977 20.668 20.359 20.050 19.742 19.434 19.126 18.819 18.512 18.206 17.900 17.595 17.290 16.985 16.681 16.377 16.074 15.771 15.468 15.167 14.865 14.565 14.264 13.965 13.666 13.367 13.069 12.772 12.475 12.179 11.884 11.589 11.295 11.002 10.709 10.417 10.125  9.835  9.545  9.255  8.967  8.679  8.392  8.105  7.819  7.534  7.250  6.966  6.683  6.400  6.118  5.837  5.556  5.276  4.997  4.718  4.439  4.161  3.884  3.607  3.330  3.054  2.779  2.503  2.228  1.953  1.678  1.404  1.130  0.856  0.582  0.308 
22.309 21.999 21.688 21.379 21.069 20.761 20.452 20.144 19.837 19.530 19.223 18.917 18.612 18.307 18.002 17.698 17.394 17.091 16.788 16.486 16.184 15.883 15.582 15.282 14.983 14.683 14.385 14.087 13.789 13.492 13.195 12.899 12.603 12.308 12.014 11.720 11.426 11.133 10.841 10.549 10.258  9.967  9.676  9.386  9.097  8.808  8.520  8.232  7.944  7.657  7.371  7.085  6.799  6.514  6.229  5.944  5.660  5.377  5.093  4.810  4.528  4.245  3.963  3.682  3.400  3.119  2.838  2.557  2.276  1.996  1.716  1.435  1.155  0.875  0.595  0.315 
22.415 22.104 21.794 21.485 21.175 20.867 20.558 20.251 19.943 19.637 19.330 19.025 18.719 18.414 18.110 17.806 17.503 17.200 16.897 16.595 16.294 15.992 15.692 15.392 15.092 14.793 14.494 14.196 13.898 13.601 13.304 13.008 12.712 12.416 12.121 11.827 11.532 11.239 10.945 10.652 10.360 10.068  9.776  9.485  9.194  8.904  8.614  8.324  8.034  7.745  7.457  7.168  6.880  6.593  6.305  6.018  5.732  5.445  5.159  4.873  4.587  4.301  4.016  3.731  3.446  3.161  2.877  2.592  2.308  2.024  1.740  1.456  1.172  0.888  0.604  0.320 
22.521 22.211 21.901 21.591 21.282 20.973 20.664 20.357 20.049 19.742 19.436 19.130 18.824 18.519 18.214 17.910 17.607 17.303 17.000 16.698 16.396 16.095 15.793 15.493 15.193 14.893 14.594 14.295 13.996 13.698 13.400 13.103 12.806 12.510 12.214 11.918 11.623 11.328 11.033 10.739 10.445 10.152  9.858  9.566  9.273  8.981  8.689  8.398  8.106  7.816  7.525  7.235  6.944  6.655  6.365  6.076  5.787  5.498  5.209  4.921  4.632  4.344  4.056  3.769  3.481  3.193  2.906  2.619  2.332  2.045  1.758  1.471  1.184  0.897  0.611  0.324 
22.622 22.312 22.001 21.692 21.382 21.073 20.765 20.457 20.149 19.842 19.535 19.229 18.923 18.617 18.312 18.008 17.704 17.400 17.096 16.793 16.491 16.189 15.887 15.585 15.284 14.984 14.684 14.384 14.084 13.785 13.487 13.188 12.890 12.593 12.296 11.999 11.702 11.406 11.110 10.814 10.519 10.224  9.929  9.635  9.341  9.047  8.754  8.461  8.168  7.875  7.582  7.290  6.998  6.707  6.415  6.124  5.832  5.542  5.251  4.960  4.670  4.379  4.089  3.799  3.509  3.220  2.930  2.641  2.351  2.062  1.772  1.483  1.194  0.905  0.616  0.327 
22.716 22.405 22.095 21.785 21.476 21.166 20.858 20.550 20.242 19.934 19.627 19.320 19.014 18.708 18.403 18.097 17.793 17.488 17.184 16.881 16.577 16.275 15.972 15.670 15.368 15.067 14.766 14.465 14.164 13.864 13.565 13.265 12.966 12.667 12.369 12.071 11.773 11.476 11.178 10.882 10.585 10.289  9.993  9.697  9.401  9.106  8.811  8.516  8.221  7.927  7.633  7.339  7.045  6.752  6.459  6.165  5.872  5.580  5.287  4.995  4.702  4.410  4.118  3.826  3.534  3.242  2.951  2.659  2.368  2.076  1.785  1.494  1.202  0.911  0.620  0.329 
22.802 22.491 22.181 21.871 21.561 21.252 20.943 20.635 20.326 20.019 19.711 19.404 19.097 18.791 18.485 18.179 17.874 17.569 17.265 16.960 16.656 16.353 16.050 15.747 15.444 15.142 14.840 14.538 14.237 13.936 13.635 13.335 13.035 12.735 12.436 12.136 11.837 11.539 11.240 10.942 10.644 10.347 10.049  9.752  9.455  9.158  8.862  8.566  8.270  7.974  7.678  7.383  7.087  6.792  6.497  6.203  5.908  5.614  5.319  5.025  4.731  4.437  4.143  3.850  3.556  3.263  2.969  2.676  2.383  2.089  1.796  1.503  1.210  0.917  0.624  0.331 
22.880 22.569 22.259 21.949 21.639 21.330 21.021 20.712 20.404 20.096 19.788 19.481 19.174 18.867 18.560 18.254 17.948 17.643 17.338 17.033 16.728 16.424 16.120 15.817 15.513 15.210 14.908 14.605 14.303 14.001 13.700 13.398 13.097 12.796 12.496 12.196 11.896 11.596 11.296 10.997 10.698 10.399 10.100  9.802  9.504  9.206  8.908  8.610  8.313  8.016  7.719  7.422  7.125  6.829  6.532  6.236  5.940  5.644  5.348  5.053  4.757  4.462  4.166  3.871  3.576  3.281  2.986  2.691  2.396  2.101  1.806  1.512  1.217  0.922  0.628  0.333 
22.952 22.641 22.330 22.020 21.710 21.401 21.092 20.783 20.474 20.166 19.858 19.550 19.243 18.936 18.629 18.322 18.016 17.710 17.404 17.099 16.794 16.489 16.185 15.880 15.576 15.273 14.969 14.666 14.363 14.060 13.758 13.456 13.154 12.852 12.551 12.249 11.948 11.647 11.347 11.047 10.746 10.447 10.147  9.847  9.548  9.249  8.950  8.651  8.352  8.054  7.756  7.458  7.160  6.862  6.564  6.267  5.969  5.672  5.375  5.078  4.781  4.484  4.187  3.890  3.594  3.297  3.001  2.704  2.408  2.112  1.815  1.519  1.223  0.927  0.631  0.335 
23.017 22.706 22.395 22.085 21.775 21.466 21.156 20.847 20.538 20.230 19.922 19.614 19.306 18.998 18.691 18.384 18.078 17.771 17.465 17.159 16.854 16.548 16.243 15.938 15.634 15.329 15.025 14.721 14.417 14.114 13.811 13.508 13.205 12.903 12.600 12.298 11.996 11.695 11.393 11.092 10.791 10.490 10.189  9.888  9.588  9.288  8.988  8.688  8.388  8.089  7.789  7.490  7.191  6.892  6.593  6.294  5.995  5.697  5.398  5.100  4.802  4.504  4.206  3.908  3.610  3.312  3.014  2.716  2.419  2.121  1.824  1.526  1.229  0.931  0.634  0.336 
23.076 22.765 22.454 22.144 21.834 21.524 21.215 20.906 20.597 20.288 19.979 19.671 19.363 19.055 18.748 18.441 18.134 17.827 17.520 17.214 16.908 16.602 16.296 15.991 15.686 15.381 15.076 14.771 14.467 14.163 13.859 13.555 13.252 12.949 12.645 12.343 12.040 11.737 11.435 11.133 10.831 10.529 10.227  9.926  9.624  9.323  9.022  8.721  8.421  8.120  7.820  7.519  7.219  6.919  6.619  6.319  6.019  5.720  5.420  5.121  4.821  4.522  4.223  3.924  3.624  3.325  3.026  2.728  2.429  2.130  1.831  1.532  1.234  0.935  0.636  0.338 
23.129 22.819 22.508 22.198 21.888 21.578 21.268 20.959 20.650 20.341 20.032 19.724 19.415 19.107 18.799 18.492 18.184 17.877 17.570 17.264 16.957 16.651 16.345 16.039 15.733 15.427 15.122 14.817 14.512 14.207 13.903 13.598 13.294 12.990 12.687 12.383 12.079 11.776 11.473 11.170 10.867 10.565 10.262  9.960  9.658  9.355  9.054  8.752  8.450  8.149  7.847  7.546  7.245  6.944  6.643  6.342  6.041  5.740  5.440  5.139  4.839  4.538  4.238  3.938  3.638  3.338  3.038  2.738  2.438  2.138  1.838  1.538  1.238  0.938  0.639  0.339 
23.178 22.868 22.557 22.247 21.936 21.627 21.317 21.007 20.698 20.389 20.080 19.771 19.463 19.154 18.846 18.538 18.231 17.923 17.616 17.309 17.002 16.695 16.388 16.082 15.776 15.470 15.164 14.858 14.553 14.248 13.943 13.638 13.333 13.028 12.724 12.420 12.115 11.811 11.508 11.204 10.900 10.597 10.294  9.991  9.688  9.385  9.082  8.779  8.477  8.175  7.872  7.570  7.268  6.966  6.664  6.362  6.061  5.759  5.458  5.156  4.855  4.553  4.252  3.951  3.650  3.349  3.048  2.747  2.446  2.145  1.844  1.543  1.242  0.942  0.641  0.340 
23.223 22.912 22.601 22.291 21.981 21.671 21.361 21.051 20.742 20.432 20.123 19.814 19.506 19.197 18.889 18.581 18.273 17.965 17.657 17.350 17.042 16.735 16.428 16.122 15.815 15.509 15.202 14.896 14.590 14.284 13.979 13.673 13.368 13.063 12.758 12.453 12.148 11.844 11.539 11.235 10.931 10.626 10.323 10.019  9.715  9.411  9.108  8.805  8.501  8.198  7.895  7.592  7.289  6.986  6.684  6.381  6.079  5.776  5.474  5.172  4.869  4.567  4.265  3.963  3.661  3.359  3.057  2.755  2.453  2.151  1.850  1.548  1.246  0.944  0.643  0.341 
23.263 22.952 22.642 22.331 22.021 21.711 21.401 21.091 20.782 20.472 20.163 19.854 19.545 19.236 18.928 18.619 18.311 18.003 17.695 17.387 17.079 16.772 16.465 16.158 15.851 15.544 15.237 14.930 14.624 14.318 14.012 13.706 13.400 13.094 12.789 12.483 12.178 11.873 11.568 11.263 10.958 10.653 10.349 10.044  9.740  9.436  9.131  8.827  8.523  8.220  7.916  7.612  7.309  7.005  6.702  6.398  6.095  5.792  5.489  5.186  4.882  4.580  4.277  3.974  3.671  3.368  3.065  2.763  2.460  2.157  1.855  1.552  1.250  0.947  0.644  0.342 
23.300 22.989 22.678 22.368 22.058 21.747 21.437 21.128 20.818 20.508 20.199 19.890 19.581 19.272 18.963 18.654 18.346 18.037 17.729 17.421 17.113 16.805 16.498 16.190 15.883 15.576 15.269 14.962 14.655 14.348 14.042 13.735 13.429 13.123 12.817 12.511 12.205 11.899 11.594 11.288 10.983 10.678 10.372 10.067  9.762  9.458  9.153  8.848  8.544  8.239  7.935  7.630  7.326  7.022  6.718  6.414  6.110  5.806  5.502  5.198  4.894  4.591  4.287  3.984  3.680  3.376  3.073  2.770  2.466  2.163  1.859  1.556  1.253  0.949  0.646  0.343 
23.333 23.022 22.712 22.401 22.091 21.781 21.471 21.161 20.851 20.541 20.232 19.922 19.613 19.304 18.995 18.686 18.377 18.069 17.760 17.452 17.144 16.836 16.528 16.220 15.912 15.605 15.297 14.990 14.683 14.376 14.069 13.762 13.455 13.149 12.842 12.536 12.230 11.923 11.617 11.311 11.006 10.700 10.394 10.089  9.783  9.478  9.172  8.867  8.562  8.257  7.952  7.647  7.342  7.037  6.733  6.428  6.123  5.819  5.514  5.210  4.905  4.601  4.297  3.993  3.688  3.384  3.080  2.776  2.472  2.168  1.864  1.560  1.256  0.952  0.648  0.344 
23.364 23.053 22.742 22.432 22.121 21.811 21.501 21.191 20.881 20.571 20.261 19.952 19.642 19.333 19.024 18.715 18.406 18.097 17.788 17.480 17.172 16.863 16.555 16.247 15.939 15.631 15.323 15.016 14.708 14.401 14.094 13.786 13.479 13.172 12.865 12.559 12.252 11.945 11.639 11.332 11.026 10.720 10.414 10.108  9.802  9.496  9.190  8.884  8.579  8.273  7.967  7.662  7.357  7.051  6.746  6.441  6.136  5.830  5.525  5.220  4.915  4.610  4.305  4.001  3.696  3.391  3.086  2.782  2.477  2.172  1.867  1.563  1.258  0.954  0.649  0.344 
23.391 23.080 22.770 22.459 22.149 21.838 21.528 21.218 20.908 20.598 20.288 19.979 19.669 19.360 19.050 18.741 18.432 18.123 17.814 17.505 17.197 16.888 16.580 16.272 15.963 15.655 15.347 15.039 14.731 14.424 14.116 13.809 13.501 13.194 12.887 12.579 12.272 11.965 11.658 11.352 11.045 10.738 10.432 10.125  9.819  9.512  9.206  8.900  8.594  8.288  7.982  7.676  7.370  7.064  6.758  6.452  6.147  5.841  5.535  5.230  4.924  4.619  4.313  4.008  3.703  3.397  3.092  2.787  2.481  2.176  1.871  1.566  1.260  0.955  0.650  0.345 
23.416 23.106 22.795 22.484 22.174 21.863 21.553 21.243 20.933 20.623 20.313 20.003 19.693 19.384 19.074 18.765 18.456 18.147 17.838 17.529 17.220 16.911 16.602 16.294 15.985 15.677 15.369 15.061 14.752 14.444 14.136 13.829 13.521 13.213 12.906 12.598 12.291 11.983 11.676 11.369 11.062 10.755 10.448 10.141  9.834  9.527  9.221  8.914  8.607  8.301  7.994  7.688  7.382  7.075  6.769  6.463  6.157  5.851  5.545  5.239  4.933  4.627  4.321  4.015  3.709  3.403  3.097  2.791  2.486  2.180  1.874  1.568  1.263  0.957  0.651  0.346 
23.439 23.128 22.818 22.507 22.196 21.886 21.576 21.265 20.955 20.645 20.335 20.025 19.716 19.406 19.096 18.787 18.477 18.168 17.859 17.550 17.241 16.932 16.623 16.314 16.005 15.697 15.388 15.080 14.772 14.463 14.155 13.847 13.539 13.231 12.923 12.615 12.308 12.000 11.692 11.385 11.077 10.770 10.463 10.155  9.848  9.541  9.234  8.927  8.620  8.313  8.006  7.699  7.393  7.086  6.779  6.473  6.166  5.859  5.553  5.246  4.940  4.634  4.327  4.021  3.715  3.408  3.102  2.796  2.489  2.183  1.877  1.571  1.265  0.958  0.652  0.346 
23.460 23.149 22.838 22.528 22.217 21.907 21.596 21.286 20.976 20.666 20.355 20.046 19.736 19.426 19.116 18.807 18.497 18.188 17.878 17.569 17.260 16.951 16.642 16.333 16.024 15.715 15.406 15.097 14.789 14.480 14.172 13.864 13.555 13.247 12.939 12.631 12.323 12.015 11.707 11.399 11.091 10.784 10.476 10.168  9.861  9.553  9.246  8.939  8.631  8.324  8.017  7.710  7.403  7.095  6.788  6.481  6.174  5.867  5.561  5.254  4.947  4.640  4.333  4.026  3.720  3.413  3.106  2.800  2.493  2.186  1.880  1.573  1.266  0.960  0.653  0.347 
23.479 23.168 22.857 22.546 22.236 21.925 21.615 21.305 20.994 20.684 20.374 20.064 19.754 19.444 19.134 18.825 18.515 18.205 17.896 17.586 17.277 16.968 16.658 16.349 16.040 15.731 15.422 15.113 14.805 14.496 14.187 13.879 13.570 13.262 12.953 12.645 12.337 12.029 11.720 11.412 11.104 10.796 10.488 10.180  9.873  9.565  9.257  8.949  8.642  8.334  8.027  7.719  7.412  7.104  6.797  6.489  6.182  5.875  5.567  5.260  4.953  4.646  4.339  4.031  3.724  3.417  3.110  2.803  2.496  2.189  1.882  1.575  1.268  0.961  0.654  0.347 
23.496 23.185 22.874 22.564 22.253 21.942 21.632 21.322 21.011 20.701 20.391 20.081 19.771 19.461 19.151 18.841 18.531 18.221 17.912 17.602 17.293 16.983 16.674 16.365 16.055 15.746 15.437 15.128 14.819 14.510 14.201 13.892 13.584 13.275 12.966 12.658 12.349 12.041 11.733 11.424 11.116 10.808 10.499 10.191  9.883  9.575  9.267  8.959  8.651  8.343  8.035  7.727  7.420  7.112  6.804  6.497  6.189  5.881  5.574  5.266  4.959  4.651  4.344  4.036  3.729  3.421  3.114  2.806  2.499  2.192  1.884  1.577  1.269  0.962  0.655  0.347 
23.511 23.201 22.890 22.579 22.268 21.958 21.647 21.337 21.027 20.716 20.406 20.096 19.786 19.476 19.166 18.856 18.546 18.236 17.926 17.617 17.307 16.997 16.688 16.378 16.069 15.760 15.450 15.141 14.832 14.523 14.214 13.905 13.596 13.287 12.978 12.670 12.361 12.052 11.744 11.435 11.126 10.818 10.509 10.201  9.893  9.584  9.276  8.968  8.660  8.351  8.043  7.735  7.427  7.119  6.811  6.503  6.195  5.887  5.579  5.271  4.964  4.656  4.348  4.040  3.732  3.425  3.117  2.809  2.501  2.194  1.886  1.578  1.271  0.963  0.655  0.348 
23.526 23.215 22.904 22.593 22.283 21.972 21.661 21.351 21.041 20.730 20.420 20.110 19.799 19.489 19.179 18.869 18.559 18.249 17.939 17.630 17.320 17.010 16.701 16.391 16.082 15.772 15.463 15.153 14.844 14.535 14.226 13.916 13.607 13.298 12.989 12.680 12.371 12.062 11.754 11.445 11.136 10.827 10.519 10.210  9.901  9.593  9.284  8.976  8.667  8.359  8.051  7.742  7.434  7.126  6.817  6.509  6.201  5.893  5.585  5.276  4.968  4.660  4.352  4.044  3.736  3.428  3.120  2.812  2.504  2.196  1.888  1.580  1.272  0.964  0.656  0.348 
23.539 23.228 22.917 22.606 22.295 21.985 21.674 21.364 21.053 20.743 20.432 20.122 19.812 19.502 19.192 18.881 18.571 18.261 17.951 17.642 17.332 17.022 16.712 16.403 16.093 15.783 15.474 15.164 14.855 14.545 14.236 13.927 13.617 13.308 12.999 12.690 12.381 12.072 11.763 11.454 11.145 10.836 10.527 10.218  9.909  9.601  9.292  8.983  8.674  8.366  8.057  7.749  7.440  7.132  6.823  6.515  6.206  5.898  5.589  5.281  4.972  4.664  4.356  4.047  3.739  3.431  3.123  2.814  2.506  2.198  1.890  1.581  1.273  0.965  0.657  0.348 
23.550 23.239 22.929 22.618 22.307 21.996 21.686 21.375 21.065 20.754 20.444 20.134 19.823 19.513 19.203 18.893 18.582 18.272 17.962 17.652 17.342 17.033 16.723 16.413 16.103 15.793 15.484 15.174 14.865 14.555 14.246 13.936 13.627 13.317 13.008 12.699 12.389 12.080 11.771 11.462 11.153 10.844 10.535 10.226  9.917  9.608  9.299  8.990  8.681  8.372  8.063  7.754  7.446  7.137  6.828  6.519  6.211  5.902  5.594  5.285  4.976  4.668  4.359  4.051  3.742  3.433  3.125  2.816  2.508  2.199  1.891  1.583  1.274  0.966  0.657  0.349 
23.561 23.250 22.939 22.628 22.318 22.007 21.696 21.386 21.075 20.765 20.454 20.144 19.834 19.523 19.213 18.903 18.593 18.282 17.972 17.662 17.352 17.042 16.732 16.422 16.113 15.803 15.493 15.183 14.874 14.564 14.254 13.945 13.635 13.326 13.016 12.707 12.397 12.088 11.779 11.469 11.160 10.851 10.541 10.232  9.923  9.614  9.305  8.996  8.687  8.378  8.069  7.760  7.451  7.142  6.833  6.524  6.215  5.906  5.597  5.289  4.980  4.671  4.362  4.053  3.745  3.436  3.127  2.818  2.510  2.201  1.892  1.584  1.275  0.966  0.658  0.349 
23.571 23.260 22.949 22.638 22.327 22.017 21.706 21.395 21.085 20.774 20.464 20.153 19.843 19.533 19.222 18.912 18.602 18.291 17.981 17.671 17.361 17.051 16.741 16.431 16.121 15.811 15.501 15.191 14.882 14.572 14.262 13.952 13.643 13.333 13.023 12.714 12.404 12.095 11.785 11.476 11.166 10.857 10.548 10.238  9.929  9.620  9.310  9.001  8.692  8.383  8.074  7.764  7.455  7.146  6.837  6.528  6.219  5.910  5.601  5.292  4.983  4.674  4.365  4.056  3.747  3.438  3.129  2.820  2.511  2.202  1.894  1.585  1.276  0.967  0.658  0.349 
23.579 23.269 22.958 22.647 22.336 22.025 21.715 21.404 21.094 20.783 20.472 20.162 19.851 19.541 19.231 18.920 18.610 18.300 17.990 17.679 17.369 17.059 16.749 16.439 16.129 15.819 15.509 15.199 14.889 14.579 14.269 13.959 13.650 13.340 13.030 12.721 12.411 12.101 11.792 11.482 11.172 10.863 10.553 10.244  9.934  9.625  9.316  9.006  8.697  8.388  8.078  7.769  7.460  7.150  6.841  6.532  6.223  5.913  5.604  5.295  4.986  4.677  4.367  4.058  3.749  3.440  3.131  2.822  2.513  2.204  1.895  1.586  1.276  0.967  0.658  0.349 
23.587 23.277 22.966 22.655 22.344 22.033 21.723 21.412 21.101 20.791 20.480 20.170 19.859 19.549 19.238 18.928 18.618 18.307 17.997 17.687 17.376 17.066 16.756 16.446 16.136 15.826 15.516 15.206 14.896 14.586 14.276 13.966 13.656 13.346 13.036 12.727 12.417 12.107 11.797 11.488 11.178 10.868 10.559 10.249  9.939  9.630  9.320  9.011  8.701  8.392  8.082  7.773  7.463  7.154  6.845  6.535  6.226  5.916  5.607  5.298  4.988  4.679  4.370  4.060  3.751  3.442  3.133  2.823  2.514  2.205  1.896  1.586  1.277  0.968  0.659  0.349 
23.595 23.284 22.973 22.662 22.351 22.041 21.730 21.419 21.109 20.798 20.487 20.177 19.866 19.556 19.245 18.935 18.624 18.314 18.004 17.693 17.383 17.073 16.763 16.452 16.142 15.832 15.522 15.212 14.902 14.592 14.282 13.972 13.662 13.352 13.042 12.732 12.422 12.112 11.802 11.493 11.183 10.873 10.563 10.254  9.944  9.634  9.325  9.015  8.705  8.396  8.086  7.776  7.467  7.157  6.848  6.538  6.229  5.919  5.610  5.300  4.991  4.681  4.372  4.062  3.753  3.444  3.134  2.825  2.515  2.206  1.897  1.587  1.278  0.968  0.659  0.350 
23.601 23.290 22.980 22.669 22.358 22.047 21.736 21.426 21.115 20.804 20.494 20.183 19.873 19.562 19.252 18.941 18.631 18.320 18.010 17.700 17.389 17.079 16.769 16.458 16.148 15.838 15.528 15.217 14.907 14.597 14.287 13.977 13.667 13.357 13.047 12.737 12.427 12.117 11.807 11.497 11.187 10.877 10.568 10.258  9.948  9.638  9.328  9.019  8.709  8.399  8.089  7.780  7.470  7.160  6.851  6.541  6.231  5.922  5.612  5.303  4.993  4.683  4.374  4.064  3.755  3.445  3.136  2.826  2.516  2.207  1.897  1.588  1.278  0.969  0.659  0.350 
23.607 23.296 22.986 22.675 22.364 22.053 21.742 21.432 21.121 20.810 20.500 20.189 19.879 19.568 19.257 18.947 18.636 18.326 18.016 17.705 17.395 17.084 16.774 16.464 16.153 15.843 15.533 15.223 14.912 14.602 14.292 13.982 13.672 13.362 13.052 12.741 12.431 12.121 11.811 11.501 11.191 10.881 10.571 10.262  9.952  9.642  9.332  9.022  8.712  8.402  8.092  7.783  7.473  7.163  6.853  6.544  6.234  5.924  5.614  5.305  4.995  4.685  4.376  4.066  3.756  3.446  3.137  2.827  2.517  2.208  1.898  1.589  1.279  0.969  0.660  0.350 
23.613 23.302 22.991 22.680 22.369 22.059 21.748 21.437 21.126 20.816 20.505 20.194 19.884 19.573 19.263 18.952 18.642 18.331 18.021 17.710 17.400 17.089 16.779 16.469 16.158 15.848 15.538 15.227 14.917 14.607 14.296 13.986 13.676 13.366 13.056 12.746 12.435 12.125 11.815 11.505 11.195 10.885 10.575 10.265  9.955  9.645  9.335  9.025  8.715  8.405  8.095  7.785  7.475  7.166  6.856  6.546  6.236  5.926  5.616  5.307  4.997  4.687  4.377  4.067  3.757  3.448  3.138  2.828  2.518  2.209  1.899  1.589  1.279  0.970  0.660  0.350 
23.618 23.307 22.996 22.685 22.374 22.064 21.753 21.442 21.131 20.821 20.510 20.199 19.889 19.578 19.267 18.957 18.646 18.336 18.025 17.715 17.404 17.094 16.783 16.473 16.163 15.852 15.542 15.231 14.921 14.611 14.300 13.990 13.680 13.370 13.059 12.749 12.439 12.129 11.819 11.509 11.198 10.888 10.578 10.268  9.958  9.648  9.338  9.028  8.718  8.408  8.098  7.788  7.478  7.168  6.858  6.548  6.238  5.928  5.618  5.308  4.998  4.688  4.379  4.069  3.759  3.449  3.139  2.829  2.519  2.209  1.899  1.590  1.280  0.970  0.660  0.350 
23.622 23.311 23.000 22.690 22.379 22.068 21.757 21.447 21.136 20.825 20.514 20.204 19.893 19.582 19.272 18.961 18.651 18.340 18.029 17.719 17.408 17.098 16.787 16.477 16.167 15.856 15.546 15.235 14.925 14.615 14.304 13.994 13.684 13.373 13.063 12.753 12.442 12.132 11.822 11.512 11.202 10.891 10.581 10.271  9.961  9.651  9.341  9.030  8.720  8.410  8.100  7.790  7.480  7.170  6.860  6.550  6.240  5.930  5.620  5.310  5.000  4.690  4.380  4.070  3.760  3.450  3.140  2.830  2.520  2.210  1.900  1.590  1.280  0.970  0.660  0.350 
23.626 23.315 23.005 22.694 22.383 22.072 21.761 21.450 21.140 20.829 20.518 20.207 19.897 19.586 19.275 18.964 18.653 18.343 18.032 17.721 17.410 17.099 16.787 16.476 16.165 15.853 15.541 15.229 14.916 14.603 14.290 13.976 13.662 13.347 13.031 12.714 12.397 12.078 11.758 11.437 11.114 10.790 10.463 10.135  9.804  9.471  9.135  8.797  8.455  8.109  7.760  7.407  7.050  6.688  6.321  5.950  5.573  5.190  4.802  4.408  4.009  3.603  3.192  2.776  2.354  1.928  1.498  1.064  0.627  0.188 -0.224 -0.648 -1.070 -1.490 -1.907 -2.320 
23.602 23.291 22.980 22.668 22.356 22.044 21.731 21.418 21.104 20.790 20.476 20.162 19.846 19.531 19.215 18.898 18.581 18.263 17.944 17.625 17.305 16.984 16.663 16.341 16.017 15.693 15.368 15.042 14.715 14.387 14.057 13.727 13.395 13.062 12.727 12.391 12.054 11.716 11.376 11.034 10.691 10.347 10.001  9.654  9.305  8.955  8.604  8.252  7.898  7.543  7.188  6.831  6.474  6.116  5.757  5.398  5.039  4.680  4.321  3.962  3.603  3.244  2.886  2.529  2.172  1.816  1.460  1.105  0.751  0.397  0.044 -0.163 -0.276 -0.385 -0.490 -0.590 
23.484 23.173 22.861 22.549 22.235 21.922 21.607 21.292 20.976 20.660 20.342 20.024 19.706 19.387 19.067 18.746 18.425 18.103 17.780 17.456 17.132 16.807 16.482 16.156 15.829 15.501 15.173 14.844 14.515 14.184 13.854 13.522 13.191 12.858 12.525 12.192 11.858 11.524 11.190 10.856 10.521 10.187  9.853  9.519  9.185  8.852  8.520  8.190  7.860  7.532  7.207  6.884  6.563  6.246  5.934  5.625  5.321  5.024  4.732  4.447  4.170  3.900  3.639  3.388  3.145  2.913  2.691  2.478  2.277  2.085  1.904  1.733  1.571  1.419  1.275  1.140 
23.345 23.034 22.722 22.410 22.098 21.785 21.471 21.158 20.843 20.529 20.214 19.898 19.583 19.267 18.951 18.634 18.318 18.001 17.684 17.367 17.050 16.734 16.417 16.101 15.784 15.469 15.153 14.838 14.524 14.211 13.898 13.586 13.275 12.965 12.657 12.349 12.044 11.739 11.437 11.136 10.838 10.541 10.247  9.955  9.666  9.379  9.096  8.815  8.538  8.264  7.994  7.727  7.464  7.206  6.951  6.701  6.455  6.214  5.978  5.747  5.522  5.301  5.086  4.877  4.674  4.477  4.286  4.101  3.923  3.751  3.586  3.428  3.278  3.134  2.998  2.870 
23.312 23.002 22.691 22.381 22.071 21.761 21.451 21.142 20.833 20.524 20.215 19.907 19.599 19.292 18.985 18.679 18.374 18.068 17.764 17.460 17.158 16.856 16.554 16.254 15.955 15.657 15.361 15.065 14.771 14.479 14.188 13.898 13.611 13.325 13.041 12.759 12.479 12.202 11.927 11.654 11.384 11.117 10.853 10.591 10.333 10.077  9.826  9.577  9.332  9.091  8.854  8.621  8.392  8.167  7.947  7.731  7.520  7.313  7.112  6.916  6.725  6.540  6.360  6.186  6.018  5.856  5.700  5.550  5.407  5.270  5.141  5.018  4.903  4.794  4.693  4.600 
23.438 23.128 22.818 22.510 22.202 21.895 21.589 21.284 20.980 20.678 20.376 20.075 19.775 19.476 19.179 18.882 18.587 18.293 18.001 17.709 17.420 17.131 16.844 16.559 16.275 15.992 15.712 15.433 15.156 14.881 14.608 14.336 14.067 13.800 13.535 13.272 13.011 12.753 12.497 12.243 11.992 11.743 11.496 11.252 11.010 10.771 10.535 10.301 10.070  9.841  9.614  9.390  9.169  8.950  8.733  8.519  8.307  8.098  7.890  7.685  7.481  7.280  7.080  6.883  6.686  6.492  6.298  6.106  5.916  5.726  5.537  5.348  5.161  4.974  4.787  4.600 
23.698 23.388 23.079 22.772 22.466 22.161 21.858 21.556 21.255 20.956 20.658 20.362 20.067 19.774 19.482 19.191 18.902 18.614 18.328 18.044 17.761 17.480 17.200 16.922 16.645 16.370 16.097 15.825 15.555 15.287 15.020 14.755 14.492 14.231 13.971 13.713 13.457 13.202 12.949 12.698 12.449 12.201 11.956 11.711 11.469 11.228 10.989 10.752 10.516 10.281 10.049  9.818  9.588  9.360  9.133  8.907  8.683  8.460  8.239  8.018  7.799  7.581  7.364  7.147  6.932  6.717  6.503  6.290  6.078  5.866  5.654  5.443  5.232  5.021  4.810  4.600 
24.023 23.713 23.405 23.097 22.792 22.488 22.185 21.884 21.584 21.286 20.990 20.695 20.401 20.109 19.818 19.529 19.242 18.956 18.671 18.388 18.107 17.827 17.548 17.271 16.996 16.722 16.449 16.178 15.909 15.641 15.375 15.109 14.846 14.584 14.323 14.064 13.806 13.550 13.295 13.041 12.789 12.538 12.288 12.040 11.793 11.547 11.303 11.060 10.818 10.577 10.337 10.098  9.861  9.624  9.389  9.154  8.920  8.688  8.456  8.224  7.994  7.765  7.536  7.307  7.080  6.852  6.626  6.399  6.174  5.948  5.723  5.498  5.273  5.049  4.824  4.600 
24.358 24.048 23.739 23.432 23.127 22.822 22.520 22.218 21.918 21.620 21.323 21.028 20.734 20.441 20.150 19.860 19.572 19.285 19.000 18.716 18.433 18.152 17.873 17.594 17.317 17.042 16.768 16.495 16.223 15.953 15.684 15.416 15.150 14.885 14.621 14.359 14.097 13.837 13.578 13.321 13.064 12.809 12.554 12.301 12.049 11.798 11.547 11.298 11.050 10.803 10.556 10.311 10.066  9.823  9.580  9.337  9.096  8.855  8.615  8.375  8.136  7.898  7.660  7.423  7.186  6.950  6.714  6.478  6.242  6.007  5.772  5.538  5.303  5.069  4.834  4.600 
24.679 24.369 24.060 23.752 23.446 23.142 22.838 22.537 22.236 21.937 21.639 21.343 21.048 20.754 20.461 20.170 19.881 19.592 19.305 19.019 18.735 18.452 18.170 17.889 17.610 17.332 17.055 16.779 16.505 16.231 15.959 15.688 15.419 15.150 14.882 14.616 14.351 14.086 13.823 13.561 13.300 13.040 12.780 12.522 12.265 12.008 11.752 11.498 11.244 10.991 10.738 10.487 10.236  9.986  9.736  9.487  9.239  8.991  8.744  8.498  8.252  8.006  7.761  7.516  7.272  7.028  6.784  6.541  6.297  6.055  5.812  5.569  5.327  5.085  4.842  4.600 
24.977 24.666 24.357 24.050 23.743 23.438 23.134 22.832 22.530 22.230 21.931 21.634 21.337 21.042 20.748 20.456 20.164 19.874 19.585 19.297 19.010 18.725 18.441 18.158 17.876 17.595 17.315 17.036 16.759 16.482 16.207 15.932 15.659 15.387 15.115 14.845 14.576 14.307 14.040 13.773 13.508 13.243 12.979 12.716 12.454 12.192 11.931 11.672 11.412 11.154 10.896 10.639 10.382 10.126  9.871  9.616  9.362  9.108  8.855  8.602  8.350  8.098  7.847  7.596  7.345  7.094  6.844  6.594  6.344  6.095  5.845  5.596  5.347  5.098  4.849  4.600 
25.249 24.939 24.630 24.322 24.015 23.709 23.405 23.102 22.799 22.498 22.198 21.900 21.602 21.306 21.010 20.716 20.423 20.131 19.840 19.550 19.261 18.973 18.687 18.401 18.117 17.833 17.550 17.269 16.988 16.709 16.430 16.153 15.876 15.600 15.325 15.051 14.778 14.506 14.234 13.964 13.694 13.425 13.157 12.889 12.622 12.356 12.091 11.826 11.562 11.299 11.036 10.774 10.512 10.251  9.991  9.731  9.471  9.212  8.953  8.695  8.437  8.180  7.923  7.666  7.409  7.153  6.897  6.641  6.386  6.130  5.875  5.620  5.365  5.110  4.855  4.600 
25.498 25.187 24.878 24.570 24.263 23.957 23.651 23.347 23.044 22.743 22.442 22.142 21.843 21.545 21.248 20.953 20.658 20.364 20.071 19.780 19.489 19.199 18.910 18.622 18.335 18.049 17.764 17.480 17.196 16.914 16.632 16.352 16.072 15.793 15.515 15.237 14.960 14.685 14.410 14.135 13.862 13.589 13.316 13.045 12.774 12.504 12.234 11.965 11.697 11.429 11.162 10.895 10.629 10.363 10.098  9.833  9.569  9.305  9.041  8.778  8.515  8.253  7.990  7.728  7.467  7.205  6.944  6.683  6.422  6.162  5.901  5.641  5.381  5.120  4.860  4.600 
25.723 25.413 25.104 24.795 24.488 24.181 23.875 23.571 23.267 22.964 22.663 22.362 22.062 21.763 21.465 21.167 20.871 20.576 20.281 19.988 19.695 19.403 19.113 18.822 18.533 18.245 17.957 17.671 17.385 17.100 16.815 16.532 16.249 15.967 15.686 15.405 15.126 14.847 14.568 14.290 14.013 13.737 13.461 13.186 12.911 12.637 12.364 12.091 11.818 11.547 11.275 11.004 10.734 10.464 10.195  9.925  9.657  9.388  9.120  8.853  8.585  8.318  8.052  7.785  7.519  7.253  6.987  6.721  6.456  6.190  5.925  5.660  5.395  5.130  4.865  4.600 
25.928 25.618 25.308 25.000 24.692 24.385 24.079 23.773 23.469 23.166 22.863 22.561 22.260 21.960 21.661 21.362 21.065 20.768 20.472 20.177 19.882 19.589 19.296 19.004 18.713 18.422 18.133 17.844 17.556 17.268 16.981 16.695 16.410 16.125 15.841 15.558 15.275 14.993 14.712 14.431 14.151 13.871 13.592 13.313 13.035 12.758 12.481 12.204 11.929 11.653 11.378 11.103 10.829 10.555 10.282 10.009  9.736  9.464  9.192  8.920  8.649  8.378  8.107  7.836  7.566  7.295  7.025  6.755  6.486  6.216  5.947  5.677  5.408  5.139  4.869  4.600 
26.114 25.804 25.494 25.185 24.877 24.570 24.263 23.957 23.652 23.348 23.045 22.742 22.440 22.139 21.839 21.539 21.240 20.942 20.645 20.348 20.052 19.757 19.463 19.169 18.876 18.583 18.292 18.001 17.710 17.421 17.132 16.843 16.556 16.268 15.982 15.696 15.411 15.126 14.842 14.558 14.275 13.992 13.710 13.429 13.148 12.867 12.587 12.307 12.028 11.749 11.471 11.193 10.915 10.638 10.361 10.085  9.808  9.532  9.257  8.981  8.706  8.431  8.157  7.882  7.608  7.334  7.060  6.787  6.513  6.239  5.966  5.693  5.419  5.146  4.873  4.600 
26.283 25.972 25.662 25.353 25.045 24.737 24.430 24.124 23.818 23.514 23.209 22.906 22.603 22.301 22.000 21.699 21.399 21.100 20.801 20.503 20.206 19.909 19.613 19.318 19.023 18.729 18.436 18.143 17.851 17.559 17.268 16.978 16.688 16.398 16.110 15.821 15.534 15.246 14.960 14.673 14.388 14.103 13.818 13.533 13.250 12.966 12.683 12.401 12.118 11.837 11.555 11.274 10.993 10.713 10.433 10.153  9.874  9.594  9.316  9.037  8.758  8.480  8.202  7.924  7.647  7.369  7.092  6.815  6.538  6.261  5.984  5.707  5.430  5.153  4.877  4.600 
26.435 26.125 25.815 25.506 25.197 24.889 24.582 24.275 23.969 23.664 23.359 23.055 22.751 22.448 22.146 21.845 21.544 21.243 20.943 20.644 20.346 20.048 19.750 19.453 19.157 18.862 18.567 18.272 17.978 17.685 17.392 17.099 16.807 16.516 16.225 15.935 15.645 15.355 15.067 14.778 14.490 14.202 13.915 13.628 13.342 13.056 12.770 12.485 12.200 11.916 11.632 11.348 11.064 10.781 10.498 10.215  9.933  9.651  9.369  9.087  8.806  8.524  8.243  7.962  7.682  7.401  7.120  6.840  6.560  6.280  6.000  5.720  5.440  5.160  4.880  4.600 
26.574 26.263 25.953 25.644 25.335 25.027 24.719 24.412 24.105 23.800 23.494 23.189 22.885 22.582 22.279 21.976 21.674 21.373 21.072 20.772 20.472 20.173 19.874 19.576 19.279 18.981 18.685 18.389 18.093 17.798 17.504 17.210 16.916 16.623 16.330 16.038 15.746 15.454 15.163 14.873 14.583 14.293 14.003 13.714 13.426 13.137 12.849 12.562 12.274 11.988 11.701 11.414 11.128 10.843 10.557 10.272  9.987  9.702  9.417  9.133  8.848  8.564  8.280  7.997  7.713  7.430  7.146  6.863  6.580  6.297  6.014  5.731  5.448  5.166  4.883  4.600 
26.699 26.389 26.078 25.769 25.460 25.151 24.843 24.536 24.229 23.923 23.617 23.312 23.007 22.703 22.399 22.096 21.793 21.491 21.189 20.888 20.587 20.286 19.987 19.687 19.389 19.090 18.792 18.495 18.198 17.901 17.605 17.309 17.014 16.719 16.425 16.131 15.837 15.544 15.251 14.959 14.667 14.375 14.083 13.792 13.502 13.211 12.921 12.631 12.342 12.053 11.764 11.475 11.186 10.898 10.610 10.323 10.035  9.748  9.461  9.174  8.887  8.601  8.314  8.028  7.742  7.456  7.170  6.884  6.598  6.313  6.027  5.742  5.456  5.171  4.885  4.600 
26.813 26.502 26.192 25.882 25.573 25.265 24.956 24.649 24.341 24.035 23.728 23.422 23.117 22.812 22.508 22.204 21.900 21.597 21.295 20.992 20.691 20.389 20.089 19.788 19.488 19.189 18.890 18.591 18.293 17.995 17.697 17.400 17.103 16.807 16.511 16.215 15.920 15.625 15.331 15.037 14.743 14.449 14.156 13.863 13.570 13.278 12.986 12.694 12.403 12.111 11.820 11.530 11.239 10.949 10.659 10.369 10.079  9.790  9.500  9.211  8.922  8.633  8.345  8.056  7.768  7.479  7.191  6.903  6.615  6.327  6.039  5.751  5.463  5.176  4.888  4.600 
26.916 26.605 26.295 25.985 25.676 25.367 25.059 24.751 24.443 24.136 23.829 23.523 23.217 22.911 22.606 22.302 21.998 21.694 21.390 21.087 20.785 20.483 20.181 19.880 19.579 19.278 18.978 18.678 18.378 18.079 17.781 17.482 17.184 16.886 16.589 16.292 15.995 15.699 15.403 15.107 14.812 14.517 14.222 13.927 13.633 13.339 13.045 12.751 12.458 12.165 11.872 11.579 11.287 10.995 10.703 10.411 10.119  9.828  9.536  9.245  8.954  8.663  8.373  8.082  7.791  7.501  7.211  6.920  6.630  6.340  6.050  5.760  5.470  5.180  4.890  4.600 
27.010 26.699 26.389 26.079 25.769 25.460 25.151 24.843 24.535 24.228 23.921 23.614 23.307 23.002 22.696 22.391 22.086 21.781 21.477 21.174 20.870 20.567 20.265 19.962 19.661 19.359 19.058 18.757 18.456 18.156 17.856 17.557 17.257 16.959 16.660 16.362 16.064 15.766 15.468 15.171 14.874 14.578 14.281 13.985 13.689 13.394 13.098 12.803 12.508 12.213 11.919 11.624 11.330 11.036 10.743 10.449 10.155  9.862  9.569  9.276  8.983  8.690  8.398  8.105  7.813  7.520  7.228  6.936  6.644  6.352  6.060  5.768  5.476  5.184  4.892  4.600 
27.094 26.784 26.473 26.163 25.854 25.544 25.236 24.927 24.619 24.311 24.003 23.696 23.390 23.083 22.777 22.471 22.166 21.861 21.556 21.252 20.948 20.644 20.341 20.038 19.735 19.432 19.130 18.828 18.527 18.226 17.925 17.624 17.324 17.024 16.724 16.425 16.125 15.826 15.528 15.229 14.931 14.633 14.335 14.038 13.740 13.443 13.147 12.850 12.553 12.257 11.961 11.665 11.370 11.074 10.779 10.483 10.188  9.893  9.599  9.304  9.009  8.715  8.420  8.126  7.832  7.538  7.244  6.950  6.656  6.362  6.069  5.775  5.481  5.187  4.894  4.600 
27.171 26.860 26.550 26.240 25.930 25.621 25.312 25.003 24.695 24.386 24.079 23.771 23.464 23.157 22.851 22.544 22.238 21.933 21.628 21.323 21.018 20.714 20.409 20.106 19.802 19.499 19.196 18.893 18.591 18.289 17.987 17.685 17.384 17.083 16.782 16.482 16.181 15.881 15.581 15.282 14.982 14.683 14.384 14.085 13.787 13.489 13.190 12.892 12.595 12.297 12.000 11.702 11.405 11.108 10.811 10.515 10.218  9.922  9.625  9.329  9.033  8.737  8.441  8.145  7.850  7.554  7.258  6.963  6.667  6.372  6.077  5.781  5.486  5.191  4.895  4.600 
